2016.36	 -2.941
2019.33	  3.773
2022.30	 13.207
2025.26	 -5.581
2028.23	  2.427
2031.19	 -4.477
2034.16	  5.093
2037.13	  1.852
2040.10	 -7.389
2043.06	 -3.980
2046.03	 -4.148
2049.00	  0.481
2051.96	 -6.000
2054.93	 -3.922
2057.90	 13.207
2060.86	 -1.562
2063.83	 -5.102
2066.80	  2.703
2069.76	  1.887
2072.73	  4.018
2075.70	 -0.498
2078.67	 -4.566
2081.63	 -3.317
2084.60	  1.896
2087.57	 -6.452
2090.54	 -6.329
2093.50	 -0.448
2096.47	  5.181
2099.44	  5.023
2102.40	  8.662
2105.37	  0.467
2108.34	 -2.183
2111.31	 -0.881
2114.27	  2.110
2117.24	  2.128
2120.21	  0.961
2123.18	 -5.991
2126.14	-14.019
2129.11	 -1.695
2132.08	 -2.597
2135.05	 -9.050
2138.01	  4.566
2140.98	 -4.651
2143.95	-13.901
2146.92	 -4.584
2149.89	  3.409
2152.85	 -9.896
2155.82	  3.434
2158.79	  6.250
2161.76	 -2.564
2164.73	 -2.564
2167.69	  3.922
2170.66	  9.426
2173.63	 -2.745
2176.60	  0.787
2179.57	  6.855
2182.53	 -0.435
2185.50	 -1.345
2188.47	  5.372
2191.44	 -1.210
2194.41	  8.077
2197.38	  7.377
2200.35	 -2.092
2203.31	  0.359
2206.28	 -7.692
2209.25	 -0.000
2212.22	 -6.742
2215.19	-10.461
2218.16	 -4.887
2221.12	 -0.722
2224.09	  6.615
2227.06	 -4.215
2230.03	 -3.101
2233.00	 -2.357
2235.97	  3.284
2238.94	 -8.000
2241.90	 -0.649
2244.87	 -4.013
2247.84	  0.845
2250.81	 -0.297
2253.78	 -4.308
2256.75	 -4.624
2259.72	  1.072
2262.69	 -4.691
2265.66	  1.282
2268.63	  1.420
2271.60	 -3.798
2274.56	  0.000
2277.53	 -3.774
2280.50	 -0.575
2283.47	  1.151
2286.44	  0.224
2289.41	 -0.311
2292.38	 -0.860
2295.35	 -2.142
2298.32	 -2.944
2301.29	 -1.531
2304.26	 -0.627
2307.23	 -0.339
2310.20	 -1.535
2313.16	  0.275
2316.13	 -0.379
2319.11	 -0.822
2322.07	 -0.586
2325.04	  0.439
2328.01	  0.127
2330.98	  0.029
2333.95	 -0.321
2336.92	  0.024
2339.89	 -0.596
2342.86	 -0.420
2345.83	 -0.036
2348.80	  0.244
2351.77	 -0.060
2354.74	 -0.552
2357.71	 -0.094
2360.68	  0.026
2363.65	 -0.013
2366.62	  0.176
2369.59	 -0.593
2372.56	  0.179
2375.53	  0.046
2378.50	  0.165
2381.47	 -0.042
2384.44	  0.010
2387.41	 -0.138
2390.38	  0.145
2393.35	 -0.359
2396.32	 -0.030
2399.29	 -0.098
2402.26	 -0.034
2405.24	 -0.007
2408.21	  0.078
2411.18	  0.013
2414.15	  0.070
2417.12	 -0.038
2420.09	 -0.106
2423.06	  0.122
2426.03	 -0.024
2429.00	 -0.058
2431.97	 -0.045
2434.94	 -0.120
2437.91	 -0.031
2440.88	  0.010
2443.85	  0.015
2446.82	  0.010
2449.80	 -0.043
2452.77	  0.019
2455.74	  0.024
2458.71	  0.090
2461.68	  0.000
2464.65	 -0.041
2467.62	 -0.049
2470.59	 -0.043
2473.56	  0.008
2476.53	  0.063
2479.51	  0.015
2482.48	 -0.082
2485.45	 -0.000
2488.42	  0.050
2491.39	 -0.067
2494.36	  0.014
2497.33	 -0.025
2500.30	 -0.007
2503.28	 -0.060
2506.25	 -0.008
2509.22	  0.108
2512.19	 -0.015
2515.16	 -0.008
2518.13	  0.011
2521.11	 -0.015
2524.08	 -0.095
2527.05	  0.046
2530.02	 -0.014
2532.99	 -0.016
2535.96	  0.034
2538.94	  0.027
2541.91	  0.014
2544.88	 -0.003
2547.85	  0.028
2550.82	 -0.089
2553.80	 -0.032
2556.77	  0.012
2559.74	 -0.076
2562.71	 -0.049
2565.68	  0.013
2568.65	 -0.038
2571.63	  0.013
2574.60	 -0.028
2577.57	 -0.050
2580.54	  0.102
2583.52	 -0.076
2586.49	  0.012
2589.46	  0.020
2592.43	 -0.014
2595.41	  0.006
2598.38	  0.017
2601.35	 -0.008
2604.32	  0.008
2607.29	 -0.042
2610.27	 -0.028
2613.24	  0.031
2616.21	  0.003
2619.18	  0.020
2622.16	  0.028
2625.13	 -0.022
2628.10	  0.040
2631.08	 -0.003
2634.05	 -0.013
2637.02	 -0.013
2639.99	 -0.021
2642.97	 -0.033
2645.94	  0.071
2648.91	 -0.005
2651.88	  0.069
2654.86	 -0.021
2657.83	 -0.032
2660.80	 -0.014
2663.78	 -0.000
2666.75	 -0.014
2669.72	  0.012
2672.70	  0.065
2675.67	  0.062
2678.64	  0.006
2681.62	 -0.062
2684.59	 -0.085
2687.56	 -0.017
2690.54	  0.059
2693.51	 -0.014
2696.48	 -0.021
2699.46	  0.026
2702.43	 -0.010
2705.40	  0.015
2708.38	  0.029
2711.35	 -0.002
2714.32	  0.000
2717.30	 -0.024
2720.27	  0.015
2723.24	 -0.023
2726.22	 -0.105
2729.19	 -0.021
2732.17	 -0.022
2735.14	 -0.000
2738.11	  0.003
2741.09	 -0.042
2744.06	 -0.034
2747.04	  0.078
2750.01	 -0.025
2752.98	 -0.046
2755.96	 -0.072
2758.93	 -0.042
2761.90	 -0.023
2764.88	 -0.045
2767.85	 -0.020
2770.83	  0.000
2773.80	  0.010
2776.78	 -0.002
2779.75	 -0.005
2782.72	  0.034
2785.70	  0.017
2788.67	 -0.039
2791.65	  0.051
2794.62	  0.010
2797.60	 -0.017
2800.57	  0.068
2803.54	 -0.026
2806.52	 -0.014
2809.49	 -0.005
2812.47	  0.024
2815.44	  0.007
2818.42	  0.007
2821.39	 -0.086
2824.37	  0.028
2827.34	  0.064
2830.32	 -0.034
2833.29	  0.000
2836.26	 -0.018
2839.24	 -0.023
2842.21	 -0.044
2845.19	  0.019
2848.16	  0.026
2851.14	 -0.002
2854.11	  0.015
2857.09	 -0.042
2860.06	  0.042
2863.04	  0.035
2866.01	  0.064
2868.99	  0.012
2871.96	  0.012
2874.94	  0.012
2877.91	 -0.018
2880.89	 -0.022
2883.87	 -0.035
2886.84	 -0.027
2889.81	 -0.029
2892.79	 -0.034
2895.77	  0.008
2898.74	  0.021
2901.72	 -0.046
2904.69	 -0.017
2907.67	  0.010
2910.64	  0.032
2913.62	 -0.049
2916.59	 -0.004
2919.57	  0.045
2922.55	  0.019
2925.52	  0.026
2928.50	 -0.031
2931.47	 -0.013
2934.45	  0.002
2937.42	  0.029
2940.40	  0.055
2943.38	  0.011
2946.35	 -0.043
2949.33	 -0.010
2952.30	 -0.027
2955.28	 -0.042
2958.25	 -0.053
2961.23	  0.008
2964.21	 -0.030
2967.18	  0.033
2970.16	 -0.025
2973.14	 -0.009
2976.11	 -0.002
2979.09	 -0.005
2982.06	 -0.002
2985.04	 -0.021
2988.02	  0.035
2990.99	  0.009
2993.97	 -0.059
2996.95	  0.012
2999.92	 -0.009
3002.90	 -0.024
3005.88	 -0.056
3008.85	  0.010
3011.83	 -0.012
3014.81	  0.073
3017.78	 -0.010
3020.76	 -0.029
3023.73	  0.017
3026.71	  0.012
3029.69	  0.005
3032.66	  0.015
3035.64	  0.003
3038.62	 -0.006
3041.59	  0.014
3044.57	 -0.043
3047.55	 -0.030
3050.53	 -0.056
3053.50	 -0.015
3056.48	 -0.010
3059.46	  0.021
3062.43	  0.030
3065.41	  0.061
3068.39	  0.009
3071.37	 -0.014
3074.34	  0.007
3077.32	 -0.057
3080.30	 -0.043
3083.27	  0.002
3086.25	  0.024
3089.23	 -0.050
3092.21	 -0.010
3095.18	  0.031
3098.16	  0.006
3101.14	 -0.006
3104.11	 -0.002
3107.09	  0.005
3110.07	  0.014
3113.05	  0.041
3116.03	 -0.015
3119.00	  0.001
3121.98	 -0.021
3124.96	  0.001
3127.94	  0.025
3130.91	  0.006
3133.89	 -0.027
3136.87	 -0.039
3139.85	  0.025
3142.82	  0.019
3145.80	 -0.027
3148.78	  0.013
3151.76	 -0.033
3154.74	 -0.047
3157.71	 -0.022
3160.69	  0.000
3163.67	 -0.029
3166.65	 -0.017
3169.63	 -0.014
3172.60	  0.018
3175.58	 -0.002
3178.56	  0.049
3181.54	  0.002
3184.52	 -0.015
3187.50	  0.058
3190.47	  0.022
3193.45	 -0.046
3196.43	  0.038
3199.41	  0.020
3202.39	 -0.006
3205.37	 -0.006
3208.34	  0.003
3211.32	 -0.016
3214.30	 -0.005
3217.28	 -0.022
3220.26	  0.003
3223.24	  0.005
3226.22	 -0.046
3229.20	  0.016
3232.17	  0.021
3235.15	 -0.044
3238.13	 -0.021
3241.11	  0.011
3244.09	 -0.005
3247.07	 -0.018
3250.05	 -0.003
3253.03	 -0.014
3256.00	 -0.005
3258.98	 -0.009
3261.96	 -0.033
3264.94	 -0.039
3267.92	  0.014
3270.90	  0.000
3273.88	 -0.007
3276.86	 -0.030
3279.84	 -0.032
3282.82	 -0.025
3285.80	  0.025
3288.78	  0.009
3291.75	  0.003
3294.73	  0.030
3297.71	 -0.003
3300.69	  0.035
3303.67	 -0.024
3306.65	 -0.012
3309.63	  0.002
3312.61	  0.030
3315.59	  0.002
3318.57	 -0.016
3321.55	 -0.004
3324.53	 -0.066
3327.51	  0.032
3330.49	 -0.038
3333.47	  0.010
3336.45	 -0.064
3339.43	 -0.025
3342.41	 -0.023
3345.39	 -0.002
3348.37	 -0.023
3351.35	 -0.044
3354.33	  0.032
3357.31	 -0.040
3360.29	  0.008
3363.27	  0.006
3366.25	 -0.095
3369.23	 -0.048
3372.21	  0.026
3375.19	 -0.020
3378.17	  0.000
3381.15	 -0.038
3384.13	  0.011
3387.11	  0.029
3390.09	  0.005
3393.07	 -0.050
3396.05	 -0.009
3399.03	  0.020
3402.01	  0.042
3404.99	 -0.002
3407.97	  0.004
3410.95	  0.000
3413.93	 -0.006
3416.91	  0.008
3419.89	  0.030
3422.87	 -0.029
3425.86	 -0.006
3428.84	  0.021
3431.82	 -0.004
3434.80	  0.002
3437.78	  0.035
3440.76	 -0.000
3443.74	  0.032
3446.72	 -0.082
3449.70	 -0.039
3452.68	  0.053
3455.66	 -0.053
3458.64	 -0.034
3461.62	 -0.030
3464.61	 -0.014
3467.59	 -0.002
3470.57	 -0.009
3473.55	 -0.007
3476.53	  0.009
3479.51	  0.015
3482.49	 -0.068
3485.47	 -0.011
3488.46	  0.008
3491.44	 -0.077
3494.42	  0.035
3497.40	 -0.012
3500.38	 -0.012
3503.36	  0.002
3506.34	 -0.024
3509.33	  0.016
3512.31	 -0.006
3515.29	 -0.000
3518.27	 -0.014
3521.25	  0.078
3524.23	 -0.032
3527.22	 -0.009
3530.20	  0.046
3533.18	  0.013
3536.16	 -0.047
3539.14	 -0.064
3542.12	  0.002
3545.11	 -0.005
3548.09	 -0.005
3551.07	 -0.056
3554.05	 -0.039
3557.03	  0.000
3560.02	 -0.050
3563.00	  0.051
3565.98	  0.028
3568.96	 -0.039
3571.94	 -0.070
3574.93	 -0.039
3577.91	 -0.018
3580.89	 -0.044
3583.87	 -0.013
3586.86	 -0.058
3589.84	 -0.047
3592.82	  0.042
3595.80	 -0.023
3598.78	 -0.034
3601.77	  0.065
3604.75	 -0.008
3607.73	 -0.008
3610.71	 -0.037
3613.70	 -0.024
3616.68	  0.026
3619.66	 -0.008
3622.64	  0.011
3625.63	 -0.076
3628.61	 -0.011
3631.59	  0.008
3634.58	  0.000
3637.56	  0.003
3640.54	  0.009
3643.52	 -0.017
3646.51	  0.026
3649.49	 -0.072
3652.47	  0.026
3655.46	  0.035
3658.44	 -0.032
3661.42	 -0.052
3664.40	  0.017
3667.39	  0.076
3670.37	 -0.045
3673.35	  0.056
3676.34	  0.020
3679.32	  0.003
3682.30	  0.011
3685.29	 -0.011
3688.27	 -0.025
3691.25	 -0.011
3694.24	  0.003
3697.22	  0.041
3700.20	  0.066
3703.19	  0.048
3706.17	 -0.053
3709.15	 -0.003
3712.14	 -0.037
3715.12	  0.009
3718.11	 -0.017
3721.09	  0.003
3724.07	  0.011
3727.06	  0.009
3730.04	  0.083
3733.02	 -0.006
3736.01	 -0.078
3738.99	 -0.061
3741.97	  0.006
3744.96	  0.025
3747.94	 -0.038
3750.93	 -0.114
3753.91	  0.068
3756.89	  0.010
3759.88	 -0.069
3762.86	  0.007
3765.85	 -0.014
3768.83	  0.049
3771.81	 -0.042
3774.80	  0.014
3777.78	  0.046
3780.77	 -0.032
3783.75	  0.032
3786.74	 -0.025
3789.72	 -0.085
3792.70	 -0.011
3795.69	  0.101
3798.67	  0.013
3801.66	 -0.028
3804.64	 -0.087
3807.63	 -0.047
3810.61	 -0.053
3813.60	  0.028
3816.58	 -0.040
3819.57	 -0.011
3822.55	 -0.037
3825.53	  0.059
3828.52	 -0.079
3831.50	  0.021
3834.49	  0.075
3837.47	 -0.040
3840.46	 -0.087
3843.44	  0.073
3846.43	 -0.069
3849.41	 -0.055
3852.40	 -0.015
3855.38	  0.098
3858.37	  0.012
3861.35	  0.020
3864.34	 -0.093
3867.32	 -0.075
3870.31	  0.017
3873.29	  0.069
3876.28	  0.004
3879.26	  0.075
3882.25	  0.031
3885.23	 -0.032
3888.22	  0.033
3891.20	 -0.019
3894.19	  0.068
3897.17	  0.105
3900.16	 -0.023
3903.14	  0.029
3906.13	 -0.047
3909.12	  0.068
3912.10	  0.043
3915.09	  0.019
3918.07	 -0.045
3921.06	 -0.000
3924.04	 -0.074
3927.03	  0.133
3930.02	  0.027
3933.00	 -0.153
3935.99	 -0.116
3938.97	  0.224
3941.96	  0.031
3944.94	 -0.063
3947.93	 -0.091
3950.92	 -0.017
3953.90	  0.226
3956.89	  0.071
3959.87	 -0.136
3962.86	 -0.038
3965.85	 -0.349
3968.83	 -0.039
3971.82	 -0.159
3974.81	  0.070
3977.79	  0.148
3980.78	 -0.020
3983.76	 -0.184
3986.75	 -0.011
3989.74	 -0.333
3992.72	 -0.179
3995.71	  0.154
3998.70	  0.025
4001.68	 -0.291
4004.67	 -0.139
4007.65	  0.507
4010.64	  0.064
4013.63	 -0.507
4016.61	 -0.084
4019.60	  0.425
4022.59	  0.251
4025.57	  0.280
4028.56	  0.082
4031.55	  0.442
4034.53	 -0.249
4037.52	 -0.214
4040.51	  0.000
4043.49	 -0.128
4046.48	 -0.457
4049.47	  0.110
4052.45	 -0.474
4055.44	  0.293
4058.43	  0.326
4061.42	 -0.334
4064.40	 -0.192
4067.39	  0.557
4070.38	  1.304
4073.36	  0.442
4076.35	 -0.042
4079.34	 -0.677
4082.33	  0.048
4085.31	  1.735
4088.30	  0.149
4091.29	  0.405
4094.28	  0.104
4097.26	  0.387
4101.44	 -0.021
4107.41	 -0.011
4113.39	  0.016
4119.37	 -0.023
4125.34	 -0.012
4131.32	 -0.006
4137.29	 -0.017
4143.27	 -0.036
4149.25	 -0.018
4155.22	  0.016
4161.20	 -0.025
4167.17	 -0.033
4173.15	 -0.014
4179.12	 -0.009
4185.10	 -0.030
4191.07	 -0.034
4197.05	 -0.019
4203.02	 -0.002
4209.00	 -0.014
4214.97	 -0.024
4220.95	 -0.013
4226.92	 -0.005
4232.90	 -0.012
4238.87	 -0.022
4244.85	  0.006
4250.82	 -0.005
4256.80	 -0.021
4262.77	 -0.019
4268.75	 -0.005
4274.72	 -0.010
4280.70	 -0.012
4286.67	 -0.001
4292.65	 -0.015
4298.62	 -0.009
4304.59	 -0.005
4310.57	 -0.019
4316.54	 -0.007
4322.52	 -0.003
4328.49	 -0.005
4334.46	 -0.020
4340.44	 -0.007
4346.41	 -0.001
4352.39	 -0.002
4358.36	 -0.009
4364.33	 -0.006
4370.31	 -0.001
4376.28	 -0.012
4382.25	 -0.019
4388.23	 -0.006
4394.20	  0.005
4400.18	 -0.011
4406.15	 -0.013
4412.12	 -0.010
4418.09	 -0.002
4424.07	 -0.008
4430.04	 -0.013
4436.01	 -0.008
4441.99	 -0.009
4447.96	 -0.009
4453.93	 -0.017
4459.91	 -0.004
4465.88	 -0.006
4471.85	 -0.016
4477.82	 -0.013
4483.80	 -0.009
4489.77	 -0.001
4495.74	 -0.012
4501.72	 -0.008
4507.69	 -0.003
4513.66	 -0.001
4519.63	 -0.011
4525.60	 -0.010
4531.58	 -0.004
4537.55	 -0.000
4543.52	 -0.011
4549.49	 -0.007
4555.47	  0.001
4561.44	 -0.008
4567.41	 -0.010
4573.38	 -0.010
4579.35	 -0.008
4585.33	 -0.009
4591.30	 -0.005
4597.27	 -0.007
4603.24	 -0.005
4609.21	  0.001
4615.18	 -0.006
4621.15	 -0.016
4627.13	 -0.003
4633.10	 -0.002
4639.07	 -0.001
4645.04	 -0.006
4651.01	 -0.002
4656.98	  0.002
4662.95	 -0.006
4668.93	 -0.007
4674.90	 -0.008
4680.87	 -0.001
4686.84	 -0.010
4692.81	 -0.007
4698.78	 -0.003
4704.75	  0.003
4710.72	 -0.008
4716.69	 -0.004
4722.66	  0.000
4728.63	 -0.001
4734.60	 -0.008
4740.57	 -0.009
4746.54	 -0.004
4752.51	 -0.005
4758.48	 -0.005
4764.45	 -0.009
4770.43	 -0.003
4776.40	 -0.004
4782.36	 -0.007
4788.34	 -0.005
4794.31	 -0.004
4800.27	 -0.002
4806.24	 -0.008
4812.22	 -0.007
4818.18	 -0.006
4824.15	  0.001
4830.12	 -0.001
4836.09	 -0.008
4842.06	 -0.005
4848.03	 -0.001
4854.00	 -0.005
4859.97	 -0.007
4865.94	 -0.002
4871.91	  0.002
4877.88	 -0.004
4883.85	 -0.004
4889.82	 -0.002
4895.79	 -0.006
4901.76	 -0.008
4907.72	 -0.006
4913.69	 -0.003
4919.66	  0.004
4925.63	 -0.003
4931.60	 -0.006
4937.57	 -0.003
4943.54	 -0.002
4949.51	 -0.003
4955.48	 -0.005
4961.44	 -0.004
4967.41	 -0.002
4973.38	 -0.005
4979.35	 -0.003
4985.32	 -0.003
4991.28	 -0.002
4997.25	 -0.007
5003.22	 -0.005
5009.19	 -0.001
5015.16	 -0.000
5021.13	  0.000
5027.09	 -0.005
5033.06	 -0.004
5039.03	 -0.002
5045.00	 -0.002
5050.97	 -0.004
5056.93	 -0.001
5062.90	  0.003
5068.87	 -0.004
5074.84	 -0.006
5080.80	 -0.001
5086.77	  0.003
5092.74	 -0.005
5098.70	 -0.005
5104.67	 -0.001
5110.64	 -0.002
5116.61	 -0.005
5122.57	 -0.005
5128.54	 -0.002
5134.51	 -0.000
5140.48	 -0.002
5146.44	 -0.005
5152.41	 -0.001
5158.38	 -0.000
5164.34	 -0.005
5170.31	 -0.005
5176.28	 -0.002
5182.24	 -0.002
5188.21	 -0.000
5194.18	 -0.004
5200.14	 -0.001
5206.11	 -0.002
5212.07	 -0.004
5218.04	 -0.003
5224.01	 -0.003
5229.97	 -0.001
5235.94	 -0.005
5241.91	 -0.006
5247.87	 -0.003
5253.84	 -0.003
5259.80	 -0.003
5265.77	 -0.003
5271.73	 -0.000
5277.70	 -0.002
5283.67	 -0.004
5289.63	 -0.004
5295.60	 -0.003
5301.56	 -0.001
5307.53	 -0.003
5313.49	 -0.005
5319.46	 -0.003
5325.42	  0.001
5331.39	 -0.003
5337.35	 -0.005
5343.32	 -0.001
5349.28	  0.000
5355.25	 -0.003
5361.22	 -0.005
5367.18	 -0.003
5373.14	 -0.001
5379.11	 -0.002
5385.08	 -0.003
5391.04	 -0.002
5397.00	 -0.002
5402.97	 -0.005
5408.93	 -0.002
5414.90	 -0.003
5420.86	  0.000
5426.83	 -0.001
5432.79	 -0.003
5438.76	 -0.002
5444.72	 -0.001
5450.68	  0.000
5456.65	 -0.005
5462.61	 -0.001
5468.58	 -0.001
5474.54	 -0.003
5480.51	 -0.004
5486.47	 -0.003
5492.43	 -0.001
5498.40	 -0.000
5504.36	 -0.001
5510.32	 -0.002
5516.29	 -0.001
5522.25	 -0.002
5528.22	 -0.002
5534.18	 -0.001
5540.14	 -0.001
5546.10	 -0.002
5552.07	 -0.002
5558.03	 -0.003
5563.99	  0.001
5569.96	 -0.000
5575.92	 -0.004
5581.88	 -0.000
5587.85	 -0.001
5593.81	 -0.003
5599.77	 -0.002
5605.74	 -0.002
5611.70	  0.000
5617.66	 -0.003
5623.62	 -0.002
5629.59	 -0.002
5635.55	 -0.001
5641.51	 -0.002
5647.47	 -0.002
5653.44	 -0.001
5659.40	 -0.001
5665.36	 -0.004
5671.32	 -0.002
5677.29	 -0.002
5683.25	  0.001
5689.21	 -0.001
5695.17	 -0.002
5701.14	 -0.003
5707.10	  0.000
5713.06	 -0.003
5719.02	 -0.004
5724.98	  0.000
5730.95	 -0.001
5736.91	 -0.003
5742.87	 -0.002
5748.83	 -0.002
5754.79	  0.001
5760.75	  0.000
5766.71	 -0.004
5772.68	 -0.003
5778.64	 -0.003
5784.60	 -0.002
5790.56	 -0.002
5796.52	  0.001
5802.48	 -0.001
5808.44	 -0.002
5814.40	 -0.003
5820.37	 -0.000
5826.33	 -0.001
5832.29	 -0.005
5838.25	 -0.002
5844.21	 -0.000
5850.17	 -0.001
5856.13	 -0.000
5862.09	 -0.001
5868.05	  0.000
5874.01	  0.001
5879.97	 -0.002
5885.93	 -0.001
5891.89	 -0.001
5897.85	  0.001
5903.81	 -0.000
5909.77	 -0.002
5915.73	 -0.001
5921.69	 -0.000
5927.65	 -0.002
5933.61	 -0.002
5939.57	 -0.001
5945.53	 -0.003
5951.49	 -0.002
5957.45	 -0.004
5963.41	 -0.001
5969.37	 -0.000
5975.33	 -0.002
5981.29	 -0.004
5987.25	 -0.001
5993.21	 -0.002
5999.17	 -0.002
6005.13	 -0.003
6011.09	 -0.004
6017.05	  0.001
6023.01	 -0.004
6028.97	 -0.004
6034.93	  0.001
6040.89	  0.001
6046.84	 -0.006
6051.24	  0.088
6057.24	  0.091
6063.24	  0.094
6069.24	  0.095
6075.24	  0.102
6081.23	  0.102
6087.23	  0.105
6093.23	  0.106
6099.23	  0.108
6105.23	  0.111
6111.23	  0.112
6117.23	  0.112
6123.23	  0.113
6129.23	  0.114
6135.24	  0.114
6141.24	  0.114
6147.24	  0.113
6153.24	  0.116
6159.24	  0.117
6165.24	  0.115
6171.24	  0.116
6177.24	  0.117
6183.24	  0.116
6189.24	  0.117
6195.24	  0.117
6201.25	  0.117
6207.25	  0.119
6213.25	  0.118
6219.25	  0.118
6225.25	  0.120
6231.26	  0.121
6237.26	  0.120
6243.26	  0.120
6249.27	  0.121
6255.27	  0.122
6261.27	  0.120
6267.27	  0.121
6273.28	  0.125
6279.28	  0.126
6285.28	  0.125
6291.28	  0.125
6297.29	  0.126
6303.29	  0.127
6309.30	  0.127
6315.30	  0.127
6321.30	  0.129
6327.31	  0.130
6333.31	  0.131
6339.32	  0.130
6345.32	  0.131
6351.32	  0.134
6357.33	  0.132
6363.33	  0.131
6369.34	  0.133
6375.34	  0.132
6381.35	  0.132
6387.35	  0.133
6393.36	  0.133
6399.36	  0.133
6405.37	  0.132
6411.37	  0.131
6417.38	  0.133
6423.38	  0.133
6429.39	  0.133
6435.40	  0.132
6441.40	  0.131
6447.41	  0.131
6453.41	  0.132
6459.42	  0.131
6465.43	  0.130
6471.43	  0.131
6477.44	  0.131
6483.45	  0.129
6489.45	  0.129
6495.46	  0.130
6501.47	  0.130
6507.48	  0.129
6513.48	  0.130
6519.49	  0.131
6525.50	  0.131
6531.51	  0.131
6537.51	  0.131
6543.52	  0.132
6549.53	  0.130
6555.54	  0.130
6561.55	  0.131
6567.55	  0.133
6573.56	  0.133
6579.57	  0.134
6585.58	  0.137
6591.59	  0.138
6597.60	  0.140
6603.61	  0.141
6609.61	  0.144
6615.62	  0.147
6621.63	  0.149
6627.64	  0.150
6633.65	  0.154
6639.66	  0.158
6645.67	  0.162
6651.68	  0.167
6657.69	  0.172
6663.70	  0.176
6669.71	  0.181
6675.72	  0.188
6681.73	  0.196
6687.74	  0.203
6693.75	  0.210
6699.76	  0.220
6705.77	  0.229
6711.79	  0.239
6717.80	  0.251
6723.81	  0.262
6729.82	  0.275
6735.83	  0.290
6741.84	  0.305
6747.85	  0.323
6753.86	  0.344
6759.88	  0.366
6765.89	  0.388
6771.90	  0.413
6777.91	  0.442
6783.93	  0.473
6789.94	  0.505
6795.95	  0.540
6801.96	  0.579
6807.98	  0.622
6813.99	  0.668
6820.00	  0.721
6826.01	  0.781
6832.03	  0.843
6838.04	  0.914
6844.05	  0.985
6850.07	  1.065
6856.08	  1.153
6862.09	  1.251
6868.11	  1.352
6874.12	  1.471
6880.14	  1.596
6886.15	  1.733
6892.16	  1.882
6898.18	  2.047
6904.19	  2.218
6910.21	  2.400
6916.22	  2.600
6922.24	  2.816
6928.25	  3.049
6934.27	  3.294
6940.28	  3.576
6946.30	  3.871
6952.31	  4.184
6958.33	  4.519
6964.34	  4.877
6970.36	  5.241
6976.37	  5.647
6982.39	  6.087
6988.41	  6.522
6994.42	  6.981
7000.44	  7.492
7006.45	  8.038
7012.47	  8.612
7018.49	  9.182
7024.50	  9.742
7030.52	 10.346
7036.54	 11.015
7042.55	 11.722
7048.57	 12.425
7054.59	 13.161
7060.60	 13.893
7066.62	 14.666
7072.64	 15.409
7078.66	 16.181
7084.67	 17.082
7090.69	 18.000
7096.71	 18.844
7102.73	 19.726
7108.75	 20.708
7114.76	 21.654
7120.78	 22.585
7126.80	 23.500
7132.82	 24.480
7138.84	 25.481
7144.86	 26.410
7150.88	 27.330
7156.89	 28.297
7162.91	 29.313
7168.93	 30.439
7174.95	 31.603
7180.97	 32.546
7186.99	 33.595
7193.01	 34.462
7199.03	 35.425
7205.05	 36.490
7211.07	 37.455
7217.09	 38.542
7223.11	 39.451
7229.13	 40.318
7235.15	 41.184
7241.17	 41.975
7247.19	 42.780
7253.21	 43.719
7259.23	 44.813
7265.25	 45.631
7271.28	 46.255
7277.30	 47.233
7283.32	 47.915
7289.34	 48.759
7295.36	 49.513
7301.38	 50.389
7307.40	 51.123
7313.42	 51.984
7319.45	 52.722
7325.47	 53.602
7331.49	 54.263
7337.51	 54.986
7343.54	 55.770
7349.56	 56.509
7355.58	 57.102
7361.60	 57.672
7367.63	 57.972
7373.65	 58.466
7379.67	 58.984
7385.69	 59.960
7391.72	 60.740
7397.74	 61.295
7403.76	 61.838
7409.79	 62.352
7415.81	 62.904
7421.84	 63.529
7427.86	 64.225
7433.88	 64.748
7439.91	 65.179
7445.93	 65.413
7451.96	 65.968
7457.98	 66.685
7464.00	 66.844
7470.03	 66.882
7476.06	 67.119
7482.08	 67.514
7488.10	 67.721
7494.13	 67.725
7500.15	 68.270
7506.18	 68.680
7512.20	 68.739
7518.23	 68.714
7524.26	 68.967
7530.28	 69.445
7536.31	 69.846
7542.33	 69.954
7548.36	 69.980
7554.39	 70.094
7560.41	 70.252
7566.44	 70.086
7572.47	 70.103
7578.49	 70.456
7584.52	 70.593
7590.55	 71.012
7596.57	 71.165
7602.60	 71.299
7608.62	 71.307
7614.65	 71.540
7620.68	 71.608
7626.71	 71.761
7632.74	 71.598
7638.76	 71.105
7644.79	 71.337
7650.82	 71.374
7656.85	 71.559
7662.88	 71.692
7668.90	 71.574
7674.93	 71.535
7680.96	 71.725
7686.99	 71.756
7693.02	 71.647
7699.05	 71.575
7705.07	 71.730
7711.10	 71.719
7717.13	 71.612
7723.16	 71.698
7729.19	 71.600
7735.22	 71.608
7741.25	 71.507
7747.28	 71.639
7753.31	 71.895
7759.34	 71.975
7765.37	 72.216
7771.40	 72.411
7777.43	 72.448
7783.46	 72.293
7789.49	 72.033
7795.52	 71.891
7801.55	 71.643
7807.58	 71.684
7813.61	 71.735
7819.64	 71.858
7825.67	 71.941
7831.70	 72.025
7837.74	 72.001
7843.77	 72.092
7849.80	 72.336
7855.83	 72.632
7861.86	 72.669
7867.89	 72.764
7873.93	 72.723
7879.96	 72.824
7885.99	 72.810
7892.02	 72.945
7898.06	 72.845
7904.09	 72.949
7910.12	 72.967
7916.15	 72.832
7922.18	 73.015
7928.22	 73.196
7934.25	 73.196
7940.28	 72.752
7946.32	 72.889
7952.35	 73.085
7958.38	 73.199
7964.42	 73.265
7970.45	 73.069
7976.49	 72.808
7982.52	 72.823
7988.55	 73.036
7994.59	 73.131
8000.62	 72.996
8006.65	 72.574
8012.69	 72.519
8018.72	 72.457
8024.76	 72.426
8030.79	 72.335
8036.83	 72.027
8042.86	 71.841
8048.90	 71.540
8054.93	 71.308
8060.97	 70.930
8067.00	 70.474
8073.04	 70.101
8079.08	 69.725
8085.11	 69.563
8091.15	 69.477
8097.18	 69.532
8103.22	 69.171
8109.26	 68.729
8115.29	 68.432
8121.33	 67.914
8127.36	 67.454
8133.40	 67.115
8139.44	 66.770
8145.47	 66.298
8151.51	 65.553
8157.55	 65.160
8163.59	 64.944
8169.62	 64.235
8175.66	 63.581
8181.70	 63.044
8187.73	 62.611
8193.77	 62.010
8199.81	 61.587
8205.85	 61.149
8211.89	 60.373
8217.92	 59.902
8223.96	 59.424
8230.00	 58.971
8236.04	 58.270
8242.08	 57.967
8248.11	 57.415
8254.15	 56.825
8260.19	 56.093
8266.23	 55.475
8272.27	 55.225
8278.31	 54.783
8284.35	 54.182
8290.39	 54.014
8296.43	 53.648
8302.47	 53.195
8308.51	 53.042
8314.55	 52.825
8320.59	 52.541
8326.63	 52.513
8332.67	 52.560
8338.71	 52.385
8344.75	 52.225
8350.79	 52.021
8356.83	 51.775
8362.87	 51.485
8368.91	 51.432
8374.95	 51.634
8380.99	 51.692
8387.03	 51.718
8393.08	 51.936
8399.12	 51.969
8405.16	 52.225
8411.20	 52.579
8417.24	 52.698
8423.28	 52.912
8429.33	 53.240
8435.37	 53.655
8441.41	 54.275
8447.45	 54.862
8453.49	 55.440
8459.54	 56.019
8465.58	 56.935
8471.62	 57.714
8477.66	 58.198
8483.71	 59.205
8489.75	 60.091
8495.79	 60.806
8501.84	 61.620
8507.88	 62.591
8513.92	 63.751
8519.97	 65.223
8526.01	 66.320
8532.05	 67.475
8538.10	 68.345
8544.14	 69.190
8550.19	 69.994
8556.23	 70.344
8562.27	 70.370
8568.32	 70.551
8574.36	 70.567
8580.41	 70.579
8586.45	 70.438
8592.50	 69.436
8598.54	 67.663
8604.59	 65.668
8610.63	 63.641
8616.68	 61.691
8622.72	 59.137
8628.77	 56.197
8634.81	 53.274
8640.86	 50.207
8646.91	 46.952
8652.95	 43.755
8659.00	 40.440
8665.04	 37.435
8671.09	 34.619
8677.14	 31.804
8683.18	 29.210
8689.23	 26.774
8695.28	 24.550
8701.32	 22.484
8707.37	 20.603
8713.42	 18.858
8719.46	 17.237
8725.51	 15.819
8731.56	 14.524
8737.61	 13.348
8743.65	 12.245
8749.70	 11.218
8755.75	 10.324
8761.80	  9.521
8767.84	  8.779
8773.89	  8.081
8779.94	  7.450
8785.99	  6.895
8792.04	  6.395
8798.09	  5.950
8804.14	  5.541
8810.18	  5.156
8816.23	  4.813
8822.28	  4.471
8828.33	  4.164
8834.38	  3.894
8840.43	  3.649
8846.48	  3.411
8852.53	  3.186
8858.58	  2.967
8864.63	  2.782
8870.68	  2.619
8876.73	  2.473
8882.78	  2.336
8888.83	  2.214
8894.88	  2.094
8900.93	  1.984
8906.98	  1.872
8913.03	  1.767
8919.08	  1.678
8925.13	  1.593
8931.18	  1.517
8937.23	  1.449
8943.28	  1.374
8949.33	  1.299
8955.39	  1.234
8961.44	  1.174
8967.49	  1.116
8973.54	  1.074
8979.59	  1.028
8985.64	  0.988
8991.70	  0.947
8997.75	  0.907
9003.80	  0.874
9009.85	  0.841
9015.91	  0.805
9021.96	  0.774
9028.01	  0.745
9034.06	  0.717
9040.12	  0.690
9046.17	  0.672
9052.22	  0.650
9058.27	  0.626
9064.33	  0.603
9070.38	  0.585
9076.44	  0.567
9082.49	  0.548
9088.54	  0.532
9094.60	  0.518
9100.65	  0.504
9106.70	  0.492
9112.76	  0.475
9118.81	  0.461
9124.87	  0.450
9130.92	  0.443
9136.98	  0.432
9143.03	  0.419
9149.09	  0.409
9155.14	  0.397
9161.20	  0.386
9167.25	  0.379
9173.31	  0.367
9179.36	  0.360
9185.42	  0.348
9191.47	  0.343
9197.53	  0.335
9203.59	  0.327
9209.64	  0.320
9215.70	  0.316
9221.75	  0.313
9227.81	  0.307
9233.86	  0.299
9239.92	  0.296
9245.98	  0.290
9252.03	  0.285
9258.09	  0.277
9264.15	  0.274
9270.21	  0.270
9276.26	  0.266
9282.32	  0.262
9288.38	  0.264
9294.43	  0.259
9300.49	  0.256
9306.55	  0.247
9312.61	  0.249
9318.67	  0.243
9324.72	  0.243
9330.78	  0.238
9336.84	  0.235
9342.90	  0.233
9348.96	  0.229
9355.01	  0.221
9361.07	  0.226
9367.13	  0.224
9373.19	  0.221
9379.25	  0.217
9385.31	  0.222
9391.37	  0.226
9397.43	  0.234
9403.49	  0.235
9409.55	  0.238
9415.61	  0.237
9421.67	  0.233
9427.73	  0.229
9433.79	  0.233
9439.85	  0.235
9445.91	  0.235
9451.97	  0.238
9458.03	  0.242
9464.09	  0.238
9470.15	  0.240
9476.21	  0.244
9482.27	  0.244
9488.33	  0.245
9494.39	  0.244
9500.45	  0.236
9506.51	  0.239
9512.58	  0.239
9518.64	  0.234
9524.70	  0.229
9530.76	  0.232
9536.82	  0.232
9542.88	  0.225
9548.94	  0.223
9555.01	  0.225
9561.07	  0.224
9567.13	  0.216
9573.19	  0.214
9579.26	  0.218
9585.32	  0.219
9591.38	  0.215
9597.44	  0.210
9603.51	  0.212
9609.57	  0.211
9615.63	  0.206
9621.70	  0.207
9627.76	  0.209
9633.82	  0.206
9639.89	  0.205
9645.95	  0.210
9652.02	  0.210
9658.08	  0.208
9664.14	  0.205
9670.21	  0.202
9676.27	  0.204
9682.34	  0.203
9688.40	  0.209
9694.47	  0.202
9700.53	  0.207
9706.59	  0.207
9712.66	  0.207
9718.73	  0.202
9724.79	  0.201
9730.86	  0.204
9736.92	  0.204
9742.99	  0.206
9749.05	  0.207
9755.12	  0.212
9761.18	  0.208
9767.25	  0.206
9773.32	  0.211
9779.38	  0.212
9785.45	  0.206
9791.51	  0.211
9797.58	  0.215
9803.65	  0.217
9809.71	  0.213
9815.78	  0.207
9821.85	  0.212
9827.92	  0.214
9833.98	  0.216
9840.05	  0.216
9846.12	  0.222
9852.18	  0.220
9858.25	  0.221
9864.32	  0.217
9870.39	  0.227
9876.45	  0.231
9882.52	  0.226
9888.59	  0.219
9894.66	  0.227
9900.73	  0.232
9906.80	  0.227
9912.86	  0.230
9918.93	  0.231
9925.00	  0.239
9931.07	  0.238
9937.14	  0.235
9943.21	  0.246
9949.28	  0.237
9955.35	  0.237
9961.42	  0.242
9967.49	  0.243
9973.56	  0.257
9979.62	  0.254
9985.69	  0.252
9991.76	  0.253
9997.83	  0.256
10008.56	  0.239
10020.45	  0.255
10032.33	  0.215
10044.21	  0.239
10056.10	  0.228
10067.98	  0.256
10079.86	  0.222
10091.74	  0.254
10103.62	  0.220
10115.50	  0.250
10127.38	  0.212
10139.26	  0.241
10151.14	  0.206
10163.01	  0.228
10174.89	  0.205
10186.77	  0.226
10198.64	  0.196
10210.52	  0.223
10222.39	  0.184
10234.27	  0.218
10246.14	  0.184
10258.02	  0.199
10269.89	  0.184
10281.76	  0.206
10293.63	  0.177
10305.50	  0.209
10317.37	  0.169
10329.24	  0.196
10341.11	  0.171
10352.98	  0.195
10364.85	  0.165
10376.72	  0.202
10388.59	  0.169
10400.46	  0.196
10412.32	  0.165
10424.19	  0.202
10436.05	  0.154
10447.92	  0.194
10459.78	  0.159
10471.65	  0.194
10483.51	  0.152
10495.37	  0.173
10507.24	  0.132
10519.10	  0.203
10530.96	  0.139
10542.82	  0.171
10554.68	  0.131
10566.54	  0.165
10578.40	  0.137
10590.26	  0.170
10602.12	  0.121
10613.97	  0.155
10625.83	  0.123
10637.69	  0.161
10649.54	  0.115
10661.40	  0.142
10673.25	  0.114
10685.11	  0.147
10696.96	  0.120
10708.81	  0.150
10720.67	  0.109
10732.52	  0.143
10744.37	  0.115
10756.22	  0.146
10768.07	  0.117
10779.92	  0.139
10791.77	  0.109
10803.62	  0.146
10815.47	  0.101
10827.32	  0.141
10839.17	  0.110
10851.01	  0.145
10862.86	  0.104
10874.71	  0.127
10886.55	  0.100
10898.40	  0.143
10910.24	  0.090
10922.09	  0.132
10933.93	  0.099
10945.77	  0.135
10957.61	  0.107
10969.46	  0.138
10981.30	  0.103
10993.14	  0.131
11004.98	  0.109
11016.82	  0.131
11028.66	  0.102
11040.50	  0.138
11052.34	  0.103
11064.17	  0.134
11076.01	  0.104
11087.85	  0.138
11099.68	  0.102
11111.52	  0.143
11123.35	  0.100
11135.19	  0.143
11147.02	  0.107
11158.85	  0.141
11170.69	  0.104
11182.52	  0.157
11194.35	  0.104
11206.18	  0.146
11218.01	  0.112
11229.84	  0.157
11241.67	  0.107
11253.50	  0.155
11265.33	  0.107
11277.16	  0.145
11288.99	  0.105
11300.81	  0.149
11312.64	  0.105
11324.47	  0.144
11336.29	  0.112
11348.12	  0.145
11359.94	  0.111
11371.77	  0.152
11383.59	  0.118
11395.41	  0.152
11407.23	  0.117
11419.06	  0.156
11430.88	  0.123
11442.70	  0.162
11454.52	  0.119
11466.34	  0.154
11478.16	  0.125
11489.98	  0.162
11501.79	  0.127
11513.61	  0.167
11525.43	  0.138
11537.25	  0.175
11549.06	  0.129
11560.88	  0.179
11572.69	  0.143
11584.51	  0.190
11596.32	  0.147
11608.13	  0.184
11619.95	  0.149
11631.76	  0.199
11643.57	  0.165
11655.38	  0.210
11667.19	  0.169
11679.00	  0.206
11690.81	  0.168
11702.62	  0.219
11714.43	  0.180
11726.24	  0.232
11738.05	  0.195
11749.85	  0.240
11761.66	  0.204
11773.47	  0.243
11785.27	  0.215
11797.08	  0.270
11808.88	  0.237
11820.68	  0.292
11832.49	  0.251
11844.29	  0.290
11856.09	  0.254
11867.90	  0.300
11879.70	  0.268
11891.50	  0.316
11903.30	  0.290
11915.10	  0.334
11926.90	  0.316
11938.70	  0.357
11950.49	  0.344
11962.29	  0.393
11974.09	  0.361
11985.89	  0.418
11997.68	  0.398
12009.48	  0.464
12021.27	  0.436
12033.07	  0.483
12044.86	  0.461
12056.65	  0.549
12068.45	  0.532
12080.24	  0.593
12092.03	  0.576
12103.82	  0.658
12115.61	  0.637
12127.40	  0.735
12139.19	  0.705
12150.98	  0.804
12162.77	  0.808
12174.56	  0.906
12186.35	  0.891
12198.13	  1.014
12209.92	  0.995
12221.71	  1.132
12233.49	  1.141
12245.28	  1.286
12257.06	  1.289
12268.84	  1.499
12280.63	  1.508
12292.41	  1.662
12304.19	  1.704
12315.98	  1.953
12327.76	  1.979
12339.54	  2.266
12351.32	  2.331
12363.10	  2.561
12374.88	  2.697
12386.65	  3.101
12398.43	  3.272
12410.21	  3.626
12421.99	  3.906
12433.76	  4.379
12445.54	  4.679
12457.32	  5.218
12469.09	  5.699
12480.87	  6.345
12492.64	  6.918
12504.41	  7.984
12516.19	  8.790
12527.96	  9.984
12539.73	 10.670
12551.50	 12.154
12563.27	 13.554
12575.04	 15.625
12586.81	 17.315
12598.58	 19.824
12610.35	 22.437
12622.12	 25.708
12633.89	 28.727
12645.65	 32.900
12657.42	 36.361
12669.18	 40.772
12680.95	 45.780
12692.71	 52.791
12704.48	 58.717
12716.24	 64.750
12728.01	 67.948
12739.77	 72.738
12751.53	 75.014
12763.29	 78.722
12770.25	 81.109
12782.03	 79.176
12793.81	 78.220
12805.59	 77.037
12817.37	 74.302
12829.15	 71.485
12840.92	 68.168
12852.70	 63.163
12864.48	 58.435
12876.26	 56.737
12888.03	 53.657
12899.81	 51.250
12911.58	 48.464
12923.36	 46.655
12935.13	 44.766
12946.91	 43.268
12958.68	 40.322
12970.45	 39.252
12982.23	 38.230
12994.00	 37.738
13005.77	 36.039
13017.54	 36.015
13029.31	 34.521
13041.08	 33.274
13052.85	 32.056
13064.62	 32.358
13076.39	 31.432
13088.16	 31.321
13099.93	 30.517
13111.69	 31.063
13123.46	 29.952
13135.23	 30.169
13146.99	 28.707
13158.76	 27.959
13170.52	 27.548
13182.29	 28.324
13194.05	 27.998
13205.81	 28.575
13217.58	 28.186
13229.34	 28.472
13241.10	 27.843
13252.86	 29.172
13264.63	 28.343
13276.39	 29.464
13288.15	 30.141
13299.91	 31.162
13311.67	 30.249
13323.42	 31.357
13335.18	 31.107
13346.94	 31.563
13358.70	 31.611
13370.46	 33.260
13382.21	 33.700
13393.97	 35.193
13405.72	 35.355
13417.48	 36.988
13429.23	 36.760
13440.99	 38.204
13452.74	 37.733
13464.49	 38.415
13476.25	 38.532
13488.00	 40.713
13499.75	 41.337
13511.50	 42.435
13523.25	 41.471
13535.00	 43.238
13546.76	 44.315
13558.50	 46.349
13570.25	 47.121
13582.00	 49.978
13593.75	 51.146
13605.50	 53.070
13617.24	 51.545
13628.99	 53.031
13640.74	 55.061
13652.48	 57.760
13664.23	 58.804
13675.97	 62.287
13687.72	 61.492
13699.46	 64.076
13711.21	 64.821
13722.95	 66.466
13734.69	 67.941
13746.43	 72.017
13758.18	 71.745
13769.92	 72.494
13781.66	 72.848
13793.40	 75.431
13805.14	 77.506
13816.88	 79.245
13828.61	 76.738
13840.35	 76.213
13852.09	 76.895
13863.83	 80.497
13875.57	 78.323
13887.30	 78.324
13899.04	 78.613
13910.77	 80.009
13922.51	 80.202
13934.24	 79.154
13945.98	 78.332
13957.71	 77.967
13969.44	 76.347
13981.18	 77.490
13992.91	 76.759
14004.64	 76.632
14016.37	 75.071
14028.10	 75.259
14039.83	 73.638
14051.56	 72.297
14063.29	 69.285
14075.02	 68.286
14086.75	 68.431
14098.48	 68.677
14110.20	 65.754
14121.93	 64.491
14133.66	 62.680
14145.38	 62.947
14157.11	 61.526
14168.83	 62.740
14180.56	 60.841
14192.28	 59.197
14204.01	 56.636
14215.73	 57.078
14227.45	 55.769
14239.18	 54.507
14250.90	 53.434
14262.62	 53.928
14274.34	 52.340
14286.06	 53.545
14297.78	 51.990
14309.50	 51.508
14321.22	 50.314
14332.94	 50.949
14344.66	 49.502
14356.37	 49.303
14368.09	 48.015
14379.81	 48.783
14391.52	 47.427
14403.24	 47.575
14414.95	 46.470
14426.67	 47.372
14438.38	 46.462
14450.10	 46.820
14461.81	 44.841
14473.52	 45.162
14485.24	 45.273
14496.95	 45.286
14508.66	 42.322
14520.37	 42.165
14532.08	 42.070
14543.79	 43.260
14555.50	 42.937
14567.21	 43.144
14578.92	 42.007
14590.63	 42.788
14602.34	 42.458
14614.04	 42.848
14625.75	 42.596
14637.46	 42.790
14649.16	 41.426
14660.87	 41.515
14672.57	 41.472
14684.28	 42.092
14695.98	 42.127
14707.69	 43.200
14719.39	 43.385
14731.09	 43.871
14742.79	 42.238
14754.50	 42.597
14766.20	 42.659
14777.90	 42.851
14789.60	 42.122
14801.30	 43.317
14813.00	 42.760
14824.70	 42.917
14836.39	 42.663
14848.09	 44.567
14859.79	 44.912
14871.49	 45.260
14883.18	 43.553
14894.88	 44.256
14906.57	 44.411
14918.27	 44.355
14929.96	 44.858
14941.66	 46.235
14953.35	 45.823
14965.05	 47.820
14976.74	 48.019
14988.43	 48.006
15000.12	 48.043
15011.82	 49.176
15023.51	 47.929
15035.20	 48.629
15046.89	 48.443
15058.58	 48.893
15070.26	 49.393
15081.95	 51.646
15093.64	 51.277
15105.33	 51.346
15117.02	 51.039
15128.70	 53.397
15140.39	 53.100
15152.08	 52.315
15163.76	 52.039
15175.45	 53.208
15187.13	 55.136
15198.81	 57.265
15210.50	 56.247
15222.18	 56.579
15233.86	 56.979
15245.54	 57.448
15257.23	 56.914
15268.91	 59.239
15280.59	 60.377
15292.27	 59.890
15303.95	 58.969
15315.63	 61.534
15327.31	 64.608
15338.98	 66.986
15350.66	 66.538
15362.34	 66.671
15374.02	 65.538
15385.69	 65.984
15397.37	 65.167
15409.04	 64.990
15420.72	 65.850
15432.39	 69.040
15444.07	 69.567
15455.74	 70.011
15467.41	 70.655
15479.09	 71.969
15490.76	 73.095
15502.43	 73.880
15514.10	 72.060
15525.77	 72.196
15537.44	 72.313
15549.11	 74.573
15560.78	 75.307
15572.45	 77.102
15584.12	 76.944
15595.79	 77.536
15607.45	 78.691
15619.12	 80.091
15630.79	 80.259
15642.45	 81.177
15654.12	 80.486
15665.79	 82.367
15677.45	 82.928
15689.11	 81.905
15700.78	 81.441
15712.44	 82.601
15724.10	 83.099
15735.77	 83.972
15747.43	 80.843
15759.09	 82.466
15770.75	 83.630
15782.41	 84.486
15794.07	 85.157
15805.73	 87.363
15817.39	 86.665
15829.05	 88.211
15840.71	 88.812
15852.36	 87.648
15864.02	 86.282
15875.68	 87.055
15887.33	 86.190
15898.99	 86.636
15910.65	 86.761
15922.30	 87.368
15933.96	 86.339
15945.61	 87.235
15957.26	 84.217
15968.91	 85.104
15980.57	 86.399
15992.22	 87.505
16003.87	 88.589
16015.52	 87.191
16027.17	 84.386
16038.82	 83.484
16050.47	 82.095
16062.12	 86.189
16073.77	 88.418
16085.42	 87.014
16097.07	 82.856
16108.71	 81.503
16120.36	 81.951
16132.01	 83.251
16143.65	 82.329
16155.30	 82.662
16166.94	 82.331
16178.59	 81.093
16190.23	 79.490
16201.88	 80.630
16213.52	 80.760
16225.16	 80.693
16236.80	 79.230
16248.45	 78.946
16260.09	 79.142
16271.73	 79.475
16283.37	 77.374
16295.01	 77.910
16306.65	 77.813
16318.29	 76.082
16329.92	 74.007
16341.56	 73.027
16353.20	 72.156
16364.84	 71.987
16376.47	 70.794
16388.11	 70.251
16399.75	 70.127
16411.38	 70.752
16423.02	 69.936
16434.65	 68.898
16446.28	 66.975
16457.92	 67.634
16469.55	 68.746
16481.18	 70.615
16492.81	 70.162
16504.44	 69.528
16516.08	 67.653
16527.71	 66.530
16539.34	 64.866
16550.97	 65.493
16562.60	 65.107
16574.22	 64.702
16585.85	 62.777
16597.48	 61.314
16609.11	 61.354
16620.73	 62.888
16632.36	 62.222
16643.99	 63.047
16655.61	 62.098
16667.24	 60.563
16678.86	 58.616
16690.48	 57.611
16702.11	 56.640
16713.73	 56.755
16725.35	 56.583
16736.98	 55.862
16748.60	 55.185
16760.22	 55.492
16771.84	 55.462
16783.46	 56.171
16795.08	 55.337
16806.70	 55.482
16818.32	 55.709
16829.93	 55.720
16841.55	 55.558
16853.17	 56.187
16864.79	 55.444
16876.40	 55.102
16888.02	 55.648
16899.63	 56.507
16911.25	 57.290
16922.86	 58.494
16934.48	 59.083
16946.09	 60.066
16957.70	 60.127
16969.32	 61.471
16980.93	 61.911
16992.54	 62.680
17004.15	 63.546
17015.76	 64.191
17027.37	 64.391
17038.98	 64.891
17050.59	 65.739
17062.20	 66.286
17073.81	 67.123
17085.42	 69.156
17097.03	 69.592
17108.63	 68.777
