# Units:
#  "lambda" is in Angstroms
#  "pass" is the contribution to the detector signal per photon
# 
# Bandpass Name(s): 427
# 
# Instrument: Calar Alto/LAICA
# 
# Determined by: ?
# 
# Date of determination: ?
# 
# Notes: response function including filter+QE+telescope
#   optics+atmosphere.  Obtained from Leopoldo Infante (Chile)
# 
# J. Moustakas, 2014-Jul-06, Siena
|           lambda |        pass |
|           3750.0 | 0.000399428 |
| 3752.00024414062 | 0.000399428 |
|           3754.0 | 0.000399428 |
| 3756.00024414062 | 0.000399428 |
| 3757.99975585938 | 0.000399428 |
| 3759.99975585938 | 0.000399428 |
|           3762.0 | 0.000399428 |
| 3763.99975585938 | 0.000399428 |
|           3766.0 | 0.000399428 |
| 3767.99975585938 | 0.000399428 |
|           3770.0 | 0.000399428 |
| 3772.00024414062 | 0.000399428 |
|           3774.0 | 0.000399428 |
| 3776.00024414062 | 0.000399428 |
|           3778.0 | 0.000399428 |
| 3780.00024414062 | 0.000399428 |
|           3782.0 | 0.000399428 |
| 3783.99975585938 | 0.000399428 |
|           3786.0 | 0.000399428 |
| 3787.99975585938 | 0.000399428 |
|           3790.0 | 0.000399428 |
| 3792.00024414062 | 0.000399428 |
|           3794.0 | 0.000399428 |
|           3796.0 | 0.000399428 |
|           3798.0 | 0.000399428 |
|           3800.0 | 0.000399428 |
| 3802.00024414062 | 0.000399428 |
|           3804.0 | 0.000399428 |
|           3806.0 | 0.000399428 |
| 3807.99975585938 | 0.000399428 |
|           3810.0 | 0.000399428 |
|           3812.0 | 0.000399428 |
|           3814.0 | 0.000399428 |
|           3816.0 | 0.000399428 |
|           3818.0 | 0.000399428 |
|           3820.0 | 0.000399428 |
| 3822.00024414062 | 0.000399428 |
|           3824.0 | 0.000399428 |
| 3826.00024414062 | 0.000399428 |
|           3828.0 | 0.000399428 |
| 3829.99975585938 | 0.000399428 |
|           3832.0 | 0.000399428 |
| 3833.99975585938 | 0.000399428 |
|           3836.0 | 0.000399428 |
| 3837.99975585938 | 0.000399428 |
|           3840.0 | 0.000399428 |
| 3842.00024414062 | 0.000399428 |
|           3844.0 | 0.000399428 |
| 3846.00024414062 | 0.000399428 |
|           3848.0 | 0.000399428 |
| 3850.00024414062 | 0.000399428 |
|           3852.0 | 0.000399428 |
| 3853.99975585938 | 0.000399428 |
|           3856.0 | 0.000399428 |
| 3857.99975585938 | 0.000399428 |
|           3860.0 | 0.000399428 |
|           3862.0 | 0.000399428 |
|           3864.0 | 0.000399428 |
|           3866.0 | 0.000399428 |
|           3868.0 | 0.000399428 |
|           3870.0 | 0.000399428 |
| 3872.00024414062 | 0.000399428 |
|           3874.0 | 0.000399428 |
|           3876.0 | 0.000399428 |
| 3877.99975585938 | 0.000399428 |
|           3880.0 | 0.000399428 |
|           3882.0 | 0.000399428 |
|           3884.0 | 0.000399428 |
|           3886.0 | 0.000399428 |
| 3887.99975585938 | 0.000399428 |
|           3890.0 | 0.000399428 |
| 3892.00024414062 | 0.000399428 |
|           3894.0 | 0.000399428 |
| 3896.00024414062 | 0.000399428 |
|           3898.0 | 0.000399428 |
| 3899.99975585938 | 0.000399428 |
|           3902.0 | 0.000399428 |
| 3903.99975585938 | 0.000399428 |
|           3906.0 | 0.000399428 |
| 3907.99975585938 | 0.000399428 |
|           3910.0 | 0.000399428 |
| 3912.00024414062 | 0.000399428 |
|           3914.0 | 0.000399428 |
| 3916.00024414062 | 0.000399428 |
|           3918.0 | 0.000399428 |
| 3920.00024414062 | 0.000399428 |
| 3922.00024414062 | 0.000399428 |
| 3923.99975585938 | 0.000399428 |
|           3926.0 | 0.000399428 |
| 3927.99975585938 | 0.000399428 |
|           3930.0 | 0.000399428 |
|           3932.0 | 0.000399428 |
|           3934.0 | 0.000399428 |
|           3936.0 | 0.000399428 |
|           3938.0 | 0.000399428 |
|           3940.0 | 0.000399428 |
| 3942.00024414062 | 0.000399428 |
|           3944.0 | 0.000399428 |
| 3946.00024414062 | 0.000399428 |
| 3947.99975585938 | 0.000399428 |
|           3950.0 | 0.000399428 |
|           3952.0 | 0.000399428 |
| 3953.99975585938 | 0.000399428 |
|           3956.0 | 0.000399428 |
| 3957.99975585938 | 0.000399428 |
|           3960.0 | 0.000399428 |
| 3962.00024414062 | 0.000399428 |
|           3964.0 | 0.000399428 |
| 3966.00024414062 | 0.000399428 |
|           3968.0 | 0.000399428 |
| 3970.00024414062 | 0.000399428 |
|           3972.0 | 0.000399428 |
| 3973.99975585938 | 0.000399428 |
|           3976.0 | 0.000399428 |
| 3977.99975585938 | 0.000399428 |
|           3980.0 | 0.000399428 |
| 3982.00024414062 | 0.000399428 |
|           3984.0 | 0.000399428 |
|           3986.0 | 0.000399428 |
|           3988.0 | 0.000399428 |
|           3990.0 | 0.000399428 |
| 3992.00024414062 | 0.000399428 |
|           3994.0 | 0.000399428 |
|           3996.0 | 0.000399428 |
| 3997.99975585938 | 0.000399428 |
|           4000.0 | 0.000399428 |
|           4002.0 | 0.000399428 |
|           4004.0 | 0.000399428 |
|           4006.0 |  0.01852067 |
|           4008.0 |      0.0225 |
|           4010.0 | 0.030422909 |
| 4012.00024414062 | 0.039164901 |
|           4014.0 | 0.052058097 |
| 4016.00024414062 | 0.066459447 |
|           4018.0 |      0.0859 |
| 4019.99975585938 | 0.115011469 |
|           4022.0 | 0.149976507 |
| 4023.99975585938 | 0.199242771 |
|           4026.0 |       0.262 |
| 4027.99975585938 | 0.340189755 |
|           4030.0 |  0.44993338 |
| 4032.00024414062 | 0.595898092 |
|           4034.0 | 0.800495207 |
| 4036.00024414062 | 1.077917337 |
|           4038.0 | 1.453638673 |
| 4040.00024414062 |         2.0 |
|           4042.0 | 2.743304968 |
| 4043.99975585938 | 3.824028015 |
|           4046.0 | 5.407377243 |
| 4047.99975585938 |         7.7 |
|           4050.0 | 10.95228958 |
|           4052.0 | 15.33650303 |
|           4054.0 | 20.90604973 |
|           4056.0 | 27.67542076 |
|           4058.0 | 35.17454147 |
|           4060.0 |  43.2338028 |
| 4062.00024414062 | 50.27523041 |
|           4064.0 | 55.99720001 |
|           4066.0 | 59.82392502 |
| 4067.99975585938 | 62.67592239 |
|           4070.0 | 64.52312469 |
|           4072.0 | 66.36595917 |
|           4074.0 | 68.26283264 |
|           4076.0 | 70.32441711 |
|           4078.0 | 72.42703247 |
|           4080.0 | 74.28557587 |
| 4082.00024414062 | 75.92733002 |
|           4084.0 | 77.32351685 |
| 4086.00024414062 | 78.31373596 |
|           4088.0 | 78.63928986 |
| 4089.99975585938 | 78.68203735 |
|           4092.0 | 78.49957275 |
| 4093.99975585938 | 77.91027069 |
|           4096.0 | 77.22237396 |
|           4098.0 | 76.51284027 |
|           4100.0 | 75.74610901 |
|           4102.0 | 74.94324493 |
|           4104.0 | 74.05111694 |
|           4106.0 | 73.20970917 |
|           4108.0 | 72.25392151 |
|           4110.0 | 71.35716248 |
|           4112.0 | 70.34913635 |
|           4114.0 | 69.23929596 |
|           4116.0 | 68.14061737 |
|           4118.0 | 66.94094849 |
|           4120.0 | 65.89336395 |
|           4122.0 | 64.79685974 |
|           4124.0 | 63.82568359 |
|           4126.0 | 63.07270432 |
|           4128.0 | 62.50217438 |
|           4130.0 | 62.09513092 |
|           4132.0 | 61.78837585 |
|           4134.0 | 61.75812531 |
|           4136.0 |  62.0340004 |
| 4137.99951171875 | 62.39116287 |
|           4140.0 | 63.16395569 |
|           4142.0 | 63.84968567 |
|           4144.0 | 64.80250549 |
|           4146.0 | 65.92414856 |
|           4148.0 | 67.10968018 |
|           4150.0 |  68.5379715 |
|           4152.0 | 69.81414032 |
|           4154.0 | 71.22782898 |
|           4156.0 | 72.54820251 |
|           4158.0 | 73.80288696 |
|           4160.0 | 74.95189667 |
|           4162.0 | 75.97867584 |
|           4164.0 | 76.71749878 |
|           4166.0 | 77.59481049 |
|           4168.0 |  78.1775589 |
|           4170.0 | 78.57569885 |
|           4172.0 | 78.85844421 |
|           4174.0 | 78.95096588 |
|           4176.0 | 78.90370178 |
|           4178.0 | 78.80778503 |
|           4180.0 | 78.37477875 |
| 4182.00048828125 | 77.94448853 |
|           4184.0 | 77.42485046 |
|           4186.0 | 76.79592133 |
|           4188.0 | 76.18930817 |
|           4190.0 | 75.50621033 |
|           4192.0 | 74.94319916 |
|           4194.0 | 74.34976959 |
|           4196.0 | 73.90738678 |
|           4198.0 | 73.44998932 |
|           4200.0 | 73.07871246 |
|           4202.0 | 72.80438232 |
|           4204.0 | 72.65209198 |
|           4206.0 | 72.55647278 |
|           4208.0 | 72.67795563 |
|           4210.0 | 72.75299072 |
|           4212.0 | 72.92652893 |
|           4214.0 | 73.15320587 |
|           4216.0 | 73.45601654 |
|           4218.0 | 73.70768738 |
|           4220.0 |  74.1138916 |
|           4222.0 | 74.22639465 |
|           4224.0 | 74.73309326 |
|           4226.0 | 74.97657776 |
|           4228.0 | 75.18960571 |
|           4230.0 | 75.39429474 |
|           4232.0 | 75.57055664 |
|           4234.0 |  75.5355835 |
|           4236.0 | 75.51583862 |
|           4238.0 | 75.34133148 |
|           4240.0 |  75.0707016 |
|           4242.0 | 74.89253235 |
|           4244.0 | 74.39580536 |
|           4246.0 |  74.1188736 |
|           4248.0 | 73.57130432 |
|           4250.0 | 73.15557098 |
| 4252.00048828125 | 72.61721802 |
|           4254.0 | 71.99194336 |
|           4256.0 | 71.48934937 |
| 4257.99951171875 |  70.8210907 |
|           4260.0 | 70.22635651 |
|           4262.0 | 69.60105133 |
|           4264.0 | 68.84626007 |
|           4266.0 | 68.42475891 |
|           4268.0 | 67.68038177 |
|           4270.0 | 67.04413605 |
|           4272.0 | 66.50010681 |
|           4274.0 | 65.93009949 |
|           4276.0 | 65.55641174 |
|           4278.0 | 65.09250641 |
|           4280.0 | 64.78710175 |
|           4282.0 | 64.35515594 |
|           4284.0 |  64.2410965 |
|           4286.0 | 64.17427063 |
|           4288.0 | 64.12522125 |
|           4290.0 | 64.21090698 |
|           4292.0 | 64.49547577 |
|           4294.0 | 64.71958923 |
|           4296.0 | 65.05632782 |
|           4298.0 | 65.49226379 |
|           4300.0 | 66.00272369 |
|           4302.0 | 66.54842377 |
|           4304.0 |  67.1891861 |
|           4306.0 |  67.8946228 |
|           4308.0 | 68.63557434 |
|           4310.0 | 69.23205566 |
|           4312.0 | 70.00418091 |
|           4314.0 | 70.55301666 |
|           4316.0 | 71.02809906 |
|           4318.0 | 71.55594635 |
|           4320.0 | 71.97872162 |
|           4322.0 | 72.26004791 |
|           4324.0 |  72.3234024 |
|           4326.0 | 72.34224701 |
| 4327.99951171875 | 72.30745697 |
|           4330.0 | 72.11566925 |
|           4332.0 | 71.77407074 |
|           4334.0 | 71.41810608 |
|           4336.0 | 71.03086853 |
|           4338.0 | 70.68231201 |
|           4340.0 | 70.11263275 |
|           4342.0 | 69.65031433 |
|           4344.0 | 69.31934357 |
|           4346.0 | 68.93476105 |
|           4348.0 | 68.59407806 |
|           4350.0 | 68.36148071 |
|           4352.0 | 68.25909424 |
|           4354.0 | 68.22814941 |
|           4356.0 | 68.27254486 |
|           4358.0 | 68.40601349 |
|           4360.0 | 68.67415619 |
|           4362.0 | 68.91394043 |
|           4364.0 |  69.0032959 |
|           4366.0 | 69.32733917 |
|           4368.0 | 69.52605438 |
|           4370.0 | 69.61434174 |
| 4372.00048828125 | 69.41262817 |
|           4374.0 | 69.22848511 |
|           4376.0 | 68.85019684 |
|           4378.0 | 68.09856415 |
|           4380.0 | 67.35680389 |
|           4382.0 | 66.33287048 |
|           4384.0 | 65.20122528 |
|           4386.0 | 64.15377808 |
|           4388.0 | 63.04058456 |
|           4390.0 | 62.33824539 |
|           4392.0 | 61.88877869 |
|           4394.0 | 61.80449295 |
|           4396.0 | 62.23055649 |
| 4397.99951171875 | 63.04133987 |
|           4400.0 | 64.49697876 |
|           4402.0 | 66.25482178 |
|           4404.0 | 67.75478363 |
|           4406.0 | 68.95684814 |
|           4408.0 | 68.75671387 |
|           4410.0 | 66.47215271 |
|           4412.0 | 61.45133209 |
|           4414.0 | 53.10961151 |
|           4416.0 |  42.6402626 |
|           4418.0 | 31.71839714 |
|           4420.0 | 22.44506264 |
|           4422.0 | 15.25044632 |
|           4424.0 | 10.23947048 |
|           4426.0 | 6.825181961 |
|           4428.0 | 4.584637165 |
|           4430.0 | 3.141830921 |
|           4432.0 |  2.19997716 |
|           4434.0 |  1.56317389 |
|           4436.0 | 1.119456291 |
|           4438.0 | 0.821309924 |
|           4440.0 | 0.604940653 |
| 4442.00048828125 | 0.444308907 |
|           4444.0 | 0.335736215 |
|           4446.0 | 0.253614724 |
| 4447.99951171875 | 0.197967708 |
|           4450.0 | 0.149028912 |
|           4452.0 | 0.118149698 |
|           4454.0 | 0.091604143 |
|           4456.0 | 0.072510891 |
|           4458.0 | 0.057320815 |
|           4460.0 |  0.04546091 |
|           4462.0 | 0.036174543 |
|           4464.0 | 0.030282563 |
|           4466.0 | 0.023173306 |
|           4468.0 | 0.020518795 |
|           4470.0 | 0.000399428 |
|           4472.0 | 0.000399428 |
|           4474.0 | 0.000399428 |
|           4476.0 | 0.000399428 |
|           4478.0 | 0.000399428 |
|           4480.0 | 0.000399428 |
|           4482.0 | 0.000399428 |
|           4484.0 | 0.000399428 |
|           4486.0 | 0.000399428 |
|           4488.0 | 0.000399428 |
|           4490.0 | 0.000399428 |
|           4492.0 | 0.000399428 |
|           4494.0 | 0.000399428 |
|           4496.0 | 0.000399428 |
|           4498.0 | 0.000399428 |
|           4500.0 | 0.000399428 |
|           4502.0 | 0.000399428 |
|           4504.0 | 0.000399428 |
|           4506.0 | 0.000399428 |
|           4508.0 | 0.000399428 |
|           4510.0 | 0.000399428 |
| 4512.00048828125 | 0.000399428 |
|           4514.0 | 0.000399428 |
|           4516.0 | 0.000399428 |
| 4517.99951171875 | 0.000399428 |
|           4520.0 | 0.000399428 |
|           4522.0 | 0.000399428 |
|           4524.0 | 0.000399428 |
|           4526.0 | 0.000399428 |
|           4528.0 | 0.000399428 |
|           4530.0 | 0.000399428 |
|           4532.0 | 0.000399428 |
|           4534.0 | 0.000399428 |
|           4536.0 | 0.000399428 |
|           4538.0 | 0.000399428 |
|           4540.0 | 0.000399428 |
|           4542.0 | 0.000399428 |
|           4544.0 | 0.000399428 |
|           4546.0 | 0.000399428 |
|           4548.0 | 0.000399428 |
|           4550.0 | 0.000399428 |
|           4552.0 | 0.000399428 |
|           4554.0 | 0.000399428 |
|           4556.0 | 0.000399428 |
|           4558.0 | 0.000399428 |
|           4560.0 | 0.000399428 |
| 4562.00048828125 | 0.000399428 |
|           4564.0 | 0.000399428 |
|           4566.0 | 0.000399428 |
|           4568.0 | 0.000399428 |
|           4570.0 | 0.000399428 |
|           4572.0 | 0.000399428 |
|           4574.0 | 0.000399428 |
|           4576.0 | 0.000399428 |
|           4578.0 | 0.000399428 |
|           4580.0 | 0.000399428 |
|           4582.0 | 0.000399428 |
|           4584.0 | 0.000399428 |
|           4586.0 | 0.000399428 |
| 4587.99951171875 | 0.000399428 |
|           4590.0 | 0.000399428 |
|           4592.0 | 0.000399428 |
|           4594.0 | 0.000399428 |
|           4596.0 | 0.000399428 |
|           4598.0 | 0.000399428 |
|           4600.0 | 0.000399428 |
|           4602.0 | 0.000399428 |
|           4604.0 | 0.000399428 |
|           4606.0 | 0.000399428 |
|           4608.0 | 0.000399428 |
|           4610.0 | 0.000399428 |
|           4612.0 | 0.000399428 |
|           4614.0 | 0.000399428 |
|           4616.0 | 0.000399428 |
|           4618.0 | 0.000399428 |
|           4620.0 | 0.000399428 |
|           4622.0 | 0.000399428 |
|           4624.0 | 0.000399428 |
|           4626.0 | 0.000399428 |
|           4628.0 | 0.000399428 |
|           4630.0 | 0.000399428 |
| 4632.00048828125 | 0.000399428 |
|           4634.0 | 0.000399428 |
|           4636.0 | 0.000399428 |
|           4638.0 | 0.000399428 |
|           4640.0 | 0.000399428 |
|           4642.0 | 0.000399428 |
|           4644.0 | 0.000399428 |
|           4646.0 | 0.000399428 |
|           4648.0 | 0.000399428 |
|           4650.0 | 0.000399428 |
|           4652.0 | 0.000399428 |
|           4654.0 | 0.000399428 |
|           4656.0 | 0.000399428 |
|           4658.0 | 0.000399428 |
|           4660.0 | 0.000399428 |
|           4662.0 | 0.000399428 |
|           4664.0 | 0.000399428 |
|           4666.0 | 0.000399428 |
|           4668.0 | 0.000399428 |
|           4670.0 | 0.000399428 |
|           4672.0 | 0.000399428 |
|           4674.0 | 0.000399428 |
|           4676.0 | 0.000399428 |
|           4678.0 | 0.000399428 |
|           4680.0 | 0.000399428 |
|           4682.0 | 0.000399428 |
|           4684.0 | 0.000399428 |
|           4686.0 | 0.000399428 |
|           4688.0 | 0.000399428 |
|           4690.0 | 0.000399428 |
|           4692.0 | 0.000399428 |
|           4694.0 | 0.000399428 |
|           4696.0 | 0.000399428 |
|           4698.0 | 0.000399428 |
|           4700.0 | 0.000399428 |
| 4702.00048828125 | 0.000399428 |
|           4704.0 | 0.000399428 |
|           4706.0 | 0.000399428 |
| 4707.99951171875 | 0.000399428 |
|           4710.0 | 0.000399428 |
|           4712.0 | 0.000399428 |
|           4714.0 | 0.000399428 |
|           4716.0 | 0.000399428 |
|           4718.0 | 0.000399428 |
|           4720.0 | 0.000399428 |
|           4722.0 | 0.000399428 |
|           4724.0 | 0.000399428 |
|           4726.0 | 0.000399428 |
|           4728.0 | 0.000399428 |
|           4730.0 | 0.000399428 |
|           4732.0 | 0.000399428 |
|           4734.0 | 0.000399428 |
|           4736.0 | 0.000399428 |
|           4738.0 | 0.000399428 |
|           4740.0 | 0.000399428 |
|           4742.0 | 0.000399428 |
|           4744.0 | 0.000399428 |
|           4746.0 | 0.000399428 |
|           4748.0 | 0.000399428 |
|           4750.0 | 0.000399428 |
