# Units:
#  "lambda" is in Angstroms
#  "pass" is the contribution to the detector signal per photon
# 
# Bandpass Name(s): 830
# 
# Instrument: Calar Alto/LAICA
# 
# Determined by: ?
# 
# Date of determination: ?
# 
# Notes: response function including filter+QE+telescope
#   optics+atmosphere.  Obtained from Leopoldo Infante (Chile)
# 
# J. Moustakas, 2014-Jul-06, Siena
|   lambda |            pass |
| 8034.046 | -0.065721478824 |
| 8036.277 |  0.212625187906 |
| 8038.034 |  0.024594322529 |
|  8039.71 |  0.098449874497 |
| 8041.941 |  0.049075788505 |
| 8043.598 |  0.098048992985 |
| 8045.367 |   0.23781467715 |
| 8047.598 | -0.016354519151 |
|  8049.36 |  0.130733132997 |
| 8051.115 |   0.07369204812 |
| 8052.785 |  0.032774782568 |
| 8055.016 |  0.220749181703 |
| 8056.771 |   0.07351716567 |
| 8058.448 |  0.204881646144 |
| 8060.679 |  0.147343854805 |
| 8062.434 |  0.138817428968 |
| 8064.209 |  0.318450489034 |
| 8065.965 |  0.114518045886 |
| 8068.096 |  0.237497203388 |
| 8069.864 |  0.269979734814 |
| 8071.626 |  0.130588372736 |
| 8073.395 |   0.30145139032 |
| 8075.526 |  0.211643288215 |
| 8077.281 |  0.244252954139 |
| 8079.057 |  0.399265313639 |
| 8080.811 |  0.228357646734 |
| 8082.942 |  0.350833516523 |
| 8084.718 |  0.277377108374 |
| 8086.473 |  0.146808034163 |
| 8088.229 |  0.358760110475 |
| 8090.372 |  0.260826518202 |
| 8092.134 |  0.334059791485 |
|  8093.89 |  0.423503318482 |
| 8095.664 |  0.244165201503 |
| 8097.788 |   0.38226070689 |
| 8099.543 |  0.284623026241 |
| 8101.318 |  0.243887596928 |
| 8103.072 |   0.38206184218 |
| 8105.303 |  0.333201619325 |
| 8106.979 |   0.43876311542 |
| 8108.733 |    0.5604719783 |
| 8110.508 |  0.389699416866 |
| 8112.718 |  0.584300177114 |
| 8114.492 |  0.574679776509 |
| 8116.161 |  0.573158475373 |
| 8117.922 |  0.830754559493 |
| 8119.677 |  0.896931109407 |
| 8121.907 |   1.07672466868 |
| 8123.662 |  1.519062248638 |
| 8125.436 |  1.700212930979 |
| 8127.104 |  2.102847000348 |
| 8128.866 |  2.793145179981 |
| 8130.621 |  3.451692765976 |
| 8132.395 |  4.398443222824 |
| 8134.248 |  5.555901890045 |
| 8136.003 |  7.234756461529 |
| 8137.764 |  9.174607246631 |
| 8139.531 | 11.614990162823 |
| 8141.391 | 14.516557626983 |
| 8143.231 | 18.054981952119 |
| 8145.005 | 22.184765399635 |
| 8146.945 | 27.663224223304 |
| 8148.805 | 33.390440187855 |
| 8150.743 | 40.335085638759 |
| 8152.702 |  47.49136705261 |
| 8154.746 | 55.111920120107 |
|  8156.77 | 61.706980136845 |
| 8158.915 | 68.301570575006 |
| 8160.958 | 74.144108247132 |
| 8163.088 | 77.660024012678 |
| 8165.212 | 81.271576781179 |
| 8167.441 |   84.8162206649 |
|  8169.57 | 86.930912080802 |
| 8171.799 | 88.261633351076 |
| 8174.027 | 89.934489056891 |
|  8176.25 | 91.301104865454 |
| 8178.479 | 92.120955670921 |
| 8180.609 | 92.620702890963 |
| 8182.837 | 92.411636419585 |
| 8185.065 | 91.785550114822 |
| 8187.274 | 91.066985904124 |
| 8189.502 | 90.597403611851 |
| 8191.731 | 90.322780391522 |
| 8193.959 | 90.093088332558 |
| 8196.188 | 89.943812136037 |
| 8198.311 | 90.333225500391 |
| 8200.539 | 90.742454184988 |
| 8202.768 | 91.008627149992 |
| 8204.982 | 91.371264007368 |
| 8207.204 | 92.000013940885 |
| 8209.432 | 92.631110703331 |
| 8211.661 | 93.218882562087 |
| 8213.888 | 93.367270805886 |
| 8216.117 | 93.073564069302 |
| 8218.331 | 92.417685007088 |
| 8220.552 | 92.332520789872 |
| 8222.781 | 92.470170923751 |
| 8225.008 | 92.071968782672 |
| 8227.236 | 90.777561134573 |
| 8229.451 | 90.907043017448 |
| 8231.671 | 90.525865734249 |
|   8233.9 | 89.505945446832 |
| 8236.029 | 89.774760160094 |
| 8238.255 | 89.164885529118 |
| 8240.484 | 88.577388965422 |
| 8242.711 | 88.997072530205 |
| 8244.938 | 87.884758319419 |
| 8247.166 | 88.292128021689 |
| 8249.289 | 87.967970457268 |
| 8251.515 | 87.824034506152 |
| 8253.743 | 88.092884397297 |
| 8255.951 | 87.647924984354 |
| 8258.092 |  88.32904340649 |
|  8260.32 | 88.098379152216 |
| 8262.534 | 88.182536357027 |
| 8264.761 | 89.085792612445 |
| 8266.988 | 88.774302825351 |
|  8269.11 | 88.943852551448 |
| 8271.336 | 89.969917810576 |
| 8273.564 | 90.636894214395 |
| 8275.791 | 90.653215146183 |
| 8278.017 | 90.401045536446 |
| 8280.225 | 90.670509595601 |
| 8282.452 | 91.362966265199 |
| 8284.679 | 92.027594593774 |
| 8286.906 |  92.51602057442 |
| 8289.132 | 92.706740388215 |
| 8291.359 | 92.734025782454 |
| 8293.567 | 92.393000367341 |
| 8295.792 | 92.203351686891 |
|  8298.02 | 91.930617125177 |
| 8300.246 | 91.358015970366 |
| 8302.473 | 90.733760548066 |
| 8304.679 | 90.217682343551 |
| 8306.906 | 89.701348753072 |
| 8309.132 | 89.426469986355 |
| 8311.359 | 89.524765766913 |
| 8313.585 | 89.622631130549 |
| 8315.811 |  90.17872402308 |
| 8318.018 | 90.347688296862 |
| 8320.245 |  89.77841655361 |
|  8322.47 | 89.591292410072 |
| 8324.697 | 90.554969829653 |
| 8326.922 | 90.421169678148 |
| 8329.129 | 89.849355149676 |
| 8331.355 | 90.858560884508 |
| 8333.582 | 90.902551560166 |
| 8335.808 |  90.90684592304 |
| 8338.034 | 91.338473613309 |
| 8340.259 | 91.288561518969 |
| 8342.564 | 91.588851467916 |
| 8344.791 | 91.668324244335 |
| 8347.016 | 91.121113914798 |
| 8349.229 | 91.743836203485 |
| 8351.454 | 91.313520475093 |
|  8353.68 | 91.584546447912 |
| 8355.899 | 91.378368448868 |
| 8358.125 | 91.219611481859 |
| 8360.337 | 91.092584528267 |
| 8362.563 | 90.108029860629 |
| 8364.887 | 90.439653955217 |
| 8367.092 | 90.117985293876 |
| 8369.233 | 88.852807378468 |
| 8371.543 | 88.713334592817 |
| 8373.769 | 88.915444437874 |
| 8375.895 | 87.999117139532 |
| 8378.122 | 87.168164682207 |
| 8380.339 |  87.01980387645 |
| 8382.565 | 87.474548671922 |
| 8384.791 | 87.239580598116 |
| 8387.001 | 87.112960081969 |
| 8389.227 | 87.194375983485 |
| 8391.445 | 87.406854880466 |
|  8393.67 | 87.824868376526 |
| 8395.896 | 88.830291391063 |
| 8398.108 | 89.230774554099 |
| 8400.332 | 89.655818467978 |
| 8402.557 | 89.851994525596 |
| 8404.775 | 89.959363211154 |
|   8407.0 | 89.867924913164 |
| 8409.225 | 89.240890811559 |
| 8411.536 |  88.18485489079 |
| 8413.759 | 87.330873739475 |
| 8415.879 | 85.776754602211 |
| 8418.104 | 83.969763705607 |
| 8420.329 | 83.122189961237 |
| 8422.541 | 82.877313307639 |
| 8424.679 | 81.610234682097 |
| 8426.904 | 80.650580458712 |
| 8429.108 | 80.328046378351 |
| 8431.248 | 78.682619193414 |
| 8433.471 | 76.512972563327 |
| 8435.597 |  73.75621554972 |
| 8437.716 | 68.338884106976 |
| 8439.855 | 62.856272352269 |
| 8441.881 | 55.603726784048 |
| 8443.915 | 48.650380632392 |
| 8445.869 | 40.963967925033 |
|  8447.81 |  34.26947167421 |
| 8449.745 | 28.221964397987 |
| 8451.601 |  22.86383394608 |
|  8453.45 | 18.516616591176 |
| 8455.305 | 14.855105213864 |
| 8457.055 | 11.801718768077 |
| 8458.911 |  9.395249945761 |
| 8460.661 |  7.460917339597 |
|  8462.43 |  6.059447716643 |
| 8464.181 |  4.834425624449 |
| 8465.931 |  3.801878354964 |
| 8467.701 |  2.982963138239 |
| 8469.451 |  2.451051267324 |
| 8471.221 |  2.028790475287 |
|  8472.97 |  1.575986902955 |
| 8474.727 |  1.233491006407 |
|  8476.49 |  1.134757795143 |
| 8478.247 |  0.794483934204 |
|  8480.47 |  0.664392638643 |
| 8482.134 |  0.672677711739 |
| 8483.884 |  0.424283268242 |
| 8485.634 |  0.414988511926 |
| 8487.405 |  0.398791177296 |
| 8489.627 |  0.195644623026 |
| 8491.279 |  0.341014273035 |
| 8493.048 |  0.196463686285 |
| 8494.797 |  0.130691348732 |
| 8497.021 |   0.29647987897 |
| 8498.686 |  0.158928594086 |
| 8500.442 |  0.209196414919 |
| 8502.205 |   0.24518355286 |
| 8504.415 |  0.028874434228 |
| 8506.184 |  0.151636086492 |
| 8507.847 |  0.108284559655 |
| 8509.597 |  0.028919287232 |
| 8511.821 |  0.236817609346 |
|  8513.57 |  0.071825301471 |
|  8515.24 |  0.143830128362 |
|  8516.99 |  0.194233775721 |
| 8519.213 |  0.035911115229 |
| 8520.982 |  0.157452463093 |
| 8522.731 |  0.071558217762 |
|  8524.48 |  0.050173892037 |
| 8526.618 |  0.206785146901 |
| 8528.374 |  0.056960053698 |
| 8530.123 |  0.135727607044 |
| 8531.891 |  0.200030012053 |
| 8534.009 |  0.028462630724 |
| 8535.765 |  0.149137393793 |
| 8537.527 |  0.071400461225 |
| 8539.283 |   0.01416376798 |
|   8541.4 |  0.171189519204 |
| 8543.168 |   0.04247298069 |
| 8544.918 |  0.078093029285 |
| 8546.667 |  0.205935524273 |
| 8548.436 |  0.035426000252 |
|  8550.56 |  0.127408322595 |
| 8552.329 |   0.07814336864 |
| 8554.078 | -0.007066705608 |
| 8555.826 |  0.105995725635 |
| 8557.963 |  0.056660226461 |
| 8559.712 |             0.0 |
| 8561.467 |  0.133971741762 |
| 8563.689 | -0.091923653446 |
| 8565.353 |  0.119896073888 |
| 8567.101 |  0.042183334288 |
|  8568.87 | -0.056236005344 |
| 8570.619 |  0.105917187519 |
| 8572.841 | -0.014041798242 |
| 8574.589 |  0.021013437052 |
| 8576.259 |  0.119181415098 |
| 8578.481 | -0.063309730465 |
|  8580.23 |  0.119634485573 |
| 8581.899 |  0.014015464829 |
| 8583.648 | -0.062828873478 |
|  8585.87 |  0.132620900448 |
| 8587.631 | -0.035007777777 |
| 8589.386 |  0.049065944392 |
| 8591.134 |   0.18176739426 |
| 8593.271 |  -0.12486515767 |
|  8595.02 |   0.13158836536 |
| 8596.689 | -0.013841361312 |
| 8598.911 |  0.055329435992 |
| 8600.659 |  0.048489366006 |
| 8602.408 | -0.048681949612 |
| 8604.175 |  0.020865109408 |
| 8605.923 |  0.020668556795 |
| 8608.059 |  0.013760393893 |
| 8609.814 |  0.110307705463 |
|  8611.93 |  -0.06908446194 |
| 8613.698 |  0.062062951693 |
| 8615.447 | -0.020591277586 |
| 8617.195 | -0.061740064209 |
| 8619.336 |  0.110133525018 |
| 8621.084 | -0.068647644792 |
| 8622.833 |  0.034140973111 |
|   8624.6 |  0.123097997171 |
| 8626.716 | -0.075308082312 |
| 8628.471 |  0.081763567388 |
| 8630.232 | -0.020566476888 |
| 8631.987 | -0.054445348746 |
| 8634.207 |  0.136520084753 |
|  8635.87 |  -0.06119475962 |
| 8637.618 |  0.040799291447 |
