# Units:
#  "lambda" is in Angstroms
#  "pass" is the contribution to the detector signal per photon
# 
# Bandpass Name(s): H
# 
# Instrument: Calar Alto/Omega
# 
# Determined by: ?
# 
# Date of determination: ?
# 
# Notes: response function including filter+QE+telescope
#   optics+atmosphere.  Obtained from Leopoldo Infante (Chile)
# 
# J. Moustakas, 2014-Jul-06, Siena
|  lambda |    pass |
| 12946.0 |   1e-06 |
| 12951.0 | 0.00023 |
| 12956.0 |   1e-06 |
| 12961.0 |   1e-06 |
| 12966.0 | 0.00077 |
| 12971.0 | 0.00033 |
| 12976.0 |   1e-06 |
| 12981.0 | 0.00041 |
| 12986.0 |   1e-06 |
| 12991.0 |   1e-06 |
| 12996.0 |  0.0006 |
| 13001.0 |  0.0003 |
| 13006.0 | 0.00032 |
| 13011.0 | 0.00014 |
| 13016.0 |   1e-06 |
| 13021.0 |   6e-05 |
| 13026.0 |   1e-06 |
| 13031.0 | 0.00046 |
| 13036.0 |   1e-06 |
| 13041.0 |   1e-06 |
| 13046.0 | 0.00024 |
| 13051.0 | 0.00045 |
| 13056.0 | 0.00014 |
| 13061.0 | 0.00019 |
| 13066.0 |   9e-05 |
| 13071.0 | 0.00068 |
| 13076.0 |   7e-05 |
| 13081.0 |   1e-06 |
| 13086.0 |  0.0005 |
| 13091.0 | 0.00016 |
| 13096.0 | 0.00026 |
| 13101.0 |   1e-06 |
| 13106.0 |   1e-06 |
| 13111.0 |   1e-06 |
| 13116.0 |   1e-06 |
| 13121.0 | 0.00126 |
| 13126.0 |   3e-05 |
| 13131.0 |   1e-05 |
| 13136.0 | 0.00036 |
| 13141.0 |   1e-06 |
| 13146.0 | 0.00042 |
| 13151.0 |   1e-06 |
| 13156.0 |   1e-06 |
| 13161.0 | 0.00089 |
| 13166.0 |   1e-06 |
| 13171.0 | 0.00041 |
| 13176.0 |   1e-06 |
| 13181.0 | 0.00035 |
| 13186.0 |   1e-06 |
| 13191.0 | 0.00011 |
| 13196.0 | 0.00027 |
| 13201.0 |   1e-06 |
| 13206.0 |   1e-06 |
| 13211.0 |   1e-06 |
| 13216.0 |   1e-06 |
| 13221.0 | 0.00064 |
| 13226.0 |   1e-06 |
| 13231.0 | 0.00024 |
| 13236.0 |   1e-06 |
| 13241.0 | 0.00023 |
| 13246.0 | 0.00067 |
| 13251.0 |   1e-06 |
| 13256.0 | 0.00022 |
| 13261.0 | 0.00011 |
| 13266.0 | 0.00049 |
| 13271.0 |   1e-06 |
| 13276.0 | 0.00014 |
| 13281.0 | 0.00042 |
| 13286.0 |   1e-06 |
| 13291.0 | 0.00017 |
| 13296.0 |   1e-06 |
| 13301.0 |   8e-05 |
| 13306.0 | 0.00017 |
| 13311.0 | 0.00013 |
| 13316.0 |   1e-06 |
| 13321.0 |   1e-06 |
| 13326.0 | 0.00098 |
| 13331.0 |   1e-06 |
| 13336.0 |   1e-06 |
| 13341.0 |   1e-06 |
| 13346.0 |   4e-05 |
| 13351.0 |   1e-06 |
| 13356.0 | 0.00046 |
| 13361.0 |   1e-06 |
| 13366.0 |   1e-06 |
| 13371.0 |   3e-05 |
| 13376.0 |   1e-06 |
| 13381.0 | 0.00042 |
| 13386.0 | 0.00018 |
| 13391.0 |   1e-06 |
| 13396.0 |   6e-05 |
| 13401.0 |   1e-06 |
| 13406.0 | 0.00038 |
| 13411.0 |   1e-06 |
| 13416.0 | 0.00039 |
| 13421.0 | 0.00061 |
| 13426.0 |   1e-06 |
| 13431.0 | 0.00017 |
| 13436.0 | 0.00052 |
| 13441.0 |   1e-06 |
| 13446.0 |   1e-06 |
| 13451.0 | 0.00024 |
| 13456.0 | 0.00041 |
| 13461.0 | 0.00015 |
| 13466.0 |   1e-06 |
| 13471.0 | 0.00032 |
| 13476.0 | 0.00035 |
| 13481.0 | 0.00045 |
| 13486.0 |   1e-06 |
| 13491.0 |   1e-06 |
| 13496.0 |   1e-06 |
| 13501.0 | 0.00046 |
| 13506.0 | 0.00021 |
| 13511.0 | 0.00031 |
| 13516.0 |   1e-06 |
| 13521.0 |   1e-06 |
| 13526.0 |  0.0003 |
| 13531.0 |   1e-06 |
| 13536.0 |   1e-06 |
| 13541.0 | 0.00023 |
| 13546.0 |   7e-05 |
| 13551.0 |   7e-05 |
| 13556.0 |   1e-06 |
| 13561.0 |   1e-06 |
| 13566.0 |   1e-06 |
| 13571.0 |   1e-06 |
| 13576.0 | 0.00021 |
| 13581.0 | 0.00102 |
| 13586.0 |   1e-06 |
| 13591.0 |   1e-06 |
| 13596.0 |   7e-05 |
| 13601.0 | 0.00021 |
| 13606.0 |   1e-05 |
| 13611.0 |   4e-05 |
| 13616.0 |   1e-06 |
| 13621.0 |   1e-06 |
| 13626.0 |  0.0005 |
| 13631.0 |   1e-06 |
| 13636.0 |   1e-06 |
| 13641.0 |   1e-06 |
| 13646.0 | 0.00026 |
| 13651.0 |   1e-06 |
| 13656.0 | 0.00033 |
| 13661.0 | 0.00027 |
| 13666.0 |   1e-06 |
| 13671.0 |   1e-06 |
| 13676.0 | 0.00017 |
| 13681.0 |   1e-06 |
| 13686.0 | 0.00044 |
| 13691.0 | 0.00041 |
| 13696.0 |   1e-06 |
| 13701.0 |   1e-06 |
| 13706.0 | 0.00028 |
| 13711.0 |   5e-05 |
| 13716.0 |   1e-06 |
| 13721.0 |   1e-06 |
| 13726.0 | 0.00051 |
| 13731.0 |   1e-06 |
| 13736.0 |   1e-06 |
| 13741.0 | 0.00012 |
| 13746.0 |   4e-05 |
| 13751.0 |   1e-06 |
| 13756.0 |   1e-06 |
| 13761.0 | 0.00112 |
| 13766.0 | 0.00056 |
| 13771.0 |   1e-06 |
| 13776.0 | 0.00035 |
| 13781.0 | 0.00037 |
| 13786.0 |   1e-06 |
| 13791.0 | 0.00033 |
| 13796.0 |  0.0004 |
| 13801.0 | 0.00046 |
| 13806.0 | 0.00065 |
| 13811.0 |   9e-05 |
| 13816.0 |   6e-05 |
| 13821.0 |   1e-06 |
| 13826.0 | 0.00015 |
| 13831.0 |   1e-06 |
| 13836.0 | 0.00087 |
| 13841.0 |   1e-06 |
| 13846.0 | 0.00025 |
| 13851.0 | 0.00015 |
| 13856.0 |   4e-05 |
| 13861.0 | 0.00012 |
| 13866.0 |  0.0001 |
| 13871.0 | 0.00032 |
| 13876.0 | 0.00027 |
| 13881.0 | 0.00013 |
| 13886.0 |   1e-06 |
| 13891.0 | 0.00041 |
| 13896.0 |   1e-06 |
| 13901.0 |   1e-06 |
| 13906.0 | 0.00028 |
| 13911.0 |  0.0003 |
| 13916.0 |   1e-06 |
| 13921.0 | 0.00041 |
| 13926.0 | 0.00012 |
| 13931.0 |   1e-06 |
| 13936.0 |   1e-06 |
| 13941.0 |   1e-06 |
| 13946.0 |   3e-05 |
| 13951.0 | 0.00018 |
| 13956.0 |   1e-06 |
| 13961.0 |   1e-06 |
| 13966.0 | 0.00031 |
| 13971.0 | 0.00057 |
| 13976.0 |   1e-06 |
| 13981.0 |   1e-06 |
| 13986.0 | 0.00046 |
| 13991.0 |   3e-05 |
| 13996.0 |   1e-06 |
| 14001.0 | 0.00027 |
| 14006.0 | 0.00026 |
| 14011.0 | 0.00045 |
| 14016.0 |   1e-06 |
| 14021.0 |   3e-05 |
| 14026.0 |   4e-05 |
| 14031.0 | 0.00026 |
| 14036.0 |   1e-06 |
| 14041.0 |   1e-06 |
| 14046.0 |   8e-05 |
| 14051.0 | 0.00027 |
| 14056.0 |   1e-06 |
| 14061.0 |   1e-06 |
| 14066.0 |   1e-06 |
| 14071.0 |   8e-05 |
| 14076.0 |   9e-05 |
| 14081.0 | 0.00018 |
| 14086.0 |   7e-05 |
| 14091.0 | 0.00024 |
| 14096.0 |  0.0001 |
| 14101.0 |   1e-06 |
| 14106.0 |   1e-06 |
| 14111.0 | 0.00018 |
| 14116.0 | 0.00012 |
| 14121.0 | 0.00057 |
| 14126.0 | 0.00047 |
| 14131.0 | 0.00053 |
| 14136.0 |   1e-06 |
| 14141.0 |  0.0005 |
| 14146.0 |   1e-06 |
| 14151.0 | 0.00027 |
| 14156.0 |   2e-05 |
| 14161.0 |   1e-06 |
| 14166.0 |   1e-06 |
| 14171.0 | 0.00054 |
| 14176.0 |   1e-06 |
| 14181.0 |   1e-06 |
| 14186.0 | 0.00045 |
| 14191.0 | 0.00011 |
| 14196.0 |   1e-06 |
| 14201.0 | 0.00014 |
| 14206.0 |   1e-06 |
| 14211.0 |   1e-06 |
| 14216.0 |   1e-06 |
| 14221.0 |   1e-06 |
| 14226.0 |   4e-05 |
| 14231.0 |   1e-06 |
| 14236.0 |  0.0001 |
| 14241.0 |   1e-06 |
| 14246.0 |   1e-06 |
| 14251.0 |   7e-05 |
| 14256.0 | 0.00016 |
| 14261.0 |   1e-06 |
| 14266.0 |  0.0003 |
| 14271.0 |   1e-06 |
| 14276.0 |   1e-06 |
| 14281.0 |   1e-06 |
| 14286.0 |  0.0002 |
| 14291.0 |   1e-06 |
| 14296.0 |   1e-06 |
| 14301.0 |   1e-06 |
| 14306.0 | 0.00017 |
| 14311.0 |   1e-06 |
| 14316.0 |   1e-06 |
| 14321.0 |   9e-05 |
| 14326.0 | 0.00026 |
| 14331.0 |   1e-06 |
| 14336.0 |   1e-06 |
| 14341.0 | 0.00012 |
| 14346.0 |   1e-06 |
| 14351.0 |   5e-05 |
| 14356.0 |   1e-06 |
| 14361.0 |   1e-06 |
| 14366.0 |   1e-06 |
| 14371.0 |  0.0002 |
| 14376.0 |   2e-05 |
| 14381.0 | 0.00052 |
| 14386.0 |   1e-06 |
| 14391.0 |  0.0003 |
| 14396.0 |   3e-05 |
| 14401.0 |   1e-06 |
| 14406.0 |   1e-06 |
| 14411.0 | 0.00037 |
| 14416.0 |   4e-05 |
| 14421.0 | 0.00021 |
| 14426.0 |   5e-05 |
| 14431.0 |   1e-06 |
| 14436.0 |   1e-06 |
| 14441.0 |   1e-06 |
| 14446.0 |   1e-06 |
| 14451.0 | 0.00092 |
| 14456.0 |   1e-06 |
| 14461.0 |   1e-06 |
| 14466.0 |   1e-06 |
| 14471.0 | 0.00029 |
| 14476.0 | 0.00042 |
| 14481.0 |  0.0002 |
| 14486.0 |   1e-06 |
| 14491.0 |   1e-06 |
| 14496.0 |   4e-05 |
| 14501.0 | 0.00028 |
| 14506.0 | 0.00016 |
| 14511.0 | 0.00044 |
| 14516.0 | 0.00029 |
| 14521.0 |   1e-06 |
| 14526.0 |   1e-06 |
| 14531.0 | 0.00037 |
| 14536.0 | 0.00013 |
| 14541.0 | 0.00014 |
| 14546.0 |  0.0001 |
| 14551.0 |   1e-06 |
| 14556.0 |   4e-05 |
| 14561.0 | 0.00039 |
| 14566.0 | 0.00021 |
| 14571.0 | 0.00048 |
| 14576.0 | 0.00037 |
| 14581.0 | 0.00036 |
| 14586.0 |   1e-06 |
| 14591.0 | 0.00067 |
| 14596.0 | 0.00025 |
| 14601.0 | 0.00017 |
| 14606.0 | 0.00038 |
| 14611.0 | 0.00082 |
| 14616.0 |   7e-05 |
| 14621.0 | 0.00013 |
| 14626.0 |   1e-05 |
| 14631.0 |   8e-05 |
| 14636.0 | 0.00026 |
| 14641.0 | 0.00033 |
| 14646.0 |  0.0005 |
| 14651.0 |  0.0005 |
| 14656.0 |   1e-06 |
| 14661.0 | 0.00017 |
| 14666.0 | 0.00026 |
| 14671.0 | 0.00056 |
| 14676.0 | 0.00102 |
| 14681.0 |   1e-05 |
| 14686.0 | 0.00048 |
| 14691.0 | 0.00064 |
| 14696.0 | 0.00072 |
| 14701.0 | 0.00062 |
| 14706.0 |  0.0002 |
| 14711.0 | 0.00059 |
| 14716.0 | 0.00068 |
| 14721.0 | 0.00037 |
| 14726.0 | 0.00105 |
| 14731.0 | 0.00061 |
| 14736.0 |  0.0004 |
| 14741.0 | 0.00054 |
| 14746.0 | 0.00079 |
| 14751.0 | 0.00096 |
| 14756.0 | 0.00052 |
| 14761.0 | 0.00095 |
| 14766.0 | 0.00092 |
| 14771.0 | 0.00078 |
| 14776.0 | 0.00145 |
| 14781.0 | 0.00022 |
| 14786.0 | 0.00081 |
| 14791.0 | 0.00128 |
| 14796.0 | 0.00101 |
| 14801.0 | 0.00139 |
| 14806.0 | 0.00171 |
| 14811.0 | 0.00148 |
| 14816.0 | 0.00185 |
| 14821.0 |  0.0014 |
| 14826.0 | 0.00221 |
| 14831.0 | 0.00227 |
| 14836.0 | 0.00218 |
| 14841.0 | 0.00244 |
| 14846.0 |  0.0028 |
| 14851.0 | 0.00333 |
| 14856.0 | 0.00348 |
| 14861.0 | 0.00349 |
| 14866.0 | 0.00363 |
| 14871.0 | 0.00436 |
| 14876.0 | 0.00483 |
| 14881.0 | 0.00459 |
| 14886.0 | 0.00497 |
| 14891.0 | 0.00568 |
| 14896.0 | 0.00627 |
| 14901.0 |  0.0067 |
| 14906.0 | 0.00693 |
| 14911.0 | 0.00803 |
| 14916.0 | 0.00834 |
| 14921.0 | 0.00926 |
| 14926.0 | 0.01025 |
| 14931.0 |  0.0113 |
| 14936.0 | 0.01209 |
| 14941.0 | 0.01336 |
| 14946.0 | 0.01446 |
| 14951.0 | 0.01504 |
| 14956.0 | 0.01666 |
| 14961.0 | 0.01848 |
| 14966.0 | 0.02087 |
| 14971.0 | 0.02198 |
| 14976.0 | 0.02341 |
| 14981.0 | 0.02617 |
| 14986.0 | 0.02802 |
| 14991.0 | 0.03057 |
| 14996.0 | 0.03459 |
| 15001.0 | 0.03694 |
| 15006.0 | 0.04012 |
| 15011.0 | 0.04364 |
| 15016.0 | 0.04752 |
| 15021.0 | 0.05204 |
| 15026.0 | 0.05795 |
| 15031.0 | 0.06362 |
| 15036.0 | 0.06932 |
| 15041.0 | 0.07575 |
| 15046.0 | 0.08268 |
| 15051.0 | 0.09148 |
| 15056.0 | 0.10124 |
| 15061.0 | 0.11189 |
| 15066.0 | 0.12276 |
| 15071.0 | 0.13465 |
| 15076.0 | 0.14814 |
| 15081.0 | 0.16316 |
| 15086.0 | 0.18081 |
| 15091.0 | 0.19982 |
| 15096.0 | 0.22046 |
| 15101.0 | 0.24113 |
| 15106.0 | 0.26307 |
| 15111.0 | 0.28842 |
| 15116.0 | 0.31685 |
| 15121.0 | 0.34678 |
| 15126.0 | 0.37679 |
| 15131.0 | 0.40549 |
| 15136.0 | 0.43732 |
| 15141.0 | 0.46835 |
| 15146.0 | 0.50051 |
| 15151.0 | 0.53464 |
| 15156.0 |  0.5657 |
| 15161.0 | 0.59213 |
| 15166.0 | 0.61808 |
| 15171.0 | 0.64099 |
| 15176.0 | 0.66258 |
| 15181.0 | 0.68328 |
| 15186.0 | 0.70135 |
| 15191.0 | 0.71417 |
| 15196.0 | 0.72494 |
| 15201.0 |  0.7342 |
| 15206.0 |  0.7417 |
| 15211.0 | 0.74792 |
| 15216.0 | 0.75344 |
| 15221.0 | 0.75536 |
| 15226.0 | 0.75868 |
| 15231.0 | 0.76031 |
| 15236.0 | 0.75871 |
| 15241.0 | 0.76205 |
| 15246.0 | 0.76217 |
| 15251.0 | 0.76184 |
| 15256.0 | 0.76181 |
| 15261.0 | 0.76234 |
| 15266.0 | 0.76235 |
| 15271.0 | 0.76292 |
| 15276.0 | 0.76318 |
| 15281.0 | 0.76428 |
| 15286.0 | 0.76409 |
| 15291.0 | 0.76504 |
| 15296.0 |  0.7663 |
| 15301.0 | 0.76628 |
| 15306.0 | 0.76781 |
| 15311.0 | 0.76917 |
| 15316.0 | 0.76956 |
| 15321.0 | 0.77232 |
| 15326.0 | 0.77207 |
| 15331.0 | 0.77448 |
| 15336.0 | 0.77551 |
| 15341.0 | 0.77652 |
| 15346.0 | 0.77863 |
| 15351.0 | 0.77967 |
| 15356.0 | 0.78081 |
| 15361.0 | 0.78372 |
| 15366.0 | 0.78389 |
| 15371.0 | 0.78531 |
| 15376.0 |  0.7885 |
| 15381.0 | 0.78872 |
| 15386.0 | 0.79148 |
| 15391.0 | 0.79363 |
| 15396.0 | 0.79331 |
| 15401.0 | 0.79843 |
| 15406.0 | 0.79966 |
| 15411.0 | 0.79912 |
| 15416.0 | 0.80624 |
| 15421.0 | 0.80592 |
| 15426.0 | 0.80659 |
| 15431.0 | 0.81026 |
| 15436.0 | 0.81342 |
| 15441.0 | 0.81578 |
| 15446.0 | 0.81795 |
| 15451.0 | 0.82046 |
| 15456.0 | 0.82317 |
| 15461.0 |   0.825 |
| 15466.0 | 0.82814 |
| 15471.0 | 0.83056 |
| 15476.0 | 0.83349 |
| 15481.0 | 0.83574 |
| 15486.0 | 0.83812 |
| 15491.0 | 0.84075 |
| 15496.0 |  0.8435 |
| 15501.0 | 0.84601 |
| 15506.0 |  0.8486 |
| 15511.0 | 0.85084 |
| 15516.0 |  0.8531 |
| 15521.0 | 0.85541 |
| 15526.0 | 0.85727 |
| 15531.0 | 0.85993 |
| 15536.0 | 0.86165 |
| 15541.0 | 0.86331 |
| 15546.0 |  0.8646 |
| 15551.0 | 0.86552 |
| 15556.0 | 0.86674 |
| 15561.0 | 0.86888 |
| 15566.0 | 0.86991 |
| 15571.0 | 0.87118 |
| 15576.0 | 0.87125 |
| 15581.0 | 0.87218 |
| 15586.0 | 0.87279 |
| 15591.0 | 0.87233 |
| 15596.0 | 0.87382 |
| 15601.0 |  0.8737 |
| 15606.0 | 0.87236 |
| 15611.0 | 0.87311 |
| 15616.0 |  0.8726 |
| 15621.0 | 0.87249 |
| 15626.0 | 0.87151 |
| 15631.0 | 0.87047 |
| 15636.0 | 0.86953 |
| 15641.0 | 0.86842 |
| 15646.0 | 0.86825 |
| 15651.0 | 0.86687 |
| 15656.0 | 0.86461 |
| 15661.0 | 0.86378 |
| 15666.0 | 0.86331 |
| 15671.0 | 0.86259 |
| 15676.0 | 0.86048 |
| 15681.0 |  0.8582 |
| 15686.0 | 0.85672 |
| 15691.0 | 0.85461 |
| 15696.0 | 0.85307 |
| 15701.0 | 0.85133 |
| 15706.0 |  0.8492 |
| 15711.0 | 0.84753 |
| 15716.0 | 0.84531 |
| 15721.0 | 0.84329 |
| 15726.0 | 0.84135 |
| 15731.0 | 0.83975 |
| 15736.0 | 0.83728 |
| 15741.0 | 0.83669 |
| 15746.0 | 0.83423 |
| 15751.0 | 0.83242 |
| 15756.0 | 0.83072 |
| 15761.0 | 0.82771 |
| 15766.0 | 0.82738 |
| 15771.0 | 0.82589 |
| 15776.0 | 0.82381 |
| 15781.0 | 0.82277 |
| 15786.0 | 0.82078 |
| 15791.0 | 0.81855 |
| 15796.0 | 0.81793 |
| 15801.0 | 0.81642 |
| 15806.0 | 0.81528 |
| 15811.0 | 0.81409 |
| 15816.0 | 0.81243 |
| 15821.0 | 0.81193 |
| 15826.0 | 0.81012 |
| 15831.0 | 0.80867 |
| 15836.0 | 0.80888 |
| 15841.0 | 0.80772 |
| 15846.0 | 0.80743 |
| 15851.0 |  0.8064 |
| 15856.0 | 0.80563 |
| 15861.0 | 0.80552 |
| 15866.0 | 0.80531 |
| 15871.0 | 0.80399 |
| 15876.0 | 0.80401 |
| 15881.0 | 0.80405 |
| 15886.0 | 0.80348 |
| 15891.0 | 0.80341 |
| 15896.0 | 0.80328 |
| 15901.0 | 0.80335 |
| 15906.0 | 0.80385 |
| 15911.0 | 0.80359 |
| 15916.0 | 0.80446 |
| 15921.0 | 0.80445 |
| 15926.0 | 0.80446 |
| 15931.0 |  0.8052 |
| 15936.0 |  0.8058 |
| 15941.0 | 0.80628 |
| 15946.0 | 0.80711 |
| 15951.0 | 0.80784 |
| 15956.0 |  0.8089 |
| 15961.0 |  0.8099 |
| 15966.0 | 0.81062 |
| 15971.0 | 0.81195 |
| 15976.0 | 0.81327 |
| 15981.0 | 0.81456 |
| 15986.0 | 0.81614 |
| 15991.0 | 0.81754 |
| 15996.0 | 0.81893 |
| 16001.0 | 0.82081 |
| 16006.0 | 0.82228 |
| 16011.0 | 0.82448 |
| 16016.0 | 0.82649 |
| 16021.0 | 0.82837 |
| 16026.0 | 0.83013 |
| 16031.0 | 0.83284 |
| 16036.0 |   0.835 |
| 16041.0 | 0.83802 |
| 16046.0 | 0.83916 |
| 16051.0 | 0.84137 |
| 16056.0 | 0.84334 |
| 16061.0 | 0.84542 |
| 16066.0 | 0.84869 |
| 16071.0 | 0.85125 |
| 16076.0 | 0.85331 |
| 16081.0 | 0.85599 |
| 16086.0 | 0.85762 |
| 16091.0 | 0.85991 |
| 16096.0 | 0.86313 |
| 16101.0 | 0.86514 |
| 16106.0 | 0.86747 |
| 16111.0 |  0.8693 |
| 16116.0 | 0.87117 |
| 16121.0 | 0.87348 |
| 16126.0 | 0.87559 |
| 16131.0 | 0.87711 |
| 16136.0 | 0.87928 |
| 16141.0 | 0.88032 |
| 16146.0 | 0.88122 |
| 16151.0 | 0.88289 |
| 16156.0 | 0.88356 |
| 16161.0 | 0.88524 |
| 16166.0 | 0.88567 |
| 16171.0 | 0.88607 |
| 16176.0 | 0.88668 |
| 16181.0 | 0.88677 |
| 16186.0 | 0.88739 |
| 16191.0 | 0.88764 |
| 16196.0 |  0.8871 |
| 16201.0 | 0.88666 |
| 16206.0 | 0.88646 |
| 16211.0 | 0.88585 |
| 16216.0 | 0.88508 |
| 16221.0 | 0.88399 |
| 16226.0 | 0.88319 |
| 16231.0 | 0.88177 |
| 16236.0 | 0.88002 |
| 16241.0 | 0.87932 |
| 16246.0 | 0.87757 |
| 16251.0 | 0.87609 |
| 16256.0 | 0.87381 |
| 16261.0 | 0.87304 |
| 16266.0 | 0.87114 |
| 16271.0 | 0.86921 |
| 16276.0 | 0.86738 |
| 16281.0 | 0.86563 |
| 16286.0 | 0.86364 |
| 16291.0 | 0.86112 |
| 16296.0 | 0.85857 |
| 16301.0 | 0.85669 |
| 16306.0 | 0.85455 |
| 16311.0 | 0.85299 |
| 16316.0 | 0.85031 |
| 16321.0 | 0.84806 |
| 16326.0 | 0.84583 |
| 16331.0 | 0.84385 |
| 16336.0 | 0.84191 |
| 16341.0 | 0.83951 |
| 16346.0 | 0.83768 |
| 16351.0 | 0.83505 |
| 16356.0 | 0.83208 |
| 16361.0 | 0.83044 |
| 16366.0 | 0.82917 |
| 16371.0 | 0.82686 |
| 16376.0 | 0.82468 |
| 16381.0 | 0.82247 |
| 16386.0 | 0.81997 |
| 16391.0 | 0.81798 |
| 16396.0 | 0.81597 |
| 16401.0 | 0.81391 |
| 16406.0 | 0.81227 |
| 16411.0 | 0.80946 |
| 16416.0 | 0.80746 |
| 16421.0 | 0.80567 |
| 16426.0 | 0.80357 |
| 16431.0 | 0.80202 |
| 16436.0 |  0.8005 |
| 16441.0 | 0.79814 |
| 16446.0 | 0.79609 |
| 16451.0 | 0.79434 |
| 16456.0 | 0.79243 |
| 16461.0 | 0.79098 |
| 16466.0 | 0.78875 |
| 16471.0 | 0.78756 |
| 16476.0 | 0.78538 |
| 16481.0 | 0.78401 |
| 16486.0 | 0.78195 |
| 16491.0 | 0.78106 |
| 16496.0 | 0.77923 |
| 16501.0 | 0.77819 |
| 16506.0 | 0.77671 |
| 16511.0 | 0.77535 |
| 16516.0 | 0.77411 |
| 16521.0 | 0.77332 |
| 16526.0 | 0.77263 |
| 16531.0 | 0.77168 |
| 16536.0 | 0.77063 |
| 16541.0 | 0.77045 |
| 16546.0 | 0.77016 |
| 16551.0 | 0.76991 |
| 16556.0 | 0.76936 |
| 16561.0 | 0.76928 |
| 16566.0 | 0.76936 |
| 16571.0 | 0.76917 |
| 16576.0 | 0.76969 |
| 16581.0 | 0.76977 |
| 16586.0 | 0.76962 |
| 16591.0 | 0.77017 |
| 16596.0 | 0.77134 |
| 16601.0 | 0.77224 |
| 16606.0 |  0.7733 |
| 16611.0 | 0.77487 |
| 16616.0 | 0.77534 |
| 16621.0 |  0.7775 |
| 16626.0 | 0.77823 |
| 16631.0 |  0.7797 |
| 16636.0 | 0.78196 |
| 16641.0 | 0.78391 |
| 16646.0 | 0.78512 |
| 16651.0 | 0.78804 |
| 16656.0 | 0.78925 |
| 16661.0 | 0.79165 |
| 16666.0 | 0.79394 |
| 16671.0 | 0.79667 |
| 16676.0 | 0.79919 |
| 16681.0 | 0.80106 |
| 16686.0 | 0.80353 |
| 16691.0 | 0.80646 |
| 16696.0 |  0.8093 |
| 16701.0 | 0.81268 |
| 16706.0 | 0.81479 |
| 16711.0 | 0.81725 |
| 16716.0 | 0.82004 |
| 16721.0 | 0.82304 |
| 16726.0 | 0.82586 |
| 16731.0 | 0.82881 |
| 16736.0 | 0.83159 |
| 16741.0 | 0.83425 |
| 16746.0 | 0.83694 |
| 16751.0 | 0.83941 |
| 16756.0 | 0.84222 |
| 16761.0 |  0.8458 |
| 16766.0 | 0.84796 |
| 16771.0 | 0.85072 |
| 16776.0 |   0.853 |
| 16781.0 | 0.85518 |
| 16786.0 | 0.85772 |
| 16791.0 | 0.86087 |
| 16796.0 |  0.8631 |
| 16801.0 | 0.86564 |
| 16806.0 | 0.86702 |
| 16811.0 | 0.86924 |
| 16816.0 | 0.87238 |
| 16821.0 | 0.87404 |
| 16826.0 | 0.87617 |
| 16831.0 | 0.87857 |
| 16836.0 | 0.88025 |
| 16841.0 | 0.88267 |
| 16846.0 | 0.88409 |
| 16851.0 | 0.88565 |
| 16856.0 | 0.88754 |
| 16861.0 | 0.88919 |
| 16866.0 | 0.89091 |
| 16871.0 | 0.89176 |
| 16876.0 | 0.89314 |
| 16881.0 | 0.89448 |
| 16886.0 | 0.89598 |
| 16891.0 | 0.89737 |
| 16896.0 | 0.89826 |
| 16901.0 | 0.89974 |
| 16906.0 | 0.90096 |
| 16911.0 | 0.90186 |
| 16916.0 | 0.90288 |
| 16921.0 | 0.90415 |
| 16926.0 | 0.90392 |
| 16931.0 | 0.90501 |
| 16936.0 | 0.90583 |
| 16941.0 | 0.90568 |
| 16946.0 | 0.90704 |
| 16951.0 | 0.90751 |
| 16956.0 | 0.90676 |
| 16961.0 |  0.9079 |
| 16966.0 | 0.90782 |
| 16971.0 | 0.90779 |
| 16976.0 | 0.90762 |
| 16981.0 | 0.90783 |
| 16986.0 | 0.90679 |
| 16991.0 | 0.90729 |
| 16996.0 | 0.90762 |
| 17001.0 | 0.90554 |
| 17006.0 | 0.90541 |
| 17011.0 | 0.90437 |
| 17016.0 | 0.90327 |
| 17021.0 | 0.90238 |
| 17026.0 |  0.9023 |
| 17031.0 | 0.90142 |
| 17036.0 | 0.89943 |
| 17041.0 |   0.899 |
| 17046.0 | 0.89819 |
| 17051.0 | 0.89592 |
| 17056.0 | 0.89527 |
| 17061.0 | 0.89392 |
| 17066.0 | 0.89196 |
| 17071.0 | 0.89076 |
| 17076.0 | 0.88851 |
| 17081.0 | 0.88722 |
| 17086.0 | 0.88614 |
| 17091.0 | 0.88402 |
| 17096.0 | 0.88242 |
| 17101.0 | 0.88115 |
| 17106.0 | 0.87839 |
| 17111.0 | 0.87697 |
| 17116.0 | 0.87519 |
| 17121.0 | 0.87347 |
| 17126.0 | 0.87159 |
| 17131.0 | 0.86994 |
| 17136.0 |   0.868 |
| 17141.0 | 0.86705 |
| 17146.0 | 0.86479 |
| 17151.0 | 0.86398 |
| 17156.0 | 0.86274 |
| 17161.0 |  0.8604 |
| 17166.0 | 0.85953 |
| 17171.0 | 0.85797 |
| 17176.0 | 0.85707 |
| 17181.0 | 0.85564 |
| 17186.0 | 0.85444 |
| 17191.0 |  0.8529 |
| 17196.0 | 0.85257 |
| 17201.0 | 0.85118 |
| 17206.0 | 0.85044 |
| 17211.0 | 0.84911 |
| 17216.0 | 0.84786 |
| 17221.0 | 0.84756 |
| 17226.0 | 0.84691 |
| 17231.0 | 0.84624 |
| 17236.0 | 0.84542 |
| 17241.0 | 0.84491 |
| 17246.0 | 0.84385 |
| 17251.0 |  0.8436 |
| 17256.0 | 0.84311 |
| 17261.0 | 0.84245 |
| 17266.0 | 0.84188 |
| 17271.0 | 0.84087 |
| 17276.0 | 0.84097 |
| 17281.0 | 0.84047 |
| 17286.0 | 0.83985 |
| 17291.0 | 0.83991 |
| 17296.0 | 0.83974 |
| 17301.0 | 0.83869 |
| 17306.0 | 0.83808 |
| 17311.0 | 0.83759 |
| 17316.0 |  0.8379 |
| 17321.0 | 0.83669 |
| 17326.0 | 0.83715 |
| 17331.0 | 0.83565 |
| 17336.0 | 0.83515 |
| 17341.0 | 0.83511 |
| 17346.0 | 0.83437 |
| 17351.0 | 0.83362 |
| 17356.0 | 0.83308 |
| 17361.0 | 0.83218 |
| 17366.0 | 0.83093 |
| 17371.0 | 0.83093 |
| 17376.0 | 0.82984 |
| 17381.0 | 0.82906 |
| 17386.0 | 0.82858 |
| 17391.0 | 0.82807 |
| 17396.0 | 0.82682 |
| 17401.0 | 0.82621 |
| 17406.0 | 0.82595 |
| 17411.0 | 0.82532 |
| 17416.0 | 0.82436 |
| 17421.0 | 0.82355 |
| 17426.0 | 0.82271 |
| 17431.0 | 0.82159 |
| 17436.0 | 0.82119 |
| 17441.0 | 0.82076 |
| 17446.0 | 0.82019 |
| 17451.0 | 0.81981 |
| 17456.0 |   0.819 |
| 17461.0 | 0.81824 |
| 17466.0 | 0.81876 |
| 17471.0 | 0.81811 |
| 17476.0 |  0.8178 |
| 17481.0 | 0.81752 |
| 17486.0 | 0.81714 |
| 17491.0 | 0.81701 |
| 17496.0 | 0.81751 |
| 17501.0 | 0.81715 |
| 17506.0 | 0.81767 |
| 17511.0 | 0.81732 |
| 17516.0 | 0.81801 |
| 17521.0 | 0.81882 |
| 17526.0 | 0.81905 |
| 17531.0 | 0.81976 |
| 17536.0 | 0.82041 |
| 17541.0 |  0.8211 |
| 17546.0 | 0.82161 |
| 17551.0 |  0.8226 |
| 17556.0 | 0.82386 |
| 17561.0 | 0.82465 |
| 17566.0 | 0.82628 |
| 17571.0 | 0.82709 |
| 17576.0 | 0.82781 |
| 17581.0 |  0.8293 |
| 17586.0 | 0.83092 |
| 17591.0 | 0.83143 |
| 17596.0 |  0.8326 |
| 17601.0 | 0.83386 |
| 17606.0 | 0.83468 |
| 17611.0 | 0.83532 |
| 17616.0 | 0.83651 |
| 17621.0 | 0.83711 |
| 17626.0 | 0.83726 |
| 17631.0 | 0.83768 |
| 17636.0 | 0.83766 |
| 17641.0 |  0.8371 |
| 17646.0 | 0.83684 |
| 17651.0 | 0.83581 |
| 17656.0 | 0.83457 |
| 17661.0 | 0.83246 |
| 17666.0 | 0.83044 |
| 17671.0 | 0.82833 |
| 17676.0 | 0.82475 |
| 17681.0 | 0.82046 |
| 17686.0 |  0.8155 |
| 17691.0 | 0.81004 |
| 17696.0 |  0.8043 |
| 17701.0 | 0.79737 |
| 17706.0 | 0.78912 |
| 17711.0 | 0.77995 |
| 17716.0 | 0.76952 |
| 17721.0 | 0.75909 |
| 17726.0 | 0.74759 |
| 17731.0 | 0.73476 |
| 17736.0 | 0.72113 |
| 17741.0 |  0.7047 |
| 17746.0 | 0.68826 |
| 17751.0 | 0.67149 |
| 17756.0 | 0.65507 |
| 17761.0 | 0.63658 |
| 17766.0 | 0.61637 |
| 17771.0 | 0.59527 |
| 17776.0 |  0.5726 |
| 17781.0 |  0.5515 |
| 17786.0 | 0.53078 |
| 17791.0 | 0.51008 |
| 17796.0 | 0.48857 |
| 17801.0 | 0.46537 |
| 17806.0 | 0.44139 |
| 17811.0 |  0.4185 |
| 17816.0 |  0.3972 |
| 17821.0 | 0.37718 |
| 17826.0 | 0.35602 |
| 17831.0 | 0.33582 |
| 17836.0 | 0.31375 |
| 17841.0 | 0.29327 |
| 17846.0 | 0.27567 |
| 17851.0 | 0.25877 |
| 17856.0 | 0.24272 |
| 17861.0 | 0.22622 |
| 17866.0 | 0.20992 |
| 17871.0 | 0.19499 |
| 17876.0 | 0.18119 |
| 17881.0 | 0.16958 |
| 17886.0 | 0.15801 |
| 17891.0 | 0.14678 |
| 17896.0 | 0.13575 |
| 17901.0 | 0.12464 |
| 17906.0 | 0.11594 |
| 17911.0 | 0.10784 |
| 17916.0 |  0.1006 |
| 17921.0 | 0.09298 |
| 17926.0 | 0.08632 |
| 17931.0 | 0.07939 |
| 17936.0 | 0.07286 |
| 17941.0 | 0.06786 |
| 17946.0 | 0.06371 |
| 17951.0 | 0.05936 |
| 17956.0 | 0.05501 |
| 17961.0 | 0.04991 |
| 17966.0 | 0.04658 |
| 17971.0 | 0.04344 |
| 17976.0 | 0.04052 |
| 17981.0 | 0.03747 |
| 17986.0 | 0.03496 |
| 17991.0 | 0.03212 |
| 17996.0 | 0.02998 |
| 18001.0 | 0.02816 |
| 18006.0 | 0.02564 |
| 18011.0 | 0.02412 |
| 18016.0 | 0.02258 |
| 18021.0 |  0.0214 |
| 18026.0 | 0.01979 |
| 18031.0 |  0.0186 |
| 18036.0 | 0.01707 |
| 18041.0 | 0.01545 |
| 18046.0 | 0.01521 |
| 18051.0 | 0.01381 |
| 18056.0 | 0.01278 |
| 18061.0 | 0.01194 |
| 18066.0 | 0.01151 |
| 18071.0 | 0.01125 |
| 18076.0 | 0.01028 |
| 18081.0 | 0.00973 |
| 18086.0 | 0.00895 |
| 18091.0 | 0.00834 |
| 18096.0 | 0.00775 |
| 18101.0 | 0.00742 |
| 18106.0 | 0.00714 |
| 18111.0 |  0.0066 |
| 18116.0 | 0.00595 |
| 18121.0 | 0.00621 |
| 18126.0 | 0.00602 |
| 18131.0 |  0.0043 |
| 18136.0 |  0.0052 |
| 18141.0 | 0.00451 |
| 18146.0 | 0.00471 |
| 18151.0 | 0.00387 |
| 18156.0 | 0.00397 |
| 18161.0 | 0.00381 |
| 18166.0 | 0.00365 |
| 18171.0 |  0.0036 |
| 18176.0 | 0.00322 |
| 18181.0 | 0.00202 |
| 18186.0 | 0.00284 |
| 18191.0 | 0.00236 |
| 18196.0 | 0.00267 |
| 18201.0 |   0.002 |
| 18206.0 | 0.00241 |
| 18211.0 | 0.00157 |
| 18216.0 |  0.0017 |
| 18221.0 | 0.00217 |
| 18226.0 | 0.00198 |
| 18231.0 | 0.00217 |
| 18236.0 | 0.00168 |
| 18241.0 | 0.00165 |
| 18246.0 | 0.00118 |
| 18251.0 | 0.00104 |
| 18256.0 | 0.00174 |
| 18261.0 |  0.0015 |
| 18266.0 |  0.0006 |
| 18271.0 | 0.00082 |
| 18276.0 | 0.00107 |
| 18281.0 | 0.00103 |
| 18286.0 | 0.00088 |
| 18291.0 | 0.00095 |
| 18296.0 | 0.00092 |
| 18301.0 |  0.0007 |
| 18306.0 | 0.00073 |
| 18311.0 | 0.00072 |
| 18316.0 | 0.00026 |
| 18321.0 | 0.00095 |
| 18326.0 | 0.00082 |
| 18331.0 | 0.00101 |
| 18336.0 |   1e-06 |
| 18341.0 | 0.00066 |
| 18346.0 | 0.00103 |
| 18351.0 | 0.00012 |
| 18356.0 | 0.00018 |
| 18361.0 | 0.00027 |
| 18366.0 | 0.00158 |
| 18371.0 | 0.00047 |
| 18376.0 | 0.00021 |
| 18381.0 | 0.00021 |
| 18386.0 | 0.00021 |
| 18391.0 | 0.00072 |
| 18396.0 | 0.00039 |
| 18401.0 | 0.00067 |
| 18406.0 | 0.00025 |
| 18411.0 | 0.00044 |
| 18416.0 | 0.00111 |
| 18421.0 | 0.00052 |
| 18426.0 |   1e-06 |
| 18431.0 |  0.0009 |
| 18436.0 | 0.00071 |
| 18441.0 |   1e-06 |
| 18446.0 | 0.00027 |
| 18451.0 | 0.00044 |
| 18456.0 |  0.0004 |
| 18461.0 | 0.00036 |
| 18466.0 | 0.00029 |
| 18471.0 | 0.00046 |
| 18476.0 |   8e-05 |
| 18481.0 |   8e-05 |
| 18486.0 | 0.00066 |
| 18491.0 | 0.00022 |
| 18496.0 |   1e-06 |
| 18501.0 |  0.0001 |
| 18506.0 |   1e-06 |
| 18511.0 | 0.00048 |
| 18516.0 |   5e-05 |
| 18521.0 | 0.00021 |
| 18526.0 | 0.00025 |
| 18531.0 | 0.00063 |
| 18536.0 | 0.00058 |
| 18541.0 | 0.00016 |
| 18546.0 | 0.00021 |
| 18551.0 |   2e-05 |
| 18556.0 | 0.00022 |
| 18561.0 | 0.00034 |
| 18566.0 |   1e-06 |
| 18571.0 |   1e-06 |
| 18576.0 | 0.00039 |
| 18581.0 | 0.00031 |
| 18586.0 | 0.00048 |
| 18591.0 | 0.00015 |
| 18596.0 |   1e-06 |
| 18601.0 |   1e-06 |
| 18606.0 |   1e-06 |
| 18611.0 |   1e-06 |
| 18616.0 | 0.00063 |
| 18621.0 | 0.00017 |
| 18626.0 | 0.00019 |
| 18631.0 |   1e-06 |
| 18636.0 |  0.0004 |
| 18641.0 |   1e-06 |
| 18646.0 | 0.00023 |
| 18651.0 | 0.00025 |
| 18656.0 |   1e-06 |
| 18661.0 |   1e-06 |
| 18666.0 | 0.00083 |
| 18671.0 |   1e-06 |
| 18676.0 |   1e-06 |
| 18681.0 | 0.00072 |
| 18686.0 |   1e-06 |
| 18691.0 |   1e-06 |
| 18696.0 |   1e-06 |
| 18701.0 |   9e-05 |
| 18706.0 |   1e-06 |
| 18711.0 | 0.00013 |
| 18716.0 | 0.00013 |
| 18721.0 |   1e-06 |
| 18726.0 | 0.00019 |
| 18731.0 | 0.00052 |
| 18736.0 |   1e-06 |
| 18741.0 |   1e-06 |
| 18746.0 |   5e-05 |
| 18751.0 | 0.00011 |
| 18756.0 |   7e-05 |
| 18761.0 |   1e-06 |
| 18766.0 | 0.00059 |
| 18771.0 | 0.00032 |
| 18776.0 |   1e-06 |
| 18781.0 | 0.00031 |
| 18786.0 |   1e-06 |
| 18791.0 | 0.00013 |
| 18796.0 |  0.0004 |
| 18801.0 |   1e-05 |
| 18806.0 |   8e-05 |
| 18811.0 | 0.00023 |
| 18816.0 |   1e-06 |
| 18821.0 |   1e-06 |
| 18826.0 |   1e-06 |
| 18831.0 |   7e-05 |
| 18836.0 | 0.00032 |
| 18841.0 |   1e-06 |
| 18846.0 |   1e-06 |
| 18851.0 |   1e-06 |
| 18856.0 |  0.0002 |
| 18861.0 |   5e-05 |
| 18866.0 |   1e-06 |
| 18871.0 |  0.0002 |
| 18876.0 |   1e-06 |
| 18881.0 |   1e-06 |
| 18886.0 | 0.00033 |
| 18891.0 | 0.00021 |
| 18896.0 |   2e-05 |
| 18901.0 |   1e-06 |
| 18906.0 |   1e-06 |
| 18911.0 |   7e-05 |
| 18916.0 |   5e-05 |
| 18921.0 |   1e-06 |
| 18926.0 |   1e-06 |
| 18931.0 |   1e-06 |
| 18936.0 |   8e-05 |
| 18941.0 | 0.00012 |
| 18946.0 |   1e-06 |
| 18951.0 |   1e-06 |
| 18956.0 | 0.00011 |
| 18961.0 | 0.00066 |
| 18966.0 |   1e-06 |
| 18971.0 |   6e-05 |
| 18976.0 |   1e-06 |
| 18981.0 |   1e-06 |
| 18986.0 | 0.00018 |
| 18991.0 |  0.0002 |
| 18996.0 |   7e-05 |
| 19001.0 |   1e-06 |
| 19006.0 |   1e-06 |
| 19011.0 |   1e-06 |
| 19016.0 |   2e-05 |
| 19021.0 |   9e-05 |
| 19026.0 |   1e-06 |
| 19031.0 |  0.0001 |
| 19036.0 |   1e-06 |
| 19041.0 |   1e-06 |
| 19046.0 | 0.00029 |
| 19051.0 |   1e-06 |
| 19056.0 |   1e-06 |
| 19061.0 | 0.00054 |
| 19066.0 | 0.00017 |
| 19071.0 |   1e-06 |
| 19076.0 |   1e-06 |
| 19081.0 |   8e-05 |
| 19086.0 | 0.00029 |
| 19091.0 |   1e-06 |
| 19096.0 |   1e-06 |
| 19101.0 | 0.00044 |
| 19106.0 |   1e-06 |
| 19111.0 |   1e-06 |
| 19116.0 |   1e-06 |
| 19121.0 |   8e-05 |
| 19126.0 | 0.00017 |
| 19131.0 |   1e-06 |
| 19136.0 |   1e-06 |
| 19141.0 | 0.00071 |
| 19146.0 |  0.0001 |
| 19151.0 |   1e-06 |
| 19156.0 |   1e-06 |
| 19161.0 |   1e-06 |
| 19166.0 |   1e-06 |
| 19171.0 | 0.00036 |
| 19176.0 | 0.00016 |
| 19181.0 | 0.00011 |
| 19186.0 |   1e-06 |
| 19191.0 | 0.00015 |
| 19196.0 |   1e-06 |
| 19201.0 |  0.0005 |
| 19206.0 |   2e-05 |
| 19211.0 | 0.00031 |
| 19216.0 |   1e-06 |
| 19221.0 |   1e-06 |
| 19226.0 |   1e-06 |
| 19231.0 |   1e-06 |
| 19236.0 | 0.00021 |
| 19241.0 |  0.0011 |
| 19246.0 |   7e-05 |
| 19251.0 |   1e-06 |
| 19256.0 | 0.00022 |
| 19261.0 |   1e-06 |
| 19266.0 |   1e-06 |
| 19271.0 |   1e-06 |
| 19276.0 |   1e-06 |
| 19281.0 | 0.00027 |
| 19286.0 |   1e-06 |
| 19291.0 |   1e-06 |
| 19296.0 |   1e-06 |
| 19301.0 | 0.00022 |
| 19306.0 |   1e-06 |
| 19311.0 | 0.00033 |
| 19316.0 |   5e-05 |
| 19321.0 |   1e-06 |
| 19326.0 |   1e-06 |
| 19331.0 |   1e-06 |
| 19336.0 | 0.00018 |
| 19341.0 | 0.00044 |
| 19346.0 |  0.0003 |
| 19351.0 |   1e-06 |
| 19356.0 |   1e-06 |
| 19361.0 |   1e-06 |
| 19366.0 | 0.00039 |
| 19371.0 |   1e-06 |
| 19376.0 |   1e-06 |
| 19381.0 | 0.00037 |
| 19386.0 |   1e-06 |
| 19391.0 |   1e-06 |
| 19396.0 |   1e-06 |
| 19401.0 |   1e-06 |
| 19406.0 |   4e-05 |
| 19411.0 | 0.00021 |
| 19416.0 | 0.00025 |
| 19421.0 |   1e-06 |
| 19426.0 | 0.00025 |
| 19431.0 |   1e-06 |
| 19436.0 |   1e-06 |
| 19441.0 | 0.00042 |
| 19446.0 | 0.00044 |
| 19451.0 | 0.00025 |
| 19456.0 |   1e-06 |
| 19461.0 | 0.00027 |
| 19466.0 |   1e-06 |
| 19471.0 |   1e-06 |
| 19476.0 | 0.00031 |
| 19481.0 |   1e-05 |
| 19486.0 |  0.0008 |
| 19491.0 | 0.00026 |
| 19496.0 |   1e-06 |
| 19501.0 |   1e-06 |
| 19506.0 | 0.00025 |
| 19511.0 |   1e-06 |
| 19516.0 |   1e-06 |
| 19521.0 | 0.00046 |
| 19526.0 | 0.00054 |
| 19531.0 |   1e-06 |
| 19536.0 |   1e-06 |
| 19541.0 | 0.00013 |
| 19546.0 |  0.0002 |
| 19551.0 |   1e-06 |
| 19556.0 |  0.0004 |
| 19561.0 |   1e-06 |
| 19566.0 |   1e-06 |
| 19571.0 |   5e-05 |
| 19576.0 |   1e-06 |
| 19581.0 | 0.00021 |
| 19586.0 |   9e-05 |
| 19591.0 |   1e-06 |
| 19596.0 |   1e-06 |
| 19601.0 |  0.0001 |
| 19606.0 | 0.00051 |
| 19611.0 |   9e-05 |
| 19616.0 |   1e-06 |
| 19621.0 |   1e-06 |
| 19626.0 | 0.00017 |
| 19631.0 | 0.00041 |
| 19636.0 | 0.00028 |
| 19641.0 |   1e-06 |
| 19646.0 | 0.00029 |
| 19651.0 | 0.00052 |
| 19656.0 |   1e-06 |
| 19661.0 | 0.00032 |
| 19666.0 | 0.00057 |
| 19671.0 |   1e-06 |
| 19676.0 |   5e-05 |
| 19681.0 | 0.00021 |
| 19686.0 |   1e-06 |
| 19691.0 |   1e-06 |
| 19696.0 | 0.00025 |
| 19701.0 |   7e-05 |
| 19706.0 |   4e-05 |
| 19711.0 | 0.00049 |
| 19716.0 |  0.0002 |
| 19721.0 | 0.00017 |
| 19726.0 |   1e-06 |
| 19731.0 |   1e-06 |
| 19736.0 |   1e-06 |
| 19741.0 | 0.00031 |
| 19746.0 | 0.00022 |
| 19751.0 |   1e-06 |
| 19756.0 |   3e-05 |
| 19761.0 | 0.00032 |
| 19766.0 |   1e-06 |
| 19771.0 | 0.00048 |
| 19776.0 | 0.00029 |
| 19781.0 |   5e-05 |
| 19786.0 |   1e-05 |
| 19791.0 | 0.00038 |
| 19796.0 | 0.00032 |
| 19801.0 | 0.00013 |
| 19806.0 | 0.00018 |
| 19811.0 |   1e-05 |
| 19816.0 | 0.00011 |
| 19821.0 | 0.00016 |
| 19826.0 | 0.00029 |
| 19831.0 |   1e-06 |
| 19836.0 | 0.00033 |
| 19841.0 |  0.0006 |
| 19846.0 |   1e-06 |
| 19851.0 |   1e-06 |
| 19856.0 | 0.00026 |
| 19861.0 |   1e-06 |
| 19866.0 |   1e-06 |
| 19871.0 |   1e-06 |
| 19876.0 | 0.00032 |
| 19881.0 |   1e-06 |
| 19886.0 |   1e-06 |
| 19891.0 |   1e-06 |
| 19896.0 | 0.00041 |
| 19901.0 |   1e-06 |
| 19906.0 |   8e-05 |
| 19911.0 |   1e-06 |
| 19916.0 |   1e-06 |
| 19921.0 |   1e-06 |
| 19926.0 | 0.00033 |
| 19931.0 |   1e-06 |
| 19936.0 |   1e-06 |
| 19941.0 | 0.00019 |
| 19946.0 |   1e-06 |
| 19951.0 |   1e-06 |
| 19956.0 |   1e-06 |
| 19961.0 |   1e-06 |
| 19966.0 | 0.00015 |
| 19971.0 | 0.00041 |
| 19976.0 |   1e-06 |
| 19981.0 |   1e-06 |
| 19986.0 |   1e-06 |
| 19991.0 |   1e-06 |
| 19996.0 |   3e-05 |
| 20001.0 |   1e-06 |
| 20006.0 |   1e-06 |
| 20011.0 |   1e-06 |
| 20016.0 |  0.0002 |
| 20021.0 |   1e-06 |
| 20026.0 |   1e-06 |
| 20031.0 | 0.00011 |
| 20036.0 |   1e-06 |
| 20041.0 |   1e-06 |
| 20046.0 |   1e-06 |
| 20051.0 | 0.00076 |
| 20056.0 | 0.00019 |
| 20061.0 |   1e-06 |
| 20066.0 | 0.00031 |
| 20071.0 |   1e-06 |
| 20076.0 |   1e-06 |
| 20081.0 | 0.00016 |
| 20086.0 |   1e-06 |
| 20091.0 |   1e-06 |
| 20096.0 | 0.00028 |
| 20101.0 |   3e-05 |
| 20106.0 |   5e-05 |
| 20111.0 |   1e-06 |
| 20116.0 |   1e-06 |
| 20121.0 |   1e-06 |
| 20126.0 |   6e-05 |
| 20131.0 |   1e-06 |
| 20136.0 |   2e-05 |
| 20141.0 |   1e-06 |
| 20146.0 | 0.00089 |
| 20151.0 |   1e-06 |
| 20156.0 |   4e-05 |
| 20161.0 | 0.00077 |
| 20166.0 | 0.00022 |
| 20171.0 |   1e-06 |
| 20176.0 |   1e-06 |
| 20181.0 | 0.00047 |
| 20186.0 | 0.00039 |
| 20191.0 | 0.00025 |
| 20196.0 |  0.0001 |
| 20201.0 |   1e-06 |
| 20206.0 |   6e-05 |
| 20211.0 |   4e-05 |
| 20216.0 |   1e-06 |
| 20221.0 |   1e-06 |
| 20226.0 |   1e-06 |
| 20231.0 |   1e-06 |
| 20236.0 | 0.00019 |
| 20241.0 |  0.0003 |
| 20246.0 | 0.00022 |
| 20251.0 |   1e-06 |
| 20256.0 |   1e-06 |
| 20261.0 |   5e-05 |
| 20266.0 |   1e-06 |
| 20271.0 | 0.00041 |
| 20276.0 |   2e-05 |
| 20281.0 |   1e-06 |
| 20286.0 | 0.00047 |
| 20291.0 | 0.00031 |
| 20296.0 | 0.00011 |
| 20301.0 | 0.00031 |
| 20306.0 | 0.00018 |
| 20311.0 | 0.00019 |
| 20316.0 |   5e-05 |
| 20321.0 | 0.00045 |
| 20326.0 | 0.00077 |
| 20331.0 |   1e-06 |
| 20336.0 |   1e-06 |
| 20341.0 |   1e-06 |
| 20346.0 |   1e-06 |
| 20351.0 |   8e-05 |
| 20356.0 |   3e-05 |
| 20361.0 |   1e-06 |
| 20366.0 |  0.0001 |
| 20371.0 | 0.00019 |
| 20376.0 | 0.00011 |
| 20381.0 | 0.00028 |
| 20386.0 |   1e-06 |
| 20391.0 | 0.00012 |
| 20396.0 | 0.00015 |
| 20401.0 |   1e-06 |
| 20406.0 | 0.00035 |
| 20411.0 | 0.00051 |
| 20416.0 |   1e-06 |
| 20421.0 |   1e-06 |
| 20426.0 | 0.00019 |
| 20431.0 |   1e-06 |
| 20436.0 |   1e-06 |
| 20441.0 | 0.00036 |
| 20446.0 |   1e-06 |
| 20451.0 |   1e-06 |
| 20456.0 |   7e-05 |
| 20461.0 |   1e-06 |
| 20466.0 |   1e-06 |
| 20471.0 | 0.00031 |
| 20476.0 |   1e-06 |
| 20481.0 |   3e-05 |
| 20486.0 |   1e-06 |
| 20491.0 |  0.0003 |
| 20496.0 | 0.00022 |
| 20501.0 |   1e-06 |
| 20506.0 |   1e-06 |
| 20511.0 |   5e-05 |
| 20516.0 |   1e-06 |
| 20521.0 | 0.00044 |
| 20526.0 | 0.00032 |
| 20531.0 |   1e-06 |
| 20536.0 |   1e-06 |
| 20541.0 |   1e-06 |
| 20546.0 |   1e-06 |
| 20551.0 |   1e-06 |
| 20556.0 | 0.00122 |
| 20561.0 |   1e-06 |
| 20566.0 | 0.00013 |
| 20571.0 |   1e-06 |
| 20576.0 |   1e-06 |
| 20581.0 |   6e-05 |
| 20586.0 |   1e-06 |
| 20591.0 |   1e-06 |
| 20596.0 | 0.00026 |
| 20601.0 |   1e-06 |
| 20606.0 | 0.00043 |
| 20611.0 |   7e-05 |
| 20616.0 |   1e-06 |
| 20621.0 |   1e-06 |
| 20626.0 | 0.00024 |
| 20631.0 |  0.0001 |
| 20636.0 | 0.00014 |
| 20641.0 |   1e-06 |
| 20646.0 |   6e-05 |
| 20651.0 |  0.0003 |
| 20656.0 |   7e-05 |
| 20661.0 |   5e-05 |
| 20666.0 |   1e-06 |
| 20671.0 |   1e-06 |
| 20676.0 |   1e-06 |
| 20681.0 | 0.00049 |
| 20686.0 |   5e-05 |
| 20691.0 | 0.00022 |
| 20696.0 |   1e-06 |
| 20701.0 |   1e-06 |
| 20706.0 | 0.00019 |
| 20711.0 | 0.00026 |
| 20716.0 |   1e-06 |
| 20721.0 |   1e-06 |
| 20726.0 | 0.00012 |
| 20731.0 | 0.00034 |
| 20736.0 | 0.00027 |
| 20741.0 |   3e-05 |
| 20746.0 | 0.00038 |
| 20751.0 | 0.00011 |
| 20756.0 |   9e-05 |
| 20761.0 |   1e-06 |
| 20766.0 | 0.00026 |
| 20771.0 |   1e-06 |
| 20776.0 |   9e-05 |
| 20781.0 | 0.00044 |
| 20786.0 | 0.00022 |
| 20791.0 | 0.00064 |
| 20796.0 |  0.0002 |
| 20801.0 |   1e-06 |
| 20806.0 |   4e-05 |
| 20811.0 | 0.00035 |
| 20816.0 | 0.00012 |
| 20821.0 | 0.00023 |
| 20826.0 |   1e-06 |
| 20831.0 | 0.00024 |
| 20836.0 | 0.00015 |
| 20841.0 |   1e-06 |
| 20846.0 | 0.00028 |
| 20851.0 |   8e-05 |
| 20856.0 | 0.00027 |
| 20861.0 |   1e-06 |
| 20866.0 |   1e-06 |
| 20871.0 |   1e-06 |
| 20876.0 |  0.0004 |
| 20881.0 |   1e-06 |
| 20886.0 |   6e-05 |
| 20891.0 | 0.00024 |
| 20896.0 |   1e-06 |
| 20901.0 |   1e-06 |
| 20906.0 | 0.00013 |
| 20911.0 |   1e-06 |
| 20916.0 | 0.00031 |
| 20921.0 |   4e-05 |
| 20926.0 |   1e-06 |
| 20931.0 | 0.00063 |
| 20936.0 |   1e-06 |
| 20941.0 |   5e-05 |
| 20946.0 | 0.00045 |
| 20951.0 | 0.00013 |
