# Units:
#  "lambda" is in Angstroms
#  "pass" is the contribution to the detector signal per photon
# 
# Bandpass Name(s): 861
# 
# Instrument: Calar Alto/LAICA
# 
# Determined by: ?
# 
# Date of determination: ?
# 
# Notes: response function including filter+QE+telescope
#   optics+atmosphere.  Obtained from Leopoldo Infante (Chile)
# 
# J. Moustakas, 2014-Jul-06, Siena
|   lambda |            pass |
| 8337.579 |  0.203070875343 |
|   8339.7 |  0.019206126224 |
| 8341.471 |  0.211985258158 |
| 8343.222 |  0.106032097839 |
|  8345.35 |  0.201656151222 |
| 8347.122 |  0.347077600199 |
| 8348.873 |  0.134278947771 |
| 8350.644 |  0.249858409996 |
| 8352.764 |  0.182707501378 |
| 8354.516 |  0.086254255112 |
| 8356.288 |  0.364424414972 |
| 8358.045 |  0.211639705799 |
| 8360.166 |   0.32515479478 |
| 8361.938 |  0.402022948778 |
| 8363.689 |  0.220877243001 |
|  8365.44 |  0.296504671194 |
| 8367.666 |  0.295953274838 |
| 8369.338 |   0.22972487666 |
| 8371.089 |  0.431042763249 |
| 8372.861 |  0.295118723243 |
| 8375.085 |  0.371273673428 |
| 8376.739 |  0.429731444985 |
| 8378.503 |  0.248831515443 |
| 8380.261 |  0.439053585304 |
| 8382.486 |  0.284876180026 |
| 8384.237 |  0.284417616084 |
| 8385.902 |  0.520925555751 |
| 8387.673 |  0.342273452271 |
| 8389.879 |  0.418428060655 |
| 8391.649 |  0.561919976428 |
|   8393.4 |  0.342382287781 |
| 8395.073 |  0.522055424289 |
| 8397.297 |  0.435825857336 |
| 8399.048 |  0.292496163785 |
|   8400.8 |  0.631665415308 |
| 8402.571 |  0.554403414436 |
| 8404.235 |  0.544880724634 |
|  8406.46 |  0.921034803957 |
| 8408.218 |  0.846793684602 |
| 8409.969 |  1.123083558629 |
|  8411.74 |  1.443113928374 |
|  8413.49 |   1.59420487043 |
| 8415.609 |  2.298521062241 |
| 8417.379 |  2.983382380699 |
| 8419.137 |  3.704060592092 |
| 8420.888 |  4.876589055206 |
| 8422.658 |  6.598322273226 |
| 8424.409 |  8.831766151192 |
| 8426.258 | 11.613018953854 |
| 8428.015 | 15.324366683232 |
| 8429.865 | 19.706827117861 |
| 8431.721 | 24.903245004158 |
|  8433.57 | 31.289157971788 |
| 8435.425 | 37.691052116167 |
| 8437.361 | 44.569085604802 |
| 8439.301 | 50.376821302467 |
| 8441.341 | 55.996232248158 |
| 8443.296 | 59.486915477025 |
| 8445.317 | 63.655338646239 |
| 8447.356 | 65.199318660914 |
| 8449.389 | 68.040191620496 |
| 8451.429 | 68.762768086078 |
| 8453.469 | 70.477495173535 |
| 8455.509 | 71.416805674068 |
| 8457.529 | 72.489349160565 |
| 8459.667 | 73.424909499947 |
| 8461.707 | 74.773573932894 |
| 8463.727 |  75.68479184436 |
| 8465.866 | 77.125876301662 |
| 8467.905 |  78.56121556021 |
| 8470.024 | 78.930519631287 |
| 8472.148 | 80.824258000086 |
| 8474.188 | 82.395770177602 |
| 8476.306 | 82.698256749115 |
| 8478.444 | 83.492634081062 |
| 8480.569 | 85.134887579472 |
| 8482.688 | 86.008716115978 |
| 8484.832 | 85.530255447422 |
| 8486.865 | 85.185674356219 |
|  8488.99 | 85.701993491869 |
| 8491.107 | 86.477257687214 |
| 8493.252 | 86.874271298043 |
| 8495.371 | 86.718605722319 |
| 8497.495 | 86.114515496377 |
| 8499.632 | 85.824609064926 |
|  8501.75 | 85.779177880505 |
| 8503.875 | 85.792364138057 |
| 8505.993 | 85.844472695829 |
| 8508.136 | 85.681039403966 |
| 8510.254 | 85.512718160839 |
| 8512.379 | 85.813869833832 |
| 8514.516 | 85.869456862919 |
| 8516.634 | 85.954611900597 |
| 8518.758 | 85.588109085408 |
| 8520.896 | 85.216037519919 |
|  8523.02 | 85.829310512025 |
| 8525.138 | 85.902865812282 |
| 8527.275 | 85.389895110907 |
|   8529.4 | 85.544790000433 |
| 8531.517 | 85.928912581399 |
| 8533.661 | 85.486451967486 |
| 8535.778 | 85.836994938106 |
| 8537.902 |  85.59822522026 |
| 8540.039 | 85.377164983234 |
| 8542.157 | 86.100042284164 |
| 8544.281 | 85.334863279976 |
| 8546.417 | 86.017916641103 |
| 8548.541 | 85.182885174028 |
| 8550.659 | 86.287006308152 |
|  8552.88 | 85.364282998283 |
| 8555.017 | 85.892492779132 |
| 8557.141 | 85.375172710138 |
| 8559.258 | 85.892553549487 |
| 8561.394 | 86.121886640618 |
| 8563.518 | 85.191178577796 |
| 8565.642 | 86.177311074866 |
| 8567.779 | 85.727160687904 |
| 8569.896 | 85.720082289812 |
| 8572.019 | 85.953333650995 |
| 8574.156 | 85.614920931042 |
| 8576.272 | 85.834504180795 |
| 8578.395 | 86.083901461127 |
| 8580.618 | 85.932271474867 |
| 8582.734 | 86.003716191402 |
| 8584.876 | 86.037096248972 |
| 8586.994 | 85.837148652564 |
| 8589.117 | 85.910979694509 |
| 8591.253 | 86.360795519012 |
|  8593.37 | 86.586606938128 |
| 8595.591 |  86.80416587491 |
| 8597.714 | 86.940686069474 |
| 8599.831 | 86.438076442898 |
| 8601.973 | 85.925646589754 |
| 8604.089 | 85.931984529769 |
| 8606.311 | 86.337902638732 |
| 8608.434 |  87.19867979704 |
|  8610.57 | 87.745104260386 |
| 8612.686 | 87.101127894082 |
| 8614.808 | 86.238363701228 |
|  8617.03 |  86.24870567256 |
| 8619.146 | 87.168418903251 |
| 8621.282 | 87.847298749806 |
| 8623.503 | 86.594339038083 |
| 8625.625 | 86.497141006205 |
| 8627.742 | 87.782412991073 |
| 8629.883 | 86.756036941617 |
| 8632.084 |  86.87527235204 |
| 8634.221 |   87.5374794452 |
| 8636.342 | 86.343782861683 |
| 8638.564 | 87.299133400464 |
| 8640.679 | 86.779373910344 |
| 8642.802 | 86.980934929911 |
| 8645.023 | 87.212830419354 |
| 8647.158 | 86.655744313392 |
| 8649.274 | 87.084997819785 |
| 8651.494 | 86.485395480542 |
| 8653.617 | 87.237167387117 |
| 8655.732 |  86.66038422985 |
| 8657.953 | 87.027697123179 |
| 8660.087 | 86.745202740113 |
| 8662.209 | 86.650023509393 |
|  8664.43 | 86.641380789506 |
| 8666.545 | 86.720701725271 |
| 8668.667 | 86.319730257331 |
| 8670.802 | 86.947404020917 |
| 8673.023 | 86.670744339869 |
| 8675.145 | 85.811075760891 |
| 8677.358 | 86.535170472642 |
|  8679.48 | 86.818737307226 |
| 8681.602 | 85.536385484615 |
| 8683.736 | 85.538432909537 |
| 8685.937 | 86.677318534727 |
| 8688.072 | 86.806203769581 |
| 8690.291 | 86.120335270319 |
| 8692.413 | 85.140255079868 |
| 8694.528 | 85.559381915851 |
| 8696.748 | 86.135791906955 |
|  8698.87 | 86.743299746066 |
| 8701.003 | 86.918741249512 |
| 8703.223 | 86.473806809911 |
| 8705.338 | 86.042530339285 |
| 8707.558 | 85.674980127548 |
| 8709.679 | 86.239575795986 |
| 8711.793 | 86.429307491268 |
| 8714.013 | 86.595568046195 |
| 8716.147 | 85.866959834469 |
| 8718.354 | 85.781026389273 |
| 8720.489 | 85.667258091275 |
| 8722.603 | 85.376209397085 |
| 8724.822 | 85.032619903487 |
| 8726.943 | 84.782272356048 |
| 8729.078 | 84.796646980015 |
| 8731.277 |  84.23702589545 |
| 8733.417 | 84.323648583259 |
| 8735.617 | 83.843077493285 |
|  8737.75 | 83.982524528702 |
| 8739.872 | 83.758491021336 |
| 8742.083 | 83.662545701072 |
| 8744.205 | 83.971826273672 |
| 8746.338 | 83.488817722874 |
| 8748.544 | 84.257071270471 |
| 8750.678 |  83.61189653202 |
| 8752.791 | 84.424436971286 |
| 8755.011 | 83.780140462406 |
| 8757.131 | 84.786594354629 |
| 8759.265 | 83.845029839712 |
| 8761.463 | 84.912886901502 |
| 8763.597 | 84.047324565387 |
| 8765.816 | 84.652160096826 |
| 8767.936 | 84.259870778627 |
|  8770.05 |  83.49138166753 |
| 8772.269 | 84.015059688096 |
| 8774.389 | 82.514862106601 |
| 8776.522 | 81.816755663194 |
| 8778.741 | 81.160038566051 |
| 8780.854 | 79.374027765995 |
| 8782.974 | 77.941695807249 |
| 8785.094 | 76.521573715175 |
| 8787.228 | 74.519246101349 |
| 8789.341 |  72.55330235114 |
|  8791.46 | 70.525413733184 |
| 8793.495 | 67.722977755493 |
| 8795.628 | 63.487223063552 |
| 8797.643 |  57.74552091343 |
| 8799.591 | 50.620997219881 |
| 8801.626 | 42.599335840863 |
| 8803.556 | 33.659364107804 |
| 8805.407 | 25.324102674972 |
|  8807.25 | 18.703271514581 |
| 8809.101 | 13.579882057607 |
| 8810.847 |  9.737668232697 |
| 8812.592 |  7.131860932924 |
| 8814.358 |  5.129076676628 |
| 8816.102 |  3.744466482837 |
| 8817.953 |  2.915368886392 |
| 8819.613 |  2.329935971383 |
| 8821.365 |   1.70933916774 |
| 8823.111 |  1.380213504961 |
| 8824.875 |  1.209030467127 |
| 8826.621 |  0.932372166301 |
| 8828.838 |  0.750214907223 |
|   8830.5 |  0.768773890208 |
| 8832.244 |  0.502037045932 |
| 8834.009 |  0.525372990741 |
| 8835.753 |   0.53942111623 |
| 8837.971 |   0.29669141523 |
| 8839.723 |  0.392605607005 |
| 8841.383 |  0.272661639442 |
| 8843.127 |  0.172254727383 |
| 8845.345 |  0.364956288227 |
|  8847.09 |  0.179308352408 |
| 8848.756 |  0.249588136596 |
| 8850.522 |  0.325472544863 |
| 8852.739 |  0.078074074308 |
| 8854.484 |  0.263897064886 |
| 8856.143 |  0.147658325845 |
| 8857.895 |  0.069777987256 |
| 8860.106 |  0.232545073833 |
| 8861.857 |  0.108440492713 |
| 8863.622 |   0.17032923299 |
| 8865.281 |  0.225311663318 |
| 8867.478 |  0.054123869934 |
| 8869.243 |  0.208292228229 |
| 8870.988 |  0.123838257312 |
| 8872.739 |  0.023151828506 |
| 8874.871 |  0.253829189885 |
| 8876.616 |  0.054104627268 |
| 8878.359 |  0.162491722421 |
| 8880.125 |  0.245814697134 |
| 8882.243 |  0.015338810132 |
|   8884.0 |  0.192295561484 |
| 8885.751 |  0.084782225688 |
| 8887.496 |  0.015359514776 |
| 8889.627 |  0.236932904032 |
| 8891.372 |  0.061394734139 |
| 8893.116 |  0.130120049256 |
| 8894.879 |  0.251531993961 |
| 8896.999 |  -0.00763375092 |
| 8898.743 |  0.114748757858 |
| 8900.506 |  0.091567874256 |
| 8902.251 |  -0.02277799171 |
| 8904.467 |  0.197437900802 |
| 8906.126 |  0.060963578225 |
| 8907.877 |  0.060899397064 |
| 8909.622 |  0.218890034232 |
| 8911.385 |  0.015050492002 |
| 8913.498 |  0.135998842915 |
| 8915.248 |  0.037948114719 |
| 8917.004 |  0.007595954892 |
|  8919.22 |  0.173336889791 |
| 8920.965 |  0.015042892867 |
| 8922.715 |  0.060448566476 |
| 8924.375 |  0.196817059947 |
| 8926.505 |             0.0 |
| 8928.255 |  0.164996068421 |
| 8930.465 |             0.0 |
|  8932.13 |  0.104937106476 |
| 8934.327 | -0.067617240714 |
|  8936.09 |  0.134991342348 |
| 8937.833 | -0.007455982002 |
| 8939.952 |  0.090448279745 |
