# Units:
#  "lambda" is in Angstroms
#  "pass" is the contribution to the detector signal per photon
# 
# Bandpass Name(s): 489
# 
# Instrument: Calar Alto/LAICA
# 
# Determined by: ?
# 
# Date of determination: ?
# 
# Notes: response function including filter+QE+telescope
#   optics+atmosphere.  Obtained from Leopoldo Infante (Chile)
# 
# J. Moustakas, 2014-Jul-06, Siena
|   lambda |            pass |
| 4611.865 |  0.093150721373 |
| 4614.681 |  0.736841998286 |
| 4616.897 | -0.916243166111 |
| 4619.139 |  0.642188319379 |
| 4621.247 |  1.012538823026 |
| 4624.063 | -1.101320303554 |
| 4626.279 |  0.274886906495 |
| 4628.504 |  0.274707568862 |
| 4630.737 | -1.461166906779 |
| 4633.428 |  0.811954904709 |
| 4635.645 | -1.159947840353 |
| 4637.886 | -0.088859343219 |
| 4640.103 |  0.794285913966 |
| 4642.319 | -0.787240408895 |
| 4645.035 |  0.260220080132 |
| 4647.251 | -0.515695318456 |
| 4649.935 |  0.767969066292 |
| 4652.176 | -0.256410547336 |
| 4654.393 | -1.290728230758 |
| 4656.617 |  0.599514755516 |
| 4658.851 | -0.256436983757 |
| 4661.542 | -0.847868732158 |
| 4663.759 |  0.340086144793 |
|   4666.0 | -0.848892217005 |
| 4668.217 | -0.254555755473 |
| 4670.925 |  0.084366897159 |
|  4673.15 | -1.007582279538 |
| 4675.367 |  0.583811257535 |
| 4677.608 | -0.909905478028 |
|   4680.4 | -0.492351829021 |
| 4682.508 |  0.816876188136 |
|  4684.75 |  0.081239629836 |
| 4686.967 | -0.807037713687 |
| 4689.784 |  0.160125617876 |
|   4691.9 | -1.194038193125 |
| 4694.117 |   0.39559920704 |
| 4696.333 | -0.078692926323 |
|  4699.15 | -0.782805326673 |
| 4701.392 |  1.170880459092 |
| 4703.484 | -0.465549006172 |
| 4705.726 |  0.154180915298 |
| 4708.542 |  0.536387198616 |
| 4710.759 | -0.534694457137 |
| 4712.976 |  0.761543500006 |
| 4715.093 |  0.533023845825 |
| 4717.901 |  0.986544213657 |
| 4720.018 |   0.98368493996 |
| 4722.835 |    0.7544744761 |
| 4725.052 |  2.784916142659 |
| 4727.269 |   2.56431520756 |
| 4729.511 |  4.644885872775 |
| 4731.728 |  9.080976525193 |
|  4734.42 | 15.634473939477 |
| 4736.662 | 28.708841150845 |
| 4738.878 | 46.124716580364 |
| 4741.121 | 59.672233062966 |
| 4743.337 |  67.66703375716 |
| 4745.688 | 69.418278189591 |
| 4747.905 | 68.669249511765 |
| 4750.122 | 68.957810259914 |
| 4752.364 |  69.93366385716 |
| 4754.706 | 70.227508899199 |
| 4756.932 | 70.482501614374 |
| 4759.149 | 71.428118003174 |
| 4761.499 | 71.817064050609 |
| 4763.733 | 70.830763477087 |
| 4765.958 | 70.494400691206 |
| 4768.175 | 69.968634802518 |
| 4770.518 | 69.812740832241 |
|  4772.76 | 69.619810763428 |
| 4774.977 | 69.485028041011 |
| 4777.328 | 70.705698298911 |
| 4779.545 |  70.99046439128 |
|  4781.77 | 71.124001276963 |
| 4784.004 |  71.98961757879 |
| 4786.355 | 72.874999403714 |
| 4788.572 | 73.334129847041 |
| 4790.789 | 72.872843979563 |
|  4793.14 |  73.36175073379 |
| 4795.382 | 73.400048035214 |
|   4797.6 | 73.208766229911 |
|  4799.95 | 73.359491353071 |
| 4802.167 | 72.819067715444 |
|  4804.41 | 73.160079564127 |
| 4806.627 | 73.378435978329 |
| 4808.978 | 73.583098109657 |
| 4811.195 | 73.481359511859 |
| 4813.413 | 73.750239287147 |
| 4815.763 | 74.130598246199 |
| 4817.998 | 74.649138481721 |
| 4820.223 | 74.945155379844 |
| 4822.566 | 75.364736736444 |
| 4824.791 | 75.736676772046 |
| 4827.025 | 75.522725036978 |
| 4829.352 | 75.896945862683 |
| 4831.594 | 75.542299308631 |
| 4833.812 | 76.230059053945 |
| 4836.163 | 76.920890225687 |
|  4838.38 | 77.571672737516 |
|  4840.73 | 78.526767861016 |
| 4842.974 | 79.049650659789 |
| 4845.299 | 79.557202643526 |
| 4847.534 |  80.23758112836 |
|  4849.76 |  80.68850057288 |
| 4852.102 | 80.585537351556 |
| 4854.328 | 80.538696435885 |
| 4856.562 | 79.780890887861 |
| 4858.913 | 78.961761296877 |
| 4861.131 | 78.963253011747 |
| 4863.349 |  78.77922558727 |
|   4865.7 | 78.394417321849 |
| 4867.942 |  78.50336191255 |
|  4870.16 | 78.541740453152 |
| 4872.511 |  78.70555466499 |
| 4874.729 | 79.008203622136 |
|  4877.08 | 79.650059402128 |
| 4879.298 | 79.731345080064 |
| 4881.541 | 79.593775532441 |
| 4883.867 | 79.742987496167 |
| 4886.102 | 80.542890113273 |
| 4888.453 | 80.288825983276 |
| 4890.671 | 80.893648959842 |
| 4893.022 | 81.474914396624 |
|  4895.24 | 82.478990136459 |
| 4897.591 | 82.864239982857 |
| 4899.809 | 83.222797081253 |
| 4902.052 | 83.391161945346 |
| 4904.395 | 83.106239519789 |
| 4906.621 | 82.459897700347 |
| 4908.964 | 81.748682858849 |
| 4911.182 | 81.463026164819 |
| 4913.533 |  80.94946024869 |
| 4915.751 | 81.161263596487 |
| 4918.103 | 80.905260422554 |
| 4920.346 | 80.880889015725 |
| 4922.563 | 80.354475718415 |
| 4924.907 |  79.50317387875 |
| 4927.133 | 78.976291974523 |
| 4929.476 |  79.07226988012 |
| 4931.703 | 79.335096986295 |
| 4934.045 | 79.420873340649 |
| 4936.289 | 79.395708711893 |
|  4938.64 | 79.041631204425 |
| 4940.858 | 78.688600734954 |
| 4943.202 | 79.112218582032 |
| 4945.428 | 79.680047798807 |
| 4947.771 | 80.840286074527 |
| 4949.989 | 81.770665060076 |
| 4952.341 | 81.684778133099 |
| 4954.584 | 81.519526883589 |
| 4956.911 | 82.033685361491 |
| 4959.154 | 82.736125437488 |
| 4961.498 | 83.152014851716 |
| 4963.724 | 83.047013722661 |
| 4966.067 | 82.224195327786 |
| 4968.419 |   81.9680473185 |
| 4970.637 | 82.268254460081 |
| 4972.989 | 82.545271425061 |
| 4975.207 | 83.001473675733 |
| 4977.551 | 83.233728219531 |
| 4979.777 | 83.090370416529 |
| 4982.121 | 82.550585762923 |
| 4984.364 | 82.489136130963 |
| 4986.691 | 82.529110584901 |
| 4989.043 | 81.700801757538 |
| 4991.286 | 81.052057335641 |
|  4993.63 | 81.275601378196 |
| 4995.848 | 81.673525696129 |
|   4998.2 | 82.425853433872 |
| 5000.552 | 82.556643011383 |
|  5002.77 | 82.380559353529 |
| 5005.114 | 82.614846700515 |
| 5007.466 | 82.912196799267 |
| 5009.685 |  82.11942004316 |
| 5012.036 | 82.291540890353 |
|  5014.38 | 82.417472229466 |
| 5016.607 | 83.251145434996 |
|  5018.95 | 83.468405674866 |
| 5021.303 | 82.687936221727 |
| 5023.521 | 82.340842800232 |
| 5025.873 | 82.186216055269 |
| 5028.091 | 81.827874838095 |
| 5030.444 | 81.568737706415 |
| 5032.788 |  81.97670862071 |
| 5035.006 | 81.974427667061 |
| 5037.358 |  81.53855903188 |
|  5039.71 | 80.296205046021 |
| 5042.054 | 80.214082720122 |
| 5044.273 | 80.850960603765 |
| 5046.625 | 81.088267573473 |
| 5048.977 | 80.740764760682 |
| 5051.196 | 81.018384456808 |
|  5053.54 | 80.514664138561 |
| 5055.892 | 79.922332067698 |
| 5058.111 | 80.105449172948 |
| 5060.463 | 80.886286882387 |
| 5062.815 | 79.624156035065 |
| 5065.034 | 78.960772373919 |
| 5067.378 | 78.364474665062 |
|  5069.73 | 78.192178297988 |
| 5072.083 | 78.147122714442 |
| 5074.302 | 79.096923688967 |
| 5076.645 | 78.903212781803 |
| 5078.998 | 78.640746843871 |
| 5081.217 | 79.294095257967 |
| 5083.569 | 79.260956780729 |
| 5085.913 | 78.169859056534 |
| 5088.157 | 76.188037736097 |
| 5090.484 | 68.802165746742 |
| 5092.837 | 56.266605918653 |
| 5095.081 | 41.660462732654 |
|   5097.3 | 28.075208569076 |
| 5099.519 | 18.008841472364 |
| 5102.338 |  9.481478383704 |
| 5104.558 |  6.227203150876 |
| 5106.802 |   4.48642206516 |
| 5109.021 |  2.452056271253 |
|  5111.14 |  2.396983890406 |
| 5113.959 |  1.302170800676 |
| 5116.179 |  0.349673772745 |
| 5118.423 |  1.076995828047 |
| 5120.642 |  0.451353609012 |
| 5123.336 |  0.412935242981 |
| 5125.573 |  0.895868564179 |
|   5127.8 |  0.137295154941 |
| 5130.019 |  0.238535524448 |
| 5132.263 |  0.850114035455 |
|  5134.95 | -0.202342446658 |
| 5137.168 |  0.438486526538 |
| 5139.413 | -0.033439230067 |
| 5141.632 | -0.266185040564 |
| 5144.328 |  0.431258873498 |
| 5146.572 | -0.065863872386 |
| 5148.791 | -0.295317062801 |
| 5151.035 |  0.650710736982 |
| 5153.721 | -0.226645530478 |
| 5155.949 |  0.385319757447 |
| 5158.661 | -0.416190244559 |
|  5160.88 |  0.222340194408 |
|   5163.1 | -0.031564852077 |
| 5165.344 | -0.377425893632 |
| 5168.139 |  0.343512307139 |
| 5170.258 | -0.124492851649 |
| 5172.503 | -0.123785281035 |
| 5174.722 |  0.277579991031 |
| 5177.542 | -0.245525612384 |
| 5179.653 | -0.091733240815 |
| 5181.881 | -0.060735909086 |
| 5184.101 | -0.363564542477 |
| 5186.921 |  0.241008986539 |
| 5189.157 | -0.120002400445 |
| 5191.385 | -0.238714841365 |
| 5193.496 |  0.326322503342 |
| 5195.715 | -0.088523461828 |
| 5198.536 |  0.029210860675 |
| 5200.765 |  0.349051238377 |
|   5203.0 |  -0.37551886988 |
|  5205.12 |  0.200612302161 |
|  5207.34 |   0.39933404602 |
|  5210.16 |  -0.39564825228 |
| 5212.379 |  0.168694703052 |
| 5214.599 | -0.111618213778 |
| 5216.844 | -0.360609055481 |
| 5218.963 |  0.166048906515 |
| 5221.784 | -0.164100619497 |
