# Units:
#  "lambda" is in Angstroms
#  "pass" is the contribution to the detector signal per photon
# 
# Bandpass Name(s): 582
# 
# Instrument: Calar Alto/LAICA
# 
# Determined by: ?
# 
# Date of determination: ?
# 
# Notes: response function including filter+QE+telescope
#   optics+atmosphere.  Obtained from Leopoldo Infante (Chile)
# 
# J. Moustakas, 2014-Jul-06, Siena
|   lambda |            pass |
| 5493.315 | -0.020697950097 |
| 5496.087 |  0.056839889803 |
|  5498.17 | -0.030967362883 |
| 5500.352 |  -0.04120293968 |
| 5503.125 |   0.06681897119 |
| 5505.306 |  0.005133020488 |
| 5507.488 | -0.046104691356 |
| 5509.571 |   0.09714713423 |
| 5511.769 |   0.00510489168 |
| 5514.525 |  0.076406837009 |
| 5516.731 |  0.055853603636 |
| 5518.806 |  -0.04051343808 |
| 5521.554 |  0.096075577097 |
|  5523.76 |  0.010095625838 |
| 5525.942 | -0.030207107787 |
| 5528.149 |  0.110465881129 |
| 5530.208 |  0.015047244285 |
|  5532.98 |  0.045052103887 |
| 5535.187 |  0.084948290559 |
| 5537.368 | -0.019948533514 |
| 5540.017 |  0.069636874214 |
| 5542.216 |  -0.00993790145 |
| 5544.405 |  0.059587308963 |
| 5547.046 |  0.024796084938 |
| 5549.253 | -0.039618155643 |
| 5551.435 |  0.093911933869 |
| 5553.617 |  0.014804015779 |
| 5556.291 |  0.078793241427 |
| 5558.473 |  0.108144776752 |
| 5560.654 |             0.0 |
| 5562.861 |  0.068652106041 |
| 5565.503 |  0.019579127915 |
| 5567.708 |   0.06351616452 |
| 5570.464 |   0.03412870383 |
| 5572.541 |  0.043806627701 |
| 5574.747 |  0.131164183875 |
| 5576.929 |  0.014559858011 |
| 5579.701 |  0.063365594967 |
| 5581.776 |  0.088127863749 |
| 5583.967 |             0.0 |
| 5586.739 |  0.107331572841 |
| 5588.921 |  0.019539108744 |
| 5590.997 |  0.068229687277 |
| 5593.187 |  0.116162076818 |
| 5595.951 | -0.014429498992 |
| 5598.157 |  0.091929551176 |
|  5600.34 |  0.057902363064 |
| 5602.423 | -0.004822700747 |
| 5604.605 |  0.143992546767 |
| 5607.378 |  0.091309511932 |
|  5609.56 |  0.114376638183 |
| 5611.767 |  0.195242508586 |
| 5614.417 |   0.06200615532 |
| 5616.599 |  0.185687918163 |
| 5618.805 |  0.189766225013 |
| 5620.987 |   0.20711772612 |
| 5623.637 |  0.429440930476 |
| 5625.836 |  0.470392267253 |
| 5628.025 |  0.711214973548 |
| 5630.208 |  1.049568735521 |
| 5632.415 |  1.409354827163 |
| 5634.597 |  1.985850604134 |
| 5636.804 |  2.976844621688 |
| 5638.986 |  4.292528305785 |
| 5641.168 |  6.132484910415 |
| 5643.481 |   8.64788480495 |
| 5645.786 | 12.185761335775 |
| 5648.101 | 17.486995967243 |
| 5650.511 | 25.452734306164 |
| 5653.055 | 37.305506687039 |
| 5655.705 | 53.521591473824 |
| 5658.601 | 71.114799076881 |
| 5660.889 | 81.154662107335 |
| 5663.203 | 86.181904509466 |
| 5665.509 | 87.412245271123 |
| 5667.945 | 86.271718687368 |
| 5670.234 | 84.841075885522 |
| 5672.547 | 84.017522375657 |
| 5674.852 | 83.895053829698 |
| 5677.273 | 83.951187952331 |
| 5679.579 | 84.194305177665 |
| 5681.892 | 84.830899581278 |
| 5684.304 | 85.710714291217 |
| 5686.618 | 86.850316768479 |
| 5689.054 | 87.430046129802 |
| 5691.367 | 88.098519147606 |
|  5693.78 | 88.791329247144 |
| 5696.093 | 89.006464798333 |
| 5698.505 |  89.91315598484 |
| 5700.917 | 90.177156315216 |
| 5703.354 | 90.194661404245 |
| 5705.668 | 90.652323050095 |
|  5708.08 | 90.925862144918 |
|   5710.5 | 91.222920272129 |
| 5712.937 | 91.835769359287 |
|  5715.35 | 91.618027470484 |
| 5717.761 |  91.34160092734 |
| 5720.198 | 91.328100926663 |
| 5722.619 | 91.225182437538 |
|  5725.03 | 91.259275993744 |
| 5727.467 | 91.377827093413 |
| 5729.888 | 90.870544097924 |
|   5732.3 | 91.507961026835 |
| 5734.736 | 91.678160956513 |
| 5737.149 | 91.843649907016 |
| 5739.569 | 92.364960886533 |
| 5742.006 | 92.977903143242 |
| 5744.418 | 93.139390092037 |
| 5746.962 | 93.177589657332 |
| 5749.375 | 93.602853662396 |
| 5751.811 |  94.01386661656 |
| 5754.232 | 94.101100086273 |
| 5756.767 | 93.789703500011 |
| 5759.188 | 93.255826840591 |
|   5761.6 |  93.73749640239 |
| 5764.143 | 94.188893145092 |
|  5766.58 | 94.029686731667 |
| 5768.993 | 94.223208103192 |
| 5771.536 | 93.911636768104 |
| 5773.949 | 93.842079035307 |
| 5776.493 | 94.131412516972 |
| 5778.913 | 93.728389777036 |
| 5781.448 |  93.41067546388 |
| 5783.886 | 93.412105673838 |
| 5786.412 | 93.270601065144 |
| 5788.842 | 93.294517053055 |
| 5791.385 | 93.365339794057 |
| 5793.806 | 93.562063587192 |
| 5796.341 | 93.867969811914 |
| 5798.762 | 93.884147114652 |
| 5801.306 | 93.588849539906 |
| 5803.718 | 93.539268002215 |
| 5806.262 | 93.581087605096 |
| 5808.675 | 93.800296674847 |
| 5811.218 | 93.919339204214 |
| 5813.655 | 93.710917366772 |
| 5816.175 | 93.590742437525 |
| 5818.718 | 93.566288980379 |
| 5821.155 | 93.492472889864 |
| 5823.675 |  93.45773481432 |
| 5826.112 | 93.500271696586 |
| 5828.656 | 93.559723680957 |
| 5831.191 | 93.813357516466 |
| 5833.612 | 93.791692113273 |
| 5836.156 | 93.755546684519 |
| 5838.692 | 94.081619441092 |
| 5841.113 | 93.871747129415 |
| 5843.657 | 94.022856178509 |
| 5846.192 | 94.393453089003 |
| 5848.712 | 94.088393568442 |
| 5851.148 | 93.772454895257 |
| 5853.693 | 93.392324254545 |
| 5856.212 | 93.318565747692 |
| 5858.756 | 93.169115024861 |
| 5861.193 | 93.126177669185 |
| 5863.713 | 93.042724265148 |
| 5866.257 | 93.028953677136 |
| 5868.801 |  93.04971163214 |
| 5871.214 | 93.055526163495 |
| 5873.758 | 93.446646788583 |
| 5876.302 | 93.695435362443 |
| 5878.846 | 92.690938777817 |
| 5881.382 | 92.458430196337 |
| 5883.926 | 92.471487481204 |
| 5886.339 | 92.291559175339 |
| 5888.882 | 92.160361022196 |
| 5891.426 | 91.885024671535 |
| 5893.946 | 91.676637482804 |
|  5896.49 | 91.376928236433 |
| 5899.035 | 91.175858572629 |
| 5901.447 | 90.783818125915 |
| 5903.992 |  90.51985481023 |
| 5906.536 | 90.100191585111 |
| 5908.949 | 89.752249897781 |
| 5911.493 | 89.448740538066 |
| 5914.037 |  89.07415655022 |
| 5916.573 | 88.827058569737 |
| 5918.994 | 88.575268029633 |
|  5921.53 | 88.470538854506 |
| 5923.968 | 88.592518762262 |
| 5926.495 | 88.746529248346 |
| 5929.032 | 89.104120835422 |
| 5931.576 | 89.345258353861 |
|  5934.12 | 89.816065931606 |
| 5936.534 | 89.934727038014 |
| 5939.077 | 90.128345258799 |
| 5941.622 | 90.020787968908 |
| 5944.166 | 89.831408169995 |
| 5946.702 | 89.308460896959 |
|  5949.23 | 88.709171334442 |
|  5951.66 | 87.647092479577 |
| 5954.204 | 86.577385481662 |
| 5956.724 | 85.185281329195 |
| 5959.162 | 83.421252264505 |
| 5961.583 | 81.455092158665 |
| 5963.996 | 79.352009107722 |
| 5966.433 | 76.999543514074 |
| 5968.855 | 74.282358654568 |
| 5971.161 | 70.748098636668 |
| 5973.476 | 65.507312572291 |
| 5975.782 | 58.032189885617 |
| 5977.867 | 48.824511437652 |
| 5980.616 | 36.171172081229 |
| 5983.161 | 25.626452409172 |
| 5985.599 |  18.03086873299 |
| 5988.012 | 12.914052722263 |
| 5990.327 |  9.224621558147 |
|  5992.51 |  6.740640351871 |
| 5994.825 |  5.004241427806 |
| 5997.008 |   3.83677335955 |
| 5999.217 |  2.924633624813 |
|   6001.4 |  2.299321869211 |
| 6003.714 |   1.80613942311 |
| 6005.898 |  1.392714175382 |
| 6008.105 |  1.035759779343 |
| 6010.749 |  0.815270966169 |
| 6012.932 |  0.634878597779 |
| 6015.141 |  0.439599293446 |
| 6017.324 |  0.418542149823 |
| 6019.515 |  0.321789110103 |
| 6022.183 |  0.176554078415 |
| 6024.367 |  0.245399399494 |
|  6026.55 |  0.171643122275 |
| 6028.758 |  0.112963768925 |
|  6031.41 |  0.174451482566 |
| 6033.593 |  0.072585094434 |
| 6035.802 |  0.094307826126 |
| 6037.984 |  0.115912685816 |
| 6040.636 |  0.010851685794 |
| 6042.836 |  0.093992959152 |
| 6045.028 |  0.054202472826 |
| 6047.228 |  0.021669271592 |
| 6049.986 |  0.097667502533 |
| 6052.063 |  0.003602472292 |
| 6054.271 |  0.053910685329 |
| 6056.455 |  0.093350454835 |
| 6058.638 |  0.007175684418 |
| 6061.413 |  0.050181457472 |
| 6063.499 |  0.021497140322 |
| 6065.682 |  0.028623854585 |
| 6068.457 |  0.064739557027 |
| 6070.665 |  0.007204823329 |
| 6072.725 |  0.111516845066 |
|   6075.5 | -0.003581296534 |
|   6077.7 |  0.017874930455 |
| 6079.892 |  0.089459500764 |
| 6081.969 | -0.007152626379 |
| 6084.744 |  0.056994125057 |
| 6086.927 |  0.035671534465 |
| 6089.013 | -0.007110590748 |
| 6091.196 |  0.063778736382 |
| 6093.971 |             0.0 |
| 6096.155 |  0.046017212963 |
| 6098.232 |  0.017689492439 |
| 6101.006 |             0.0 |
| 6103.198 |  0.038822959431 |
| 6105.399 | -0.010551919158 |
|  6108.05 |  0.031619743864 |
| 6110.234 |  0.007012552955 |
| 6112.442 | -0.024451266732 |
| 6114.626 |  0.041900091705 |
| 6116.835 |  0.017469451884 |
| 6119.486 |  0.028013431679 |
|  6121.67 |  0.041964833728 |
| 6123.878 | -0.020955695107 |
| 6126.522 |  0.045377769957 |
| 6128.706 |  0.006964219245 |
| 6130.915 | -0.027768942305 |
| 6133.107 |  0.034949975098 |
| 6135.874 | -0.006947063185 |
| 6137.958 |  0.034644461714 |
| 6140.142 |  0.027746802831 |
| 6142.917 |  -0.02429895791 |
|  6145.57 |  0.100222397139 |
|  6147.77 |  -0.02069944848 |
| 6150.528 |  0.031108484083 |
| 6152.737 |  0.044897488699 |
| 6154.814 |  0.003440049247 |
| 6156.998 |  0.051611255307 |
| 6159.773 | -0.010284973663 |
| 6161.957 |  0.003407331963 |
| 6164.042 |  0.064640164408 |
| 6166.226 |  0.003400305539 |
| 6168.435 |  0.016986889058 |
|  6171.21 |  0.064422383113 |
| 6173.395 | -0.013539957239 |
| 6175.471 |  0.020286649179 |
| 6177.664 |   0.04393300231 |
| 6180.439 |  0.037131073435 |
| 6182.623 |  0.067447640149 |
|   6184.7 | -0.006737531675 |
| 6187.475 |  0.003363930257 |
|  6189.66 |  0.026887357506 |
| 6191.868 | -0.023511257706 |
| 6193.954 |  0.043651067094 |
