# Units:
#  "lambda" is in Angstroms
#  "pass" is the contribution to the detector signal per photon
#         entering the atmosphere of Earth
# 
# Bandpass Name(s): BASS-r
# 
# Instrument: Bok/90Prime
# 
# Determined by: 
# 
# Date of determination: Unknown
# 
# Meaning of/Reason for default column: Only column available
# 
# Notes:
# 
# Taken from https://speclite.readthedocs.io/en/stable/filters.html#desi-imaging-survey-filters
# See also https://desi.lbl.gov/trac/wiki/ImagingStandardBandpass
# 
# Filter measured at a mean airmass of 1.1.
# 
# J. Moustakas, 2018-Oct 5, Siena College
| lambda |        pass |
| 5550.0 |         0.0 |
| 5560.0 | 0.000860821 |
| 5570.0 | 0.000861021 |
| 5580.0 |  0.00172234 |
| 5590.0 |  0.00172258 |
| 5600.0 |  0.00344558 |
| 5610.0 |   0.0051689 |
| 5620.0 |  0.00947718 |
| 5630.0 |   0.0163711 |
| 5640.0 |   0.0292983 |
| 5650.0 |   0.0534312 |
| 5660.0 |   0.0965304 |
| 5670.0 |    0.164637 |
| 5680.0 |    0.259485 |
| 5690.0 |    0.368155 |
| 5700.0 |    0.469967 |
| 5710.0 |    0.553705 |
| 5720.0 |     0.61504 |
| 5730.0 |     0.65656 |
| 5740.0 |    0.683457 |
| 5750.0 |    0.699199 |
| 5760.0 |    0.706397 |
| 5770.0 |    0.708526 |
| 5780.0 |    0.709061 |
| 5790.0 |       0.708 |
| 5800.0 |    0.707901 |
| 5810.0 |    0.709585 |
| 5820.0 |    0.712151 |
| 5830.0 |    0.716428 |
| 5840.0 |    0.720638 |
| 5850.0 |    0.723883 |
| 5860.0 |    0.726944 |
| 5870.0 |    0.727674 |
| 5880.0 |    0.726604 |
| 5890.0 |    0.724687 |
| 5900.0 |    0.724799 |
| 5910.0 |    0.724528 |
| 5920.0 |    0.724921 |
| 5930.0 |    0.726169 |
| 5940.0 |    0.725872 |
| 5950.0 |     0.72501 |
| 5960.0 |    0.724798 |
| 5970.0 |    0.723439 |
| 5980.0 |    0.722042 |
| 5990.0 |    0.719862 |
| 6000.0 |    0.718601 |
| 6010.0 |    0.718154 |
| 6020.0 |    0.718401 |
| 6030.0 |     0.71855 |
| 6040.0 |    0.720472 |
| 6050.0 |    0.721595 |
| 6060.0 |    0.723688 |
| 6070.0 |    0.724129 |
| 6080.0 |    0.725534 |
| 6090.0 |    0.725252 |
| 6100.0 |    0.725896 |
| 6110.0 |    0.725693 |
| 6120.0 |    0.726379 |
| 6130.0 |    0.727059 |
| 6140.0 |    0.728589 |
| 6150.0 |    0.729195 |
| 6160.0 |     0.72889 |
| 6170.0 |    0.728569 |
| 6180.0 |    0.726474 |
| 6190.0 |    0.724368 |
| 6200.0 |    0.720482 |
| 6210.0 |    0.716587 |
| 6220.0 |    0.712684 |
| 6230.0 |    0.708776 |
| 6240.0 |    0.706626 |
| 6250.0 |    0.706077 |
| 6260.0 |     0.70523 |
| 6270.0 |    0.703359 |
| 6280.0 |    0.702539 |
| 6290.0 |    0.706948 |
| 6300.0 |    0.713921 |
| 6310.0 |    0.719949 |
| 6320.0 |    0.724741 |
| 6330.0 |    0.728176 |
| 6340.0 |    0.731138 |
| 6350.0 |    0.732081 |
| 6360.0 |    0.732951 |
| 6370.0 |    0.733765 |
| 6380.0 |    0.733621 |
| 6390.0 |    0.733427 |
| 6400.0 |    0.733226 |
| 6410.0 |     0.73295 |
| 6420.0 |    0.733509 |
| 6430.0 |    0.733159 |
| 6440.0 |    0.732753 |
| 6450.0 |    0.732063 |
| 6460.0 |    0.730779 |
| 6470.0 |    0.729051 |
| 6480.0 |    0.727978 |
| 6490.0 |    0.729126 |
| 6500.0 |    0.729677 |
| 6510.0 |    0.730076 |
| 6520.0 |     0.73048 |
| 6530.0 |    0.732591 |
| 6540.0 |     0.73321 |
| 6550.0 |     0.73338 |
| 6560.0 |    0.733887 |
| 6570.0 |    0.734757 |
| 6580.0 |    0.734867 |
| 6590.0 |    0.734848 |
| 6600.0 |     0.73358 |
| 6610.0 |    0.732066 |
| 6620.0 |    0.730512 |
| 6630.0 |    0.729885 |
| 6640.0 |    0.729269 |
| 6650.0 |    0.728672 |
| 6660.0 |    0.729018 |
| 6670.0 |    0.730332 |
| 6680.0 |    0.731717 |
| 6690.0 |     0.73316 |
| 6700.0 |    0.735547 |
| 6710.0 |    0.737941 |
| 6720.0 |    0.739406 |
| 6730.0 |     0.74175 |
| 6740.0 |    0.743121 |
| 6750.0 |     0.74351 |
| 6760.0 |    0.744763 |
| 6770.0 |    0.745058 |
| 6780.0 |    0.744412 |
| 6790.0 |    0.744673 |
| 6800.0 |    0.744008 |
| 6810.0 |    0.744258 |
| 6820.0 |    0.743582 |
| 6830.0 |    0.743828 |
| 6840.0 |    0.742703 |
| 6850.0 |    0.736086 |
| 6860.0 |    0.707922 |
| 6870.0 |    0.672743 |
| 6880.0 |    0.669223 |
| 6890.0 |    0.682019 |
| 6900.0 |    0.693353 |
| 6910.0 |    0.707863 |
| 6920.0 |    0.719926 |
| 6930.0 |    0.725232 |
| 6940.0 |    0.727966 |
| 6950.0 |    0.730788 |
| 6960.0 |    0.734887 |
| 6970.0 |    0.738591 |
| 6980.0 |    0.739856 |
| 6990.0 |    0.738131 |
| 7000.0 |    0.737572 |
| 7010.0 |    0.737084 |
| 7020.0 |    0.735027 |
| 7030.0 |    0.731727 |
| 7040.0 |    0.726538 |
| 7050.0 |    0.714277 |
| 7060.0 |    0.696473 |
| 7070.0 |    0.668603 |
| 7080.0 |    0.628455 |
| 7090.0 |     0.57699 |
| 7100.0 |    0.513279 |
| 7110.0 |    0.442064 |
| 7120.0 |    0.367919 |
| 7130.0 |    0.298223 |
| 7140.0 |    0.234876 |
| 7150.0 |    0.181383 |
| 7160.0 |    0.138207 |
| 7170.0 |    0.103013 |
| 7180.0 |   0.0762589 |
| 7190.0 |   0.0582526 |
| 7200.0 |    0.044796 |
| 7210.0 |   0.0349964 |
| 7220.0 |   0.0281335 |
| 7230.0 |   0.0215803 |
| 7240.0 |   0.0169041 |
| 7250.0 |   0.0133591 |
| 7260.0 |   0.0107349 |
| 7270.0 |  0.00895978 |
| 7280.0 |  0.00718703 |
| 7290.0 |  0.00541057 |
| 7300.0 |  0.00452245 |
| 7310.0 |  0.00363558 |
| 7320.0 |  0.00366516 |
| 7330.0 |  0.00277004 |
| 7340.0 |  0.00278137 |
| 7350.0 |  0.00185646 |
| 7360.0 |  0.00185699 |
| 7370.0 |  0.00185932 |
| 7380.0 |  0.00093133 |
| 7390.0 | 0.000932615 |
| 7400.0 | 0.000934052 |
| 7410.0 | 0.000935306 |
| 7420.0 |  0.00093611 |
| 7430.0 | 0.000936784 |
| 7440.0 |         0.0 |
