# Units:
#  "lambda" is in Angstroms
#  "pass" is the contribution to the detector signal per photon
# 
# Bandpass Names(s): V
# 
# collected by: Guangtun Zhu
# 
# from http://www.astro.caltech.edu/~capak/cosmos/filters/
# 
# on Mar 3rd 2009, NYU:
# 
# Note:
# 
| lambda |         pass |
| 4780.0 | 0.0002561639 |
| 4790.0 | 0.0003424346 |
| 4800.0 | 0.0004291542 |
| 4810.0 |   0.00103313 |
| 4820.0 |  0.002245279 |
| 4830.0 |  0.005024139 |
| 4840.0 |   0.01025268 |
| 4850.0 |   0.01934789 |
| 4860.0 |   0.03374399 |
| 4870.0 |   0.05401416 |
| 4880.0 |   0.08012463 |
| 4890.0 |    0.1118627 |
| 4900.0 |    0.1487489 |
| 4910.0 |    0.1889043 |
| 4920.0 |    0.2318116 |
| 4930.0 |    0.2769578 |
| 4940.0 |     0.321858 |
| 4950.0 |     0.368304 |
| 4960.0 |     0.415039 |
| 4970.0 |    0.4573988 |
| 4980.0 |    0.4969667 |
| 4990.0 |    0.5338183 |
| 5000.0 |    0.5663934 |
| 5010.0 |    0.5962664 |
| 5020.0 |    0.6228216 |
| 5030.0 |    0.6453138 |
| 5040.0 |    0.6643411 |
| 5050.0 |    0.6799841 |
| 5060.0 |    0.6957796 |
| 5070.0 |    0.7104603 |
| 5080.0 |    0.7260297 |
| 5090.0 |     0.742784 |
| 5100.0 |    0.7519296 |
| 5110.0 |    0.7601595 |
| 5120.0 |    0.7754703 |
| 5130.0 |    0.7877614 |
| 5140.0 |    0.7995102 |
| 5150.0 |    0.8089556 |
| 5160.0 |    0.8163776 |
| 5170.0 |    0.8251175 |
| 5180.0 |    0.8313545 |
| 5190.0 |    0.8350763 |
| 5200.0 |    0.8382308 |
| 5210.0 |    0.8437569 |
| 5220.0 |    0.8513638 |
| 5230.0 |    0.8606153 |
| 5240.0 |     0.870664 |
| 5250.0 |    0.8771327 |
| 5260.0 |    0.8839191 |
| 5270.0 |    0.8914848 |
| 5280.0 |    0.9004436 |
| 5290.0 |    0.9095246 |
| 5300.0 |    0.9151638 |
| 5310.0 |    0.9206289 |
| 5320.0 |    0.9239754 |
| 5330.0 |    0.9246092 |
| 5340.0 |    0.9267062 |
| 5350.0 |    0.9310492 |
| 5360.0 |    0.9351893 |
| 5370.0 |    0.9353544 |
| 5380.0 |    0.9360995 |
| 5390.0 |    0.9408464 |
| 5400.0 |    0.9462002 |
| 5410.0 |    0.9474641 |
| 5420.0 |    0.9474498 |
| 5430.0 |    0.9502757 |
| 5440.0 |    0.9523296 |
| 5450.0 |    0.9528933 |
| 5460.0 |    0.9542793 |
| 5470.0 |    0.9571214 |
| 5480.0 |    0.9591843 |
| 5490.0 |    0.9627319 |
| 5500.0 |      0.96789 |
| 5510.0 |    0.9704699 |
| 5520.0 |    0.9729529 |
| 5530.0 |      0.97633 |
| 5540.0 |    0.9785347 |
| 5550.0 |    0.9815221 |
| 5560.0 |    0.9844288 |
| 5570.0 |     0.985928 |
| 5580.0 |    0.9852062 |
| 5590.0 |    0.9835599 |
| 5600.0 |    0.9821182 |
| 5610.0 |    0.9786047 |
| 5620.0 |     0.974671 |
| 5630.0 |    0.9698828 |
| 5640.0 |    0.9676476 |
| 5650.0 |    0.9672275 |
| 5660.0 |     0.964863 |
| 5670.0 |    0.9649528 |
| 5680.0 |    0.9679025 |
| 5690.0 |    0.9722024 |
| 5701.6 |    0.9923589 |
| 5711.0 |    0.9960735 |
| 5720.4 |     0.998763 |
| 5729.7 |          1.0 |
| 5739.1 |    0.9995853 |
| 5748.4 |    0.9974829 |
| 5757.8 |    0.9940376 |
| 5767.2 |    0.9893356 |
| 5776.5 |    0.9837017 |
| 5785.9 |    0.9779171 |
| 5795.3 |    0.9727123 |
| 5804.6 |    0.9687015 |
| 5814.0 |    0.9654806 |
| 5823.4 |    0.9619671 |
| 5832.7 |    0.9569401 |
| 5842.1 |    0.9488376 |
| 5851.5 |    0.9357835 |
| 5860.8 |    0.9156396 |
| 5870.2 |    0.8866265 |
| 5879.6 |    0.8484195 |
| 5888.9 |    0.8016611 |
| 5898.3 |    0.7474214 |
| 5907.7 |    0.6873809 |
| 5917.0 |    0.6237462 |
| 5926.4 |    0.5589983 |
| 5935.8 |    0.4955717 |
| 5945.1 |    0.4353697 |
| 5954.5 |    0.3797009 |
| 5963.9 |     0.329298 |
| 5973.2 |    0.2844193 |
| 5982.6 |    0.2449106 |
| 5992.0 |    0.2103984 |
| 6001.3 |    0.1805038 |
| 6010.7 |    0.1548161 |
| 6020.1 |    0.1325901 |
| 6029.4 |    0.1133282 |
| 6038.8 |   0.09668899 |
| 6048.2 |   0.08235896 |
| 6057.5 |   0.07003776 |
| 6066.9 |   0.05948893 |
| 6076.2 |   0.05045988 |
| 6085.6 |   0.04275419 |
| 6095.0 |   0.03625911 |
| 6104.3 |   0.03075759 |
| 6113.7 |   0.02612699 |
| 6123.1 |   0.02226463 |
| 6132.4 |    0.0190197 |
| 6141.8 |   0.01628518 |
| 6151.2 |   0.01401919 |
| 6160.5 |   0.01212386 |
| 6169.9 |   0.01054599 |
| 6179.3 |  0.009197438 |
| 6188.6 |  0.008056952 |
| 6198.0 |  0.007114926 |
| 6207.4 |  0.006300156 |
| 6216.7 |  0.005595207 |
| 6226.1 |  0.004979129 |
| 6235.5 |  0.004463681 |
| 6244.8 |  0.004015056 |
| 6254.2 |  0.003644852 |
| 6263.6 |  0.003296588 |
| 6272.9 |  0.003015776 |
| 6282.3 |  0.002779901 |
| 6291.7 |  0.002566325 |
| 6301.0 |  0.002375209 |
| 6310.4 |  0.002196068 |
| 6319.8 |  0.002027753 |
| 6329.1 |  0.001858917 |
| 6338.5 |  0.001723969 |
| 6347.9 |  0.001588631 |
| 6357.2 |  0.001475864 |
| 6366.6 |  0.001351194 |
| 6376.0 |   0.00124927 |
| 6385.3 |  0.001146986 |
| 6394.7 |  0.001067597 |
| 6404.1 | 0.0009877323 |
| 6413.4 | 0.0008957416 |
| 6422.8 | 0.0008035534 |
| 6432.1 | 0.0007111623 |
| 6441.5 | 0.0006419044 |
| 6450.9 | 0.0005958642 |
| 6460.2 | 0.0005380266 |
| 6469.6 | 0.0004800616 |
| 6479.0 | 0.0004454183 |
| 6488.3 | 0.0004341614 |
| 6497.7 | 0.0004111305 |
| 6507.1 | 0.0003760133 |
| 6516.4 | 0.0003172798 |
| 6525.8 | 0.0002467939 |
| 6535.2 | 0.0001997986 |
| 6544.5 | 0.0001527962 |
| 6553.9 | 9.403527e-05 |
| 6563.3 | 4.702051e-05 |
| 6572.6 | 1.175592e-05 |
