# Units:
#  "lambda" is in Angstroms
#  "pass" is the contribution to the detector signal per photon
# 
# Bandpass Names(s): z
# 
# collected by: Guangtun Zhu
# 
# from http://www.astro.caltech.edu/~capak/cosmos/filters/
# 
# on Mar 3rd 2009, NYU:
# 
# Note:
# 
|  lambda |         pass |
|  7914.0 | 0.0002158921 |
|  7928.3 | 0.0006349347 |
|  7942.6 |  0.001130089 |
|  7956.8 |  0.001599783 |
|  7971.1 |  0.002158265 |
|  7985.4 |  0.002805546 |
|  7999.7 |  0.003465385 |
|  8013.9 |  0.003906428 |
|  8028.2 |  0.004406135 |
|  8042.5 |  0.005001813 |
|  8056.8 |  0.005592399 |
|  8071.0 |  0.006314643 |
|  8085.3 |  0.007092349 |
|  8099.6 |   0.00813424 |
|  8113.8 |  0.009244865 |
|  8128.1 |   0.01034777 |
|  8142.4 |   0.01163693 |
|  8156.7 |   0.01333533 |
|  8170.9 |   0.01540381 |
|  8185.2 |   0.01766318 |
|  8199.5 |   0.02028014 |
|  8213.8 |   0.02321657 |
|  8228.0 |   0.02685538 |
|  8242.3 |   0.03137288 |
|  8256.6 |   0.03673763 |
|  8270.8 |   0.04287787 |
|  8285.1 |   0.05023284 |
|  8299.4 |   0.05904368 |
|  8313.7 |   0.07079597 |
|  8327.9 |   0.08528813 |
|  8342.2 |    0.1024326 |
|  8356.5 |    0.1229303 |
|  8370.8 |    0.1466943 |
|  8385.0 |     0.174532 |
|  8399.3 |    0.2074273 |
|  8413.6 |    0.2447259 |
|  8427.8 |    0.2871231 |
|  8442.1 |    0.3367156 |
|  8456.4 |    0.3891382 |
|  8470.7 |    0.4441842 |
|  8484.9 |    0.5030769 |
|  8499.2 |    0.5629032 |
|  8513.5 |    0.6208853 |
|  8527.8 |    0.6803412 |
|  8542.0 |    0.7383098 |
|  8556.3 |    0.7952522 |
|  8570.6 |    0.8389611 |
|  8584.8 |    0.8750309 |
|  8599.1 |    0.9130625 |
|  8613.4 |    0.9437791 |
|  8627.7 |    0.9638473 |
|  8641.9 |    0.9746231 |
|  8656.2 |    0.9819825 |
|  8670.5 |    0.9935627 |
|  8684.7 |          1.0 |
|  8699.0 |    0.9983641 |
|  8713.3 |     0.996273 |
|  8727.6 |    0.9923956 |
|  8741.8 |    0.9859564 |
|  8756.1 |     0.977725 |
|  8770.4 |    0.9688899 |
|  8784.7 |    0.9592985 |
|  8798.9 |    0.9502705 |
|  8813.2 |    0.9416398 |
|  8827.5 |    0.9351774 |
|  8841.7 |    0.9311611 |
|  8856.0 |    0.9275402 |
|  8870.3 |    0.9242203 |
|  8884.6 |    0.9219247 |
|  8898.8 |    0.9192992 |
|  8913.1 |    0.9005371 |
|  8927.4 |      0.87957 |
|  8941.7 |    0.8579721 |
|  8955.9 |    0.8361794 |
|  8970.2 |    0.8134182 |
|  8984.5 |    0.7969903 |
|  8998.7 |    0.7954933 |
|  9013.0 |    0.7910584 |
|  9027.3 |    0.7865077 |
|  9041.6 |    0.7818123 |
|  9055.8 |    0.7775587 |
|  9070.1 |    0.7707761 |
|  9084.4 |     0.763191 |
|  9098.7 |    0.7557699 |
|  9112.9 |    0.7484104 |
|  9127.2 |    0.7410742 |
|  9141.5 |    0.7340504 |
|  9155.7 |    0.7268936 |
|  9170.0 |    0.7187992 |
|  9184.3 |    0.7107743 |
|  9198.6 |    0.7027223 |
|  9212.8 |    0.6942151 |
|  9227.1 |    0.6857773 |
|  9241.4 |    0.6776694 |
|  9255.7 |    0.6698162 |
|  9269.9 |    0.6430523 |
|  9284.2 |    0.6082422 |
|  9298.5 |    0.5739433 |
|  9312.7 |     0.540852 |
|  9327.0 |    0.5083702 |
|  9341.3 |    0.4759638 |
|  9355.6 |    0.4590149 |
|  9369.8 |    0.4659056 |
|  9384.1 |    0.4721924 |
|  9398.4 |    0.4779121 |
|  9412.7 |    0.4827329 |
|  9426.9 |    0.4773662 |
|  9441.2 |    0.4613568 |
|  9455.5 |    0.4452433 |
|  9469.7 |     0.440409 |
|  9484.0 |    0.4403126 |
|  9498.3 |    0.4399576 |
|  9512.6 |    0.4309508 |
|  9526.8 |    0.4211839 |
|  9541.1 |    0.4126034 |
|  9555.4 |    0.4141659 |
|  9569.6 |    0.4155819 |
|  9583.9 |    0.4173798 |
|  9598.2 |    0.4203506 |
|  9612.5 |    0.4228005 |
|  9626.7 |    0.4250498 |
|  9641.0 |    0.4270386 |
|  9655.3 |    0.4284642 |
|  9669.6 |     0.429286 |
|  9683.8 |    0.4287497 |
|  9698.1 |    0.4273608 |
|  9712.4 |     0.414573 |
|  9726.6 |    0.3993893 |
|  9740.9 |    0.3839027 |
|  9755.2 |     0.375054 |
|  9769.5 |     0.364639 |
|  9783.7 |    0.3516852 |
|  9798.0 |     0.335971 |
|  9812.3 |    0.3167343 |
|  9826.6 |    0.2938401 |
|  9840.8 |    0.2685557 |
|  9855.1 |    0.2411571 |
|  9869.4 |    0.2112565 |
|  9883.6 |    0.1809402 |
|  9897.9 |     0.152274 |
|  9912.2 |    0.1264069 |
|  9926.5 |    0.1038346 |
|  9940.7 |   0.08414534 |
|  9955.0 |   0.06754028 |
|  9969.3 |   0.05382496 |
|  9983.6 |   0.04269576 |
|  9997.8 |   0.03385714 |
| 10012.1 |    0.0271594 |
| 10026.4 |    0.0219783 |
| 10040.6 |   0.01776617 |
| 10054.9 |   0.01449219 |
| 10069.2 |   0.01198532 |
| 10083.5 |   0.01005457 |
| 10097.7 |  0.008410676 |
| 10112.0 |  0.007110906 |
| 10126.3 |  0.006056225 |
| 10140.6 |  0.005128438 |
| 10154.8 |  0.004280321 |
| 10169.1 |  0.003565407 |
| 10183.4 |  0.002956862 |
| 10197.6 |  0.002467842 |
| 10211.9 |  0.002119182 |
| 10226.2 |  0.001796863 |
| 10240.5 |  0.001552037 |
| 10254.7 |  0.001362642 |
| 10269.0 |  0.001195836 |
| 10283.3 |  0.001090066 |
| 10297.6 | 0.0009562081 |
| 10311.8 | 0.0008827163 |
| 10326.1 | 0.0008045734 |
| 10340.4 |  0.000714318 |
| 10354.6 | 0.0006213868 |
| 10368.9 | 0.0005285464 |
| 10383.2 |  0.000490154 |
| 10397.5 | 0.0004180781 |
| 10411.7 | 0.0003661089 |
| 10426.0 | 0.0003064948 |
| 10440.3 | 0.0002716635 |
| 10454.5 | 0.0002588679 |
| 10468.8 | 0.0002377446 |
| 10483.1 | 0.0001974945 |
| 10497.4 | 0.0001412503 |
| 10511.6 | 0.0001358964 |
| 10525.9 | 0.0001404825 |
| 10540.2 | 0.0001477553 |
| 10554.5 | 0.0001382894 |
| 10568.7 | 0.0001259557 |
| 10583.0 | 0.0001141623 |
| 10597.3 | 0.0001081943 |
| 10611.5 | 0.0001125262 |
| 10625.8 |  9.91842e-05 |
| 10640.1 | 7.779002e-05 |
| 10654.4 | 5.806526e-05 |
| 10668.6 | 4.226635e-05 |
| 10682.9 | 3.059277e-05 |
| 10697.2 | 1.945604e-05 |
| 10711.5 | 1.153008e-05 |
| 10725.7 | 4.593737e-06 |
