# Units:
#  "lambda" is in Angstroms
#  "pass" is the contribution to the detector signal per photon
#         entering the atmosphere of Earth
# 
# Bandpass Name(s): z
# 
# Instrument: CTIO/MOSAIC-II 
# 
# Determined by: 
# 
# Date of determination: ???
# 
# Meaning of/Reason for default column: Only column available
# 
# Notes:
# 
# See the documentation in the CDFS_SWIRE directory
# 
# These curves correspond to the total transmission, a product
# of the T(transmission)*QE(CCD Quantum efficience)*ref(Telescope
# throughput) plus atmosphere at 1.0 airmass.
# 
# J. Moustakas, UCSD 2010-08-16
|  lambda |        pass |
|  6985.0 |         0.0 |
|  6990.0 |         0.0 |
|  6995.0 |         0.0 |
|  7000.0 |         0.0 |
|  7005.0 |         0.0 |
|  7010.0 |         0.0 |
|  7015.0 |         0.0 |
|  7020.0 |         0.0 |
|  7025.0 |         0.0 |
|  7030.0 |         0.0 |
|  7035.0 |         0.0 |
|  7040.0 |         0.0 |
|  7045.0 |         0.0 |
|  7050.0 |         0.0 |
|  7055.0 |         0.0 |
|  7060.0 |         0.0 |
|  7065.0 |         0.0 |
|  7070.0 |         0.0 |
|  7075.0 |         0.0 |
|  7080.0 |         0.0 |
|  7085.0 |         0.0 |
|  7090.0 |         0.0 |
|  7095.0 |         0.0 |
|  7100.0 |         0.0 |
|  7105.0 |         0.0 |
|  7110.0 |         0.0 |
|  7115.0 |         0.0 |
|  7120.0 |         0.0 |
|  7125.0 |         0.0 |
|  7130.0 |         0.0 |
|  7135.0 |         0.0 |
|  7140.0 |         0.0 |
|  7145.0 |         0.0 |
|  7150.0 |         0.0 |
|  7155.0 |         0.0 |
|  7160.0 |         0.0 |
|  7165.0 |         0.0 |
|  7170.0 |         0.0 |
|  7175.0 |         0.0 |
|  7180.0 |         0.0 |
|  7185.0 |         0.0 |
|  7190.0 |         0.0 |
|  7195.0 |         0.0 |
|  7200.0 |         0.0 |
|  7205.0 |         0.0 |
|  7210.0 |         0.0 |
|  7215.0 |         0.0 |
|  7220.0 |         0.0 |
|  7225.0 |         0.0 |
|  7230.0 |         0.0 |
|  7235.0 |         0.0 |
|  7240.0 |         0.0 |
|  7245.0 |         0.0 |
|  7250.0 |         0.0 |
|  7255.0 |         0.0 |
|  7260.0 |         0.0 |
|  7265.0 |         0.0 |
|  7270.0 |         0.0 |
|  7275.0 |         0.0 |
|  7280.0 |         0.0 |
|  7285.0 |         0.0 |
|  7290.0 |         0.0 |
|  7295.0 |         0.0 |
|  7300.0 |         0.0 |
|  7305.0 |         0.0 |
|  7310.0 |         0.0 |
|  7315.0 |         0.0 |
|  7320.0 | 3.73705e-05 |
|  7325.0 |         0.0 |
|  7330.0 |         0.0 |
|  7335.0 |         0.0 |
|  7340.0 |         0.0 |
|  7345.0 |         0.0 |
|  7350.0 |         0.0 |
|  7355.0 |         0.0 |
|  7360.0 |         0.0 |
|  7365.0 |         0.0 |
|  7370.0 |         0.0 |
|  7375.0 |         0.0 |
|  7380.0 |         0.0 |
|  7385.0 |         0.0 |
|  7390.0 |         0.0 |
|  7395.0 |         0.0 |
|  7400.0 |         0.0 |
|  7405.0 |         0.0 |
|  7410.0 |         0.0 |
|  7415.0 |         0.0 |
|  7420.0 |         0.0 |
|  7425.0 | 3.77083e-05 |
|  7430.0 |         0.0 |
|  7435.0 | 3.76513e-05 |
|  7440.0 |         0.0 |
|  7445.0 |         0.0 |
|  7450.0 | 3.75659e-05 |
|  7455.0 | 3.75374e-05 |
|  7460.0 | 3.75088e-05 |
|  7465.0 | 3.74803e-05 |
|  7470.0 | 3.74518e-05 |
|  7475.0 | 3.74233e-05 |
|  7480.0 | 3.73948e-05 |
|  7485.0 | 3.73662e-05 |
|  7490.0 | 3.73377e-05 |
|  7495.0 | 3.73091e-05 |
|  7500.0 | 7.45611e-05 |
|  7505.0 | 7.44709e-05 |
|  7510.0 | 3.71903e-05 |
|  7515.0 | 7.42904e-05 |
|  7520.0 | 3.71001e-05 |
|  7525.0 | 7.41098e-05 |
|  7530.0 | 7.40195e-05 |
|  7535.0 | 7.39292e-05 |
|  7540.0 | 7.38388e-05 |
|  7545.0 | 7.37485e-05 |
|  7550.0 | 7.36581e-05 |
|  7555.0 | 0.000110351 |
|  7560.0 | 7.34772e-05 |
|  7565.0 | 7.17328e-05 |
|  7570.0 | 7.09699e-05 |
|  7575.0 | 7.03693e-05 |
|  7580.0 | 0.000100568 |
|  7585.0 | 6.30436e-05 |
|  7590.0 | 9.05683e-05 |
|  7595.0 |  9.6089e-05 |
|  7600.0 | 6.24966e-05 |
|  7605.0 | 5.58008e-05 |
|  7610.0 | 9.53376e-05 |
|  7615.0 | 9.78402e-05 |
|  7620.0 | 8.04277e-05 |
|  7625.0 | 0.000103453 |
|  7630.0 | 0.000127964 |
|  7635.0 | 0.000132168 |
|  7640.0 | 0.000136848 |
|  7645.0 | 0.000142135 |
|  7650.0 | 0.000123997 |
|  7655.0 | 0.000183551 |
|  7660.0 | 0.000196624 |
|  7665.0 | 0.000239094 |
|  7670.0 | 0.000275507 |
|  7675.0 | 0.000283619 |
|  7680.0 | 0.000360577 |
|  7685.0 | 0.000336808 |
|  7690.0 | 0.000339454 |
|  7695.0 | 0.000342928 |
|  7700.0 | 0.000383686 |
|  7705.0 | 0.000418599 |
|  7710.0 | 0.000453584 |
|  7715.0 | 0.000418873 |
|  7720.0 | 0.000489054 |
|  7725.0 | 0.000524709 |
|  7730.0 | 0.000457115 |
|  7735.0 | 0.000596971 |
|  7740.0 | 0.000701383 |
|  7745.0 | 0.000700448 |
|  7750.0 | 0.000769463 |
|  7755.0 | 0.000768434 |
|  7760.0 | 0.000837168 |
|  7765.0 |  0.00087088 |
|  7770.0 | 0.000834922 |
|  7775.0 | 0.000938023 |
|  7780.0 |  0.00100615 |
|  7785.0 |  0.00107409 |
|  7790.0 |  0.00114184 |
|  7795.0 |  0.00117484 |
|  7800.0 |  0.00120776 |
|  7805.0 |  0.00134396 |
|  7810.0 |  0.00144537 |
|  7815.0 |  0.00144341 |
|  7820.0 |  0.00151008 |
|  7825.0 |  0.00167938 |
|  7830.0 |  0.00184821 |
|  7835.0 |   0.0019824 |
|  7840.0 |  0.00208207 |
|  7845.0 |  0.00228372 |
|  7850.0 |  0.00245077 |
|  7855.0 |  0.00251538 |
|  7860.0 |  0.00264768 |
|  7865.0 |   0.0029152 |
|  7870.0 |  0.00311427 |
|  7875.0 |  0.00321136 |
|  7880.0 |  0.00354446 |
|  7885.0 |  0.00380921 |
|  7890.0 |  0.00393855 |
|  7895.0 |  0.00430283 |
|  7900.0 |  0.00449823 |
|  7905.0 |  0.00486067 |
|  7910.0 |   0.0051886 |
|  7915.0 |  0.00548217 |
|  7920.0 |  0.00587503 |
|  7925.0 |  0.00650009 |
|  7930.0 |   0.0067905 |
|  7935.0 |  0.00754542 |
|  7940.0 |  0.00789986 |
|  7945.0 |  0.00802124 |
|  7950.0 |  0.00880422 |
|  7955.0 |  0.00932052 |
|  7960.0 |   0.0100663 |
|  7965.0 |   0.0109418 |
|  7970.0 |   0.0115844 |
|  7975.0 |   0.0123565 |
|  7980.0 |   0.0127654 |
|  7985.0 |   0.0136974 |
|  7990.0 |   0.0147248 |
|  7995.0 |   0.0154878 |
|  8000.0 |   0.0167053 |
|  8005.0 |   0.0176188 |
|  8010.0 |   0.0195689 |
|  8015.0 |   0.0201165 |
|  8020.0 |   0.0216659 |
|  8025.0 |   0.0225952 |
|  8030.0 |   0.0241016 |
|  8035.0 |    0.025731 |
|  8040.0 |   0.0272898 |
|  8045.0 |   0.0295483 |
|  8050.0 |   0.0308695 |
|  8055.0 |   0.0331443 |
|  8060.0 |   0.0339747 |
|  8065.0 |    0.036744 |
|  8070.0 |   0.0392165 |
|  8075.0 |   0.0414572 |
|  8080.0 |   0.0447021 |
|  8085.0 |    0.046544 |
|  8090.0 |   0.0494192 |
|  8095.0 |   0.0526293 |
|  8100.0 |   0.0548527 |
|  8105.0 |   0.0586035 |
|  8110.0 |    0.061093 |
|  8115.0 |   0.0638046 |
|  8120.0 |   0.0672347 |
|  8125.0 |   0.0702416 |
|  8130.0 |   0.0742442 |
|  8135.0 |   0.0764796 |
|  8140.0 |   0.0820428 |
|  8145.0 |   0.0838001 |
|  8150.0 |   0.0883078 |
|  8155.0 |   0.0904734 |
|  8160.0 |   0.0943978 |
|  8165.0 |   0.0972494 |
|  8170.0 |    0.102029 |
|  8175.0 |    0.105505 |
|  8180.0 |    0.111179 |
|  8185.0 |    0.116094 |
|  8190.0 |    0.122317 |
|  8195.0 |    0.126364 |
|  8200.0 |    0.134484 |
|  8205.0 |    0.140007 |
|  8210.0 |    0.146459 |
|  8215.0 |    0.150006 |
|  8220.0 |    0.152761 |
|  8225.0 |    0.157553 |
|  8230.0 |     0.16072 |
|  8235.0 |     0.16475 |
|  8240.0 |     0.17476 |
|  8245.0 |     0.18123 |
|  8250.0 |    0.187989 |
|  8255.0 |    0.194919 |
|  8260.0 |    0.200619 |
|  8265.0 |    0.206445 |
|  8270.0 |    0.212412 |
|  8275.0 |    0.216798 |
|  8280.0 |    0.223493 |
|  8285.0 |    0.226676 |
|  8290.0 |    0.235548 |
|  8295.0 |    0.239961 |
|  8300.0 |    0.247368 |
|  8305.0 |    0.252874 |
|  8310.0 |    0.257658 |
|  8315.0 |    0.263482 |
|  8320.0 |    0.270349 |
|  8325.0 |    0.276504 |
|  8330.0 |    0.279364 |
|  8335.0 |    0.284555 |
|  8340.0 |    0.293183 |
|  8345.0 |    0.296935 |
|  8350.0 |    0.303472 |
|  8355.0 |    0.307607 |
|  8360.0 |    0.312364 |
|  8365.0 |     0.31742 |
|  8370.0 |    0.321744 |
|  8375.0 |    0.327619 |
|  8380.0 |    0.334198 |
|  8385.0 |    0.338545 |
|  8390.0 |    0.347636 |
|  8395.0 |    0.343935 |
|  8400.0 |    0.354519 |
|  8405.0 |    0.354226 |
|  8410.0 |     0.35851 |
|  8415.0 |     0.36558 |
|  8420.0 |    0.367317 |
|  8425.0 |    0.374263 |
|  8430.0 |    0.377294 |
|  8435.0 |    0.379707 |
|  8440.0 |    0.386793 |
|  8445.0 |    0.388982 |
|  8450.0 |    0.385219 |
|  8455.0 |     0.39402 |
|  8460.0 |    0.393952 |
|  8465.0 |    0.397838 |
|  8470.0 |    0.398558 |
|  8475.0 |    0.407928 |
|  8480.0 |    0.409522 |
|  8485.0 |    0.408517 |
|  8490.0 |    0.413234 |
|  8495.0 |    0.418721 |
|  8500.0 |    0.415092 |
|  8505.0 |    0.416873 |
|  8510.0 |    0.415267 |
|  8515.0 |    0.424278 |
|  8520.0 |      0.4227 |
|  8525.0 |    0.426167 |
|  8530.0 |    0.429635 |
|  8535.0 |    0.426035 |
|  8540.0 |     0.42592 |
|  8545.0 |    0.430168 |
|  8550.0 |    0.424617 |
|  8555.0 |    0.428959 |
|  8560.0 |    0.430811 |
|  8565.0 |    0.435149 |
|  8570.0 |    0.432677 |
|  8575.0 |    0.434355 |
|  8580.0 |    0.436117 |
|  8585.0 |    0.438014 |
|  8590.0 |    0.438709 |
|  8595.0 |    0.437156 |
|  8600.0 |    0.437384 |
|  8605.0 |    0.437903 |
|  8610.0 |    0.438188 |
|  8615.0 |    0.438439 |
|  8620.0 |    0.439101 |
|  8625.0 |    0.438913 |
|  8630.0 |    0.439507 |
|  8635.0 |    0.439303 |
|  8640.0 |    0.439363 |
|  8645.0 |    0.439219 |
|  8650.0 |    0.438996 |
|  8655.0 |    0.438911 |
|  8660.0 |    0.438699 |
|  8665.0 |    0.438334 |
|  8670.0 |    0.438518 |
|  8675.0 |    0.438021 |
|  8680.0 |    0.437878 |
|  8685.0 |    0.437465 |
|  8690.0 |    0.436975 |
|  8695.0 |    0.436859 |
|  8700.0 |    0.436311 |
|  8705.0 |    0.435735 |
|  8710.0 |    0.435318 |
|  8715.0 |    0.434895 |
|  8720.0 |     0.43407 |
|  8725.0 |    0.433334 |
|  8730.0 |    0.432804 |
|  8735.0 |    0.432129 |
|  8740.0 |    0.431474 |
|  8745.0 |    0.430699 |
|  8750.0 |    0.430493 |
|  8755.0 |    0.429435 |
|  8760.0 |    0.428807 |
|  8765.0 |    0.428084 |
|  8770.0 |     0.42738 |
|  8775.0 |    0.426265 |
|  8780.0 |    0.425396 |
|  8785.0 |    0.424814 |
|  8790.0 |    0.423692 |
|  8795.0 |    0.422769 |
|  8800.0 |     0.42213 |
|  8805.0 |    0.420934 |
|  8810.0 |    0.420024 |
|  8815.0 |       0.419 |
|  8820.0 |    0.418061 |
|  8825.0 |    0.417251 |
|  8830.0 |    0.416241 |
|  8835.0 |    0.414903 |
|  8840.0 |    0.414083 |
|  8845.0 |    0.413195 |
|  8850.0 |    0.412089 |
|  8855.0 |    0.410874 |
|  8860.0 |    0.409529 |
|  8865.0 |    0.408588 |
|  8870.0 |    0.407432 |
|  8875.0 |     0.40619 |
|  8880.0 |    0.405284 |
|  8885.0 |    0.404059 |
|  8890.0 |    0.402938 |
|  8895.0 |    0.402002 |
|  8900.0 |    0.400751 |
|  8905.0 |    0.396999 |
|  8910.0 |    0.393833 |
|  8915.0 |    0.391328 |
|  8920.0 |    0.389536 |
|  8925.0 |    0.387257 |
|  8930.0 |    0.385393 |
|  8935.0 |    0.383322 |
|  8940.0 |    0.381583 |
|  8945.0 |    0.379692 |
|  8950.0 |    0.378189 |
|  8955.0 |     0.37627 |
|  8960.0 |     0.37463 |
|  8965.0 |    0.366654 |
|  8970.0 |     0.36091 |
|  8975.0 |    0.355694 |
|  8980.0 |    0.351058 |
|  8985.0 |    0.346866 |
|  8990.0 |    0.343142 |
|  8995.0 |    0.339573 |
|  9000.0 |    0.336999 |
|  9005.0 |    0.336471 |
|  9010.0 |    0.336122 |
|  9015.0 |    0.335951 |
|  9020.0 |    0.335238 |
|  9025.0 |    0.337697 |
|  9030.0 |    0.340839 |
|  9035.0 |    0.344822 |
|  9040.0 |    0.350135 |
|  9045.0 |     0.35885 |
|  9050.0 |    0.357493 |
|  9055.0 |    0.356519 |
|  9060.0 |    0.350719 |
|  9065.0 |    0.343109 |
|  9070.0 |    0.337563 |
|  9075.0 |    0.332721 |
|  9080.0 |    0.329443 |
|  9085.0 |     0.32805 |
|  9090.0 |     0.32676 |
|  9095.0 |    0.325238 |
|  9100.0 |    0.323852 |
|  9105.0 |    0.322616 |
|  9110.0 |    0.321086 |
|  9115.0 |    0.319902 |
|  9120.0 |    0.318458 |
|  9125.0 |    0.317033 |
|  9130.0 |    0.315659 |
|  9135.0 |    0.314174 |
|  9140.0 |    0.312788 |
|  9145.0 |     0.31169 |
|  9150.0 |    0.310306 |
|  9155.0 |    0.308956 |
|  9160.0 |    0.308185 |
|  9165.0 |    0.307777 |
|  9170.0 |    0.307884 |
|  9175.0 |    0.308012 |
|  9180.0 |    0.307732 |
|  9185.0 |    0.307889 |
|  9190.0 |    0.308107 |
|  9195.0 |    0.308225 |
|  9200.0 |    0.308926 |
|  9205.0 |    0.309569 |
|  9210.0 |    0.310501 |
|  9215.0 |    0.312265 |
|  9220.0 |    0.304799 |
|  9225.0 |    0.298503 |
|  9230.0 |    0.296357 |
|  9235.0 |    0.296275 |
|  9240.0 |    0.296448 |
|  9245.0 |     0.29702 |
|  9250.0 |     0.29732 |
|  9255.0 |    0.297026 |
|  9260.0 |    0.295141 |
|  9265.0 |    0.293618 |
|  9270.0 |    0.292124 |
|  9275.0 |    0.290333 |
|  9280.0 |    0.288469 |
|  9285.0 |    0.287057 |
|  9290.0 |    0.271766 |
|  9295.0 |     0.25272 |
|  9300.0 |    0.239773 |
|  9305.0 |    0.229311 |
|  9310.0 |     0.22093 |
|  9315.0 |    0.213424 |
|  9320.0 |    0.206488 |
|  9325.0 |    0.200435 |
|  9330.0 |    0.194806 |
|  9335.0 |    0.189424 |
|  9340.0 |    0.184671 |
|  9345.0 |    0.180038 |
|  9350.0 |    0.176962 |
|  9355.0 |     0.17835 |
|  9360.0 |    0.179589 |
|  9365.0 |    0.181262 |
|  9370.0 |    0.182932 |
|  9375.0 |    0.184653 |
|  9380.0 |    0.186474 |
|  9385.0 |    0.193247 |
|  9390.0 |    0.211051 |
|  9395.0 |    0.221716 |
|  9400.0 |    0.221904 |
|  9405.0 |    0.222429 |
|  9410.0 |    0.222698 |
|  9415.0 |    0.220594 |
|  9420.0 |    0.215628 |
|  9425.0 |    0.210971 |
|  9430.0 |    0.206269 |
|  9435.0 |     0.20253 |
|  9440.0 |    0.198479 |
|  9445.0 |    0.194826 |
|  9450.0 |    0.191418 |
|  9455.0 |    0.188665 |
|  9460.0 |    0.188188 |
|  9465.0 |    0.187981 |
|  9470.0 |    0.187509 |
|  9475.0 |    0.187249 |
|  9480.0 |    0.186848 |
|  9485.0 |    0.186385 |
|  9490.0 |       0.186 |
|  9495.0 |    0.185572 |
|  9500.0 |     0.18511 |
|  9505.0 |    0.184859 |
|  9510.0 |    0.184397 |
|  9515.0 |    0.184203 |
|  9520.0 |     0.18392 |
|  9525.0 |    0.183642 |
|  9530.0 |    0.183211 |
|  9535.0 |    0.182927 |
|  9540.0 |    0.182557 |
|  9545.0 |    0.182352 |
|  9550.0 |    0.182062 |
|  9555.0 |    0.181643 |
|  9560.0 |    0.181362 |
|  9565.0 |    0.181157 |
|  9570.0 |    0.180925 |
|  9575.0 |    0.180587 |
|  9580.0 |    0.180473 |
|  9585.0 |    0.180209 |
|  9590.0 |    0.179961 |
|  9595.0 |    0.179896 |
|  9600.0 |    0.179687 |
|  9605.0 |    0.179536 |
|  9610.0 |    0.179442 |
|  9615.0 |    0.178981 |
|  9620.0 |    0.178808 |
|  9625.0 |    0.178507 |
|  9630.0 |    0.178073 |
|  9635.0 |    0.177886 |
|  9640.0 |    0.177536 |
|  9645.0 |    0.177322 |
|  9650.0 |    0.177232 |
|  9655.0 |    0.176973 |
|  9660.0 |     0.17694 |
|  9665.0 |     0.17705 |
|  9670.0 |    0.177119 |
|  9675.0 |    0.177206 |
|  9680.0 |    0.177461 |
|  9685.0 |    0.177693 |
|  9690.0 |    0.178412 |
|  9695.0 |    0.179232 |
|  9700.0 |    0.180635 |
|  9705.0 |    0.183976 |
|  9710.0 |    0.185855 |
|  9715.0 |    0.184575 |
|  9720.0 |    0.183257 |
|  9725.0 |    0.181818 |
|  9730.0 |    0.180573 |
|  9735.0 |    0.179209 |
|  9740.0 |    0.177853 |
|  9745.0 |    0.176364 |
|  9750.0 |    0.175009 |
|  9755.0 |    0.173628 |
|  9760.0 |    0.172292 |
|  9765.0 |    0.171051 |
|  9770.0 |    0.169791 |
|  9775.0 |    0.168461 |
|  9780.0 |    0.167029 |
|  9785.0 |    0.165758 |
|  9790.0 |    0.164427 |
|  9795.0 |     0.16303 |
|  9800.0 |    0.161625 |
|  9805.0 |    0.160197 |
|  9810.0 |    0.158851 |
|  9815.0 |    0.157568 |
|  9820.0 |    0.156293 |
|  9825.0 |    0.154859 |
|  9830.0 |    0.153527 |
|  9835.0 |    0.152134 |
|  9840.0 |     0.15091 |
|  9845.0 |    0.149349 |
|  9850.0 |     0.14798 |
|  9855.0 |    0.146627 |
|  9860.0 |    0.145406 |
|  9865.0 |    0.144035 |
|  9870.0 |    0.142701 |
|  9875.0 |    0.141395 |
|  9880.0 |    0.140082 |
|  9885.0 |     0.13864 |
|  9890.0 |    0.137285 |
|  9895.0 |    0.135963 |
|  9900.0 |    0.134573 |
|  9905.0 |    0.133319 |
|  9910.0 |    0.131963 |
|  9915.0 |    0.130533 |
|  9920.0 |    0.129171 |
|  9925.0 |    0.127828 |
|  9930.0 |    0.126447 |
|  9935.0 |    0.125156 |
|  9940.0 |    0.123731 |
|  9945.0 |    0.122313 |
|  9950.0 |    0.121095 |
|  9955.0 |    0.119721 |
|  9960.0 |    0.118426 |
|  9965.0 |    0.117111 |
|  9970.0 |    0.115691 |
|  9975.0 |    0.114451 |
|  9980.0 |    0.112951 |
|  9985.0 |    0.111573 |
|  9990.0 |    0.110196 |
|  9995.0 |    0.108925 |
| 10000.0 |    0.107526 |
| 10005.0 |    0.105785 |
| 10010.0 |    0.103967 |
| 10015.0 |    0.102218 |
| 10020.0 |    0.100401 |
| 10025.0 |   0.0985603 |
| 10030.0 |   0.0967653 |
| 10035.0 |   0.0949945 |
| 10040.0 |   0.0931898 |
| 10045.0 |   0.0913623 |
| 10050.0 |   0.0896046 |
| 10055.0 |   0.0878053 |
| 10060.0 |   0.0860411 |
| 10065.0 |    0.084246 |
| 10070.0 |   0.0824132 |
| 10075.0 |   0.0806561 |
| 10080.0 |   0.0788212 |
| 10085.0 |   0.0770039 |
| 10090.0 |   0.0752644 |
| 10095.0 |   0.0734213 |
| 10100.0 |   0.0716538 |
| 10105.0 |   0.0699386 |
| 10110.0 |   0.0681155 |
| 10115.0 |   0.0662838 |
| 10120.0 |   0.0645002 |
| 10125.0 |   0.0627385 |
| 10130.0 |   0.0609193 |
| 10135.0 |   0.0589149 |
| 10140.0 |   0.0573583 |
| 10145.0 |   0.0555642 |
| 10150.0 |   0.0537783 |
| 10155.0 |   0.0519497 |
| 10160.0 |   0.0501798 |
| 10165.0 |   0.0483394 |
| 10170.0 |   0.0465901 |
| 10175.0 |   0.0447557 |
| 10180.0 |   0.0429489 |
| 10185.0 |   0.0411832 |
| 10190.0 |   0.0393894 |
| 10195.0 |   0.0375979 |
| 10200.0 |   0.0358429 |
| 10205.0 |    0.034022 |
| 10210.0 |   0.0322433 |
| 10215.0 |   0.0304573 |
| 10220.0 |   0.0286619 |
| 10225.0 |   0.0268752 |
| 10230.0 |    0.025061 |
| 10235.0 |   0.0232726 |
| 10240.0 |   0.0214851 |
| 10245.0 |   0.0196878 |
| 10250.0 |   0.0179048 |
| 10255.0 |    0.016113 |
| 10260.0 |   0.0143222 |
| 10265.0 |   0.0125341 |
| 10270.0 |   0.0107367 |
| 10275.0 |  0.00895063 |
| 10280.0 |  0.00716215 |
| 10285.0 |  0.00536992 |
| 10290.0 |  0.00357783 |
| 10295.0 |  0.00178977 |
| 10300.0 |         0.0 |
| 10305.0 |         0.0 |
| 10310.0 |         0.0 |
| 10315.0 |         0.0 |
| 10320.0 |         0.0 |
| 10325.0 |         0.0 |
| 10330.0 |         0.0 |
| 10335.0 |         0.0 |
| 10340.0 |         0.0 |
| 10345.0 |         0.0 |
| 10350.0 |         0.0 |
| 10355.0 |         0.0 |
| 10360.0 |         0.0 |
| 10365.0 |         0.0 |
| 10370.0 |         0.0 |
| 10375.0 |         0.0 |
| 10380.0 |         0.0 |
| 10385.0 |         0.0 |
| 10390.0 |         0.0 |
| 10395.0 |         0.0 |
| 10400.0 |         0.0 |
| 10405.0 |         0.0 |
| 10410.0 |         0.0 |
| 10415.0 |         0.0 |
| 10420.0 |         0.0 |
| 10425.0 |         0.0 |
| 10430.0 |         0.0 |
| 10435.0 |         0.0 |
| 10440.0 |         0.0 |
| 10445.0 |         0.0 |
| 10450.0 |         0.0 |
| 10455.0 |         0.0 |
| 10460.0 |         0.0 |
| 10465.0 |         0.0 |
| 10470.0 |         0.0 |
| 10475.0 |         0.0 |
| 10480.0 |         0.0 |
| 10485.0 |         0.0 |
| 10490.0 |         0.0 |
| 10495.0 |         0.0 |
| 10500.0 |         0.0 |
| 10505.0 |         0.0 |
| 10510.0 |         0.0 |
| 10515.0 |         0.0 |
| 10520.0 |         0.0 |
| 10525.0 |         0.0 |
| 10530.0 |         0.0 |
| 10535.0 |         0.0 |
| 10540.0 |         0.0 |
| 10545.0 |         0.0 |
| 10550.0 |         0.0 |
| 10555.0 |         0.0 |
| 10560.0 |         0.0 |
| 10565.0 |         0.0 |
| 10570.0 |         0.0 |
| 10575.0 |         0.0 |
| 10580.0 |         0.0 |
| 10585.0 |         0.0 |
| 10590.0 |         0.0 |
| 10595.0 |         0.0 |
| 10600.0 |         0.0 |
| 10605.0 |         0.0 |
| 10610.0 |         0.0 |
| 10615.0 |         0.0 |
| 10620.0 |         0.0 |
| 10625.0 |         0.0 |
| 10630.0 |         0.0 |
| 10635.0 |         0.0 |
| 10640.0 |         0.0 |
| 10645.0 |         0.0 |
| 10650.0 |         0.0 |
| 10655.0 |         0.0 |
| 10660.0 |         0.0 |
| 10665.0 |         0.0 |
| 10670.0 |         0.0 |
| 10675.0 |         0.0 |
| 10680.0 |         0.0 |
| 10685.0 |         0.0 |
| 10690.0 |         0.0 |
| 10695.0 |         0.0 |
| 10700.0 |         0.0 |
| 10705.0 |         0.0 |
| 10710.0 |         0.0 |
| 10715.0 |         0.0 |
| 10720.0 |         0.0 |
| 10725.0 |         0.0 |
| 10730.0 |         0.0 |
| 10735.0 |         0.0 |
| 10740.0 |         0.0 |
| 10745.0 |         0.0 |
| 10750.0 |         0.0 |
| 10755.0 |         0.0 |
| 10760.0 |         0.0 |
| 10765.0 |         0.0 |
| 10770.0 |         0.0 |
| 10775.0 |         0.0 |
| 10780.0 |         0.0 |
| 10785.0 |         0.0 |
| 10790.0 |         0.0 |
| 10795.0 |         0.0 |
| 10800.0 |         0.0 |
| 10805.0 |         0.0 |
| 10810.0 |         0.0 |
| 10815.0 |         0.0 |
| 10820.0 |         0.0 |
| 10825.0 |         0.0 |
| 10830.0 |         0.0 |
| 10835.0 |         0.0 |
| 10840.0 |         0.0 |
| 10845.0 |         0.0 |
| 10850.0 |         0.0 |
| 10855.0 |         0.0 |
| 10860.0 |         0.0 |
| 10865.0 |         0.0 |
| 10870.0 |         0.0 |
| 10875.0 |         0.0 |
| 10880.0 |         0.0 |
| 10885.0 |         0.0 |
| 10890.0 |         0.0 |
| 10895.0 |         0.0 |
| 10900.0 |         0.0 |
| 10905.0 |         0.0 |
| 10910.0 |         0.0 |
| 10915.0 |         0.0 |
| 10920.0 |         0.0 |
| 10925.0 |         0.0 |
| 10930.0 |         0.0 |
| 10935.0 |         0.0 |
| 10940.0 |         0.0 |
| 10945.0 |         0.0 |
| 10950.0 |         0.0 |
| 10955.0 |         0.0 |
| 10960.0 |         0.0 |
| 10965.0 |         0.0 |
| 10970.0 |         0.0 |
| 10975.0 |         0.0 |
| 10980.0 |         0.0 |
| 10985.0 |         0.0 |
