# Units:
#  "lambda" is in Angstroms
#  "pass" is the contribution to the detector signal per photon
#         entering the atmosphere of Earth
# 
# Bandpass Name(s): r
# 
# Instrument: CTIO/MOSAIC-II 
# 
# Determined by: 
# 
# Date of determination: ???
# 
# Meaning of/Reason for default column: Only column available
# 
# Notes:
# 
# See the documentation in the CDFS_SWIRE directory
# 
# These curves correspond to the total transmission, a product
# of the T(transmission)*QE(CCD Quantum efficience)*ref(Telescope
# throughput) plus atmosphere at 1.0 airmass.
# 
# J. Moustakas, UCSD 2010-08-16
| lambda |        pass |
| 5285.0 |         0.0 |
| 5290.0 |         0.0 |
| 5295.0 |         0.0 |
| 5300.0 |         0.0 |
| 5305.0 |         0.0 |
| 5310.0 |         0.0 |
| 5315.0 |         0.0 |
| 5320.0 |         0.0 |
| 5325.0 |         0.0 |
| 5330.0 |         0.0 |
| 5335.0 |         0.0 |
| 5340.0 |         0.0 |
| 5345.0 |         0.0 |
| 5350.0 |         0.0 |
| 5355.0 |         0.0 |
| 5360.0 | 3.44761e-05 |
| 5365.0 | 3.45063e-05 |
| 5370.0 |  0.00010361 |
| 5375.0 | 0.000207401 |
| 5380.0 | 0.000380569 |
| 5385.0 | 0.000623295 |
| 5390.0 |  0.00107439 |
| 5395.0 |  0.00169972 |
| 5400.0 |  0.00267332 |
| 5405.0 |  0.00392635 |
| 5410.0 |  0.00563346 |
| 5415.0 |  0.00793495 |
| 5420.0 |   0.0110064 |
| 5425.0 |   0.0146405 |
| 5430.0 |   0.0192922 |
| 5435.0 |   0.0249289 |
| 5440.0 |   0.0315182 |
| 5445.0 |   0.0389572 |
| 5450.0 |   0.0475981 |
| 5455.0 |   0.0573387 |
| 5460.0 |   0.0683919 |
| 5465.0 |   0.0805503 |
| 5470.0 |   0.0936761 |
| 5475.0 |    0.107736 |
| 5480.0 |    0.123085 |
| 5485.0 |    0.138986 |
| 5490.0 |     0.15604 |
| 5495.0 |    0.173791 |
| 5500.0 |    0.190687 |
| 5505.0 |    0.209374 |
| 5510.0 |    0.227064 |
| 5515.0 |    0.245172 |
| 5520.0 |     0.26306 |
| 5525.0 |    0.280515 |
| 5530.0 |    0.297998 |
| 5535.0 |    0.315046 |
| 5540.0 |    0.330523 |
| 5545.0 |    0.345989 |
| 5550.0 |    0.360519 |
| 5555.0 |    0.374466 |
| 5560.0 |    0.387722 |
| 5565.0 |    0.400357 |
| 5570.0 |    0.412584 |
| 5575.0 |    0.425257 |
| 5580.0 |    0.436557 |
| 5585.0 |    0.447623 |
| 5590.0 |    0.459065 |
| 5595.0 |    0.469807 |
| 5600.0 |    0.478703 |
| 5605.0 |     0.48906 |
| 5610.0 |    0.497888 |
| 5615.0 |     0.50734 |
| 5620.0 |    0.515942 |
| 5625.0 |    0.525096 |
| 5630.0 |    0.533327 |
| 5635.0 |    0.542254 |
| 5640.0 |    0.549391 |
| 5645.0 |    0.556827 |
| 5650.0 |    0.564381 |
| 5655.0 |    0.570899 |
| 5660.0 |    0.576124 |
| 5665.0 |    0.581537 |
| 5670.0 |    0.587392 |
| 5675.0 |    0.592856 |
| 5680.0 |    0.596334 |
| 5685.0 |    0.601304 |
| 5690.0 |    0.604428 |
| 5695.0 |    0.608138 |
| 5700.0 |    0.610944 |
| 5705.0 |    0.613899 |
| 5710.0 |    0.616822 |
| 5715.0 |    0.620185 |
| 5720.0 |    0.622131 |
| 5725.0 |    0.624079 |
| 5730.0 |    0.628403 |
| 5735.0 |    0.629809 |
| 5740.0 |    0.632167 |
| 5745.0 |    0.634272 |
| 5750.0 |    0.636416 |
| 5755.0 |      0.6386 |
| 5760.0 |    0.639098 |
| 5765.0 |    0.640331 |
| 5770.0 |    0.643072 |
| 5775.0 |    0.643206 |
| 5780.0 |    0.643339 |
| 5785.0 |    0.644908 |
| 5790.0 |    0.643016 |
| 5795.0 |     0.64429 |
| 5800.0 |    0.644202 |
| 5805.0 |     0.64268 |
| 5810.0 |    0.641413 |
| 5815.0 |    0.641661 |
| 5820.0 |    0.639948 |
| 5825.0 |    0.638083 |
| 5830.0 |    0.637031 |
| 5835.0 |    0.636422 |
| 5840.0 |    0.633919 |
| 5845.0 |    0.634791 |
| 5850.0 |    0.633471 |
| 5855.0 |    0.633228 |
| 5860.0 |    0.632909 |
| 5865.0 |    0.633445 |
| 5870.0 |    0.634354 |
| 5875.0 |    0.634295 |
| 5880.0 |    0.635913 |
| 5885.0 |    0.637085 |
| 5890.0 |    0.640014 |
| 5895.0 |    0.643543 |
| 5900.0 |     0.64618 |
| 5905.0 |    0.649044 |
| 5910.0 |    0.652698 |
| 5915.0 |    0.655869 |
| 5920.0 |    0.659831 |
| 5925.0 |    0.662747 |
| 5930.0 |     0.66623 |
| 5935.0 |    0.671144 |
| 5940.0 |    0.673659 |
| 5945.0 |    0.677117 |
| 5950.0 |    0.679149 |
| 5955.0 |    0.683405 |
| 5960.0 |    0.685594 |
| 5965.0 |    0.687671 |
| 5970.0 |    0.688204 |
| 5975.0 |    0.690209 |
| 5980.0 |    0.690214 |
| 5985.0 |     0.68984 |
| 5990.0 |    0.689276 |
| 5995.0 |    0.689657 |
| 6000.0 |    0.689129 |
| 6005.0 |    0.688075 |
| 6010.0 |    0.686376 |
| 6015.0 |    0.684712 |
| 6020.0 |    0.682174 |
| 6025.0 |    0.681799 |
| 6030.0 |    0.679788 |
| 6035.0 |    0.676864 |
| 6040.0 |    0.674203 |
| 6045.0 |    0.674355 |
| 6050.0 |    0.672756 |
| 6055.0 |    0.672602 |
| 6060.0 |    0.670925 |
| 6065.0 |    0.670846 |
| 6070.0 |    0.671072 |
| 6075.0 |    0.669658 |
| 6080.0 |    0.671754 |
| 6085.0 |    0.672782 |
| 6090.0 |    0.673697 |
| 6095.0 |    0.674841 |
| 6100.0 |    0.675757 |
| 6105.0 |    0.677494 |
| 6110.0 |    0.679271 |
| 6115.0 |    0.681509 |
| 6120.0 |    0.684287 |
| 6125.0 |     0.68607 |
| 6130.0 |    0.688929 |
| 6135.0 |    0.691946 |
| 6140.0 |    0.693467 |
| 6145.0 |    0.695105 |
| 6150.0 |     0.69836 |
| 6155.0 |    0.701581 |
| 6160.0 |    0.703264 |
| 6165.0 |    0.704564 |
| 6170.0 |    0.706944 |
| 6175.0 |    0.707707 |
| 6180.0 |    0.711327 |
| 6185.0 |    0.710973 |
| 6190.0 |     0.71313 |
| 6195.0 |    0.713549 |
| 6200.0 |    0.713582 |
| 6205.0 |    0.714881 |
| 6210.0 |    0.716336 |
| 6215.0 |    0.714886 |
| 6220.0 |    0.712852 |
| 6225.0 |    0.713221 |
| 6230.0 |    0.712115 |
| 6235.0 |    0.710852 |
| 6240.0 |    0.708499 |
| 6245.0 |    0.708515 |
| 6250.0 |     0.70608 |
| 6255.0 |     0.70407 |
| 6260.0 |    0.701006 |
| 6265.0 |    0.699731 |
| 6270.0 |    0.696036 |
| 6275.0 |    0.695575 |
| 6280.0 |    0.693162 |
| 6285.0 |     0.68969 |
| 6290.0 |    0.689068 |
| 6295.0 |     0.68649 |
| 6300.0 |    0.684377 |
| 6305.0 |    0.682889 |
| 6310.0 |    0.681869 |
| 6315.0 |    0.679514 |
| 6320.0 |    0.679197 |
| 6325.0 |    0.677897 |
| 6330.0 |    0.676988 |
| 6335.0 |    0.677925 |
| 6340.0 |    0.676504 |
| 6345.0 |    0.679211 |
| 6350.0 |    0.677119 |
| 6355.0 |    0.680617 |
| 6360.0 |    0.681282 |
| 6365.0 |    0.685731 |
| 6370.0 |    0.686872 |
| 6375.0 |    0.690738 |
| 6380.0 |    0.692909 |
| 6385.0 |    0.696861 |
| 6390.0 |    0.701213 |
| 6395.0 |    0.705094 |
| 6400.0 |    0.709455 |
| 6405.0 |    0.713503 |
| 6410.0 |    0.716169 |
| 6415.0 |    0.721217 |
| 6420.0 |    0.725358 |
| 6425.0 |    0.730019 |
| 6430.0 |    0.730912 |
| 6435.0 |    0.733912 |
| 6440.0 |    0.736359 |
| 6445.0 |    0.736619 |
| 6450.0 |    0.739149 |
| 6455.0 |    0.737579 |
| 6460.0 |    0.738637 |
| 6465.0 |     0.73842 |
| 6470.0 |     0.73521 |
| 6475.0 |    0.734311 |
| 6480.0 |    0.731414 |
| 6485.0 |    0.728913 |
| 6490.0 |    0.726809 |
| 6495.0 |    0.722261 |
| 6500.0 |     0.71995 |
| 6505.0 |    0.715468 |
| 6510.0 |    0.710745 |
| 6515.0 |    0.707344 |
| 6520.0 |    0.702501 |
| 6525.0 |    0.699139 |
| 6530.0 |    0.694977 |
| 6535.0 |    0.690694 |
| 6540.0 |    0.689574 |
| 6545.0 |    0.687054 |
| 6550.0 |    0.684893 |
| 6555.0 |    0.684133 |
| 6560.0 |    0.682613 |
| 6565.0 |    0.682614 |
| 6570.0 |    0.683496 |
| 6575.0 |    0.685059 |
| 6580.0 |    0.685981 |
| 6585.0 |    0.688024 |
| 6590.0 |    0.688986 |
| 6595.0 |    0.692671 |
| 6600.0 |    0.694313 |
| 6605.0 |    0.696396 |
| 6610.0 |     0.69932 |
| 6615.0 |    0.702084 |
| 6620.0 |    0.705568 |
| 6625.0 |    0.705769 |
| 6630.0 |    0.709614 |
| 6635.0 |    0.711977 |
| 6640.0 |    0.713779 |
| 6645.0 |    0.716383 |
| 6650.0 |    0.713701 |
| 6655.0 |    0.715903 |
| 6660.0 |    0.716585 |
| 6665.0 |    0.715304 |
| 6670.0 |    0.714984 |
| 6675.0 |    0.712462 |
| 6680.0 |    0.709219 |
| 6685.0 |    0.708619 |
| 6690.0 |    0.705977 |
| 6695.0 |    0.703615 |
| 6700.0 |    0.703055 |
| 6705.0 |    0.700732 |
| 6710.0 |    0.698811 |
| 6715.0 |    0.695488 |
| 6720.0 |    0.693886 |
| 6725.0 |    0.693926 |
| 6730.0 |    0.690763 |
| 6735.0 |    0.691484 |
| 6740.0 |    0.690243 |
| 6745.0 |    0.688881 |
| 6750.0 |    0.690123 |
| 6755.0 |    0.689682 |
| 6760.0 |     0.68756 |
| 6765.0 |       0.688 |
| 6770.0 |    0.686038 |
| 6775.0 |    0.685797 |
| 6780.0 |    0.686598 |
| 6785.0 |    0.683795 |
| 6790.0 |    0.680952 |
| 6795.0 |    0.676707 |
| 6800.0 |    0.672622 |
| 6805.0 |    0.667377 |
| 6810.0 |     0.66133 |
| 6815.0 |    0.657126 |
| 6820.0 |    0.653482 |
| 6825.0 |    0.643591 |
| 6830.0 |    0.637785 |
| 6835.0 |    0.632779 |
| 6840.0 |    0.624971 |
| 6845.0 |    0.614333 |
| 6850.0 |    0.605809 |
| 6855.0 |    0.592479 |
| 6860.0 |    0.569788 |
| 6865.0 |    0.556875 |
| 6870.0 |    0.546036 |
| 6875.0 |    0.538951 |
| 6880.0 |    0.539216 |
| 6885.0 |    0.543188 |
| 6890.0 |    0.548728 |
| 6895.0 |    0.552512 |
| 6900.0 |    0.560231 |
| 6905.0 |    0.568927 |
| 6910.0 |    0.577568 |
| 6915.0 |    0.586011 |
| 6920.0 |    0.595223 |
| 6925.0 |    0.606186 |
| 6930.0 |    0.618881 |
| 6935.0 |    0.620715 |
| 6940.0 |    0.624007 |
| 6945.0 |    0.625663 |
| 6950.0 |    0.626359 |
| 6955.0 |    0.629811 |
| 6960.0 |    0.633884 |
| 6965.0 |    0.642857 |
| 6970.0 |    0.653159 |
| 6975.0 |     0.66848 |
| 6980.0 |    0.688477 |
| 6985.0 |    0.704289 |
| 6990.0 |    0.711533 |
| 6995.0 |    0.701202 |
| 7000.0 |     0.65817 |
| 7005.0 |    0.582991 |
| 7010.0 |    0.481001 |
| 7015.0 |    0.367714 |
| 7020.0 |    0.265629 |
| 7025.0 |    0.186457 |
| 7030.0 |    0.128918 |
| 7035.0 |   0.0886269 |
| 7040.0 |   0.0618082 |
| 7045.0 |    0.043461 |
| 7050.0 |   0.0311034 |
| 7055.0 |   0.0223785 |
| 7060.0 |   0.0163263 |
| 7065.0 |   0.0121079 |
| 7070.0 |  0.00896599 |
| 7075.0 |  0.00674001 |
| 7080.0 |  0.00507158 |
| 7085.0 |  0.00384084 |
| 7090.0 |  0.00288867 |
| 7095.0 |  0.00229363 |
| 7100.0 |  0.00185743 |
| 7105.0 |   0.0014218 |
| 7110.0 |  0.00110513 |
| 7115.0 | 0.000907198 |
| 7120.0 | 0.000709522 |
| 7125.0 | 0.000590885 |
| 7130.0 | 0.000472402 |
| 7135.0 | 0.000393413 |
| 7140.0 |  0.00027521 |
| 7145.0 | 0.000235726 |
| 7150.0 |  0.00019488 |
| 7155.0 | 0.000155079 |
| 7160.0 | 0.000115849 |
| 7165.0 | 0.000114128 |
| 7170.0 | 0.000112488 |
| 7175.0 | 7.41687e-05 |
| 7180.0 | 7.34785e-05 |
| 7185.0 | 3.64361e-05 |
| 7190.0 | 3.64047e-05 |
| 7195.0 | 3.64377e-05 |
| 7200.0 |         0.0 |
| 7205.0 | 3.66844e-05 |
| 7210.0 |         0.0 |
| 7215.0 |         0.0 |
| 7220.0 |         0.0 |
| 7225.0 |         0.0 |
| 7230.0 |         0.0 |
| 7235.0 |         0.0 |
