# Units:
#  "lambda" is in Angstroms
#  "pass" is the contribution to the detector signal per photon
#         entering the atmosphere of Earth
# 
# Bandpass Name(s): U
# 
# Instrument: CTIO/MOSAIC-II 
# 
# Determined by: 
# 
# Date of determination: ???
# 
# Meaning of/Reason for default column: Only column available
# 
# Notes:
# 
# See the documentation in the CDFS_SWIRE directory
# 
# These curves correspond to the total transmission, a product
# of the T(transmission)*QE(CCD Quantum efficience)*ref(Telescope
# throughput) plus atmosphere at 1.0 airmass.
# 
# J. Moustakas, UCSD 2010-08-16
| lambda |        pass |
| 2985.0 |         0.0 |
| 2987.0 |         0.0 |
| 2989.0 |         0.0 |
| 2991.0 |         0.0 |
| 2993.0 |         0.0 |
| 2995.0 |         0.0 |
| 2997.0 |         0.0 |
| 2999.0 |         0.0 |
| 3001.0 |         0.0 |
| 3003.0 |         0.0 |
| 3005.0 |         0.0 |
| 3007.0 |         0.0 |
| 3009.0 |         0.0 |
| 3011.0 |         0.0 |
| 3013.0 |         0.0 |
| 3015.0 |         0.0 |
| 3017.0 |         0.0 |
| 3019.0 |         0.0 |
| 3021.0 |         0.0 |
| 3023.0 |         0.0 |
| 3025.0 |         0.0 |
| 3027.0 |         0.0 |
| 3029.0 |         0.0 |
| 3031.0 |         0.0 |
| 3033.0 |         0.0 |
| 3035.0 |         0.0 |
| 3037.0 |         0.0 |
| 3039.0 |         0.0 |
| 3041.0 |         0.0 |
| 3043.0 |         0.0 |
| 3045.0 |         0.0 |
| 3047.0 |         0.0 |
| 3049.0 |         0.0 |
| 3051.0 |         0.0 |
| 3053.0 |         0.0 |
| 3055.0 |         0.0 |
| 3057.0 |         0.0 |
| 3059.0 |         0.0 |
| 3061.0 |         0.0 |
| 3063.0 |         0.0 |
| 3065.0 |         0.0 |
| 3067.0 |         0.0 |
| 3069.0 |         0.0 |
| 3071.0 |         0.0 |
| 3073.0 |         0.0 |
| 3075.0 |         0.0 |
| 3077.0 |         0.0 |
| 3079.0 |         0.0 |
| 3081.0 |         0.0 |
| 3083.0 |         0.0 |
| 3085.0 |         0.0 |
| 3087.0 |         0.0 |
| 3089.0 |         0.0 |
| 3091.0 |         0.0 |
| 3093.0 |         0.0 |
| 3095.0 |         0.0 |
| 3097.0 |         0.0 |
| 3099.0 |         0.0 |
| 3101.0 |         0.0 |
| 3103.0 |         0.0 |
| 3105.0 |         0.0 |
| 3107.0 |         0.0 |
| 3109.0 |         0.0 |
| 3111.0 |         0.0 |
| 3113.0 |         0.0 |
| 3115.0 |         0.0 |
| 3117.0 |         0.0 |
| 3119.0 |         0.0 |
| 3121.0 |         0.0 |
| 3123.0 |         0.0 |
| 3125.0 |         0.0 |
| 3127.0 |         0.0 |
| 3129.0 |         0.0 |
| 3131.0 |         0.0 |
| 3133.0 |         0.0 |
| 3135.0 |         0.0 |
| 3137.0 |         0.0 |
| 3139.0 |         0.0 |
| 3141.0 |         0.0 |
| 3143.0 |         0.0 |
| 3145.0 |         0.0 |
| 3147.0 |         0.0 |
| 3149.0 |         0.0 |
| 3151.0 |         0.0 |
| 3153.0 |         0.0 |
| 3155.0 |         0.0 |
| 3157.0 |         0.0 |
| 3159.0 |         0.0 |
| 3161.0 |         0.0 |
| 3163.0 |         0.0 |
| 3165.0 |         0.0 |
| 3167.0 |         0.0 |
| 3169.0 |         0.0 |
| 3171.0 |         0.0 |
| 3173.0 |         0.0 |
| 3175.0 |         0.0 |
| 3177.0 |         0.0 |
| 3179.0 |         0.0 |
| 3181.0 |         0.0 |
| 3183.0 |         0.0 |
| 3185.0 |         0.0 |
| 3187.0 |         0.0 |
| 3189.0 |         0.0 |
| 3191.0 |         0.0 |
| 3193.0 |         0.0 |
| 3195.0 |         0.0 |
| 3197.0 |         0.0 |
| 3199.0 |         0.0 |
| 3201.0 |         0.0 |
| 3203.0 |         0.0 |
| 3205.0 |         0.0 |
| 3207.0 |         0.0 |
| 3209.0 |         0.0 |
| 3211.0 |         0.0 |
| 3213.0 |         0.0 |
| 3215.0 |         0.0 |
| 3217.0 |         0.0 |
| 3219.0 |         0.0 |
| 3221.0 |         0.0 |
| 3223.0 |         0.0 |
| 3225.0 |         0.0 |
| 3227.0 |         0.0 |
| 3229.0 |         0.0 |
| 3231.0 |         0.0 |
| 3233.0 |         0.0 |
| 3235.0 |         0.0 |
| 3237.0 |         0.0 |
| 3239.0 |         0.0 |
| 3241.0 |         0.0 |
| 3243.0 |         0.0 |
| 3245.0 |         0.0 |
| 3247.0 |         0.0 |
| 3249.0 |         0.0 |
| 3251.0 |         0.0 |
| 3253.0 |         0.0 |
| 3255.0 |         0.0 |
| 3257.0 |         0.0 |
| 3259.0 |         0.0 |
| 3261.0 |         0.0 |
| 3263.0 |         0.0 |
| 3265.0 |         0.0 |
| 3267.0 |         0.0 |
| 3269.0 |         0.0 |
| 3271.0 |         0.0 |
| 3273.0 |         0.0 |
| 3275.0 |         0.0 |
| 3277.0 |         0.0 |
| 3279.0 |         0.0 |
| 3281.0 |         0.0 |
| 3283.0 |         0.0 |
| 3285.0 |         0.0 |
| 3287.0 |         0.0 |
| 3289.0 |         0.0 |
| 3291.0 |         0.0 |
| 3293.0 |         0.0 |
| 3295.0 |         0.0 |
| 3297.0 |         0.0 |
| 3299.0 |         0.0 |
| 3301.0 | 0.000991642 |
| 3303.0 |  0.00297743 |
| 3305.0 |  0.00502111 |
| 3307.0 |  0.00704956 |
| 3309.0 |  0.00913798 |
| 3311.0 |   0.0115044 |
| 3313.0 |   0.0135576 |
| 3315.0 |   0.0157327 |
| 3317.0 |   0.0181245 |
| 3319.0 |   0.0205629 |
| 3321.0 |   0.0227092 |
| 3323.0 |   0.0252784 |
| 3325.0 |   0.0275397 |
| 3327.0 |   0.0298959 |
| 3329.0 |   0.0325523 |
| 3331.0 |   0.0349852 |
| 3333.0 |   0.0385003 |
| 3335.0 |   0.0410463 |
| 3337.0 |   0.0429691 |
| 3339.0 |   0.0460938 |
| 3341.0 |   0.0476131 |
| 3343.0 |   0.0490718 |
| 3345.0 |     0.05006 |
| 3347.0 |    0.050637 |
| 3349.0 |   0.0518808 |
| 3351.0 |    0.052313 |
| 3353.0 |   0.0535154 |
| 3355.0 |   0.0543913 |
| 3357.0 |   0.0552117 |
| 3359.0 |   0.0562118 |
| 3361.0 |     0.05762 |
| 3363.0 |   0.0581535 |
| 3365.0 |   0.0591421 |
| 3367.0 |   0.0599435 |
| 3369.0 |    0.061871 |
| 3371.0 |   0.0623195 |
| 3373.0 |   0.0624867 |
| 3375.0 |   0.0638084 |
| 3377.0 |   0.0651791 |
| 3379.0 |   0.0656489 |
| 3381.0 |   0.0674263 |
| 3383.0 |    0.068644 |
| 3385.0 |   0.0686705 |
| 3387.0 |   0.0696593 |
| 3389.0 |   0.0710231 |
| 3391.0 |   0.0724789 |
| 3393.0 |   0.0738092 |
| 3395.0 |   0.0732746 |
| 3397.0 |   0.0755063 |
| 3399.0 |   0.0753999 |
| 3401.0 |   0.0767613 |
| 3403.0 |   0.0788844 |
| 3405.0 |   0.0792014 |
| 3407.0 |   0.0807091 |
| 3409.0 |   0.0814943 |
| 3411.0 |   0.0818149 |
| 3413.0 |   0.0839764 |
| 3415.0 |   0.0851085 |
| 3417.0 |   0.0855021 |
| 3419.0 |    0.086369 |
| 3421.0 |   0.0878853 |
| 3423.0 |   0.0896573 |
| 3425.0 |   0.0896568 |
| 3427.0 |   0.0906566 |
| 3429.0 |   0.0923248 |
| 3431.0 |   0.0949849 |
| 3433.0 |   0.0951048 |
| 3435.0 |    0.094831 |
| 3437.0 |   0.0973581 |
| 3439.0 |   0.0979438 |
| 3441.0 |   0.0999686 |
| 3443.0 |   0.0996261 |
| 3445.0 |    0.100535 |
| 3447.0 |    0.102416 |
| 3449.0 |    0.103755 |
| 3451.0 |    0.105934 |
| 3453.0 |    0.105973 |
| 3455.0 |    0.107521 |
| 3457.0 |    0.107899 |
| 3459.0 |     0.10876 |
| 3461.0 |    0.111979 |
| 3463.0 |    0.111001 |
| 3465.0 |    0.112143 |
| 3467.0 |    0.113985 |
| 3469.0 |    0.115062 |
| 3471.0 |    0.115238 |
| 3473.0 |    0.118203 |
| 3475.0 |    0.120215 |
| 3477.0 |      0.1204 |
| 3479.0 |    0.121269 |
| 3481.0 |    0.121756 |
| 3483.0 |    0.123108 |
| 3485.0 |    0.124186 |
| 3487.0 |    0.126497 |
| 3489.0 |    0.126723 |
| 3491.0 |    0.128161 |
| 3493.0 |    0.128243 |
| 3495.0 |    0.131442 |
| 3497.0 |    0.132127 |
| 3499.0 |    0.133499 |
| 3501.0 |    0.135729 |
| 3503.0 |    0.134561 |
| 3505.0 |    0.135142 |
| 3507.0 |    0.136591 |
| 3509.0 |    0.138646 |
| 3511.0 |    0.141862 |
| 3513.0 |    0.140445 |
| 3515.0 |    0.141848 |
| 3517.0 |    0.142527 |
| 3519.0 |    0.145606 |
| 3521.0 |     0.14724 |
| 3523.0 |    0.146968 |
| 3525.0 |    0.146163 |
| 3527.0 |    0.150256 |
| 3529.0 |    0.150141 |
| 3531.0 |    0.152449 |
| 3533.0 |    0.152971 |
| 3535.0 |    0.154991 |
| 3537.0 |    0.156573 |
| 3539.0 |    0.157153 |
| 3541.0 |    0.158319 |
| 3543.0 |    0.158477 |
| 3545.0 |    0.160794 |
| 3547.0 |    0.160676 |
| 3549.0 |    0.160809 |
| 3551.0 |     0.16397 |
| 3553.0 |    0.165727 |
| 3555.0 |    0.165281 |
| 3557.0 |    0.165956 |
| 3559.0 |    0.168202 |
| 3561.0 |    0.168096 |
| 3563.0 |     0.17097 |
| 3565.0 |     0.17094 |
| 3567.0 |    0.174715 |
| 3569.0 |    0.175539 |
| 3571.0 |    0.173825 |
| 3573.0 |    0.175341 |
| 3575.0 |    0.177791 |
| 3577.0 |    0.182185 |
| 3579.0 |    0.179551 |
| 3581.0 |      0.1806 |
| 3583.0 |    0.182029 |
| 3585.0 |    0.184737 |
| 3587.0 |    0.183946 |
| 3589.0 |     0.18794 |
| 3591.0 |    0.186938 |
| 3593.0 |    0.186955 |
| 3595.0 |    0.190111 |
| 3597.0 |    0.192026 |
| 3599.0 |    0.193775 |
| 3601.0 |    0.194115 |
| 3603.0 |    0.194066 |
| 3605.0 |    0.196495 |
| 3607.0 |    0.196544 |
| 3609.0 |    0.197331 |
| 3611.0 |    0.198603 |
| 3613.0 |    0.199364 |
| 3615.0 |    0.199963 |
| 3617.0 |    0.201162 |
| 3619.0 |    0.205228 |
| 3621.0 |    0.201608 |
| 3623.0 |     0.20369 |
| 3625.0 |    0.205661 |
| 3627.0 |    0.209483 |
| 3629.0 |    0.208643 |
| 3631.0 |    0.209894 |
| 3633.0 |    0.208791 |
| 3635.0 |    0.209561 |
| 3637.0 |    0.213429 |
| 3639.0 |    0.216138 |
| 3641.0 |    0.211107 |
| 3643.0 |    0.215073 |
| 3645.0 |    0.216265 |
| 3647.0 |    0.220077 |
| 3649.0 |     0.21786 |
| 3651.0 |    0.221437 |
| 3653.0 |    0.222723 |
| 3655.0 |    0.219287 |
| 3657.0 |    0.222688 |
| 3659.0 |    0.221942 |
| 3661.0 |    0.224537 |
| 3663.0 |    0.221897 |
| 3665.0 |    0.223652 |
| 3667.0 |    0.226925 |
| 3669.0 |    0.225158 |
| 3671.0 |    0.223513 |
| 3673.0 |    0.222866 |
| 3675.0 |    0.227028 |
| 3677.0 |    0.226382 |
| 3679.0 |     0.22617 |
| 3681.0 |    0.229944 |
| 3683.0 |    0.226853 |
| 3685.0 |    0.226816 |
| 3687.0 |    0.226266 |
| 3689.0 |    0.228016 |
| 3691.0 |    0.229059 |
| 3693.0 |    0.230184 |
| 3695.0 |    0.232186 |
| 3697.0 |    0.229357 |
| 3699.0 |    0.228126 |
| 3701.0 |    0.231743 |
| 3703.0 |    0.231286 |
| 3705.0 |    0.230142 |
| 3707.0 |    0.231612 |
| 3709.0 |    0.232354 |
| 3711.0 |    0.235177 |
| 3713.0 |     0.23588 |
| 3715.0 |    0.231178 |
| 3717.0 |    0.232254 |
| 3719.0 |    0.233156 |
| 3721.0 |    0.232519 |
| 3723.0 |    0.233665 |
| 3725.0 |    0.230571 |
| 3727.0 |    0.229944 |
| 3729.0 |    0.230428 |
| 3731.0 |    0.228721 |
| 3733.0 |    0.232369 |
| 3735.0 |    0.232043 |
| 3737.0 |    0.230302 |
| 3739.0 |    0.231628 |
| 3741.0 |    0.229035 |
| 3743.0 |    0.232052 |
| 3745.0 |    0.230984 |
| 3747.0 |    0.236158 |
| 3749.0 |    0.231441 |
| 3751.0 |    0.229609 |
| 3753.0 |    0.226047 |
| 3755.0 |    0.229875 |
| 3757.0 |    0.230236 |
| 3759.0 |    0.230476 |
| 3761.0 |    0.231419 |
| 3763.0 |    0.229677 |
| 3765.0 |    0.228561 |
| 3767.0 |    0.224283 |
| 3769.0 |    0.223575 |
| 3771.0 |    0.224708 |
| 3773.0 |    0.228082 |
| 3775.0 |    0.228054 |
| 3777.0 |    0.227374 |
| 3779.0 |    0.222087 |
| 3781.0 |    0.221699 |
| 3783.0 |    0.221129 |
| 3785.0 |    0.222384 |
| 3787.0 |    0.220258 |
| 3789.0 |    0.221226 |
| 3791.0 |    0.220226 |
| 3793.0 |    0.218877 |
| 3795.0 |    0.218095 |
| 3797.0 |    0.219419 |
| 3799.0 |    0.214879 |
| 3801.0 |    0.216766 |
| 3803.0 |    0.213568 |
| 3805.0 |    0.212122 |
| 3807.0 |    0.211142 |
| 3809.0 |    0.209163 |
| 3811.0 |    0.210559 |
| 3813.0 |    0.209358 |
| 3815.0 |    0.206483 |
| 3817.0 |    0.201698 |
| 3819.0 |    0.202355 |
| 3821.0 |    0.204487 |
| 3823.0 |    0.201112 |
| 3825.0 |    0.202028 |
| 3827.0 |    0.199602 |
| 3829.0 |    0.195918 |
| 3831.0 |    0.194914 |
| 3833.0 |    0.193165 |
| 3835.0 |       0.193 |
| 3837.0 |    0.188833 |
| 3839.0 |    0.190026 |
| 3841.0 |    0.187147 |
| 3843.0 |    0.185979 |
| 3845.0 |    0.182667 |
| 3847.0 |    0.181805 |
| 3849.0 |    0.178307 |
| 3851.0 |      0.1776 |
| 3853.0 |    0.176149 |
| 3855.0 |    0.176463 |
| 3857.0 |    0.172889 |
| 3859.0 |    0.171919 |
| 3861.0 |    0.169097 |
| 3863.0 |    0.165196 |
| 3865.0 |    0.163228 |
| 3867.0 |    0.162197 |
| 3869.0 |    0.160149 |
| 3871.0 |    0.157591 |
| 3873.0 |    0.155238 |
| 3875.0 |    0.153052 |
| 3877.0 |    0.150632 |
| 3879.0 |    0.149786 |
| 3881.0 |    0.147485 |
| 3883.0 |     0.14406 |
| 3885.0 |    0.140799 |
| 3887.0 |    0.139772 |
| 3889.0 |    0.138677 |
| 3891.0 |    0.134681 |
| 3893.0 |    0.131236 |
| 3895.0 |    0.129022 |
| 3897.0 |     0.12883 |
| 3899.0 |    0.125196 |
| 3901.0 |    0.121787 |
| 3903.0 |    0.121708 |
| 3905.0 |    0.117271 |
| 3907.0 |     0.11618 |
| 3909.0 |    0.114729 |
| 3911.0 |    0.113709 |
| 3913.0 |    0.109897 |
| 3915.0 |    0.107473 |
| 3917.0 |    0.102785 |
| 3919.0 |    0.101595 |
| 3921.0 |   0.0995751 |
| 3923.0 |   0.0970357 |
| 3925.0 |   0.0963952 |
| 3927.0 |    0.093792 |
| 3929.0 |   0.0901939 |
| 3931.0 |   0.0873053 |
| 3933.0 |   0.0859034 |
| 3935.0 |   0.0834624 |
| 3937.0 |   0.0823234 |
| 3939.0 |   0.0807248 |
| 3941.0 |    0.078512 |
| 3943.0 |   0.0759409 |
| 3945.0 |   0.0740965 |
| 3947.0 |   0.0701065 |
| 3949.0 |   0.0702489 |
| 3951.0 |   0.0666899 |
| 3953.0 |   0.0660115 |
| 3955.0 |   0.0648673 |
| 3957.0 |    0.062394 |
| 3959.0 |   0.0597538 |
| 3961.0 |   0.0583861 |
| 3963.0 |   0.0565895 |
| 3965.0 |   0.0539159 |
| 3967.0 |   0.0518543 |
| 3969.0 |   0.0513257 |
| 3971.0 |   0.0492701 |
| 3973.0 |    0.047564 |
| 3975.0 |   0.0453092 |
| 3977.0 |   0.0437659 |
| 3979.0 |   0.0419211 |
| 3981.0 |   0.0404529 |
| 3983.0 |   0.0393185 |
| 3985.0 |    0.038452 |
| 3987.0 |    0.035435 |
| 3989.0 |   0.0353788 |
| 3991.0 |   0.0330973 |
| 3993.0 |   0.0316556 |
| 3995.0 |   0.0315205 |
| 3997.0 |   0.0298603 |
| 3999.0 |   0.0284932 |
| 4001.0 |   0.0273267 |
| 4003.0 |   0.0270598 |
| 4005.0 |   0.0250443 |
| 4007.0 |   0.0242107 |
| 4009.0 |   0.0227884 |
| 4011.0 |   0.0215943 |
| 4013.0 |    0.020254 |
| 4015.0 |   0.0201558 |
| 4017.0 |   0.0188301 |
| 4019.0 |     0.01861 |
| 4021.0 |   0.0177015 |
| 4023.0 |   0.0168129 |
| 4025.0 |   0.0161346 |
| 4027.0 |   0.0149048 |
| 4029.0 |   0.0142432 |
| 4031.0 |    0.013914 |
| 4033.0 |   0.0129834 |
| 4035.0 |   0.0122651 |
| 4037.0 |    0.012074 |
| 4039.0 |   0.0113024 |
| 4041.0 |   0.0109389 |
| 4043.0 |   0.0102585 |
| 4045.0 |  0.00979393 |
| 4047.0 |  0.00891333 |
| 4049.0 |  0.00854147 |
| 4051.0 |  0.00848036 |
| 4053.0 |  0.00775318 |
| 4055.0 |  0.00739203 |
| 4057.0 |  0.00678535 |
| 4059.0 |  0.00666802 |
| 4061.0 |  0.00603531 |
| 4063.0 |  0.00623639 |
| 4065.0 |  0.00550407 |
| 4067.0 |  0.00494274 |
| 4069.0 |  0.00487273 |
| 4071.0 |  0.00472872 |
| 4073.0 |  0.00438731 |
| 4075.0 |  0.00392203 |
| 4077.0 |  0.00390038 |
| 4079.0 |  0.00355752 |
| 4081.0 |   0.0034861 |
| 4083.0 |  0.00314239 |
| 4085.0 |  0.00260005 |
| 4087.0 |  0.00282509 |
| 4089.0 |  0.00280247 |
| 4091.0 |  0.00223378 |
| 4093.0 |  0.00238454 |
| 4095.0 |  0.00211295 |
| 4097.0 |  0.00194044 |
| 4099.0 |  0.00171787 |
| 4101.0 |  0.00171915 |
| 4103.0 |  0.00167051 |
| 4105.0 |  0.00162181 |
| 4107.0 |  0.00144819 |
| 4109.0 |  0.00142424 |
| 4111.0 |  0.00132525 |
| 4113.0 |  0.00127615 |
| 4115.0 |  0.00110178 |
| 4117.0 |  0.00107751 |
| 4119.0 | 0.000977981 |
| 4121.0 | 0.000903399 |
| 4123.0 | 0.000853822 |
| 4125.0 | 0.000829304 |
| 4127.0 | 0.000754453 |
| 4129.0 | 0.000704661 |
| 4131.0 | 0.000554059 |
| 4133.0 | 0.000680469 |
| 4135.0 | 0.000504412 |
| 4137.0 |  0.00037858 |
| 4139.0 | 0.000555649 |
| 4141.0 | 0.000657146 |
| 4143.0 | 0.000404687 |
| 4145.0 | 0.000379666 |
| 4147.0 | 0.000455926 |
| 4149.0 | 0.000532295 |
| 4151.0 | 0.000329752 |
| 4153.0 | 0.000253837 |
| 4155.0 | 0.000330224 |
| 4157.0 | 0.000254201 |
| 4159.0 | 0.000330697 |
| 4161.0 | 0.000178195 |
| 4163.0 |  0.00043307 |
| 4165.0 | 0.000229437 |
| 4167.0 |  0.00020409 |
| 4169.0 | 5.10589e-05 |
| 4171.0 | 0.000255477 |
| 4173.0 | 0.000178962 |
| 4175.0 | 0.000127922 |
| 4177.0 | 2.56027e-05 |
| 4179.0 | 7.68629e-05 |
| 4181.0 |         0.0 |
| 4183.0 |         0.0 |
| 4185.0 |         0.0 |
| 4187.0 |         0.0 |
| 4189.0 |         0.0 |
| 4191.0 |         0.0 |
| 4193.0 | 0.000257496 |
| 4195.0 | 7.73041e-05 |
| 4197.0 | 0.000180505 |
| 4199.0 |         0.0 |
| 4201.0 |         0.0 |
| 4203.0 |         0.0 |
| 4205.0 | 0.000206863 |
| 4207.0 |         0.0 |
| 4209.0 |         0.0 |
| 4211.0 |         0.0 |
| 4213.0 |         0.0 |
| 4215.0 |         0.0 |
| 4217.0 |  0.00031156 |
| 4219.0 |         0.0 |
| 4221.0 |         0.0 |
| 4223.0 |         0.0 |
| 4225.0 | 0.000182237 |
| 4227.0 | 0.000286566 |
| 4229.0 | 0.000391037 |
| 4231.0 |         0.0 |
| 4233.0 | 0.000287149 |
| 4235.0 | 0.000104489 |
| 4237.0 |         0.0 |
| 4239.0 |         0.0 |
| 4241.0 | 0.000209403 |
| 4243.0 | 7.85792e-05 |
| 4245.0 | 0.000131054 |
| 4247.0 |         0.0 |
| 4249.0 | 0.000209971 |
| 4251.0 | 0.000682867 |
| 4253.0 | 0.000262819 |
| 4255.0 | 0.000184098 |
| 4257.0 | 0.000421081 |
| 4259.0 |         0.0 |
| 4261.0 |         0.0 |
| 4263.0 | 0.000158226 |
| 4265.0 | 2.63889e-05 |
| 4267.0 |         0.0 |
| 4269.0 |         0.0 |
| 4271.0 |         0.0 |
| 4273.0 | 0.000238144 |
| 4275.0 | 0.000238305 |
| 4277.0 | 0.000317955 |
| 4279.0 | 2.65142e-05 |
| 4281.0 |         0.0 |
| 4283.0 |         0.0 |
| 4285.0 |         0.0 |
| 4287.0 |         0.0 |
| 4289.0 |         0.0 |
| 4291.0 | 0.000186354 |
| 4293.0 | 2.66401e-05 |
| 4295.0 |         0.0 |
| 4297.0 |         0.0 |
| 4299.0 | 0.000240248 |
| 4301.0 | 5.34225e-05 |
| 4303.0 |         0.0 |
| 4305.0 |         0.0 |
| 4307.0 | 5.35192e-05 |
| 4309.0 | 0.000267757 |
| 4311.0 | 5.35837e-05 |
| 4313.0 | 0.000321696 |
| 4315.0 |  0.00032189 |
| 4317.0 | 0.000161042 |
| 4319.0 | 8.05694e-05 |
| 4321.0 |         0.0 |
| 4323.0 |    0.000242 |
| 4325.0 |         0.0 |
| 4327.0 |         0.0 |
| 4329.0 | 2.69375e-05 |
| 4331.0 | 0.000161722 |
| 4333.0 |  0.00013485 |
| 4335.0 |         0.0 |
| 4337.0 |         0.0 |
| 4339.0 | 0.000108075 |
| 4341.0 |  0.00010814 |
| 4343.0 | 0.000135256 |
| 4345.0 |         0.0 |
| 4347.0 | 2.70838e-05 |
| 4349.0 |         0.0 |
| 4351.0 | 8.13491e-05 |
| 4353.0 | 0.000271327 |
| 4355.0 | 0.000162894 |
| 4357.0 | 0.000271653 |
| 4359.0 | 0.000516452 |
| 4361.0 |         0.0 |
| 4363.0 | 0.000108858 |
| 4365.0 | 0.000299538 |
| 4367.0 | 0.000217977 |
| 4369.0 | 0.000136318 |
| 4371.0 |   0.0001364 |
| 4373.0 |         0.0 |
| 4375.0 | 0.000136564 |
| 4377.0 | 0.000109317 |
| 4379.0 |         0.0 |
| 4381.0 |  2.7362e-05 |
| 4383.0 |         0.0 |
| 4385.0 | 0.000191765 |
| 4387.0 |         0.0 |
| 4389.0 | 8.22837e-05 |
| 4391.0 | 0.000329333 |
| 4393.0 | 0.000192226 |
| 4395.0 |         0.0 |
| 4397.0 |         0.0 |
| 4399.0 | 2.75104e-05 |
| 4401.0 | 0.000247738 |
| 4403.0 |         0.0 |
| 4405.0 |  0.00011023 |
| 4407.0 |         0.0 |
| 4409.0 | 2.75886e-05 |
| 4411.0 |         0.0 |
| 4413.0 | 0.000165718 |
| 4415.0 |         0.0 |
| 4417.0 | 0.000165905 |
| 4419.0 |         0.0 |
| 4421.0 |         0.0 |
| 4423.0 | 5.53952e-05 |
| 4425.0 | 5.54264e-05 |
| 4427.0 | 8.31865e-05 |
| 4429.0 | 5.54889e-05 |
| 4431.0 |         0.0 |
| 4433.0 |         0.0 |
| 4435.0 | 5.55828e-05 |
| 4437.0 |         0.0 |
| 4439.0 |         0.0 |
| 4441.0 |         0.0 |
| 4443.0 | 0.000111416 |
| 4445.0 | 0.000139349 |
| 4447.0 | 0.000111542 |
| 4449.0 | 2.79011e-05 |
| 4451.0 |         0.0 |
| 4453.0 |         0.0 |
| 4455.0 |         0.0 |
| 4457.0 |         0.0 |
| 4459.0 | 0.000251818 |
| 4461.0 |         0.0 |
| 4463.0 | 0.000168067 |
| 4465.0 |         0.0 |
| 4467.0 |         0.0 |
| 4469.0 | 8.41757e-05 |
| 4471.0 | 0.000112297 |
| 4473.0 |         0.0 |
| 4475.0 |  0.00014053 |
| 4477.0 |         0.0 |
| 4479.0 |         0.0 |
| 4481.0 |         0.0 |
| 4483.0 | 5.63385e-05 |
| 4485.0 |  0.00011274 |
