# Units:
#  "lambda" is in Angstroms
#  "pass" is the contribution to the detector signal per photon
#         entering the atmosphere of Earth
# 
# Bandpass Name(s): F225W
# 
# Instrument: WFC3_UVIS_F225W
# 
# Determined by: 
# 
# Date of determination: 2010-May-02
# 
# Meaning of/Reason for default column: Only column available
# 
# Notes:
# 
# 
# Obtained from Leonidas Moustakas on 2011-Apr-02 for the CLASH team.
# 
# J. Moustakas, UCSD 2011-Apr-07
|  lambda |        pass |
| 1989.68 | 0.000471991 |
| 1990.02 |  0.00328038 |
| 1990.36 |  0.00332216 |
|  1990.7 |  0.00336694 |
| 1991.04 |  0.00342452 |
| 1991.38 |  0.00348232 |
| 1991.72 |  0.00354071 |
| 1992.06 |  0.00359892 |
| 1992.41 |  0.00365736 |
| 1992.75 |   0.0037162 |
| 1993.09 |  0.00377505 |
| 1993.43 |  0.00383432 |
| 1993.77 |  0.00389379 |
| 1994.11 |  0.00395348 |
| 1994.45 |  0.00401319 |
| 1994.79 |  0.00407312 |
| 1995.14 |  0.00413364 |
| 1995.48 |  0.00419401 |
| 1995.82 |  0.00425458 |
| 1996.16 |  0.00431557 |
|  1996.5 |  0.00437677 |
| 1996.84 |  0.00443819 |
| 1997.18 |  0.00449983 |
| 1997.53 |  0.00456147 |
| 1997.87 |  0.00462334 |
| 1998.21 |  0.00468565 |
| 1998.55 |  0.00474815 |
| 1998.89 |  0.00481067 |
| 1999.23 |  0.00487362 |
| 1999.58 |   0.0049366 |
| 1999.92 |       0.005 |
| 2000.26 |  0.00505879 |
|  2000.6 |  0.00511575 |
| 2000.94 |  0.00519244 |
| 2001.29 |   0.0052722 |
| 2001.63 |  0.00535257 |
| 2001.97 |  0.00543253 |
| 2002.31 |  0.00551259 |
| 2002.66 |  0.00559302 |
|  2003.0 |  0.00567354 |
| 2003.34 |  0.00575392 |
| 2003.69 |   0.0058349 |
| 2004.03 |  0.00591549 |
| 2004.37 |  0.00599617 |
| 2004.71 |  0.00607723 |
| 2005.06 |  0.00615837 |
|  2005.4 |  0.00623938 |
| 2005.74 |  0.00632073 |
| 2006.09 |  0.00640218 |
| 2006.43 |  0.00648348 |
| 2006.78 |  0.00656542 |
| 2007.12 |  0.00664694 |
| 2007.46 |  0.00672854 |
|  2007.8 |  0.00681052 |
| 2008.15 |  0.00689237 |
| 2008.49 |  0.00697456 |
| 2008.83 |  0.00705685 |
| 2009.18 |  0.00713926 |
| 2009.52 |  0.00722149 |
| 2009.86 |  0.00730384 |
| 2010.21 |  0.00738684 |
| 2010.55 |  0.00746937 |
|  2010.9 |  0.00757231 |
| 2011.24 |  0.00768362 |
| 2011.58 |   0.0077947 |
| 2011.93 |   0.0079063 |
| 2012.28 |  0.00801839 |
| 2012.62 |  0.00812992 |
| 2012.96 |  0.00824158 |
| 2013.31 |  0.00835371 |
| 2013.65 |  0.00846605 |
|  2014.0 |  0.00857812 |
| 2014.34 |  0.00869071 |
| 2014.69 |  0.00880311 |
| 2015.03 |  0.00891599 |
| 2015.38 |   0.0090294 |
| 2015.72 |  0.00914221 |
| 2016.06 |  0.00925514 |
| 2016.41 |   0.0093686 |
| 2016.75 |  0.00948187 |
|  2017.1 |  0.00959562 |
| 2017.44 |  0.00970913 |
| 2017.79 |  0.00982318 |
| 2018.13 |  0.00993702 |
| 2018.48 |   0.0100514 |
| 2018.83 |   0.0101662 |
| 2019.17 |   0.0102804 |
| 2019.52 |   0.0103948 |
| 2019.86 |   0.0105098 |
| 2020.21 |   0.0106246 |
| 2020.55 |   0.0107391 |
|  2020.9 |   0.0108746 |
| 2021.24 |    0.011018 |
| 2021.59 |    0.011162 |
| 2021.94 |   0.0113063 |
| 2022.28 |   0.0114506 |
| 2022.63 |   0.0115947 |
| 2022.97 |   0.0117395 |
| 2023.32 |   0.0118839 |
| 2023.67 |    0.012029 |
| 2024.01 |   0.0121743 |
| 2024.36 |   0.0123193 |
| 2024.71 |   0.0124649 |
| 2025.05 |   0.0126102 |
|  2025.4 |   0.0127566 |
| 2025.74 |   0.0129023 |
| 2026.09 |   0.0130482 |
| 2026.44 |   0.0131947 |
| 2026.78 |   0.0133408 |
| 2027.13 |   0.0134877 |
| 2027.48 |   0.0136347 |
| 2027.82 |   0.0137815 |
| 2028.17 |   0.0139289 |
| 2028.52 |   0.0140764 |
| 2028.87 |   0.0142242 |
| 2029.21 |   0.0143716 |
| 2029.56 |   0.0145197 |
| 2029.91 |   0.0146675 |
| 2030.25 |   0.0148158 |
|  2030.6 |   0.0149654 |
| 2030.95 |   0.0151352 |
|  2031.3 |   0.0153082 |
| 2031.65 |    0.015482 |
| 2031.99 |   0.0156554 |
| 2032.34 |   0.0158296 |
| 2032.69 |   0.0160035 |
| 2033.04 |   0.0161781 |
| 2033.38 |   0.0163524 |
| 2033.73 |   0.0165269 |
| 2034.08 |   0.0167028 |
| 2034.43 |   0.0168783 |
| 2034.78 |   0.0170535 |
| 2035.12 |   0.0172295 |
| 2035.47 |   0.0174051 |
| 2035.82 |   0.0175815 |
| 2036.17 |   0.0177581 |
| 2036.52 |   0.0179344 |
| 2036.86 |    0.018111 |
| 2037.21 |   0.0182888 |
| 2037.56 |   0.0184664 |
| 2037.91 |   0.0186435 |
| 2038.26 |   0.0188215 |
| 2038.61 |   0.0189992 |
| 2038.96 |    0.019177 |
| 2039.31 |   0.0193562 |
| 2039.66 |   0.0195345 |
|  2040.0 |    0.019713 |
| 2040.35 |   0.0198923 |
|  2040.7 |   0.0200731 |
| 2041.05 |   0.0202619 |
|  2041.4 |   0.0204504 |
| 2041.75 |   0.0206398 |
|  2042.1 |   0.0208288 |
| 2042.45 |   0.0210186 |
|  2042.8 |   0.0212087 |
| 2043.15 |   0.0213983 |
|  2043.5 |   0.0215882 |
| 2043.85 |   0.0217797 |
|  2044.2 |     0.02197 |
| 2044.55 |   0.0221613 |
|  2044.9 |   0.0223528 |
| 2045.25 |   0.0225439 |
| 2045.59 |   0.0227352 |
| 2045.95 |   0.0229281 |
|  2046.3 |   0.0231199 |
| 2046.65 |    0.023312 |
|  2047.0 |   0.0235055 |
| 2047.35 |   0.0236981 |
|  2047.7 |   0.0238915 |
| 2048.05 |   0.0240852 |
|  2048.4 |   0.0242784 |
| 2048.75 |    0.024472 |
|  2049.1 |   0.0246658 |
| 2049.45 |    0.024861 |
|  2049.8 |   0.0250552 |
| 2050.15 |   0.0252512 |
|  2050.5 |   0.0254482 |
| 2050.85 |   0.0256407 |
|  2051.2 |   0.0258306 |
| 2051.55 |   0.0260207 |
| 2051.91 |   0.0262106 |
| 2052.25 |   0.0264006 |
| 2052.61 |   0.0265916 |
| 2052.96 |   0.0267828 |
| 2053.31 |   0.0269743 |
| 2053.66 |    0.027166 |
| 2054.01 |   0.0273574 |
| 2054.36 |    0.027549 |
| 2054.72 |   0.0277421 |
| 2055.07 |   0.0279343 |
| 2055.42 |   0.0281267 |
| 2055.77 |   0.0283201 |
| 2056.12 |   0.0285136 |
| 2056.47 |   0.0287075 |
| 2056.83 |   0.0289015 |
| 2057.18 |   0.0290953 |
| 2057.53 |   0.0292893 |
| 2057.88 |   0.0294836 |
| 2058.23 |   0.0296793 |
| 2058.58 |   0.0298742 |
| 2058.94 |   0.0300692 |
| 2059.29 |   0.0302652 |
| 2059.64 |   0.0304614 |
|  2060.0 |   0.0306579 |
| 2060.35 |   0.0308545 |
|  2060.7 |   0.0310484 |
| 2061.05 |   0.0312236 |
| 2061.41 |      0.0314 |
| 2061.76 |   0.0315756 |
| 2062.11 |   0.0317515 |
| 2062.46 |   0.0319281 |
| 2062.82 |    0.032105 |
| 2063.17 |   0.0322816 |
| 2063.52 |   0.0324594 |
| 2063.88 |   0.0326364 |
| 2064.23 |   0.0328136 |
| 2064.58 |   0.0329912 |
| 2064.94 |     0.03317 |
| 2065.29 |    0.033348 |
| 2065.64 |   0.0335267 |
|  2066.0 |   0.0337059 |
| 2066.35 |   0.0338846 |
|  2066.7 |   0.0340641 |
| 2067.06 |   0.0342438 |
| 2067.41 |   0.0344231 |
| 2067.76 |   0.0346028 |
| 2068.12 |   0.0347833 |
| 2068.47 |    0.034964 |
| 2068.82 |   0.0351444 |
| 2069.18 |   0.0353261 |
| 2069.53 |    0.035507 |
| 2069.89 |    0.035688 |
| 2070.24 |   0.0358696 |
| 2070.59 |   0.0360499 |
| 2070.95 |    0.036212 |
|  2071.3 |   0.0363707 |
| 2071.66 |   0.0365291 |
| 2072.01 |   0.0366882 |
| 2072.37 |   0.0368479 |
| 2072.72 |   0.0370068 |
| 2073.07 |    0.037166 |
| 2073.43 |   0.0373259 |
| 2073.79 |   0.0374859 |
| 2074.14 |   0.0376458 |
| 2074.49 |   0.0378057 |
| 2074.85 |   0.0379664 |
|  2075.2 |   0.0381267 |
| 2075.56 |   0.0382884 |
| 2075.92 |   0.0384496 |
| 2076.27 |   0.0386106 |
| 2076.62 |   0.0387717 |
| 2076.98 |   0.0389336 |
| 2077.34 |   0.0390957 |
| 2077.69 |   0.0392575 |
| 2078.05 |     0.03942 |
|  2078.4 |   0.0395821 |
| 2078.76 |    0.039745 |
| 2079.11 |   0.0399087 |
| 2079.47 |   0.0400715 |
| 2079.82 |   0.0402344 |
| 2080.18 |   0.0403987 |
| 2080.54 |   0.0405633 |
| 2080.89 |   0.0407129 |
| 2081.25 |    0.040854 |
|  2081.6 |   0.0409947 |
| 2081.96 |   0.0411362 |
| 2082.32 |   0.0412773 |
| 2082.68 |   0.0414196 |
| 2083.03 |    0.041561 |
| 2083.39 |   0.0417027 |
| 2083.74 |   0.0418451 |
|  2084.1 |   0.0419876 |
| 2084.46 |   0.0421298 |
| 2084.81 |   0.0422727 |
| 2085.17 |   0.0424157 |
| 2085.53 |   0.0425585 |
| 2085.88 |   0.0427019 |
| 2086.24 |   0.0428455 |
|  2086.6 |   0.0429888 |
| 2086.95 |   0.0431328 |
| 2087.31 |   0.0432765 |
| 2087.67 |   0.0434208 |
| 2088.02 |   0.0435654 |
| 2088.38 |   0.0437101 |
| 2088.74 |   0.0438544 |
|  2089.1 |   0.0439995 |
| 2089.46 |   0.0441448 |
| 2089.81 |   0.0442897 |
| 2090.17 |   0.0444349 |
| 2090.53 |   0.0445804 |
| 2090.88 |   0.0447152 |
| 2091.24 |    0.044844 |
|  2091.6 |   0.0449733 |
| 2091.96 |    0.045102 |
| 2092.32 |   0.0452308 |
| 2092.67 |   0.0453602 |
| 2093.03 |   0.0454897 |
| 2093.39 |    0.045619 |
| 2093.75 |   0.0457489 |
| 2094.11 |   0.0458785 |
| 2094.46 |   0.0460083 |
| 2094.82 |   0.0461395 |
| 2095.18 |   0.0462696 |
| 2095.54 |   0.0463998 |
|  2095.9 |   0.0465307 |
| 2096.26 |   0.0466613 |
| 2096.62 |   0.0467924 |
| 2096.98 |   0.0469238 |
| 2097.33 |   0.0470549 |
| 2097.69 |   0.0471861 |
| 2098.05 |   0.0473179 |
| 2098.41 |   0.0474503 |
| 2098.77 |   0.0475821 |
| 2099.13 |   0.0477143 |
| 2099.49 |   0.0478464 |
| 2099.85 |   0.0479787 |
| 2100.21 |   0.0481275 |
| 2100.56 |   0.0482887 |
| 2100.92 |    0.048443 |
| 2101.28 |   0.0485956 |
| 2101.64 |   0.0487484 |
|  2102.0 |   0.0489015 |
| 2102.36 |   0.0490545 |
| 2102.72 |   0.0492082 |
| 2103.08 |   0.0493618 |
| 2103.44 |   0.0495161 |
|  2103.8 |   0.0496707 |
| 2104.16 |   0.0498252 |
| 2104.52 |   0.0499799 |
| 2104.88 |    0.050136 |
| 2105.24 |   0.0502913 |
|  2105.6 |   0.0504474 |
| 2105.96 |   0.0506034 |
| 2106.32 |   0.0507603 |
| 2106.68 |   0.0509168 |
| 2107.04 |   0.0510747 |
|  2107.4 |   0.0512318 |
| 2107.76 |   0.0513899 |
| 2108.12 |   0.0515477 |
| 2108.49 |   0.0517062 |
| 2108.85 |   0.0518651 |
| 2109.21 |   0.0520238 |
| 2109.57 |   0.0521834 |
| 2109.93 |   0.0523428 |
| 2110.29 |   0.0525021 |
| 2110.65 |   0.0526629 |
| 2111.01 |   0.0528142 |
| 2111.37 |   0.0529658 |
| 2111.74 |   0.0531177 |
|  2112.1 |   0.0532695 |
| 2112.46 |    0.053422 |
| 2112.82 |   0.0535748 |
| 2113.18 |   0.0537274 |
| 2113.54 |   0.0538803 |
|  2113.9 |    0.054034 |
| 2114.27 |   0.0541879 |
| 2114.63 |   0.0543422 |
| 2114.99 |   0.0544967 |
| 2115.35 |    0.054651 |
| 2115.71 |   0.0548057 |
| 2116.07 |   0.0549611 |
| 2116.44 |   0.0551168 |
|  2116.8 |   0.0552723 |
| 2117.16 |   0.0554282 |
| 2117.52 |   0.0555852 |
| 2117.89 |    0.055742 |
| 2118.25 |   0.0558988 |
| 2118.61 |   0.0560562 |
| 2118.97 |   0.0562135 |
| 2119.33 |   0.0563711 |
|  2119.7 |   0.0565299 |
| 2120.06 |   0.0566877 |
| 2120.42 |   0.0568439 |
| 2120.79 |   0.0569996 |
| 2121.15 |   0.0571511 |
| 2121.51 |   0.0573034 |
| 2121.88 |   0.0574559 |
| 2122.24 |   0.0576082 |
|  2122.6 |   0.0577607 |
| 2122.96 |   0.0579136 |
| 2123.33 |   0.0580677 |
| 2123.69 |   0.0582211 |
| 2124.05 |   0.0583747 |
| 2124.42 |   0.0585296 |
| 2124.78 |   0.0586839 |
| 2125.15 |   0.0588389 |
| 2125.51 |   0.0589941 |
| 2125.87 |   0.0591492 |
| 2126.24 |   0.0593044 |
|  2126.6 |   0.0594611 |
| 2126.96 |   0.0596169 |
| 2127.33 |   0.0597737 |
| 2127.69 |   0.0599305 |
| 2128.05 |   0.0600872 |
| 2128.42 |   0.0602443 |
| 2128.78 |   0.0604025 |
| 2129.15 |   0.0605601 |
| 2129.51 |   0.0607179 |
| 2129.88 |   0.0608765 |
| 2130.24 |   0.0610365 |
|  2130.6 |   0.0611969 |
| 2130.97 |    0.061353 |
| 2131.33 |    0.061507 |
|  2131.7 |   0.0616613 |
| 2132.06 |   0.0618163 |
| 2132.43 |   0.0619717 |
| 2132.79 |   0.0621269 |
| 2133.16 |   0.0622822 |
| 2133.52 |   0.0624384 |
| 2133.89 |   0.0625949 |
| 2134.25 |   0.0627516 |
| 2134.62 |   0.0629087 |
| 2134.98 |   0.0630655 |
| 2135.35 |   0.0632225 |
| 2135.72 |   0.0633809 |
| 2136.08 |   0.0635384 |
| 2136.45 |   0.0636963 |
| 2136.81 |    0.063855 |
| 2137.18 |   0.0640135 |
| 2137.54 |   0.0641733 |
| 2137.91 |   0.0643328 |
| 2138.27 |   0.0644921 |
| 2138.64 |   0.0646518 |
|  2139.0 |   0.0648121 |
| 2139.37 |   0.0649728 |
| 2139.74 |   0.0651332 |
|  2140.1 |   0.0652942 |
| 2140.47 |   0.0654549 |
| 2140.84 |   0.0656109 |
|  2141.2 |   0.0657605 |
| 2141.57 |   0.0659103 |
| 2141.94 |   0.0660599 |
|  2142.3 |   0.0662098 |
| 2142.67 |   0.0663604 |
| 2143.03 |   0.0665113 |
|  2143.4 |   0.0666618 |
| 2143.77 |   0.0668132 |
| 2144.14 |   0.0669648 |
|  2144.5 |   0.0671163 |
| 2144.87 |   0.0672688 |
| 2145.24 |   0.0674208 |
|  2145.6 |    0.067573 |
| 2145.97 |   0.0677258 |
| 2146.34 |    0.067879 |
|  2146.7 |   0.0680319 |
| 2147.07 |   0.0681856 |
| 2147.44 |   0.0683396 |
| 2147.81 |   0.0684934 |
| 2148.17 |   0.0686478 |
| 2148.54 |   0.0688025 |
| 2148.91 |   0.0689569 |
| 2149.27 |   0.0691117 |
| 2149.64 |   0.0692672 |
| 2150.01 |    0.069423 |
| 2150.38 |    0.069578 |
| 2150.75 |   0.0697316 |
| 2151.12 |   0.0698731 |
| 2151.48 |   0.0700148 |
| 2151.85 |   0.0701578 |
| 2152.22 |      0.0703 |
| 2152.59 |   0.0704425 |
| 2152.96 |   0.0705856 |
| 2153.32 |   0.0707285 |
| 2153.69 |   0.0708722 |
| 2154.06 |   0.0710165 |
| 2154.43 |     0.07116 |
|  2154.8 |   0.0713039 |
| 2155.17 |   0.0714484 |
| 2155.54 |   0.0715931 |
| 2155.91 |   0.0717377 |
| 2156.27 |   0.0718828 |
| 2156.64 |   0.0720278 |
| 2157.01 |   0.0721731 |
| 2157.38 |   0.0723189 |
| 2157.75 |   0.0724656 |
| 2158.12 |   0.0726115 |
| 2158.49 |   0.0727576 |
| 2158.86 |   0.0729045 |
| 2159.23 |   0.0730515 |
|  2159.6 |   0.0731983 |
| 2159.97 |   0.0733459 |
| 2160.33 |   0.0734903 |
| 2160.71 |    0.073634 |
| 2161.08 |   0.0737633 |
| 2161.45 |   0.0738918 |
| 2161.81 |   0.0740206 |
| 2162.19 |     0.07415 |
| 2162.55 |   0.0742791 |
| 2162.92 |   0.0744088 |
| 2163.29 |   0.0745387 |
| 2163.66 |   0.0746684 |
| 2164.03 |   0.0747987 |
| 2164.41 |   0.0749291 |
| 2164.78 |   0.0750598 |
| 2165.15 |   0.0751902 |
| 2165.51 |   0.0753208 |
| 2165.89 |    0.075452 |
| 2166.26 |    0.075583 |
| 2166.63 |   0.0757146 |
|  2167.0 |   0.0758464 |
| 2167.37 |   0.0759784 |
| 2167.74 |   0.0761101 |
| 2168.11 |   0.0762424 |
| 2168.48 |    0.076375 |
| 2168.85 |   0.0765072 |
| 2169.22 |   0.0766402 |
| 2169.59 |   0.0767728 |
| 2169.97 |   0.0769061 |
| 2170.34 |   0.0770415 |
| 2170.71 |   0.0771755 |
| 2171.08 |   0.0772932 |
| 2171.45 |   0.0774111 |
| 2171.82 |   0.0775289 |
|  2172.2 |   0.0776471 |
| 2172.57 |   0.0777655 |
| 2172.94 |   0.0778837 |
| 2173.31 |    0.078002 |
| 2173.68 |   0.0781209 |
| 2174.05 |   0.0782403 |
| 2174.43 |    0.078359 |
|  2174.8 |   0.0784784 |
| 2175.17 |   0.0785975 |
| 2175.54 |   0.0787171 |
| 2175.91 |   0.0788366 |
| 2176.29 |   0.0789564 |
| 2176.66 |   0.0790762 |
| 2177.03 |   0.0791961 |
|  2177.4 |   0.0793169 |
| 2177.78 |   0.0794375 |
| 2178.15 |   0.0795579 |
| 2178.52 |   0.0796788 |
| 2178.89 |   0.0797995 |
| 2179.27 |   0.0799207 |
| 2179.64 |    0.080042 |
| 2180.01 |   0.0801632 |
| 2180.39 |   0.0802838 |
| 2180.76 |   0.0804011 |
| 2181.13 |   0.0805014 |
| 2181.51 |   0.0806016 |
| 2181.88 |   0.0807022 |
| 2182.25 |   0.0808025 |
| 2182.62 |    0.080903 |
|  2183.0 |   0.0810042 |
| 2183.37 |   0.0811049 |
| 2183.75 |   0.0812057 |
| 2184.12 |   0.0813066 |
| 2184.49 |   0.0814083 |
| 2184.87 |   0.0815097 |
| 2185.24 |   0.0816109 |
| 2185.61 |   0.0817126 |
| 2185.99 |   0.0818141 |
| 2186.36 |   0.0819157 |
| 2186.74 |    0.082018 |
| 2187.11 |   0.0821198 |
| 2187.49 |    0.082222 |
| 2187.86 |   0.0823243 |
| 2188.23 |   0.0824264 |
| 2188.61 |    0.082529 |
| 2188.98 |   0.0826316 |
| 2189.36 |   0.0827341 |
| 2189.73 |   0.0828366 |
| 2190.11 |   0.0829398 |
| 2190.48 |   0.0830418 |
| 2190.85 |   0.0831381 |
| 2191.23 |   0.0832283 |
|  2191.6 |   0.0833179 |
| 2191.98 |   0.0834076 |
| 2192.35 |   0.0834977 |
| 2192.73 |   0.0835878 |
|  2193.1 |   0.0836778 |
| 2193.48 |   0.0837678 |
| 2193.86 |   0.0838585 |
| 2194.23 |    0.083949 |
| 2194.61 |   0.0840392 |
| 2194.98 |   0.0841299 |
| 2195.36 |   0.0842203 |
| 2195.73 |   0.0843111 |
| 2196.11 |    0.084402 |
| 2196.49 |   0.0844927 |
| 2196.86 |   0.0845834 |
| 2197.24 |   0.0846745 |
| 2197.61 |   0.0847657 |
| 2197.99 |    0.084857 |
| 2198.36 |   0.0849484 |
| 2198.74 |   0.0850396 |
| 2199.12 |   0.0851308 |
| 2199.49 |   0.0852227 |
| 2199.87 |   0.0853142 |
| 2200.25 |   0.0853979 |
| 2200.62 |   0.0854779 |
|  2201.0 |    0.085548 |
| 2201.38 |   0.0856159 |
| 2201.75 |   0.0856841 |
| 2202.13 |   0.0857523 |
|  2202.5 |   0.0858203 |
| 2202.88 |   0.0858883 |
| 2203.26 |   0.0859568 |
| 2203.64 |   0.0860249 |
| 2204.01 |   0.0860931 |
| 2204.39 |   0.0861615 |
| 2204.77 |     0.08623 |
| 2205.15 |   0.0862985 |
| 2205.52 |   0.0863671 |
|  2205.9 |   0.0864354 |
| 2206.28 |   0.0865038 |
| 2206.65 |   0.0865725 |
| 2207.03 |   0.0866412 |
| 2207.41 |   0.0867097 |
| 2207.79 |   0.0867787 |
| 2208.17 |   0.0868474 |
| 2208.54 |    0.086916 |
| 2208.92 |   0.0869849 |
|  2209.3 |   0.0870539 |
| 2209.68 |   0.0871226 |
| 2210.05 |   0.0871917 |
| 2210.43 |   0.0872631 |
| 2210.81 |   0.0873311 |
| 2211.19 |    0.087392 |
| 2211.57 |    0.087453 |
| 2211.95 |   0.0875139 |
| 2212.32 |   0.0875747 |
|  2212.7 |   0.0876359 |
| 2213.08 |   0.0876969 |
| 2213.46 |   0.0877578 |
| 2213.84 |   0.0878189 |
| 2214.22 |   0.0878801 |
|  2214.6 |   0.0879412 |
| 2214.98 |   0.0880022 |
| 2215.35 |   0.0880634 |
| 2215.73 |   0.0881245 |
| 2216.11 |   0.0881857 |
| 2216.49 |   0.0882471 |
| 2216.87 |   0.0883082 |
| 2217.25 |   0.0883695 |
| 2217.63 |   0.0884307 |
| 2218.01 |   0.0884921 |
| 2218.39 |   0.0885535 |
| 2218.77 |   0.0886149 |
| 2219.15 |   0.0886762 |
| 2219.53 |   0.0887376 |
| 2219.91 |   0.0887991 |
| 2220.29 |   0.0888598 |
| 2220.67 |   0.0889202 |
| 2221.05 |   0.0889753 |
| 2221.43 |     0.08903 |
| 2221.81 |   0.0890846 |
| 2222.19 |   0.0891396 |
| 2222.57 |   0.0891942 |
| 2222.95 |   0.0892487 |
| 2223.33 |   0.0893036 |
| 2223.71 |   0.0893584 |
| 2224.09 |    0.089413 |
| 2224.47 |   0.0894677 |
| 2224.85 |   0.0895225 |
| 2225.23 |   0.0895771 |
| 2225.61 |   0.0896324 |
| 2225.99 |   0.0896871 |
| 2226.37 |   0.0897418 |
| 2226.75 |   0.0897964 |
| 2227.13 |   0.0898513 |
| 2227.52 |   0.0899062 |
|  2227.9 |    0.089961 |
| 2228.28 |   0.0900161 |
| 2228.66 |   0.0900708 |
| 2229.04 |   0.0901256 |
| 2229.42 |   0.0901807 |
|  2229.8 |   0.0902355 |
| 2230.18 |   0.0902811 |
| 2230.57 |    0.090317 |
| 2230.95 |   0.0903535 |
| 2231.33 |   0.0903904 |
| 2231.71 |   0.0904274 |
| 2232.09 |   0.0904642 |
| 2232.48 |   0.0905011 |
| 2232.86 |   0.0905381 |
| 2233.24 |   0.0905749 |
| 2233.62 |   0.0906117 |
|  2234.0 |   0.0906486 |
| 2234.39 |   0.0906854 |
| 2234.77 |   0.0907223 |
| 2235.15 |   0.0907591 |
| 2235.53 |    0.090796 |
| 2235.92 |   0.0908327 |
|  2236.3 |   0.0908695 |
| 2236.68 |   0.0909062 |
| 2237.06 |   0.0909431 |
| 2237.45 |   0.0909797 |
| 2237.83 |   0.0910165 |
| 2238.21 |   0.0910532 |
| 2238.59 |   0.0910901 |
| 2238.98 |   0.0911267 |
| 2239.36 |   0.0911635 |
| 2239.74 |   0.0912001 |
| 2240.13 |   0.0912354 |
| 2240.51 |   0.0912677 |
| 2240.89 |   0.0913009 |
| 2241.28 |   0.0913349 |
| 2241.66 |   0.0913689 |
| 2242.04 |   0.0914028 |
| 2242.43 |   0.0914369 |
| 2242.81 |    0.091471 |
|  2243.2 |   0.0915049 |
| 2243.58 |   0.0915388 |
| 2243.96 |   0.0915728 |
| 2244.35 |   0.0916067 |
| 2244.73 |   0.0916406 |
| 2245.11 |   0.0916745 |
|  2245.5 |   0.0917084 |
| 2245.88 |   0.0917423 |
| 2246.27 |   0.0917762 |
| 2246.65 |   0.0918101 |
| 2247.04 |   0.0918439 |
| 2247.42 |   0.0918778 |
|  2247.8 |   0.0919115 |
| 2248.19 |   0.0919454 |
| 2248.57 |   0.0919793 |
| 2248.96 |    0.092013 |
| 2249.34 |   0.0920468 |
| 2249.73 |   0.0920806 |
| 2250.11 |   0.0921151 |
|  2250.5 |    0.092151 |
| 2250.88 |   0.0921885 |
| 2251.27 |   0.0922276 |
| 2251.65 |   0.0922665 |
| 2252.04 |   0.0923058 |
| 2252.42 |   0.0923448 |
| 2252.81 |   0.0923838 |
|  2253.2 |    0.092423 |
| 2253.58 |    0.092462 |
| 2253.97 |   0.0925011 |
| 2254.35 |   0.0925401 |
| 2254.74 |   0.0925791 |
| 2255.12 |   0.0926181 |
| 2255.51 |    0.092657 |
|  2255.9 |   0.0926962 |
| 2256.28 |   0.0927353 |
| 2256.67 |   0.0927742 |
| 2257.05 |   0.0928133 |
| 2257.44 |   0.0928522 |
| 2257.83 |   0.0928913 |
| 2258.21 |   0.0929303 |
|  2258.6 |   0.0929692 |
| 2258.98 |   0.0930081 |
| 2259.37 |   0.0930473 |
| 2259.76 |   0.0930862 |
| 2260.15 |   0.0931248 |
| 2260.53 |   0.0931626 |
| 2260.92 |   0.0932041 |
|  2261.3 |   0.0932484 |
| 2261.69 |   0.0932929 |
| 2262.08 |   0.0933372 |
| 2262.47 |   0.0933815 |
| 2262.85 |   0.0934259 |
| 2263.24 |   0.0934703 |
| 2263.63 |   0.0935147 |
| 2264.01 |    0.093559 |
|  2264.4 |   0.0936035 |
| 2264.79 |   0.0936477 |
| 2265.18 |   0.0936922 |
| 2265.56 |   0.0937366 |
| 2265.95 |   0.0937809 |
| 2266.34 |   0.0938252 |
| 2266.73 |   0.0938697 |
| 2267.11 |   0.0939141 |
|  2267.5 |   0.0939586 |
| 2267.89 |    0.094003 |
| 2268.28 |   0.0940474 |
| 2268.67 |   0.0940917 |
| 2269.06 |   0.0941363 |
| 2269.44 |   0.0941807 |
| 2269.83 |    0.094225 |
| 2270.22 |    0.094269 |
| 2270.61 |   0.0943123 |
|  2271.0 |   0.0943615 |
| 2271.39 |   0.0944123 |
| 2271.77 |   0.0944633 |
| 2272.16 |   0.0945142 |
| 2272.55 |   0.0945651 |
| 2272.94 |   0.0946163 |
| 2273.33 |   0.0946672 |
| 2273.72 |   0.0947181 |
| 2274.11 |   0.0947694 |
|  2274.5 |   0.0948203 |
| 2274.89 |   0.0948715 |
| 2275.27 |   0.0949226 |
| 2275.66 |   0.0949736 |
| 2276.05 |   0.0950246 |
| 2276.44 |   0.0950758 |
| 2276.83 |    0.095127 |
| 2277.22 |   0.0951781 |
| 2277.61 |   0.0952294 |
|  2278.0 |   0.0952805 |
| 2278.39 |   0.0953315 |
| 2278.78 |    0.095383 |
| 2279.17 |   0.0954341 |
| 2279.56 |   0.0954852 |
| 2279.95 |   0.0955365 |
| 2280.34 |    0.095584 |
| 2280.73 |   0.0956308 |
| 2281.12 |   0.0956801 |
| 2281.51 |   0.0957291 |
|  2281.9 |   0.0957782 |
| 2282.29 |   0.0958273 |
| 2282.68 |   0.0958766 |
| 2283.07 |   0.0959256 |
| 2283.46 |   0.0959747 |
| 2283.85 |    0.096024 |
| 2284.25 |   0.0960732 |
| 2284.64 |   0.0961225 |
| 2285.03 |   0.0961718 |
| 2285.42 |   0.0962209 |
| 2285.81 |     0.09627 |
|  2286.2 |   0.0963195 |
| 2286.59 |   0.0963687 |
| 2286.98 |   0.0964179 |
| 2287.37 |   0.0964671 |
| 2287.76 |   0.0965165 |
| 2288.16 |   0.0965659 |
| 2288.55 |   0.0966152 |
| 2288.94 |   0.0966647 |
| 2289.33 |   0.0967139 |
| 2289.72 |   0.0967632 |
| 2290.11 |   0.0968136 |
| 2290.51 |   0.0968655 |
|  2290.9 |   0.0969219 |
| 2291.29 |   0.0969836 |
| 2291.68 |   0.0970448 |
| 2292.07 |   0.0971061 |
| 2292.47 |   0.0971678 |
| 2292.86 |   0.0972292 |
| 2293.25 |   0.0972905 |
| 2293.64 |   0.0973521 |
| 2294.04 |   0.0974137 |
| 2294.43 |   0.0974752 |
| 2294.82 |   0.0975369 |
| 2295.21 |   0.0975986 |
| 2295.61 |   0.0976601 |
|  2296.0 |   0.0977221 |
| 2296.39 |   0.0977837 |
| 2296.78 |   0.0978453 |
| 2297.18 |   0.0979072 |
| 2297.57 |   0.0979689 |
| 2297.96 |   0.0980308 |
| 2298.36 |    0.098093 |
| 2298.75 |   0.0981548 |
| 2299.14 |   0.0982165 |
| 2299.54 |   0.0982786 |
| 2299.93 |   0.0983407 |
| 2300.32 |   0.0983801 |
| 2300.72 |   0.0984147 |
| 2301.11 |   0.0984506 |
|  2301.5 |   0.0984863 |
|  2301.9 |   0.0985222 |
| 2302.29 |   0.0985582 |
| 2302.69 |    0.098594 |
| 2303.08 |   0.0986297 |
| 2303.47 |   0.0986657 |
| 2303.87 |   0.0987016 |
| 2304.26 |   0.0987375 |
| 2304.66 |   0.0987735 |
| 2305.05 |   0.0988093 |
| 2305.45 |   0.0988453 |
| 2305.84 |   0.0988814 |
| 2306.24 |   0.0989174 |
| 2306.63 |   0.0989533 |
| 2307.02 |   0.0989893 |
| 2307.42 |   0.0990254 |
| 2307.81 |   0.0990615 |
| 2308.21 |   0.0990976 |
|  2308.6 |   0.0991336 |
|  2309.0 |   0.0991696 |
| 2309.39 |   0.0992058 |
| 2309.79 |   0.0992421 |
| 2310.18 |   0.0992778 |
| 2310.58 |    0.099313 |
| 2310.97 |   0.0993502 |
| 2311.37 |   0.0993884 |
| 2311.76 |   0.0994265 |
| 2312.16 |   0.0994647 |
| 2312.56 |   0.0995029 |
| 2312.95 |   0.0995411 |
| 2313.35 |   0.0995794 |
| 2313.74 |   0.0996177 |
| 2314.14 |   0.0996558 |
| 2314.53 |   0.0996942 |
| 2314.93 |   0.0997324 |
| 2315.33 |   0.0997707 |
| 2315.72 |    0.099809 |
| 2316.12 |   0.0998474 |
| 2316.51 |   0.0998857 |
| 2316.91 |   0.0999243 |
| 2317.31 |   0.0999627 |
| 2317.71 |    0.100001 |
|  2318.1 |    0.100039 |
|  2318.5 |    0.100078 |
| 2318.89 |    0.100116 |
| 2319.29 |    0.100155 |
| 2319.69 |    0.100194 |
| 2320.09 |    0.100231 |
| 2320.48 |    0.100265 |
| 2320.88 |    0.100299 |
| 2321.28 |    0.100334 |
| 2321.67 |    0.100368 |
| 2322.07 |    0.100403 |
| 2322.47 |    0.100437 |
| 2322.86 |    0.100472 |
| 2323.26 |    0.100507 |
| 2323.66 |    0.100541 |
| 2324.06 |    0.100576 |
| 2324.46 |     0.10061 |
| 2324.85 |    0.100645 |
| 2325.25 |     0.10068 |
| 2325.65 |    0.100714 |
| 2326.05 |    0.100749 |
| 2326.44 |    0.100784 |
| 2326.84 |    0.100818 |
| 2327.24 |    0.100853 |
| 2327.64 |    0.100888 |
| 2328.04 |    0.100923 |
| 2328.44 |    0.100957 |
| 2328.83 |    0.100992 |
| 2329.23 |    0.101027 |
| 2329.63 |    0.101062 |
| 2330.03 |    0.101097 |
| 2330.43 |    0.101135 |
| 2330.83 |    0.101172 |
| 2331.23 |     0.10121 |
| 2331.62 |    0.101247 |
| 2332.02 |    0.101285 |
| 2332.42 |    0.101322 |
| 2332.82 |     0.10136 |
| 2333.22 |    0.101397 |
| 2333.62 |    0.101435 |
| 2334.02 |    0.101472 |
| 2334.42 |     0.10151 |
| 2334.82 |    0.101548 |
| 2335.22 |    0.101585 |
| 2335.62 |    0.101623 |
| 2336.02 |     0.10166 |
| 2336.42 |    0.101698 |
| 2336.82 |    0.101736 |
| 2337.22 |    0.101773 |
| 2337.61 |    0.101811 |
| 2338.01 |    0.101848 |
| 2338.42 |    0.101886 |
| 2338.82 |    0.101924 |
| 2339.22 |    0.101962 |
| 2339.62 |       0.102 |
| 2340.02 |    0.102037 |
| 2340.42 |    0.102074 |
| 2340.82 |    0.102111 |
| 2341.22 |    0.102145 |
| 2341.62 |    0.102179 |
| 2342.02 |    0.102214 |
| 2342.42 |    0.102248 |
| 2342.82 |    0.102282 |
| 2343.22 |    0.102316 |
| 2343.62 |     0.10235 |
| 2344.02 |    0.102385 |
| 2344.42 |    0.102419 |
| 2344.82 |    0.102453 |
| 2345.23 |    0.102487 |
| 2345.63 |    0.102522 |
| 2346.03 |    0.102556 |
| 2346.43 |     0.10259 |
| 2346.83 |    0.102625 |
| 2347.23 |    0.102659 |
| 2347.64 |    0.102694 |
| 2348.03 |    0.102728 |
| 2348.44 |    0.102762 |
| 2348.84 |    0.102797 |
| 2349.24 |    0.102831 |
| 2349.65 |    0.102866 |
| 2350.05 |      0.1029 |
| 2350.45 |    0.102934 |
| 2350.85 |    0.102966 |
| 2351.25 |    0.102993 |
| 2351.65 |     0.10302 |
| 2352.06 |    0.103047 |
| 2352.46 |    0.103074 |
| 2352.86 |    0.103101 |
| 2353.26 |    0.103128 |
| 2353.67 |    0.103156 |
| 2354.07 |    0.103183 |
| 2354.47 |     0.10321 |
| 2354.88 |    0.103237 |
| 2355.28 |    0.103264 |
| 2355.68 |    0.103291 |
| 2356.08 |    0.103319 |
| 2356.49 |    0.103346 |
| 2356.89 |    0.103373 |
| 2357.29 |      0.1034 |
|  2357.7 |    0.103427 |
|  2358.1 |    0.103455 |
|  2358.5 |    0.103482 |
| 2358.91 |    0.103509 |
| 2359.31 |    0.103537 |
| 2359.72 |    0.103564 |
| 2360.12 |     0.10359 |
| 2360.52 |    0.103612 |
| 2360.93 |    0.103632 |
| 2361.33 |    0.103648 |
| 2361.73 |    0.103665 |
| 2362.14 |    0.103681 |
| 2362.54 |    0.103697 |
| 2362.95 |    0.103714 |
| 2363.35 |     0.10373 |
| 2363.76 |    0.103746 |
| 2364.16 |    0.103763 |
| 2364.56 |    0.103779 |
| 2364.97 |    0.103795 |
| 2365.37 |    0.103812 |
| 2365.78 |    0.103828 |
| 2366.18 |    0.103844 |
| 2366.59 |     0.10386 |
| 2366.99 |    0.103877 |
|  2367.4 |    0.103893 |
|  2367.8 |    0.103909 |
| 2368.21 |    0.103926 |
| 2368.61 |    0.103942 |
| 2369.02 |    0.103959 |
| 2369.42 |    0.103975 |
| 2369.83 |    0.103991 |
| 2370.23 |    0.104009 |
| 2370.64 |    0.104029 |
| 2371.05 |    0.104043 |
| 2371.45 |    0.104055 |
| 2371.86 |    0.104067 |
| 2372.26 |    0.104079 |
| 2372.67 |    0.104091 |
| 2373.07 |    0.104103 |
| 2373.48 |    0.104115 |
| 2373.89 |    0.104127 |
| 2374.29 |    0.104139 |
|  2374.7 |    0.104151 |
| 2375.11 |    0.104163 |
| 2375.51 |    0.104175 |
| 2375.92 |    0.104187 |
| 2376.32 |    0.104199 |
| 2376.73 |    0.104211 |
| 2377.14 |    0.104223 |
| 2377.54 |    0.104235 |
| 2377.95 |    0.104247 |
| 2378.36 |    0.104259 |
| 2378.77 |    0.104271 |
| 2379.17 |    0.104283 |
| 2379.58 |    0.104295 |
| 2379.99 |    0.104307 |
| 2380.39 |    0.104318 |
|  2380.8 |    0.104328 |
| 2381.21 |    0.104331 |
| 2381.61 |    0.104334 |
| 2382.02 |    0.104338 |
| 2382.43 |    0.104341 |
| 2382.84 |    0.104344 |
| 2383.25 |    0.104347 |
| 2383.65 |     0.10435 |
| 2384.06 |    0.104354 |
| 2384.47 |    0.104357 |
| 2384.88 |     0.10436 |
| 2385.29 |    0.104363 |
| 2385.69 |    0.104366 |
|  2386.1 |    0.104369 |
| 2386.51 |    0.104373 |
| 2386.92 |    0.104376 |
| 2387.33 |    0.104379 |
| 2387.74 |    0.104382 |
| 2388.14 |    0.104385 |
| 2388.55 |    0.104388 |
| 2388.96 |    0.104391 |
| 2389.37 |    0.104394 |
| 2389.78 |    0.104397 |
| 2390.19 |    0.104398 |
|  2390.6 |    0.104397 |
|  2391.0 |    0.104388 |
| 2391.42 |    0.104377 |
| 2391.82 |    0.104366 |
| 2392.23 |    0.104354 |
| 2392.64 |    0.104343 |
| 2393.05 |    0.104331 |
| 2393.46 |     0.10432 |
| 2393.87 |    0.104309 |
| 2394.28 |    0.104297 |
| 2394.69 |    0.104286 |
|  2395.1 |    0.104274 |
| 2395.51 |    0.104262 |
| 2395.92 |    0.104251 |
| 2396.33 |    0.104239 |
| 2396.74 |    0.104228 |
| 2397.15 |    0.104216 |
| 2397.56 |    0.104204 |
| 2397.97 |    0.104193 |
| 2398.38 |    0.104181 |
| 2398.79 |    0.104169 |
|  2399.2 |    0.104157 |
| 2399.61 |    0.104146 |
| 2400.02 |    0.104131 |
| 2400.43 |    0.104063 |
| 2400.84 |    0.103993 |
| 2401.25 |    0.103916 |
| 2401.66 |    0.103839 |
| 2402.07 |    0.103762 |
| 2402.49 |    0.103685 |
|  2402.9 |    0.103608 |
| 2403.31 |    0.103531 |
| 2403.72 |    0.103455 |
| 2404.13 |    0.103378 |
| 2404.54 |      0.1033 |
| 2404.95 |    0.103224 |
| 2405.36 |    0.103147 |
| 2405.78 |     0.10307 |
| 2406.19 |    0.102993 |
|  2406.6 |    0.102916 |
| 2407.01 |    0.102839 |
| 2407.43 |    0.102762 |
| 2407.84 |    0.102685 |
| 2408.25 |    0.102608 |
| 2408.66 |    0.102532 |
| 2409.07 |    0.102455 |
| 2409.49 |    0.102378 |
|  2409.9 |    0.102301 |
| 2410.31 |    0.102224 |
| 2410.72 |    0.102147 |
| 2411.13 |    0.102059 |
| 2411.54 |    0.101972 |
| 2411.96 |    0.101884 |
| 2412.37 |    0.101796 |
| 2412.78 |    0.101709 |
|  2413.2 |    0.101621 |
| 2413.61 |    0.101534 |
| 2414.02 |    0.101446 |
| 2414.43 |    0.101359 |
| 2414.85 |    0.101271 |
| 2415.26 |    0.101183 |
| 2415.68 |    0.101096 |
| 2416.09 |    0.101008 |
|  2416.5 |     0.10092 |
| 2416.92 |    0.100833 |
| 2417.33 |    0.100745 |
| 2417.74 |    0.100658 |
| 2418.16 |     0.10057 |
| 2418.57 |    0.100483 |
| 2418.98 |    0.100395 |
|  2419.4 |    0.100308 |
| 2419.81 |     0.10022 |
| 2420.23 |    0.100133 |
| 2420.64 |    0.100045 |
| 2421.05 |   0.0999522 |
| 2421.47 |   0.0998578 |
| 2421.88 |   0.0997637 |
|  2422.3 |   0.0996694 |
| 2422.71 |   0.0995751 |
| 2423.13 |   0.0994808 |
| 2423.54 |   0.0993868 |
| 2423.96 |   0.0992925 |
| 2424.37 |   0.0991985 |
| 2424.78 |   0.0991046 |
|  2425.2 |     0.09901 |
| 2425.61 |   0.0989161 |
| 2426.03 |   0.0988221 |
| 2426.44 |   0.0987279 |
| 2426.86 |   0.0986337 |
| 2427.27 |   0.0985395 |
| 2427.69 |   0.0984453 |
|  2428.1 |   0.0983515 |
| 2428.52 |   0.0982577 |
| 2428.94 |   0.0981635 |
| 2429.35 |   0.0980693 |
| 2429.77 |   0.0979755 |
| 2430.18 |   0.0978768 |
|  2430.6 |   0.0977732 |
| 2431.01 |   0.0976624 |
| 2431.43 |   0.0975475 |
| 2431.85 |   0.0974327 |
| 2432.26 |   0.0973184 |
| 2432.68 |   0.0972041 |
|  2433.1 |    0.097089 |
| 2433.51 |   0.0969747 |
| 2433.93 |   0.0968605 |
| 2434.34 |   0.0967455 |
| 2434.76 |   0.0966313 |
| 2435.18 |   0.0965168 |
| 2435.59 |   0.0964024 |
| 2436.01 |   0.0962883 |
| 2436.43 |   0.0961743 |
| 2436.84 |   0.0960599 |
| 2437.26 |   0.0959456 |
| 2437.68 |   0.0958313 |
| 2438.09 |   0.0957175 |
| 2438.51 |   0.0956032 |
| 2438.93 |   0.0954895 |
| 2439.35 |    0.095375 |
| 2439.76 |   0.0952612 |
| 2440.18 |   0.0951491 |
|  2440.6 |   0.0950386 |
| 2441.02 |   0.0949259 |
| 2441.43 |   0.0948115 |
| 2441.85 |   0.0946973 |
| 2442.27 |    0.094583 |
| 2442.69 |   0.0944692 |
|  2443.1 |   0.0943553 |
| 2443.52 |   0.0942408 |
| 2443.94 |   0.0941271 |
| 2444.36 |   0.0940133 |
| 2444.78 |   0.0938993 |
|  2445.2 |   0.0937852 |
| 2445.61 |   0.0936712 |
| 2446.03 |   0.0935573 |
| 2446.45 |   0.0934437 |
| 2446.87 |   0.0933302 |
| 2447.29 |   0.0932163 |
| 2447.71 |   0.0931025 |
| 2448.13 |   0.0929891 |
| 2448.54 |   0.0928757 |
| 2448.96 |   0.0927619 |
| 2449.38 |   0.0926483 |
|  2449.8 |   0.0925346 |
| 2450.22 |   0.0924209 |
| 2450.64 |   0.0923075 |
| 2451.06 |   0.0921887 |
| 2451.48 |   0.0920678 |
|  2451.9 |    0.091947 |
| 2452.32 |   0.0918265 |
| 2452.74 |   0.0917053 |
| 2453.16 |    0.091585 |
| 2453.58 |   0.0914647 |
|  2454.0 |   0.0913436 |
| 2454.42 |   0.0912234 |
| 2454.84 |   0.0911031 |
| 2455.26 |   0.0909826 |
| 2455.68 |   0.0908621 |
|  2456.1 |   0.0907419 |
| 2456.52 |   0.0906215 |
| 2456.94 |   0.0905012 |
| 2457.36 |   0.0903811 |
| 2457.78 |   0.0902612 |
|  2458.2 |   0.0901405 |
| 2458.62 |   0.0900206 |
| 2459.04 |   0.0899004 |
| 2459.46 |   0.0897806 |
| 2459.88 |   0.0896605 |
|  2460.3 |   0.0895374 |
| 2460.72 |   0.0894142 |
| 2461.15 |   0.0892843 |
| 2461.56 |   0.0891541 |
| 2461.99 |   0.0890232 |
| 2462.41 |   0.0888931 |
| 2462.83 |   0.0887631 |
| 2463.25 |   0.0886327 |
| 2463.67 |   0.0885028 |
| 2464.09 |   0.0883725 |
| 2464.51 |   0.0882423 |
| 2464.94 |   0.0881121 |
| 2465.36 |   0.0879824 |
| 2465.78 |   0.0878523 |
|  2466.2 |   0.0877223 |
| 2466.62 |   0.0875928 |
| 2467.04 |   0.0874633 |
| 2467.47 |   0.0873334 |
| 2467.89 |   0.0872036 |
| 2468.31 |   0.0870739 |
| 2468.74 |   0.0869441 |
| 2469.16 |    0.086815 |
| 2469.58 |   0.0866858 |
|  2470.0 |   0.0865562 |
| 2470.43 |   0.0864301 |
| 2470.85 |   0.0863029 |
| 2471.27 |   0.0861728 |
| 2471.69 |   0.0860426 |
| 2472.12 |   0.0859122 |
| 2472.54 |   0.0857813 |
| 2472.96 |   0.0856514 |
| 2473.39 |   0.0855214 |
| 2473.81 |   0.0853911 |
| 2474.23 |   0.0852613 |
| 2474.66 |   0.0851311 |
| 2475.08 |   0.0850009 |
|  2475.5 |   0.0848709 |
| 2475.93 |   0.0847412 |
| 2476.35 |   0.0846116 |
| 2476.77 |   0.0844812 |
|  2477.2 |   0.0843517 |
| 2477.62 |   0.0842219 |
| 2478.04 |   0.0840925 |
| 2478.47 |   0.0839627 |
| 2478.89 |   0.0838334 |
| 2479.32 |   0.0837037 |
| 2479.74 |   0.0835745 |
| 2480.16 |   0.0834449 |
| 2480.59 |   0.0833154 |
| 2481.01 |   0.0831839 |
| 2481.44 |   0.0830517 |
| 2481.86 |   0.0829192 |
| 2482.29 |   0.0827871 |
| 2482.71 |   0.0826542 |
| 2483.14 |   0.0825218 |
| 2483.56 |   0.0823899 |
| 2483.99 |    0.082258 |
| 2484.41 |   0.0821257 |
| 2484.84 |   0.0819935 |
| 2485.26 |   0.0818618 |
| 2485.69 |   0.0817301 |
| 2486.11 |    0.081598 |
| 2486.54 |   0.0814665 |
| 2486.96 |   0.0813341 |
| 2487.39 |   0.0812026 |
| 2487.81 |   0.0810708 |
| 2488.24 |   0.0809394 |
| 2488.67 |   0.0808076 |
| 2489.09 |   0.0806759 |
| 2489.52 |   0.0805443 |
| 2489.94 |    0.080413 |
| 2490.37 |   0.0802793 |
| 2490.79 |   0.0801442 |
| 2491.22 |   0.0800052 |
| 2491.65 |   0.0798663 |
| 2492.07 |   0.0797274 |
|  2492.5 |   0.0795895 |
| 2492.93 |   0.0794508 |
| 2493.35 |   0.0793121 |
| 2493.78 |   0.0791735 |
| 2494.21 |   0.0790354 |
| 2494.63 |   0.0788973 |
| 2495.06 |   0.0787589 |
| 2495.49 |   0.0786201 |
| 2495.91 |   0.0784822 |
| 2496.34 |   0.0783441 |
| 2496.77 |   0.0782063 |
| 2497.19 |   0.0780687 |
| 2497.62 |   0.0779307 |
| 2498.05 |   0.0777926 |
| 2498.48 |   0.0776547 |
| 2498.91 |   0.0775169 |
| 2499.33 |   0.0773796 |
| 2499.76 |   0.0772419 |
| 2500.19 |   0.0771027 |
| 2500.62 |   0.0769606 |
| 2501.04 |   0.0768168 |
| 2501.47 |    0.076672 |
|  2501.9 |   0.0765264 |
| 2502.33 |   0.0763818 |
| 2502.76 |   0.0762367 |
| 2503.18 |   0.0760918 |
| 2503.61 |   0.0759474 |
| 2504.04 |   0.0758026 |
| 2504.47 |   0.0756584 |
|  2504.9 |   0.0755138 |
| 2505.32 |   0.0753696 |
| 2505.75 |   0.0752247 |
| 2506.19 |   0.0750803 |
| 2506.61 |   0.0749364 |
| 2507.04 |   0.0747926 |
| 2507.47 |   0.0746484 |
|  2507.9 |   0.0745048 |
| 2508.33 |   0.0743603 |
| 2508.76 |   0.0742168 |
| 2509.19 |   0.0740734 |
| 2509.61 |   0.0739296 |
| 2510.04 |   0.0737859 |
| 2510.47 |   0.0736428 |
|  2510.9 |   0.0734981 |
| 2511.33 |   0.0733514 |
| 2511.76 |   0.0732051 |
| 2512.19 |   0.0730585 |
| 2512.62 |   0.0729119 |
| 2513.05 |   0.0727659 |
| 2513.48 |   0.0726199 |
| 2513.91 |   0.0724736 |
| 2514.34 |   0.0723274 |
| 2514.77 |   0.0721812 |
|  2515.2 |   0.0720352 |
| 2515.63 |   0.0718896 |
| 2516.06 |   0.0717442 |
| 2516.49 |   0.0715984 |
| 2516.93 |   0.0714526 |
| 2517.35 |   0.0713074 |
| 2517.78 |   0.0711622 |
| 2518.22 |   0.0710167 |
| 2518.65 |   0.0708708 |
| 2519.08 |   0.0707259 |
| 2519.51 |   0.0705806 |
| 2519.94 |   0.0704359 |
| 2520.37 |   0.0702889 |
|  2520.8 |   0.0701403 |
| 2521.23 |   0.0699891 |
| 2521.67 |   0.0698375 |
|  2522.1 |   0.0696859 |
| 2522.53 |   0.0695349 |
| 2522.96 |   0.0693837 |
| 2523.39 |   0.0692324 |
| 2523.82 |   0.0690818 |
| 2524.25 |   0.0689312 |
| 2524.69 |   0.0687808 |
| 2525.12 |   0.0686294 |
| 2525.55 |   0.0684792 |
| 2525.98 |   0.0683285 |
| 2526.42 |    0.068178 |
| 2526.85 |    0.068028 |
| 2527.28 |   0.0678771 |
| 2527.71 |   0.0677274 |
| 2528.15 |   0.0675777 |
| 2528.58 |   0.0674276 |
| 2529.01 |   0.0672776 |
| 2529.45 |   0.0671277 |
| 2529.88 |    0.066978 |
| 2530.31 |   0.0668312 |
| 2530.74 |   0.0666844 |
| 2531.18 |   0.0665344 |
| 2531.61 |   0.0663844 |
| 2532.04 |    0.066235 |
| 2532.47 |   0.0660856 |
| 2532.91 |   0.0659358 |
| 2533.34 |   0.0657861 |
| 2533.77 |    0.065637 |
| 2534.21 |    0.065487 |
| 2534.64 |   0.0653381 |
| 2535.07 |   0.0651892 |
| 2535.51 |     0.06504 |
| 2535.94 |   0.0648909 |
| 2536.38 |   0.0647423 |
| 2536.81 |   0.0645938 |
| 2537.25 |   0.0644445 |
| 2537.68 |   0.0642962 |
| 2538.11 |   0.0641475 |
| 2538.55 |   0.0639989 |
| 2538.98 |   0.0638509 |
| 2539.42 |    0.063703 |
| 2539.85 |   0.0635541 |
| 2540.28 |   0.0634064 |
| 2540.72 |   0.0632584 |
| 2541.15 |   0.0631095 |
| 2541.59 |   0.0629596 |
| 2542.02 |   0.0628098 |
| 2542.46 |   0.0626596 |
| 2542.89 |   0.0625105 |
| 2543.33 |   0.0623614 |
| 2543.76 |    0.062212 |
|  2544.2 |   0.0620627 |
| 2544.63 |   0.0619139 |
| 2545.07 |   0.0617647 |
| 2545.51 |   0.0616157 |
| 2545.94 |   0.0614672 |
| 2546.38 |   0.0613178 |
| 2546.81 |   0.0611695 |
| 2547.25 |   0.0610213 |
| 2547.68 |   0.0608727 |
| 2548.12 |   0.0607247 |
| 2548.56 |   0.0605763 |
| 2548.99 |   0.0604285 |
| 2549.43 |   0.0602803 |
| 2549.86 |   0.0601327 |
|  2550.3 |   0.0599825 |
| 2550.74 |   0.0598322 |
| 2551.17 |   0.0596816 |
| 2551.61 |   0.0595311 |
| 2552.05 |   0.0593802 |
| 2552.48 |   0.0592299 |
| 2552.92 |   0.0590787 |
| 2553.36 |   0.0589281 |
| 2553.79 |   0.0587781 |
| 2554.23 |   0.0586282 |
| 2554.67 |   0.0584779 |
|  2555.1 |   0.0583278 |
| 2555.54 |   0.0581782 |
| 2555.98 |   0.0580288 |
| 2556.42 |   0.0578789 |
| 2556.85 |   0.0577292 |
| 2557.29 |   0.0575796 |
| 2557.73 |   0.0574305 |
| 2558.17 |   0.0572811 |
|  2558.6 |   0.0571323 |
| 2559.04 |   0.0569831 |
| 2559.48 |   0.0568341 |
| 2559.92 |   0.0566856 |
| 2560.35 |   0.0565386 |
| 2560.79 |   0.0563924 |
| 2561.23 |   0.0562426 |
| 2561.67 |   0.0560924 |
| 2562.11 |   0.0559433 |
| 2562.55 |   0.0557938 |
| 2562.98 |   0.0556454 |
| 2563.42 |   0.0554956 |
| 2563.86 |   0.0553469 |
|  2564.3 |   0.0551978 |
| 2564.74 |   0.0550493 |
| 2565.18 |   0.0549009 |
| 2565.62 |   0.0547516 |
| 2566.06 |   0.0546029 |
|  2566.5 |   0.0544547 |
| 2566.93 |   0.0543063 |
| 2567.37 |   0.0541583 |
| 2567.81 |   0.0540101 |
| 2568.25 |   0.0538623 |
| 2568.69 |   0.0537143 |
| 2569.13 |   0.0535663 |
| 2569.57 |   0.0534184 |
| 2570.01 |   0.0532706 |
| 2570.45 |   0.0531235 |
| 2570.89 |   0.0529764 |
| 2571.33 |    0.052829 |
| 2571.77 |   0.0526822 |
| 2572.21 |    0.052535 |
| 2572.65 |   0.0523879 |
| 2573.09 |   0.0522415 |
| 2573.53 |   0.0520946 |
| 2573.97 |   0.0519478 |
| 2574.41 |   0.0518012 |
| 2574.85 |    0.051655 |
| 2575.29 |   0.0515091 |
| 2575.73 |   0.0513627 |
| 2576.17 |   0.0512169 |
| 2576.61 |   0.0510703 |
| 2577.05 |   0.0509242 |
|  2577.5 |   0.0507788 |
| 2577.94 |   0.0506333 |
| 2578.38 |   0.0504876 |
| 2578.82 |   0.0503419 |
| 2579.26 |   0.0501965 |
|  2579.7 |   0.0500515 |
| 2580.14 |    0.049906 |
| 2580.58 |   0.0497588 |
| 2581.02 |   0.0496121 |
| 2581.47 |   0.0494664 |
| 2581.91 |   0.0493203 |
| 2582.35 |   0.0491742 |
| 2582.79 |   0.0490288 |
| 2583.23 |   0.0488831 |
| 2583.68 |   0.0487374 |
| 2584.12 |   0.0485923 |
| 2584.56 |   0.0484473 |
|  2585.0 |   0.0483021 |
| 2585.45 |   0.0481564 |
| 2585.89 |   0.0480118 |
| 2586.33 |   0.0478668 |
| 2586.77 |   0.0477224 |
| 2587.22 |   0.0475777 |
| 2587.66 |   0.0474331 |
|  2588.1 |    0.047289 |
| 2588.54 |   0.0471451 |
| 2588.98 |   0.0470012 |
| 2589.43 |   0.0468566 |
| 2589.87 |   0.0467126 |
| 2590.31 |   0.0465705 |
| 2590.76 |   0.0464287 |
|  2591.2 |    0.046286 |
| 2591.65 |   0.0461425 |
| 2592.09 |   0.0460001 |
| 2592.53 |   0.0458577 |
| 2592.98 |    0.045715 |
| 2593.42 |   0.0455724 |
| 2593.86 |   0.0454304 |
| 2594.31 |    0.045288 |
| 2594.75 |   0.0451462 |
| 2595.19 |    0.045004 |
| 2595.64 |   0.0448624 |
| 2596.08 |     0.04472 |
| 2596.53 |   0.0445787 |
| 2596.97 |   0.0444374 |
| 2597.41 |   0.0442958 |
| 2597.86 |   0.0441542 |
|  2598.3 |   0.0440128 |
| 2598.75 |   0.0438719 |
| 2599.19 |   0.0437307 |
| 2599.64 |   0.0435901 |
| 2600.08 |   0.0434486 |
| 2600.53 |    0.043305 |
| 2600.97 |   0.0431615 |
| 2601.42 |   0.0430182 |
| 2601.86 |   0.0428755 |
| 2602.31 |   0.0427329 |
| 2602.75 |     0.04259 |
|  2603.2 |   0.0424472 |
| 2603.64 |    0.042305 |
| 2604.09 |   0.0421629 |
| 2604.53 |   0.0420205 |
| 2604.98 |   0.0418782 |
| 2605.43 |   0.0417365 |
| 2605.87 |   0.0415939 |
| 2606.32 |   0.0414525 |
| 2606.76 |   0.0413111 |
| 2607.21 |   0.0411695 |
| 2607.66 |   0.0410279 |
|  2608.1 |   0.0408869 |
| 2608.55 |   0.0407461 |
| 2608.99 |   0.0406044 |
| 2609.44 |   0.0404633 |
| 2609.89 |   0.0403228 |
| 2610.33 |   0.0401808 |
| 2610.78 |    0.040039 |
| 2611.23 |   0.0399024 |
| 2611.67 |   0.0397651 |
| 2612.12 |   0.0396287 |
| 2612.57 |    0.039492 |
| 2613.01 |   0.0393564 |
| 2613.46 |   0.0392196 |
| 2613.91 |   0.0390833 |
| 2614.36 |   0.0389471 |
|  2614.8 |   0.0388116 |
| 2615.25 |   0.0386761 |
|  2615.7 |   0.0385399 |
| 2616.15 |   0.0384048 |
| 2616.59 |   0.0382697 |
| 2617.04 |   0.0381343 |
| 2617.49 |   0.0379991 |
| 2617.94 |   0.0378644 |
| 2618.39 |   0.0377291 |
| 2618.83 |   0.0375946 |
| 2619.28 |   0.0374604 |
| 2619.73 |   0.0373258 |
| 2620.18 |    0.037192 |
| 2620.62 |   0.0370597 |
| 2621.07 |   0.0369269 |
| 2621.52 |   0.0367935 |
| 2621.97 |   0.0366601 |
| 2622.42 |    0.036527 |
| 2622.87 |   0.0363939 |
| 2623.32 |   0.0362613 |
| 2623.76 |    0.036129 |
| 2624.21 |   0.0359963 |
| 2624.66 |   0.0358637 |
| 2625.11 |   0.0357313 |
| 2625.56 |   0.0355989 |
| 2626.01 |   0.0354672 |
| 2626.46 |   0.0353355 |
| 2626.91 |   0.0352031 |
| 2627.36 |   0.0350717 |
| 2627.81 |   0.0349404 |
| 2628.26 |   0.0348092 |
| 2628.71 |   0.0346778 |
| 2629.16 |   0.0345464 |
| 2629.61 |   0.0344152 |
| 2630.06 |   0.0342842 |
| 2630.51 |   0.0341543 |
| 2630.96 |   0.0340253 |
| 2631.41 |   0.0338966 |
| 2631.86 |   0.0337688 |
| 2632.31 |   0.0336411 |
| 2632.76 |   0.0335131 |
| 2633.21 |   0.0333852 |
| 2633.66 |    0.033257 |
| 2634.11 |   0.0331298 |
| 2634.56 |   0.0330027 |
| 2635.01 |   0.0328753 |
| 2635.46 |   0.0327488 |
| 2635.91 |   0.0326212 |
| 2636.36 |   0.0324946 |
| 2636.81 |   0.0323676 |
| 2637.26 |   0.0322412 |
| 2637.72 |   0.0321146 |
| 2638.17 |    0.031988 |
| 2638.62 |   0.0318615 |
| 2639.07 |   0.0317356 |
| 2639.52 |   0.0316093 |
| 2639.98 |   0.0314832 |
| 2640.43 |   0.0313565 |
| 2640.88 |   0.0312305 |
| 2641.33 |   0.0311069 |
| 2641.78 |   0.0309842 |
| 2642.23 |   0.0308612 |
| 2642.69 |   0.0307384 |
| 2643.14 |   0.0306161 |
| 2643.59 |   0.0304939 |
| 2644.04 |   0.0303714 |
|  2644.5 |   0.0302491 |
| 2644.95 |   0.0301272 |
|  2645.4 |   0.0300055 |
| 2645.85 |   0.0298836 |
|  2646.3 |   0.0297618 |
| 2646.76 |     0.02964 |
| 2647.21 |   0.0295185 |
| 2647.66 |   0.0293974 |
| 2648.12 |   0.0292761 |
| 2648.57 |   0.0291552 |
| 2649.02 |   0.0290342 |
| 2649.48 |   0.0289132 |
| 2649.93 |   0.0287923 |
| 2650.38 |   0.0286731 |
| 2650.83 |   0.0285547 |
| 2651.29 |   0.0284409 |
| 2651.74 |   0.0283279 |
|  2652.2 |   0.0282148 |
| 2652.65 |    0.028102 |
|  2653.1 |   0.0279894 |
| 2653.56 |   0.0278766 |
| 2654.01 |   0.0277638 |
| 2654.47 |   0.0276515 |
| 2654.92 |    0.027539 |
| 2655.38 |   0.0274265 |
| 2655.83 |   0.0273142 |
| 2656.28 |   0.0272024 |
| 2656.74 |   0.0270903 |
| 2657.19 |   0.0269786 |
| 2657.65 |   0.0268668 |
|  2658.1 |   0.0267546 |
| 2658.56 |   0.0266433 |
| 2659.01 |   0.0265322 |
| 2659.47 |   0.0264207 |
| 2659.92 |   0.0263097 |
| 2660.38 |   0.0261986 |
| 2660.83 |   0.0260882 |
| 2661.29 |   0.0259806 |
| 2661.74 |   0.0258735 |
|  2662.2 |   0.0257658 |
| 2662.65 |   0.0256589 |
| 2663.11 |   0.0255518 |
| 2663.56 |   0.0254451 |
| 2664.02 |   0.0253382 |
| 2664.48 |   0.0252317 |
| 2664.93 |   0.0251251 |
| 2665.39 |   0.0250185 |
| 2665.84 |   0.0249123 |
|  2666.3 |   0.0248059 |
| 2666.76 |   0.0246997 |
| 2667.21 |   0.0245936 |
| 2667.67 |   0.0244878 |
| 2668.12 |   0.0243823 |
| 2668.58 |   0.0242764 |
| 2669.04 |   0.0241707 |
|  2669.5 |    0.024065 |
| 2669.95 |   0.0239599 |
| 2670.41 |    0.023854 |
| 2670.86 |    0.023748 |
| 2671.32 |   0.0236429 |
| 2671.78 |    0.023538 |
| 2672.24 |   0.0234333 |
| 2672.69 |    0.023329 |
| 2673.15 |   0.0232248 |
| 2673.61 |   0.0231204 |
| 2674.07 |   0.0230161 |
| 2674.52 |    0.022912 |
| 2674.98 |   0.0228079 |
| 2675.44 |   0.0227043 |
|  2675.9 |   0.0226005 |
| 2676.35 |   0.0224971 |
| 2676.81 |   0.0223935 |
| 2677.27 |   0.0222904 |
| 2677.73 |   0.0221874 |
| 2678.19 |   0.0220838 |
| 2678.65 |    0.021981 |
|  2679.1 |   0.0218783 |
| 2679.56 |   0.0217752 |
| 2680.02 |   0.0216728 |
| 2680.48 |    0.021571 |
| 2680.94 |   0.0214706 |
|  2681.4 |   0.0213721 |
| 2681.85 |   0.0212739 |
| 2682.31 |   0.0211759 |
| 2682.77 |    0.021077 |
| 2683.23 |   0.0209791 |
| 2683.69 |   0.0208814 |
| 2684.15 |   0.0207835 |
| 2684.61 |   0.0206859 |
| 2685.07 |   0.0205879 |
| 2685.53 |   0.0204906 |
| 2685.99 |   0.0203934 |
| 2686.45 |    0.020296 |
| 2686.91 |   0.0201987 |
| 2687.37 |   0.0201018 |
| 2687.83 |   0.0200047 |
| 2688.29 |   0.0199078 |
| 2688.75 |   0.0198112 |
| 2689.21 |   0.0197148 |
| 2689.67 |   0.0196178 |
| 2690.13 |   0.0195216 |
| 2690.58 |   0.0194255 |
| 2691.05 |   0.0193321 |
| 2691.51 |   0.0192414 |
| 2691.97 |   0.0191508 |
| 2692.43 |   0.0190603 |
| 2692.89 |   0.0189702 |
| 2693.35 |   0.0188802 |
| 2693.81 |     0.01879 |
| 2694.27 |   0.0186999 |
| 2694.73 |   0.0186102 |
| 2695.19 |   0.0185206 |
| 2695.65 |   0.0184308 |
| 2696.11 |   0.0183411 |
| 2696.58 |   0.0182515 |
| 2697.04 |    0.018162 |
|  2697.5 |   0.0180729 |
| 2697.96 |    0.017984 |
| 2698.42 |   0.0178948 |
| 2698.89 |   0.0178057 |
| 2699.35 |   0.0177167 |
| 2699.81 |   0.0176278 |
| 2700.27 |   0.0175465 |
| 2700.73 |   0.0174702 |
| 2701.19 |   0.0173984 |
| 2701.66 |   0.0173276 |
| 2702.12 |   0.0172569 |
| 2702.58 |   0.0171863 |
| 2703.04 |   0.0171151 |
|  2703.5 |   0.0170445 |
| 2703.97 |   0.0169737 |
| 2704.43 |   0.0169028 |
| 2704.89 |   0.0168322 |
| 2705.36 |   0.0167614 |
| 2705.82 |   0.0166905 |
| 2706.28 |   0.0166199 |
| 2706.74 |   0.0165493 |
| 2707.21 |   0.0164784 |
| 2707.67 |   0.0164076 |
| 2708.14 |   0.0163366 |
|  2708.6 |   0.0162662 |
| 2709.06 |   0.0161954 |
| 2709.53 |   0.0161246 |
| 2709.99 |   0.0160538 |
| 2710.45 |   0.0159838 |
| 2710.92 |   0.0159148 |
| 2711.38 |   0.0158482 |
| 2711.84 |   0.0157819 |
| 2712.31 |   0.0157153 |
| 2712.77 |   0.0156485 |
| 2713.24 |   0.0155821 |
|  2713.7 |   0.0155158 |
| 2714.17 |   0.0154492 |
| 2714.63 |   0.0153826 |
| 2715.09 |   0.0153162 |
| 2715.56 |   0.0152498 |
| 2716.02 |    0.015183 |
| 2716.49 |   0.0151166 |
| 2716.95 |     0.01505 |
| 2717.42 |   0.0149834 |
| 2717.88 |    0.014917 |
| 2718.35 |   0.0148506 |
| 2718.81 |    0.014784 |
| 2719.28 |   0.0147174 |
| 2719.74 |   0.0146508 |
| 2720.21 |   0.0145846 |
| 2720.67 |    0.014518 |
| 2721.14 |   0.0144551 |
|  2721.6 |   0.0143937 |
| 2722.07 |   0.0143322 |
| 2722.53 |    0.014271 |
|  2723.0 |   0.0142095 |
| 2723.47 |   0.0141481 |
| 2723.93 |   0.0140869 |
|  2724.4 |   0.0140254 |
| 2724.87 |   0.0139639 |
| 2725.33 |   0.0139027 |
|  2725.8 |   0.0138415 |
| 2726.26 |   0.0137798 |
| 2726.73 |   0.0137185 |
|  2727.2 |   0.0136571 |
| 2727.66 |   0.0135958 |
| 2728.13 |   0.0135344 |
|  2728.6 |   0.0134731 |
| 2729.06 |   0.0134116 |
| 2729.53 |   0.0133502 |
|  2730.0 |   0.0132889 |
| 2730.47 |   0.0132267 |
| 2730.93 |   0.0131653 |
|  2731.4 |   0.0131053 |
| 2731.87 |   0.0130451 |
| 2732.33 |   0.0129851 |
|  2732.8 |   0.0129249 |
| 2733.27 |   0.0128645 |
| 2733.74 |   0.0128045 |
| 2734.21 |   0.0127445 |
| 2734.67 |   0.0126843 |
| 2735.14 |   0.0126241 |
| 2735.61 |   0.0125641 |
| 2736.07 |   0.0125041 |
| 2736.54 |   0.0124439 |
| 2737.01 |    0.012384 |
| 2737.48 |   0.0123236 |
| 2737.95 |   0.0122636 |
| 2738.42 |   0.0122035 |
| 2738.89 |   0.0121435 |
| 2739.35 |   0.0120833 |
| 2739.82 |   0.0120232 |
| 2740.29 |   0.0119636 |
| 2740.76 |    0.011904 |
| 2741.23 |   0.0118494 |
|  2741.7 |   0.0117956 |
| 2742.17 |   0.0117415 |
| 2742.64 |   0.0116877 |
| 2743.11 |   0.0116339 |
| 2743.57 |   0.0115801 |
| 2744.04 |   0.0115262 |
| 2744.51 |   0.0114722 |
| 2744.99 |   0.0114182 |
| 2745.45 |   0.0113644 |
| 2745.92 |   0.0113106 |
| 2746.39 |   0.0112567 |
| 2746.86 |   0.0112026 |
| 2747.33 |   0.0111488 |
|  2747.8 |   0.0110948 |
| 2748.27 |    0.011041 |
| 2748.74 |    0.010987 |
| 2749.21 |   0.0109332 |
| 2749.69 |   0.0108793 |
| 2750.16 |   0.0108251 |
| 2750.63 |   0.0107707 |
|  2751.1 |   0.0107158 |
| 2751.57 |   0.0106603 |
| 2752.04 |    0.010605 |
| 2752.51 |   0.0105495 |
| 2752.98 |   0.0104942 |
| 2753.45 |   0.0104388 |
| 2753.92 |   0.0103835 |
| 2754.39 |    0.010328 |
| 2754.86 |   0.0102727 |
| 2755.34 |   0.0102171 |
| 2755.81 |   0.0101618 |
| 2756.28 |   0.0101064 |
| 2756.75 |   0.0100511 |
| 2757.22 |   0.0099957 |
| 2757.69 |  0.00994045 |
| 2758.17 |  0.00988501 |
| 2758.64 |  0.00982939 |
| 2759.11 |  0.00977415 |
| 2759.58 |   0.0097189 |
| 2760.05 |  0.00966354 |
| 2760.53 |  0.00960856 |
|  2761.0 |  0.00955591 |
| 2761.47 |   0.0095073 |
| 2761.94 |  0.00945837 |
| 2762.42 |  0.00940947 |
| 2762.89 |  0.00936054 |
| 2763.36 |  0.00931178 |
| 2763.83 |  0.00926286 |
| 2764.31 |  0.00921394 |
| 2764.78 |  0.00916518 |
| 2765.25 |  0.00911625 |
| 2765.73 |  0.00906733 |
|  2766.2 |  0.00901854 |
| 2766.67 |  0.00896979 |
| 2767.15 |  0.00892086 |
| 2767.62 |  0.00887177 |
| 2768.09 |  0.00882299 |
| 2768.57 |  0.00877406 |
| 2769.04 |  0.00872529 |
| 2769.51 |  0.00867651 |
| 2769.99 |  0.00862758 |
| 2770.46 |  0.00857864 |
| 2770.93 |  0.00853295 |
| 2771.41 |   0.0084967 |
| 2771.88 |  0.00846021 |
| 2772.36 |  0.00842384 |
| 2772.83 |  0.00838759 |
| 2773.31 |  0.00835123 |
| 2773.78 |  0.00831497 |
| 2774.25 |  0.00827871 |
| 2774.73 |  0.00824224 |
| 2775.21 |  0.00820598 |
| 2775.68 |   0.0081696 |
| 2776.16 |  0.00813323 |
| 2776.63 |  0.00809698 |
|  2777.1 |   0.0080606 |
| 2777.58 |  0.00802433 |
| 2778.05 |  0.00798797 |
| 2778.53 |  0.00795171 |
| 2779.01 |  0.00791521 |
| 2779.48 |  0.00787894 |
| 2779.96 |  0.00784268 |
| 2780.43 |    0.007806 |
| 2780.91 |  0.00776952 |
| 2781.38 |   0.0077342 |
| 2781.86 |  0.00769877 |
| 2782.34 |  0.00766333 |
| 2782.81 |  0.00762801 |
| 2783.29 |   0.0075927 |
| 2783.76 |  0.00755717 |
| 2784.24 |  0.00752173 |
| 2784.72 |  0.00748631 |
| 2785.19 |  0.00745113 |
| 2785.67 |   0.0074157 |
| 2786.15 |  0.00738029 |
| 2786.62 |  0.00734488 |
|  2787.1 |  0.00730958 |
| 2787.58 |  0.00727429 |
| 2788.05 |  0.00723889 |
| 2788.53 |  0.00720349 |
| 2789.01 |  0.00716821 |
| 2789.49 |   0.0071327 |
| 2789.96 |  0.00709742 |
| 2790.44 |  0.00706241 |
| 2790.92 |  0.00702658 |
|  2791.4 |  0.00698763 |
| 2791.87 |  0.00694882 |
| 2792.35 |  0.00691002 |
| 2792.83 |  0.00687095 |
| 2793.31 |  0.00683203 |
| 2793.78 |   0.0067932 |
| 2794.26 |  0.00675427 |
| 2794.74 |  0.00671546 |
| 2795.22 |  0.00667663 |
|  2795.7 |  0.00663756 |
| 2796.17 |  0.00659875 |
| 2796.65 |   0.0065598 |
| 2797.13 |  0.00652112 |
| 2797.61 |  0.00648205 |
| 2798.09 |  0.00644311 |
| 2798.57 |  0.00640429 |
| 2799.05 |  0.00636533 |
| 2799.52 |  0.00632653 |
|  2800.0 |   0.0062876 |
| 2800.48 |  0.00625082 |
| 2800.96 |  0.00621689 |
| 2801.44 |  0.00618978 |
| 2801.92 |  0.00616266 |
|  2802.4 |  0.00613559 |
| 2802.88 |  0.00610834 |
| 2803.36 |  0.00608122 |
| 2803.84 |  0.00605411 |
| 2804.32 |  0.00602687 |
|  2804.8 |  0.00599962 |
| 2805.28 |  0.00597244 |
| 2805.76 |  0.00594524 |
| 2806.24 |  0.00591794 |
| 2806.72 |  0.00589061 |
|  2807.2 |  0.00586335 |
| 2807.68 |  0.00583589 |
| 2808.16 |  0.00580858 |
| 2808.64 |  0.00578126 |
| 2809.12 |  0.00575385 |
|  2809.6 |   0.0057264 |
| 2810.08 |  0.00569888 |
| 2810.56 |  0.00567116 |
| 2811.04 |  0.00564067 |
| 2811.52 |   0.0056067 |
|  2812.0 |  0.00557259 |
| 2812.49 |  0.00553847 |
| 2812.97 |  0.00550443 |
| 2813.45 |  0.00547038 |
| 2813.93 |   0.0054362 |
| 2814.41 |    0.005402 |
| 2814.89 |  0.00536776 |
| 2815.38 |  0.00533351 |
| 2815.86 |  0.00529935 |
| 2816.34 |  0.00526517 |
| 2816.82 |  0.00523074 |
|  2817.3 |  0.00519651 |
| 2817.78 |  0.00516227 |
| 2818.27 |  0.00512789 |
| 2818.75 |   0.0050935 |
| 2819.23 |  0.00505918 |
| 2819.71 |  0.00502473 |
|  2820.2 |  0.00499037 |
| 2820.68 |  0.00495609 |
| 2821.16 |  0.00492496 |
| 2821.64 |  0.00489487 |
| 2822.12 |  0.00486493 |
| 2822.61 |  0.00483489 |
| 2823.09 |  0.00480493 |
| 2823.57 |  0.00477495 |
| 2824.06 |  0.00474465 |
| 2824.54 |  0.00471462 |
| 2825.02 |  0.00468458 |
| 2825.51 |  0.00465439 |
| 2825.99 |   0.0046243 |
| 2826.47 |   0.0045941 |
| 2826.96 |  0.00456396 |
| 2827.44 |   0.0045336 |
| 2827.93 |  0.00450341 |
| 2828.41 |  0.00447323 |
|  2828.9 |  0.00444281 |
| 2829.38 |  0.00441255 |
| 2829.86 |   0.0043823 |
| 2830.34 |  0.00435161 |
| 2830.83 |   0.0043209 |
| 2831.31 |  0.00431262 |
|  2831.8 |  0.00430455 |
| 2832.28 |  0.00429645 |
| 2832.77 |  0.00428835 |
| 2833.25 |  0.00428024 |
| 2833.74 |  0.00427213 |
| 2834.22 |  0.00426404 |
| 2834.71 |  0.00425594 |
| 2835.19 |  0.00424782 |
| 2835.68 |  0.00423968 |
| 2836.16 |  0.00423155 |
| 2836.65 |  0.00422341 |
| 2837.13 |  0.00421529 |
| 2837.62 |  0.00420717 |
|  2838.1 |  0.00419902 |
| 2838.59 |  0.00419086 |
| 2839.08 |   0.0041827 |
| 2839.56 |  0.00417456 |
| 2840.04 |  0.00416643 |
| 2840.53 |  0.00415844 |
| 2841.02 |  0.00414411 |
|  2841.5 |  0.00411935 |
| 2841.99 |  0.00409449 |
| 2842.48 |  0.00406962 |
| 2842.96 |  0.00404473 |
| 2843.45 |   0.0040199 |
| 2843.94 |  0.00399498 |
| 2844.42 |  0.00397013 |
| 2844.91 |  0.00394519 |
|  2845.4 |   0.0039203 |
| 2845.88 |  0.00389524 |
| 2846.37 |  0.00387033 |
| 2846.86 |  0.00384532 |
| 2847.34 |  0.00382038 |
| 2847.83 |  0.00379533 |
| 2848.32 |  0.00377035 |
|  2848.8 |  0.00374529 |
| 2849.29 |  0.00372028 |
| 2849.78 |  0.00369527 |
| 2850.27 |  0.00367007 |
| 2850.76 |  0.00364493 |
| 2851.24 |  0.00363233 |
| 2851.73 |  0.00362218 |
| 2852.22 |  0.00361206 |
| 2852.71 |   0.0036019 |
|  2853.2 |  0.00359173 |
| 2853.69 |  0.00358156 |
| 2854.17 |  0.00357142 |
| 2854.66 |  0.00356123 |
| 2855.15 |  0.00355103 |
| 2855.64 |  0.00354087 |
| 2856.12 |   0.0035307 |
| 2856.61 |  0.00352049 |
|  2857.1 |   0.0035103 |
| 2857.59 |  0.00350005 |
| 2858.08 |  0.00348985 |
| 2858.57 |  0.00347965 |
| 2859.06 |   0.0034694 |
| 2859.55 |  0.00345915 |
| 2860.04 |  0.00344889 |
| 2860.53 |  0.00343851 |
| 2861.02 |  0.00341948 |
|  2861.5 |  0.00338522 |
|  2862.0 |  0.00335081 |
| 2862.49 |   0.0033164 |
| 2862.98 |  0.00328196 |
| 2863.47 |  0.00324752 |
| 2863.95 |  0.00321327 |
| 2864.44 |  0.00317878 |
| 2864.94 |  0.00314427 |
| 2865.43 |  0.00310975 |
| 2865.92 |  0.00307532 |
|  2866.4 |  0.00304088 |
|  2866.9 |  0.00300631 |
| 2867.39 |  0.00297171 |
| 2867.88 |  0.00293721 |
| 2868.37 |  0.00290247 |
| 2868.86 |  0.00286793 |
| 2869.35 |  0.00283339 |
| 2869.84 |  0.00279869 |
| 2870.33 |  0.00276408 |
| 2870.82 |  0.00272958 |
| 2871.31 |  0.00271652 |
|  2871.8 |  0.00270433 |
|  2872.3 |  0.00269218 |
| 2872.79 |  0.00268006 |
| 2873.28 |  0.00266789 |
| 2873.77 |  0.00265576 |
| 2874.26 |  0.00264353 |
| 2874.75 |  0.00263142 |
| 2875.25 |  0.00261922 |
| 2875.74 |  0.00260702 |
| 2876.23 |  0.00259488 |
| 2876.72 |  0.00258262 |
| 2877.21 |  0.00257039 |
| 2877.71 |  0.00255816 |
|  2878.2 |  0.00254596 |
| 2878.69 |  0.00253375 |
| 2879.19 |  0.00252145 |
| 2879.68 |  0.00250922 |
| 2880.17 |  0.00249695 |
| 2880.66 |  0.00248456 |
| 2881.16 |  0.00247162 |
| 2881.65 |  0.00245836 |
| 2882.14 |  0.00244509 |
| 2882.63 |  0.00243186 |
| 2883.13 |  0.00241862 |
| 2883.62 |  0.00240537 |
| 2884.11 |  0.00239203 |
| 2884.61 |  0.00237877 |
|  2885.1 |   0.0023655 |
| 2885.59 |  0.00235219 |
| 2886.09 |  0.00233886 |
| 2886.58 |  0.00232553 |
| 2887.08 |  0.00231219 |
| 2887.57 |  0.00229889 |
| 2888.06 |  0.00228558 |
| 2888.56 |  0.00227222 |
| 2889.05 |  0.00225885 |
| 2889.55 |  0.00224548 |
| 2890.04 |  0.00223211 |
| 2890.53 |  0.00221887 |
| 2891.03 |  0.00220677 |
| 2891.52 |  0.00219664 |
| 2892.02 |   0.0021865 |
| 2892.51 |  0.00217638 |
| 2893.01 |  0.00216626 |
|  2893.5 |  0.00215607 |
|  2894.0 |  0.00214593 |
| 2894.49 |  0.00213576 |
| 2894.99 |  0.00212558 |
| 2895.48 |  0.00211542 |
| 2895.98 |  0.00210526 |
| 2896.48 |  0.00209504 |
| 2896.97 |  0.00208486 |
| 2897.47 |  0.00207468 |
| 2897.96 |  0.00206447 |
| 2898.46 |  0.00205424 |
| 2898.96 |  0.00204401 |
| 2899.45 |  0.00203381 |
| 2899.95 |  0.00202356 |
| 2900.44 |  0.00201372 |
| 2900.94 |  0.00200395 |
| 2901.44 |  0.00199472 |
| 2901.93 |  0.00198547 |
| 2902.43 |  0.00197619 |
| 2902.92 |  0.00196693 |
| 2903.42 |  0.00195763 |
| 2903.92 |  0.00194828 |
| 2904.42 |  0.00193899 |
| 2904.91 |  0.00192969 |
| 2905.41 |  0.00192035 |
| 2905.91 |  0.00191099 |
|  2906.4 |  0.00190166 |
|  2906.9 |  0.00189232 |
|  2907.4 |  0.00188291 |
|  2907.9 |  0.00187354 |
| 2908.39 |  0.00186414 |
| 2908.89 |  0.00185473 |
| 2909.39 |  0.00184533 |
| 2909.89 |  0.00183593 |
| 2910.38 |  0.00182642 |
| 2910.88 |  0.00181702 |
| 2911.38 |  0.00180964 |
| 2911.88 |  0.00180225 |
| 2912.38 |  0.00179484 |
| 2912.87 |  0.00178741 |
| 2913.37 |  0.00177998 |
| 2913.87 |  0.00177254 |
| 2914.37 |  0.00176512 |
| 2914.87 |  0.00175769 |
| 2915.37 |  0.00175023 |
| 2915.86 |  0.00174276 |
| 2916.36 |  0.00173529 |
| 2916.86 |  0.00172781 |
| 2917.36 |  0.00172034 |
| 2917.86 |  0.00171287 |
| 2918.36 |  0.00170536 |
| 2918.86 |  0.00169785 |
| 2919.36 |  0.00169033 |
| 2919.86 |  0.00168283 |
| 2920.36 |  0.00167535 |
| 2920.86 |  0.00166789 |
| 2921.36 |  0.00165709 |
| 2921.86 |  0.00164628 |
| 2922.36 |  0.00163549 |
| 2922.86 |  0.00162465 |
| 2923.36 |  0.00161381 |
| 2923.86 |  0.00160298 |
| 2924.36 |  0.00159212 |
| 2924.86 |  0.00158127 |
| 2925.36 |  0.00157038 |
| 2925.86 |  0.00155944 |
| 2926.36 |  0.00154856 |
| 2926.86 |  0.00153767 |
| 2927.36 |  0.00152673 |
| 2927.86 |  0.00151578 |
| 2928.36 |  0.00150485 |
| 2928.86 |  0.00149392 |
| 2929.36 |  0.00148293 |
| 2929.86 |  0.00147198 |
| 2930.37 |  0.00146088 |
| 2930.87 |  0.00144994 |
| 2931.37 |    0.001444 |
| 2931.87 |  0.00143804 |
| 2932.37 |  0.00143207 |
| 2932.88 |  0.00142609 |
| 2933.38 |  0.00142012 |
| 2933.88 |  0.00141413 |
| 2934.38 |  0.00140813 |
| 2934.88 |  0.00140215 |
| 2935.39 |  0.00139614 |
| 2935.89 |  0.00139012 |
| 2936.39 |  0.00138412 |
| 2936.89 |  0.00137811 |
|  2937.4 |  0.00137208 |
|  2937.9 |  0.00136604 |
|  2938.4 |  0.00135999 |
|  2938.9 |  0.00135396 |
|  2939.4 |  0.00134793 |
| 2939.91 |  0.00134186 |
| 2940.41 |  0.00133582 |
| 2940.92 |  0.00133013 |
| 2941.42 |  0.00132687 |
| 2941.92 |  0.00132359 |
| 2942.42 |  0.00132032 |
| 2942.93 |  0.00131704 |
| 2943.43 |  0.00131375 |
| 2943.94 |  0.00131046 |
| 2944.44 |  0.00130718 |
| 2944.94 |  0.00130389 |
| 2945.45 |  0.00130058 |
| 2945.95 |  0.00129728 |
| 2946.46 |  0.00129397 |
| 2946.96 |  0.00129067 |
| 2947.46 |  0.00128736 |
| 2947.97 |  0.00128405 |
| 2948.47 |  0.00128072 |
| 2948.98 |  0.00127739 |
| 2949.48 |  0.00127406 |
| 2949.99 |  0.00127074 |
| 2950.49 |   0.0012674 |
| 2950.99 |  0.00126323 |
|  2951.5 |  0.00125666 |
|  2952.0 |   0.0012501 |
| 2952.51 |  0.00124352 |
| 2953.02 |  0.00123691 |
| 2953.52 |  0.00123033 |
| 2954.02 |  0.00122375 |
| 2954.53 |  0.00121714 |
| 2955.03 |  0.00121054 |
| 2955.54 |   0.0012039 |
| 2956.05 |  0.00119731 |
| 2956.55 |  0.00119067 |
| 2957.06 |  0.00118405 |
| 2957.57 |  0.00117737 |
| 2958.07 |  0.00117073 |
| 2958.58 |  0.00116406 |
| 2959.08 |  0.00115739 |
| 2959.59 |  0.00115073 |
|  2960.1 |  0.00114403 |
|  2960.6 |  0.00113729 |
| 2961.11 |  0.00113078 |
| 2961.62 |   0.0011245 |
| 2962.12 |  0.00111822 |
| 2962.63 |  0.00111193 |
| 2963.14 |  0.00110562 |
| 2963.64 |  0.00109931 |
| 2964.15 |  0.00109301 |
| 2964.66 |  0.00108671 |
| 2965.16 |  0.00108038 |
| 2965.67 |  0.00107405 |
| 2966.18 |  0.00106773 |
| 2966.69 |   0.0010614 |
| 2967.19 |  0.00105505 |
|  2967.7 |  0.00104866 |
| 2968.21 |  0.00104232 |
| 2968.72 |  0.00103595 |
| 2969.23 |  0.00102959 |
| 2969.73 |  0.00102323 |
| 2970.24 |  0.00101686 |
| 2970.75 |  0.00101049 |
| 2971.26 |  0.00100356 |
| 2971.77 |  0.00099641 |
| 2972.27 | 0.000989283 |
| 2972.78 | 0.000982123 |
| 2973.29 |  0.00097498 |
|  2973.8 | 0.000967807 |
| 2974.31 | 0.000960649 |
| 2974.82 | 0.000953484 |
| 2975.33 | 0.000946266 |
| 2975.84 | 0.000939085 |
| 2976.35 | 0.000931875 |
| 2976.85 | 0.000924658 |
| 2977.36 | 0.000917455 |
| 2977.87 | 0.000910223 |
| 2978.38 | 0.000902983 |
| 2978.89 | 0.000895759 |
|  2979.4 | 0.000888525 |
| 2979.91 | 0.000881239 |
| 2980.42 | 0.000873939 |
| 2980.93 | 0.000867107 |
| 2981.44 | 0.000863576 |
| 2981.95 |  0.00086003 |
| 2982.46 | 0.000856493 |
| 2982.97 | 0.000852929 |
| 2983.48 | 0.000849383 |
| 2983.99 | 0.000845836 |
|  2984.5 | 0.000842273 |
| 2985.01 | 0.000838706 |
| 2985.52 | 0.000835148 |
| 2986.04 | 0.000831563 |
| 2986.55 | 0.000827999 |
| 2987.06 |  0.00082443 |
| 2987.57 | 0.000820846 |
| 2988.08 | 0.000817259 |
| 2988.59 |  0.00081368 |
|  2989.1 | 0.000810098 |
| 2989.61 |  0.00080649 |
| 2990.12 |  0.00080291 |
| 2990.64 | 0.000799341 |
| 2991.15 | 0.000796911 |
| 2991.66 | 0.000795446 |
| 2992.17 | 0.000793979 |
| 2992.68 | 0.000792505 |
|  2993.2 | 0.000791031 |
| 2993.71 | 0.000789559 |
| 2994.22 | 0.000788085 |
| 2994.73 | 0.000786605 |
| 2995.25 | 0.000785124 |
| 2995.76 | 0.000783641 |
| 2996.27 | 0.000782155 |
| 2996.78 | 0.000780673 |
| 2997.29 |  0.00077919 |
| 2997.81 | 0.000777695 |
| 2998.32 | 0.000776208 |
| 2998.83 | 0.000774714 |
| 2999.35 | 0.000773219 |
| 2999.86 | 0.000771727 |
| 3000.38 | 0.000769985 |
| 3000.89 | 0.000768072 |
|  3001.4 | 0.000762052 |
| 3001.91 |  0.00075605 |
| 3002.43 | 0.000750027 |
| 3002.94 | 0.000744003 |
| 3003.46 | 0.000737998 |
| 3003.97 |  0.00073197 |
| 3004.48 | 0.000725945 |
|  3005.0 | 0.000719938 |
| 3005.51 | 0.000713888 |
| 3006.03 | 0.000707878 |
| 3006.54 | 0.000701869 |
| 3007.05 | 0.000695839 |
| 3007.57 | 0.000689824 |
| 3008.08 | 0.000683773 |
|  3008.6 | 0.000677741 |
| 3009.11 | 0.000671726 |
| 3009.63 | 0.000665709 |
| 3010.14 |   0.0006597 |
| 3010.66 | 0.000653676 |
| 3011.17 | 0.000650413 |
| 3011.69 | 0.000649165 |
|  3012.2 | 0.000647912 |
| 3012.72 |  0.00064666 |
| 3013.24 | 0.000645406 |
| 3013.75 | 0.000644153 |
| 3014.27 | 0.000642903 |
| 3014.78 | 0.000641653 |
|  3015.3 | 0.000640398 |
| 3015.81 | 0.000639144 |
| 3016.33 | 0.000637893 |
| 3016.84 | 0.000636638 |
| 3017.36 | 0.000635382 |
| 3017.88 |  0.00063413 |
| 3018.39 | 0.000632874 |
| 3018.91 | 0.000631618 |
| 3019.43 | 0.000630365 |
| 3019.94 | 0.000629112 |
| 3020.46 |  0.00062785 |
| 3020.98 | 0.000626841 |
| 3021.49 | 0.000626888 |
| 3022.01 | 0.000626935 |
| 3022.53 | 0.000626982 |
| 3023.04 |  0.00062703 |
| 3023.56 | 0.000627077 |
| 3024.08 | 0.000627124 |
|  3024.6 | 0.000627171 |
| 3025.11 | 0.000627219 |
| 3025.63 | 0.000627266 |
| 3026.15 | 0.000627313 |
| 3026.67 |  0.00062736 |
| 3027.19 | 0.000627408 |
|  3027.7 | 0.000627455 |
| 3028.22 | 0.000627502 |
| 3028.74 | 0.000627549 |
| 3029.26 | 0.000627596 |
| 3029.78 | 0.000627644 |
| 3030.29 | 0.000627673 |
| 3030.81 |  0.00062769 |
| 3031.33 | 0.000623673 |
| 3031.85 | 0.000619013 |
| 3032.37 | 0.000614352 |
| 3032.89 | 0.000609692 |
| 3033.41 |  0.00060503 |
| 3033.93 | 0.000600381 |
| 3034.44 | 0.000595732 |
| 3034.96 | 0.000591068 |
| 3035.48 |  0.00058642 |
|  3036.0 | 0.000581739 |
| 3036.52 | 0.000577073 |
| 3037.04 | 0.000572421 |
| 3037.56 | 0.000567769 |
| 3038.08 | 0.000563102 |
|  3038.6 | 0.000558432 |
| 3039.12 | 0.000553763 |
| 3039.64 | 0.000549125 |
| 3040.16 | 0.000544462 |
| 3040.68 | 0.000539816 |
|  3041.2 | 0.000534453 |
| 3041.72 | 0.000528629 |
| 3042.24 | 0.000522819 |
| 3042.76 | 0.000517011 |
| 3043.28 | 0.000511181 |
|  3043.8 | 0.000505348 |
| 3044.32 | 0.000499517 |
| 3044.84 | 0.000493703 |
| 3045.37 | 0.000487866 |
| 3045.89 | 0.000482048 |
| 3046.41 | 0.000476211 |
| 3046.93 | 0.000470373 |
| 3047.45 | 0.000464532 |
| 3047.97 | 0.000458729 |
| 3048.49 | 0.000452866 |
| 3049.01 | 0.000447041 |
| 3049.54 | 0.000441196 |
| 3050.06 | 0.000435365 |
| 3050.58 | 0.000429516 |
|  3051.1 | 0.000425872 |
| 3051.62 | 0.000425454 |
| 3052.15 | 0.000425035 |
| 3052.67 | 0.000424616 |
| 3053.19 | 0.000424198 |
| 3053.72 | 0.000423778 |
| 3054.24 | 0.000423358 |
| 3054.76 | 0.000422941 |
| 3055.28 | 0.000422523 |
|  3055.8 | 0.000422103 |
| 3056.33 | 0.000421685 |
| 3056.85 | 0.000421266 |
| 3057.37 | 0.000420847 |
|  3057.9 | 0.000420428 |
| 3058.42 | 0.000420008 |
| 3058.94 | 0.000419589 |
| 3059.46 | 0.000419171 |
| 3059.99 | 0.000418751 |
| 3060.51 | 0.000418351 |
| 3061.03 | 0.000418217 |
| 3061.56 | 0.000418778 |
| 3062.08 | 0.000419338 |
| 3062.61 | 0.000419894 |
| 3063.13 | 0.000420455 |
| 3063.66 | 0.000421015 |
| 3064.18 | 0.000421575 |
| 3064.71 | 0.000422136 |
| 3065.23 | 0.000422696 |
| 3065.75 | 0.000423256 |
| 3066.28 | 0.000423814 |
|  3066.8 | 0.000424375 |
| 3067.33 | 0.000424937 |
| 3067.85 | 0.000425496 |
| 3068.38 | 0.000426056 |
|  3068.9 | 0.000426618 |
| 3069.43 | 0.000427179 |
| 3069.95 | 0.000427741 |
| 3070.48 | 0.000428281 |
|  3071.0 | 0.000427802 |
| 3071.53 | 0.000423392 |
| 3072.05 | 0.000418982 |
| 3072.58 | 0.000414572 |
|  3073.1 |  0.00041016 |
| 3073.63 | 0.000405749 |
| 3074.16 | 0.000401364 |
| 3074.68 | 0.000396936 |
| 3075.21 | 0.000392538 |
| 3075.74 | 0.000388123 |
| 3076.26 | 0.000383722 |
| 3076.78 |  0.00037932 |
| 3077.31 | 0.000374891 |
| 3077.84 | 0.000370489 |
| 3078.36 | 0.000366085 |
| 3078.89 | 0.000361681 |
| 3079.42 | 0.000357249 |
| 3079.95 | 0.000352844 |
| 3080.47 | 0.000348439 |
|  3081.0 | 0.000344924 |
| 3081.53 | 0.000344944 |
| 3082.06 | 0.000344964 |
| 3082.58 | 0.000344984 |
| 3083.11 | 0.000345004 |
| 3083.64 | 0.000345025 |
| 3084.17 | 0.000345045 |
| 3084.69 | 0.000345065 |
| 3085.22 | 0.000345085 |
| 3085.75 | 0.000345105 |
| 3086.28 | 0.000345126 |
|  3086.8 | 0.000345146 |
| 3087.33 | 0.000345166 |
| 3087.86 | 0.000345186 |
| 3088.39 | 0.000345206 |
| 3088.92 | 0.000345227 |
| 3089.44 | 0.000345247 |
| 3089.98 | 0.000345267 |
|  3090.5 | 0.000345272 |
| 3091.03 | 0.000345295 |
| 3091.56 | 0.000345377 |
| 3092.09 |  0.00034546 |
| 3092.62 | 0.000345542 |
| 3093.15 | 0.000345624 |
| 3093.68 | 0.000345707 |
| 3094.21 | 0.000345789 |
| 3094.74 | 0.000345871 |
| 3095.26 | 0.000345953 |
| 3095.79 | 0.000346036 |
| 3096.32 | 0.000346118 |
| 3096.85 |   0.0003462 |
| 3097.38 | 0.000346283 |
| 3097.91 | 0.000346365 |
| 3098.44 | 0.000346447 |
| 3098.97 |  0.00034653 |
|  3099.5 | 0.000346612 |
| 3100.03 | 0.000346695 |
| 3100.56 | 0.000346794 |
|  3101.1 | 0.000345114 |
| 3101.63 | 0.000340391 |
| 3102.16 | 0.000335668 |
| 3102.69 |  0.00033096 |
| 3103.22 |  0.00032622 |
| 3103.75 | 0.000321522 |
| 3104.28 | 0.000316796 |
| 3104.81 | 0.000312082 |
| 3105.34 | 0.000307367 |
| 3105.88 |  0.00030262 |
| 3106.41 | 0.000297904 |
| 3106.94 | 0.000293173 |
| 3107.47 | 0.000288469 |
|  3108.0 | 0.000283717 |
| 3108.53 | 0.000278998 |
| 3109.06 | 0.000274261 |
|  3109.6 | 0.000269521 |
| 3110.13 | 0.000264784 |
| 3110.66 | 0.000260042 |
| 3111.19 | 0.000256608 |
| 3111.73 | 0.000254259 |
| 3112.26 |  0.00025191 |
| 3112.79 | 0.000249552 |
| 3113.32 | 0.000247194 |
| 3113.86 | 0.000244836 |
| 3114.39 | 0.000242484 |
| 3114.92 | 0.000240133 |
| 3115.45 | 0.000237772 |
| 3115.99 | 0.000235411 |
| 3116.52 | 0.000233058 |
| 3117.05 | 0.000230704 |
| 3117.58 | 0.000228341 |
| 3118.12 | 0.000225979 |
| 3118.65 | 0.000223616 |
| 3119.19 | 0.000221252 |
| 3119.72 | 0.000218896 |
| 3120.25 | 0.000216534 |
| 3120.79 | 0.000214158 |
| 3121.32 | 0.000212924 |
| 3121.86 | 0.000212012 |
| 3122.39 |   0.0002111 |
| 3122.92 | 0.000210191 |
| 3123.46 | 0.000209281 |
| 3123.99 | 0.000208369 |
| 3124.53 | 0.000207456 |
| 3125.06 | 0.000206544 |
|  3125.6 | 0.000205634 |
| 3126.13 | 0.000204724 |
| 3126.67 | 0.000203812 |
|  3127.2 | 0.000202899 |
| 3127.74 | 0.000201988 |
| 3128.27 | 0.000201075 |
|  3128.8 | 0.000200165 |
| 3129.34 | 0.000199248 |
| 3129.88 | 0.000198338 |
| 3130.41 | 0.000197431 |
| 3130.95 | 0.000196527 |
| 3131.48 | 0.000195625 |
| 3132.02 | 0.000194717 |
| 3132.56 | 0.000193815 |
| 3133.09 | 0.000192912 |
| 3133.63 | 0.000192007 |
| 3134.16 | 0.000191107 |
|  3134.7 | 0.000190198 |
| 3135.24 | 0.000189295 |
| 3135.77 | 0.000188388 |
| 3136.31 | 0.000187485 |
| 3136.85 | 0.000186575 |
| 3137.38 | 0.000185671 |
| 3137.92 | 0.000184767 |
| 3138.46 | 0.000183859 |
| 3138.99 | 0.000182952 |
| 3139.53 | 0.000182047 |
| 3140.07 | 0.000181135 |
| 3140.61 | 0.000180218 |
| 3141.14 | 0.000179408 |
| 3141.68 | 0.000178731 |
| 3142.22 | 0.000178053 |
| 3142.76 | 0.000177374 |
| 3143.29 | 0.000176698 |
| 3143.83 | 0.000176022 |
| 3144.37 | 0.000175343 |
| 3144.91 | 0.000174664 |
| 3145.44 | 0.000173987 |
| 3145.98 |  0.00017331 |
| 3146.52 | 0.000172631 |
| 3147.06 | 0.000171952 |
|  3147.6 | 0.000171273 |
| 3148.14 | 0.000170593 |
| 3148.68 | 0.000169914 |
| 3149.21 | 0.000169236 |
| 3149.75 | 0.000168559 |
| 3150.29 | 0.000167884 |
| 3150.83 | 0.000167212 |
| 3151.37 |  0.00016654 |
| 3151.91 | 0.000165867 |
| 3152.45 | 0.000165199 |
| 3152.99 | 0.000164525 |
| 3153.53 | 0.000163855 |
| 3154.07 | 0.000163182 |
|  3154.6 | 0.000162511 |
| 3155.14 |  0.00016184 |
| 3155.68 | 0.000161167 |
| 3156.23 | 0.000160493 |
| 3156.76 |  0.00015982 |
|  3157.3 | 0.000159149 |
| 3157.84 | 0.000158477 |
| 3158.39 | 0.000157801 |
| 3158.93 | 0.000157129 |
| 3159.47 | 0.000156455 |
| 3160.01 |  0.00015578 |
| 3160.55 | 0.000155098 |
| 3161.09 |  0.00015444 |
| 3161.63 | 0.000153833 |
| 3162.17 | 0.000153226 |
| 3162.71 | 0.000152617 |
| 3163.25 |  0.00015201 |
| 3163.79 | 0.000151399 |
| 3164.33 | 0.000150792 |
| 3164.88 | 0.000150185 |
| 3165.42 | 0.000149578 |
| 3165.96 | 0.000148966 |
|  3166.5 | 0.000148359 |
| 3167.04 | 0.000147749 |
| 3167.58 | 0.000147142 |
| 3168.13 | 0.000146532 |
| 3168.67 | 0.000145924 |
| 3169.21 | 0.000145313 |
| 3169.75 | 0.000144703 |
|  3170.3 | 0.000144098 |
| 3170.84 | 0.000143497 |
| 3171.38 | 0.000142894 |
| 3171.92 | 0.000142291 |
| 3172.47 | 0.000141689 |
| 3173.01 | 0.000141087 |
| 3173.55 | 0.000140483 |
| 3174.09 | 0.000139879 |
| 3174.64 | 0.000139275 |
| 3175.18 | 0.000138673 |
| 3175.72 | 0.000138071 |
| 3176.27 | 0.000137466 |
| 3176.81 | 0.000136861 |
| 3177.35 | 0.000136256 |
|  3177.9 | 0.000135652 |
| 3178.44 | 0.000135048 |
| 3178.98 | 0.000134445 |
| 3179.53 |  0.00013384 |
| 3180.07 | 0.000133234 |
| 3180.62 | 0.000132622 |
| 3181.16 | 0.000132053 |
| 3181.71 | 0.000131539 |
| 3182.25 | 0.000131025 |
| 3182.79 |  0.00013051 |
| 3183.34 | 0.000129994 |
| 3183.88 |  0.00012948 |
| 3184.43 | 0.000128966 |
| 3184.97 |  0.00012845 |
| 3185.52 | 0.000127934 |
| 3186.06 | 0.000127419 |
| 3186.61 | 0.000126904 |
| 3187.15 | 0.000126388 |
|  3187.7 | 0.000125872 |
| 3188.24 | 0.000125358 |
| 3188.79 | 0.000124842 |
| 3189.34 | 0.000124325 |
| 3189.88 | 0.000123809 |
| 3190.43 | 0.000123299 |
| 3190.98 | 0.000122786 |
| 3191.52 | 0.000122277 |
| 3192.06 | 0.000121768 |
| 3192.61 | 0.000121259 |
| 3193.16 | 0.000120746 |
|  3193.7 | 0.000120237 |
| 3194.25 | 0.000119727 |
|  3194.8 | 0.000119216 |
| 3195.34 | 0.000118706 |
| 3195.89 | 0.000118194 |
| 3196.44 | 0.000117684 |
| 3196.98 | 0.000117172 |
| 3197.53 |  0.00011666 |
| 3198.08 | 0.000116148 |
| 3198.62 | 0.000115636 |
| 3199.17 | 0.000115124 |
| 3199.72 | 0.000114613 |
| 3200.27 | 0.000114097 |
| 3200.81 | 0.000113575 |
| 3201.36 | 0.000113118 |
| 3201.91 | 0.000112677 |
| 3202.46 | 0.000112238 |
|  3203.0 | 0.000111799 |
| 3203.55 | 0.000111358 |
|  3204.1 | 0.000110918 |
| 3204.65 | 0.000110478 |
|  3205.2 | 0.000110039 |
| 3205.75 | 0.000109598 |
| 3206.29 | 0.000109158 |
| 3206.84 | 0.000108717 |
| 3207.39 | 0.000108276 |
| 3207.94 | 0.000107837 |
| 3208.49 | 0.000107398 |
| 3209.04 | 0.000106957 |
| 3209.59 | 0.000106515 |
| 3210.14 | 0.000106077 |
| 3210.69 | 0.000105641 |
| 3211.24 | 0.000105207 |
| 3211.78 | 0.000104772 |
| 3212.33 | 0.000104336 |
| 3212.88 | 0.000103901 |
| 3213.44 | 0.000103464 |
| 3213.98 | 0.000103031 |
| 3214.53 | 0.000102594 |
| 3215.08 | 0.000102159 |
| 3215.63 | 0.000101723 |
| 3216.18 | 0.000101288 |
| 3216.73 | 0.000100851 |
| 3217.29 | 0.000100413 |
