# Units:
#  "lambda" is in Angstroms
#  "pass" is the contribution to the detector signal per photon
#         entering the atmosphere of Earth
# 
# Bandpass Name(s): F625W
# 
# Instrument: ACS_WFC_F625W
# 
# Determined by: 
# 
# Date of determination: 2010-May-02
# 
# Meaning of/Reason for default column: Only column available
# 
# Notes:
# 
# 
# Obtained from Leonidas Moustakas on 2011-Apr-02 for the CLASH team.
# 
# J. Moustakas, UCSD 2011-Apr-07
|  lambda |        pass |
| 5382.24 | 0.000103967 |
| 5382.91 | 0.000122446 |
| 5383.58 | 0.000140834 |
| 5384.25 | 0.000159253 |
| 5384.93 | 0.000177743 |
|  5385.6 | 0.000196156 |
| 5386.27 | 0.000214587 |
| 5386.94 | 0.000233102 |
| 5387.61 | 0.000251541 |
| 5388.29 | 0.000269983 |
| 5388.96 |  0.00028851 |
| 5389.63 |  0.00030704 |
| 5390.31 | 0.000325584 |
| 5390.98 | 0.000344044 |
| 5391.65 | 0.000362505 |
| 5392.33 | 0.000381051 |
|  5393.0 | 0.000399438 |
| 5393.67 | 0.000418002 |
| 5394.34 | 0.000436488 |
| 5395.02 | 0.000454963 |
| 5395.69 | 0.000473535 |
| 5396.36 | 0.000491962 |
| 5397.04 | 0.000510539 |
| 5397.71 | 0.000529132 |
| 5398.38 | 0.000547553 |
| 5399.06 | 0.000566152 |
| 5399.73 | 0.000584753 |
| 5400.41 | 0.000603296 |
| 5401.08 | 0.000621871 |
| 5401.75 | 0.000640519 |
| 5402.43 | 0.000659184 |
|  5403.1 | 0.000677773 |
| 5403.78 | 0.000696366 |
| 5404.45 | 0.000715045 |
| 5405.12 |  0.00073358 |
|  5405.8 | 0.000752269 |
| 5406.48 | 0.000770895 |
| 5407.15 | 0.000789525 |
| 5407.83 |  0.00080824 |
|  5408.5 |  0.00082688 |
| 5409.17 | 0.000845538 |
| 5409.85 | 0.000864281 |
| 5410.52 | 0.000882924 |
|  5411.2 | 0.000901582 |
| 5411.88 | 0.000920326 |
| 5412.55 | 0.000939088 |
| 5413.23 | 0.000957758 |
|  5413.9 | 0.000976445 |
| 5414.58 | 0.000995219 |
| 5415.26 |    0.001014 |
| 5415.93 |  0.00103262 |
| 5416.61 |   0.0010514 |
| 5417.29 |   0.0010702 |
| 5417.96 |  0.00108885 |
| 5418.64 |  0.00110766 |
| 5419.31 |  0.00112639 |
| 5419.99 |  0.00114513 |
| 5420.66 |  0.00122593 |
| 5421.34 |  0.00130795 |
| 5422.02 |  0.00139027 |
| 5422.69 |  0.00147232 |
| 5423.37 |  0.00155437 |
| 5424.05 |  0.00163684 |
| 5424.73 |  0.00171927 |
| 5425.41 |  0.00180176 |
| 5426.08 |  0.00188356 |
| 5426.76 |  0.00196609 |
| 5427.44 |  0.00204862 |
| 5428.11 |  0.00213081 |
| 5428.79 |    0.002213 |
| 5429.47 |  0.00229563 |
| 5430.14 |  0.00237758 |
| 5430.82 |  0.00246032 |
|  5431.5 |  0.00254308 |
| 5432.18 |  0.00262515 |
| 5432.86 |    0.002708 |
| 5433.53 |  0.00279052 |
| 5434.21 |  0.00287299 |
| 5434.89 |  0.00295596 |
| 5435.57 |  0.00303853 |
| 5436.25 |  0.00312112 |
| 5436.93 |  0.00320414 |
| 5437.61 |  0.00328712 |
| 5438.28 |  0.00336946 |
| 5438.96 |  0.00345253 |
| 5439.64 |  0.00353568 |
| 5440.32 |   0.0036835 |
|  5441.0 |  0.00390371 |
| 5441.68 |  0.00412474 |
| 5442.35 |  0.00434405 |
| 5443.04 |  0.00456531 |
| 5443.72 |  0.00478675 |
|  5444.4 |  0.00500711 |
| 5445.08 |  0.00522766 |
| 5445.76 |  0.00544921 |
| 5446.44 |  0.00566983 |
| 5447.11 |  0.00589048 |
|  5447.8 |  0.00611211 |
| 5448.48 |  0.00633297 |
| 5449.15 |  0.00655372 |
| 5449.84 |  0.00677561 |
| 5450.52 |  0.00708558 |
|  5451.2 |  0.00742566 |
| 5451.88 |  0.00776408 |
| 5452.56 |  0.00810405 |
| 5453.24 |  0.00844287 |
| 5453.92 |  0.00878175 |
|  5454.6 |   0.0091207 |
| 5455.28 |  0.00945971 |
| 5455.96 |   0.0098005 |
| 5456.64 |   0.0101397 |
| 5457.32 |   0.0104791 |
|  5458.0 |   0.0108201 |
| 5458.68 |   0.0111597 |
| 5459.36 |   0.0114994 |
| 5460.05 |    0.011854 |
| 5460.73 |   0.0123822 |
| 5461.41 |     0.01291 |
| 5462.09 |   0.0134405 |
| 5462.78 |   0.0139715 |
| 5463.46 |   0.0145021 |
| 5464.14 |   0.0150306 |
| 5464.82 |   0.0155594 |
| 5465.51 |   0.0160907 |
| 5466.19 |   0.0166197 |
| 5466.87 |   0.0171487 |
| 5467.55 |   0.0176782 |
| 5468.23 |   0.0182074 |
| 5468.92 |   0.0187393 |
| 5469.59 |   0.0192667 |
| 5470.28 |    0.019897 |
| 5470.96 |   0.0206672 |
| 5471.64 |   0.0214376 |
| 5472.33 |    0.022212 |
| 5473.01 |   0.0229866 |
| 5473.69 |    0.023758 |
| 5474.38 |   0.0245296 |
| 5475.06 |   0.0253047 |
| 5475.75 |   0.0260805 |
| 5476.43 |   0.0268526 |
| 5477.11 |   0.0276255 |
|  5477.8 |   0.0284018 |
| 5478.48 |    0.029175 |
| 5479.16 |   0.0299489 |
| 5479.85 |   0.0307258 |
| 5480.53 |   0.0315352 |
| 5481.21 |   0.0323546 |
|  5481.9 |   0.0331741 |
| 5482.58 |   0.0339938 |
| 5483.27 |   0.0348175 |
| 5483.95 |   0.0356372 |
| 5484.63 |   0.0364575 |
| 5485.32 |   0.0372815 |
| 5486.01 |   0.0381055 |
| 5486.69 |    0.038926 |
| 5487.38 |   0.0397472 |
| 5488.06 |   0.0405714 |
| 5488.75 |   0.0413962 |
| 5489.43 |    0.042214 |
| 5490.12 |   0.0429964 |
|  5490.8 |   0.0435711 |
| 5491.48 |   0.0441406 |
| 5492.17 |   0.0447154 |
| 5492.86 |   0.0452879 |
| 5493.54 |   0.0458599 |
| 5494.23 |   0.0464353 |
| 5494.91 |   0.0470053 |
|  5495.6 |   0.0475807 |
| 5496.28 |   0.0481533 |
| 5496.97 |   0.0487264 |
| 5497.66 |   0.0493019 |
| 5498.35 |   0.0498779 |
| 5499.03 |   0.0504536 |
| 5499.72 |   0.0510247 |
|  5500.4 |   0.0518805 |
| 5501.09 |   0.0529352 |
| 5501.78 |   0.0539848 |
| 5502.46 |   0.0550347 |
| 5503.15 |   0.0560895 |
| 5503.83 |   0.0571362 |
| 5504.52 |   0.0581922 |
| 5505.21 |   0.0592485 |
|  5505.9 |    0.060296 |
| 5506.58 |   0.0613528 |
| 5507.27 |   0.0624061 |
| 5507.96 |   0.0634589 |
| 5508.65 |   0.0645173 |
| 5509.33 |   0.0655714 |
| 5510.02 |   0.0666464 |
| 5510.71 |   0.0683578 |
|  5511.4 |   0.0700703 |
| 5512.08 |    0.071767 |
| 5512.77 |   0.0734796 |
| 5513.46 |   0.0751934 |
| 5514.15 |   0.0768988 |
| 5514.84 |   0.0786042 |
| 5515.53 |   0.0803181 |
| 5516.22 |   0.0820248 |
|  5516.9 |   0.0837315 |
| 5517.59 |   0.0854456 |
| 5518.28 |   0.0871524 |
| 5518.97 |   0.0888603 |
| 5519.66 |   0.0905757 |
| 5520.35 |   0.0921875 |
| 5521.04 |   0.0937272 |
| 5521.73 |   0.0952681 |
| 5522.42 |   0.0968016 |
|  5523.1 |   0.0983364 |
| 5523.79 |   0.0998779 |
| 5524.48 |    0.101412 |
| 5525.17 |    0.102947 |
| 5525.86 |     0.10449 |
| 5526.56 |    0.106033 |
| 5527.24 |     0.10757 |
| 5527.93 |    0.109107 |
| 5528.62 |    0.110644 |
| 5529.31 |    0.112181 |
|  5530.0 |    0.113725 |
| 5530.69 |    0.115143 |
| 5531.38 |    0.116561 |
| 5532.07 |    0.117985 |
| 5532.76 |    0.119398 |
| 5533.45 |    0.120823 |
| 5534.15 |    0.122249 |
| 5534.84 |    0.123674 |
| 5535.53 |    0.125094 |
| 5536.22 |    0.126514 |
| 5536.91 |    0.127942 |
|  5537.6 |    0.129362 |
| 5538.29 |    0.130789 |
| 5538.98 |    0.132211 |
| 5539.68 |    0.133639 |
| 5540.37 |     0.13493 |
| 5541.06 |    0.136105 |
| 5541.75 |    0.137281 |
| 5542.44 |    0.138458 |
| 5543.13 |    0.139638 |
| 5543.82 |    0.140815 |
| 5544.52 |    0.141991 |
| 5545.21 |    0.143168 |
|  5545.9 |    0.144345 |
| 5546.59 |    0.145526 |
| 5547.29 |    0.146709 |
| 5547.98 |    0.147886 |
| 5548.67 |    0.149063 |
| 5549.36 |    0.150247 |
| 5550.06 |    0.151438 |
| 5550.75 |    0.152788 |
| 5551.44 |    0.154132 |
| 5552.14 |    0.155483 |
| 5552.83 |    0.156834 |
| 5553.52 |    0.158174 |
| 5554.21 |    0.159526 |
| 5554.91 |    0.160873 |
|  5555.6 |     0.16222 |
| 5556.29 |    0.163575 |
| 5556.98 |    0.164916 |
| 5557.68 |    0.166271 |
| 5558.37 |     0.16762 |
| 5559.06 |    0.168969 |
| 5559.76 |    0.170325 |
| 5560.46 |    0.171613 |
| 5561.15 |     0.17286 |
| 5561.84 |    0.174106 |
| 5562.54 |    0.175359 |
| 5563.23 |    0.176607 |
| 5563.93 |    0.177855 |
| 5564.62 |    0.179108 |
| 5565.32 |    0.180362 |
| 5566.01 |    0.181604 |
| 5566.71 |    0.182859 |
|  5567.4 |    0.184108 |
| 5568.09 |    0.185356 |
| 5568.79 |    0.186611 |
| 5569.48 |    0.187855 |
| 5570.18 |      0.1891 |
| 5570.87 |    0.190309 |
| 5571.57 |    0.191524 |
| 5572.27 |    0.192733 |
| 5572.96 |    0.193948 |
| 5573.66 |    0.195163 |
| 5574.35 |    0.196367 |
| 5575.05 |    0.197582 |
| 5575.75 |    0.198797 |
| 5576.44 |    0.200008 |
| 5577.14 |    0.201218 |
| 5577.83 |    0.202434 |
| 5578.53 |    0.203643 |
| 5579.23 |    0.204853 |
| 5579.92 |    0.206069 |
| 5580.62 |    0.206935 |
| 5581.31 |    0.207767 |
| 5582.01 |    0.208595 |
| 5582.71 |    0.209424 |
|  5583.4 |    0.210257 |
|  5584.1 |    0.211086 |
|  5584.8 |    0.211915 |
|  5585.5 |    0.212747 |
| 5586.19 |    0.213581 |
| 5586.89 |     0.21441 |
| 5587.59 |     0.21524 |
| 5588.29 |    0.216073 |
| 5588.98 |    0.216903 |
| 5589.68 |    0.217733 |
| 5590.38 |    0.218291 |
| 5591.08 |    0.218616 |
| 5591.77 |     0.21894 |
| 5592.47 |    0.219266 |
| 5593.17 |    0.219591 |
| 5593.87 |    0.219916 |
| 5594.56 |     0.22024 |
| 5595.26 |    0.220565 |
| 5595.96 |    0.220892 |
| 5596.66 |    0.221217 |
| 5597.36 |    0.221542 |
| 5598.06 |    0.221869 |
| 5598.76 |    0.222195 |
| 5599.46 |     0.22252 |
| 5600.15 |    0.222973 |
| 5600.85 |     0.22388 |
| 5601.55 |    0.224784 |
| 5602.25 |    0.225687 |
| 5602.95 |    0.226595 |
| 5603.65 |    0.227499 |
| 5604.35 |    0.228404 |
| 5605.05 |    0.229312 |
| 5605.75 |    0.230217 |
| 5606.45 |    0.231122 |
| 5607.15 |    0.232031 |
| 5607.85 |    0.232936 |
| 5608.55 |    0.233843 |
| 5609.25 |    0.234753 |
| 5609.95 |    0.235658 |
| 5610.65 |    0.236599 |
| 5611.35 |    0.237547 |
| 5612.05 |    0.238492 |
| 5612.75 |    0.239436 |
| 5613.45 |    0.240385 |
| 5614.15 |     0.24133 |
| 5614.85 |    0.242276 |
| 5615.55 |    0.243225 |
| 5616.25 |    0.244171 |
| 5616.95 |    0.245117 |
| 5617.66 |    0.246068 |
| 5618.36 |    0.247019 |
| 5619.06 |     0.24797 |
| 5619.76 |    0.248918 |
| 5620.46 |    0.250158 |
| 5621.17 |    0.251553 |
| 5621.87 |    0.252943 |
| 5622.57 |    0.254333 |
| 5623.27 |     0.25573 |
| 5623.97 |    0.257121 |
| 5624.67 |    0.258512 |
| 5625.38 |    0.259909 |
| 5626.08 |    0.261301 |
| 5626.78 |    0.262693 |
| 5627.48 |     0.26409 |
| 5628.19 |    0.265483 |
| 5628.89 |    0.266876 |
| 5629.59 |    0.268274 |
| 5630.29 |    0.269414 |
| 5630.99 |    0.270199 |
|  5631.7 |    0.270989 |
|  5632.4 |    0.271775 |
|  5633.1 |    0.272562 |
| 5633.81 |    0.273352 |
| 5634.51 |    0.274139 |
| 5635.21 |    0.274926 |
| 5635.92 |    0.275716 |
| 5636.62 |    0.276504 |
| 5637.32 |    0.277292 |
| 5638.03 |    0.278083 |
| 5638.73 |     0.27887 |
| 5639.43 |    0.279658 |
| 5640.14 |    0.280445 |
| 5640.84 |    0.281208 |
| 5641.54 |    0.281972 |
| 5642.25 |    0.282739 |
| 5642.96 |    0.283503 |
| 5643.66 |    0.284267 |
| 5644.36 |    0.285034 |
| 5645.07 |    0.285799 |
| 5645.77 |    0.286564 |
| 5646.48 |    0.287332 |
| 5647.18 |    0.288096 |
| 5647.89 |    0.288862 |
| 5648.59 |    0.289631 |
|  5649.3 |    0.290397 |
|  5650.0 |    0.291163 |
| 5650.71 |    0.291366 |
| 5651.41 |    0.291568 |
| 5652.12 |    0.291769 |
| 5652.82 |    0.291972 |
| 5653.53 |    0.292175 |
| 5654.23 |    0.292377 |
| 5654.94 |     0.29258 |
| 5655.65 |    0.292783 |
| 5656.35 |    0.292986 |
| 5657.06 |    0.293188 |
| 5657.77 |    0.293392 |
| 5658.47 |    0.293594 |
| 5659.18 |    0.293797 |
| 5659.88 |    0.294001 |
| 5660.59 |    0.294546 |
|  5661.3 |    0.295158 |
|  5662.0 |    0.295773 |
| 5662.71 |    0.296386 |
| 5663.42 |    0.296999 |
| 5664.12 |    0.297614 |
| 5664.83 |    0.298227 |
| 5665.54 |     0.29884 |
| 5666.25 |    0.299457 |
| 5666.95 |     0.30007 |
| 5667.66 |    0.300684 |
| 5668.37 |      0.3013 |
| 5669.07 |    0.301915 |
| 5669.78 |    0.302529 |
| 5670.49 |    0.303303 |
|  5671.2 |    0.304145 |
|  5671.9 |    0.304987 |
| 5672.61 |    0.305834 |
| 5673.32 |    0.306677 |
| 5674.03 |     0.30752 |
| 5674.74 |    0.308367 |
| 5675.44 |     0.30921 |
| 5676.15 |    0.310054 |
| 5676.86 |    0.310902 |
| 5677.57 |    0.311747 |
| 5678.28 |    0.312591 |
| 5678.99 |    0.313441 |
|  5679.7 |    0.314285 |
|  5680.4 |    0.314635 |
| 5681.12 |    0.314611 |
| 5681.82 |    0.314589 |
| 5682.53 |    0.314565 |
| 5683.24 |    0.314542 |
| 5683.95 |     0.31452 |
| 5684.66 |    0.314496 |
| 5685.37 |    0.314473 |
| 5686.08 |     0.31445 |
| 5686.79 |    0.314428 |
|  5687.5 |    0.314404 |
| 5688.21 |    0.314381 |
| 5688.92 |    0.314358 |
| 5689.63 |    0.314335 |
| 5690.34 |    0.314184 |
| 5691.05 |    0.313892 |
| 5691.76 |    0.313599 |
| 5692.47 |    0.313307 |
| 5693.19 |    0.313013 |
|  5693.9 |    0.312721 |
|  5694.6 |    0.312429 |
| 5695.32 |    0.312136 |
| 5696.03 |    0.311844 |
| 5696.74 |    0.311552 |
| 5697.45 |    0.311258 |
| 5698.16 |    0.310966 |
| 5698.87 |    0.310674 |
| 5699.58 |     0.31038 |
| 5700.29 |    0.309991 |
|  5701.0 |    0.309465 |
| 5701.72 |    0.308937 |
| 5702.43 |    0.308411 |
| 5703.14 |    0.307885 |
| 5703.85 |    0.307356 |
| 5704.56 |    0.306829 |
| 5705.27 |    0.306302 |
| 5705.99 |    0.305773 |
|  5706.7 |    0.305246 |
| 5707.41 |    0.304719 |
| 5708.13 |    0.304188 |
| 5708.84 |    0.303661 |
| 5709.55 |    0.303132 |
| 5710.26 |    0.302971 |
| 5710.98 |    0.303438 |
| 5711.69 |    0.303905 |
|  5712.4 |    0.304375 |
| 5713.11 |    0.304842 |
| 5713.83 |    0.305309 |
| 5714.54 |    0.305779 |
| 5715.25 |    0.306248 |
| 5715.97 |    0.306716 |
| 5716.68 |    0.307187 |
| 5717.39 |    0.307655 |
| 5718.11 |    0.308123 |
| 5718.82 |    0.308595 |
| 5719.54 |    0.309064 |
| 5720.25 |    0.309686 |
| 5720.96 |    0.310599 |
| 5721.68 |    0.311509 |
| 5722.39 |    0.312419 |
| 5723.11 |    0.313333 |
| 5723.82 |    0.314243 |
| 5724.53 |    0.315152 |
| 5725.25 |    0.316066 |
| 5725.96 |    0.316977 |
| 5726.68 |    0.317887 |
| 5727.39 |    0.318802 |
| 5728.11 |    0.319713 |
| 5728.82 |    0.320623 |
| 5729.54 |    0.321537 |
| 5730.25 |    0.322499 |
| 5730.97 |    0.323559 |
| 5731.68 |    0.324614 |
|  5732.4 |    0.325675 |
| 5733.12 |    0.326732 |
| 5733.83 |    0.327788 |
| 5734.55 |     0.32885 |
| 5735.26 |    0.329908 |
| 5735.98 |    0.330966 |
| 5736.69 |    0.332029 |
| 5737.41 |    0.333088 |
| 5738.12 |    0.334148 |
| 5738.84 |    0.335212 |
| 5739.56 |    0.336272 |
| 5740.27 |    0.337157 |
| 5740.99 |    0.337762 |
| 5741.71 |    0.338365 |
| 5742.42 |    0.338968 |
| 5743.14 |    0.339573 |
| 5743.86 |    0.340176 |
| 5744.57 |    0.340779 |
| 5745.29 |    0.341384 |
| 5746.01 |    0.341988 |
| 5746.73 |    0.342591 |
| 5747.44 |    0.343197 |
| 5748.16 |    0.343801 |
| 5748.88 |    0.344405 |
|  5749.6 |    0.345011 |
| 5750.31 |    0.345295 |
| 5751.03 |    0.345166 |
| 5751.75 |    0.345037 |
| 5752.47 |    0.344907 |
| 5753.18 |    0.344778 |
|  5753.9 |    0.344647 |
| 5754.62 |    0.344519 |
| 5755.34 |    0.344389 |
| 5756.06 |    0.344259 |
| 5756.77 |     0.34413 |
| 5757.49 |    0.344001 |
| 5758.21 |    0.343871 |
| 5758.93 |    0.343741 |
| 5759.65 |    0.343612 |
| 5760.37 |    0.343469 |
| 5761.09 |    0.343312 |
| 5761.81 |    0.343157 |
| 5762.53 |    0.343001 |
| 5763.25 |    0.342845 |
| 5763.96 |    0.342689 |
| 5764.69 |    0.342533 |
|  5765.4 |    0.342377 |
| 5766.12 |    0.342222 |
| 5766.84 |    0.342066 |
| 5767.56 |    0.341911 |
| 5768.28 |    0.341755 |
| 5769.01 |    0.341599 |
| 5769.73 |    0.341443 |
| 5770.45 |    0.341476 |
| 5771.17 |    0.341624 |
| 5771.89 |    0.341773 |
| 5772.61 |    0.341922 |
| 5773.33 |    0.342071 |
| 5774.05 |     0.34222 |
| 5774.77 |    0.342369 |
| 5775.49 |    0.342518 |
| 5776.21 |    0.342667 |
| 5776.93 |    0.342817 |
| 5777.65 |    0.342966 |
| 5778.37 |    0.343116 |
|  5779.1 |    0.343267 |
| 5779.82 |    0.343416 |
| 5780.54 |    0.343734 |
| 5781.26 |    0.344111 |
| 5781.98 |    0.344486 |
|  5782.7 |    0.344862 |
| 5783.42 |     0.34524 |
| 5784.15 |    0.345616 |
| 5784.87 |    0.345993 |
| 5785.59 |    0.346371 |
| 5786.31 |    0.346747 |
| 5787.03 |    0.347123 |
| 5787.76 |    0.347501 |
| 5788.48 |    0.347878 |
|  5789.2 |    0.348256 |
| 5789.92 |    0.348634 |
| 5790.65 |    0.349606 |
| 5791.37 |    0.350647 |
| 5792.09 |    0.351693 |
| 5792.81 |    0.352735 |
| 5793.54 |    0.353778 |
| 5794.26 |    0.354825 |
| 5794.98 |    0.355868 |
| 5795.71 |    0.356911 |
| 5796.43 |     0.35796 |
| 5797.15 |    0.359005 |
| 5797.88 |     0.36005 |
|  5798.6 |      0.3611 |
| 5799.33 |    0.362145 |
| 5800.05 |    0.363121 |
| 5800.77 |    0.363092 |
|  5801.5 |    0.363064 |
| 5802.22 |    0.363035 |
| 5802.95 |    0.363007 |
| 5803.67 |    0.362978 |
| 5804.39 |     0.36295 |
| 5805.12 |    0.362922 |
| 5805.84 |    0.362893 |
| 5806.57 |    0.362865 |
| 5807.29 |    0.362837 |
| 5808.02 |    0.362809 |
| 5808.74 |    0.362781 |
| 5809.47 |    0.362753 |
| 5810.19 |     0.36272 |
| 5810.92 |    0.362676 |
| 5811.64 |    0.362631 |
| 5812.37 |    0.362586 |
|  5813.1 |    0.362542 |
| 5813.82 |    0.362497 |
| 5814.55 |    0.362452 |
| 5815.27 |    0.362408 |
|  5816.0 |    0.362364 |
| 5816.72 |    0.362319 |
| 5817.45 |    0.362275 |
| 5818.17 |    0.362231 |
|  5818.9 |    0.362186 |
| 5819.63 |    0.362142 |
| 5820.35 |    0.362093 |
| 5821.08 |     0.36204 |
| 5821.81 |    0.361986 |
| 5822.53 |    0.361932 |
| 5823.26 |    0.361879 |
| 5823.99 |    0.361826 |
| 5824.71 |    0.361773 |
| 5825.44 |    0.361719 |
| 5826.17 |    0.361666 |
| 5826.89 |    0.361613 |
| 5827.62 |    0.361559 |
| 5828.35 |    0.361506 |
| 5829.08 |    0.361453 |
| 5829.81 |      0.3614 |
| 5830.53 |    0.361758 |
| 5831.26 |    0.362266 |
| 5831.99 |    0.362777 |
| 5832.72 |    0.363285 |
| 5833.44 |    0.363794 |
| 5834.17 |    0.364305 |
|  5834.9 |    0.364814 |
| 5835.63 |    0.365324 |
| 5836.36 |    0.365835 |
| 5837.08 |    0.366344 |
| 5837.81 |    0.366854 |
| 5838.54 |    0.367366 |
| 5839.27 |    0.367877 |
|  5840.0 |    0.368387 |
| 5840.73 |    0.369044 |
| 5841.46 |    0.369699 |
| 5842.19 |    0.370355 |
| 5842.92 |    0.371013 |
| 5843.65 |     0.37167 |
| 5844.37 |    0.372326 |
|  5845.1 |    0.372985 |
| 5845.83 |    0.373641 |
| 5846.57 |    0.374305 |
|  5847.3 |    0.374962 |
| 5848.02 |    0.375621 |
| 5848.76 |    0.376281 |
| 5849.49 |     0.37694 |
| 5850.21 |    0.377437 |
| 5850.95 |    0.377552 |
| 5851.68 |    0.377667 |
| 5852.41 |    0.377782 |
| 5853.14 |    0.377897 |
| 5853.87 |    0.378012 |
|  5854.6 |    0.378126 |
| 5855.33 |    0.378242 |
| 5856.06 |    0.378357 |
| 5856.79 |    0.378472 |
| 5857.52 |    0.378588 |
| 5858.25 |    0.378704 |
| 5858.98 |    0.378819 |
| 5859.72 |    0.378935 |
| 5860.45 |    0.378813 |
| 5861.18 |     0.37854 |
| 5861.91 |    0.378267 |
| 5862.64 |    0.377994 |
| 5863.37 |    0.377721 |
| 5864.11 |    0.377446 |
| 5864.84 |    0.377174 |
| 5865.57 |    0.376901 |
|  5866.3 |    0.376626 |
| 5867.03 |    0.376352 |
| 5867.77 |    0.376079 |
|  5868.5 |    0.375804 |
| 5869.23 |    0.375531 |
| 5869.96 |    0.375257 |
|  5870.7 |    0.374911 |
| 5871.43 |    0.374563 |
| 5872.16 |    0.374214 |
|  5872.9 |    0.373865 |
| 5873.63 |    0.373516 |
| 5874.36 |    0.373168 |
| 5875.09 |    0.372818 |
| 5875.83 |     0.37247 |
| 5876.56 |    0.372121 |
| 5877.29 |    0.371771 |
| 5878.03 |    0.371422 |
| 5878.76 |    0.371074 |
|  5879.5 |    0.370724 |
| 5880.23 |    0.370612 |
| 5880.96 |    0.371023 |
|  5881.7 |    0.371435 |
| 5882.43 |    0.371846 |
| 5883.16 |    0.372258 |
|  5883.9 |    0.372671 |
| 5884.63 |    0.373083 |
| 5885.37 |    0.373497 |
|  5886.1 |     0.37391 |
| 5886.84 |    0.374323 |
| 5887.57 |    0.374736 |
| 5888.31 |    0.375149 |
| 5889.04 |    0.375564 |
| 5889.78 |    0.375977 |
| 5890.51 |    0.376399 |
| 5891.25 |    0.376826 |
| 5891.98 |    0.377251 |
| 5892.72 |    0.377676 |
| 5893.46 |    0.378104 |
| 5894.19 |     0.37853 |
| 5894.92 |    0.378956 |
| 5895.66 |    0.379384 |
|  5896.4 |    0.379811 |
| 5897.13 |    0.380238 |
| 5897.87 |    0.380668 |
|  5898.6 |    0.381095 |
| 5899.34 |    0.381522 |
| 5900.08 |     0.38191 |
| 5900.81 |    0.381941 |
| 5901.55 |     0.38197 |
| 5902.29 |    0.382001 |
| 5903.02 |    0.382032 |
| 5903.76 |    0.382062 |
|  5904.5 |    0.382093 |
| 5905.23 |    0.382123 |
| 5905.97 |    0.382154 |
| 5906.71 |    0.382185 |
| 5907.45 |    0.382216 |
| 5908.18 |    0.382246 |
| 5908.92 |    0.382279 |
| 5909.66 |     0.38231 |
|  5910.4 |    0.382119 |
| 5911.13 |    0.381736 |
| 5911.87 |    0.381354 |
| 5912.61 |    0.380973 |
| 5913.35 |    0.380589 |
| 5914.08 |    0.380207 |
| 5914.82 |    0.379826 |
| 5915.56 |    0.379442 |
|  5916.3 |     0.37906 |
| 5917.04 |    0.378678 |
| 5917.78 |    0.378295 |
| 5918.52 |    0.377913 |
| 5919.25 |    0.377531 |
| 5919.99 |    0.377148 |
| 5920.73 |    0.376941 |
| 5921.47 |    0.376735 |
| 5922.21 |    0.376528 |
| 5922.95 |    0.376323 |
| 5923.69 |    0.376116 |
| 5924.43 |    0.375909 |
| 5925.17 |    0.375703 |
| 5925.91 |    0.375496 |
| 5926.65 |     0.37529 |
| 5927.39 |    0.375084 |
| 5928.13 |    0.374878 |
| 5928.87 |    0.374671 |
| 5929.61 |    0.374465 |
| 5930.35 |    0.374186 |
| 5931.09 |    0.373827 |
| 5931.83 |    0.373468 |
| 5932.57 |    0.373108 |
| 5933.31 |    0.372748 |
| 5934.05 |    0.372389 |
| 5934.79 |    0.372029 |
| 5935.53 |    0.371671 |
| 5936.27 |     0.37131 |
| 5937.02 |     0.37095 |
| 5937.75 |     0.37059 |
|  5938.5 |    0.370231 |
| 5939.24 |    0.369869 |
| 5939.98 |    0.369509 |
| 5940.72 |    0.369864 |
| 5941.46 |    0.370242 |
|  5942.2 |    0.370616 |
| 5942.94 |    0.370994 |
| 5943.69 |    0.371373 |
| 5944.43 |     0.37175 |
| 5945.17 |    0.372126 |
| 5945.91 |    0.372505 |
| 5946.65 |    0.372883 |
|  5947.4 |     0.37326 |
| 5948.14 |    0.373639 |
| 5948.88 |    0.374015 |
| 5949.62 |    0.374395 |
| 5950.37 |    0.374982 |
| 5951.11 |    0.375778 |
| 5951.85 |    0.376575 |
|  5952.6 |    0.377376 |
| 5953.34 |    0.378174 |
| 5954.08 |    0.378972 |
| 5954.83 |    0.379775 |
| 5955.56 |    0.380569 |
| 5956.31 |    0.381371 |
| 5957.05 |    0.382174 |
|  5957.8 |    0.382975 |
| 5958.54 |    0.383776 |
| 5959.29 |     0.38458 |
| 5960.03 |    0.385372 |
| 5960.77 |    0.385954 |
| 5961.52 |    0.386539 |
| 5962.26 |    0.387119 |
|  5963.0 |    0.387704 |
| 5963.75 |     0.38829 |
|  5964.5 |    0.388876 |
| 5965.24 |    0.389461 |
| 5965.98 |    0.390044 |
| 5966.73 |    0.390632 |
| 5967.47 |    0.391216 |
| 5968.22 |    0.391802 |
| 5968.96 |     0.39239 |
| 5969.71 |    0.392976 |
| 5970.45 |    0.393089 |
|  5971.2 |    0.392895 |
| 5971.94 |    0.392701 |
| 5972.69 |    0.392506 |
| 5973.44 |    0.392312 |
| 5974.18 |    0.392118 |
| 5974.92 |    0.391924 |
| 5975.67 |    0.391729 |
| 5976.42 |    0.391534 |
| 5977.16 |     0.39134 |
| 5977.91 |    0.391145 |
| 5978.65 |    0.390951 |
|  5979.4 |    0.390757 |
| 5980.15 |    0.390518 |
| 5980.89 |    0.390105 |
| 5981.64 |    0.389693 |
| 5982.39 |    0.389278 |
| 5983.13 |    0.388865 |
| 5983.88 |    0.388452 |
| 5984.63 |    0.388036 |
| 5985.37 |    0.387622 |
| 5986.12 |    0.387208 |
| 5986.87 |    0.386793 |
| 5987.62 |    0.386379 |
| 5988.36 |    0.385965 |
| 5989.11 |    0.385548 |
| 5989.86 |    0.385134 |
|  5990.6 |    0.384455 |
| 5991.35 |    0.383709 |
|  5992.1 |    0.382967 |
| 5992.85 |    0.382224 |
|  5993.6 |    0.381477 |
| 5994.34 |    0.380734 |
| 5995.09 |     0.37999 |
| 5995.84 |    0.379243 |
| 5996.59 |    0.378498 |
| 5997.34 |    0.377754 |
| 5998.09 |    0.377006 |
| 5998.83 |     0.37626 |
| 5999.58 |    0.375515 |
| 6000.33 |     0.37524 |
| 6001.08 |     0.37556 |
| 6001.83 |     0.37588 |
| 6002.58 |    0.376201 |
| 6003.33 |    0.376521 |
| 6004.08 |    0.376843 |
| 6004.83 |    0.377163 |
| 6005.58 |    0.377483 |
| 6006.33 |    0.377804 |
| 6007.08 |    0.378125 |
| 6007.83 |    0.378446 |
| 6008.58 |    0.378767 |
| 6009.33 |    0.379086 |
| 6010.08 |    0.379428 |
| 6010.83 |     0.37994 |
| 6011.58 |    0.380449 |
| 6012.33 |    0.380958 |
| 6013.08 |    0.381471 |
| 6013.83 |    0.381981 |
| 6014.58 |    0.382491 |
| 6015.33 |    0.383004 |
| 6016.08 |    0.383512 |
| 6016.83 |    0.384026 |
| 6017.58 |    0.384538 |
| 6018.33 |    0.385048 |
| 6019.08 |    0.385559 |
| 6019.84 |    0.386073 |
| 6020.59 |    0.387015 |
| 6021.34 |    0.388075 |
| 6022.09 |     0.38914 |
| 6022.84 |    0.390197 |
|  6023.6 |    0.391262 |
| 6024.35 |    0.392328 |
|  6025.1 |    0.393389 |
| 6025.85 |    0.394452 |
|  6026.6 |     0.39552 |
| 6027.35 |    0.396583 |
| 6028.11 |    0.397647 |
| 6028.86 |    0.398715 |
| 6029.61 |    0.399775 |
| 6030.36 |    0.400501 |
| 6031.12 |    0.400856 |
| 6031.87 |     0.40121 |
| 6032.62 |    0.401565 |
| 6033.38 |    0.401921 |
| 6034.13 |    0.402275 |
| 6034.88 |     0.40263 |
| 6035.64 |    0.402986 |
| 6036.39 |     0.40334 |
| 6037.14 |    0.403697 |
|  6037.9 |    0.404053 |
| 6038.65 |    0.404409 |
|  6039.4 |    0.404765 |
| 6040.16 |    0.405075 |
| 6040.91 |    0.405207 |
| 6041.66 |    0.405341 |
| 6042.42 |    0.405474 |
| 6043.17 |    0.405606 |
| 6043.93 |     0.40574 |
| 6044.68 |    0.405873 |
| 6045.44 |    0.406007 |
| 6046.19 |     0.40614 |
| 6046.95 |    0.406273 |
|  6047.7 |    0.406406 |
| 6048.46 |    0.406539 |
| 6049.21 |    0.406673 |
| 6049.97 |    0.406806 |
| 6050.72 |     0.40682 |
| 6051.48 |     0.40683 |
| 6052.23 |     0.40684 |
| 6052.99 |     0.40685 |
| 6053.74 |    0.406859 |
|  6054.5 |    0.406869 |
| 6055.25 |     0.40688 |
| 6056.01 |    0.406889 |
| 6056.77 |    0.406898 |
| 6057.52 |    0.406908 |
| 6058.28 |    0.406917 |
| 6059.04 |    0.406927 |
| 6059.79 |    0.406936 |
| 6060.54 |    0.406672 |
|  6061.3 |      0.4063 |
| 6062.06 |    0.405929 |
| 6062.81 |    0.405559 |
| 6063.57 |    0.405186 |
| 6064.33 |    0.404815 |
| 6065.08 |    0.404444 |
| 6065.85 |     0.40407 |
|  6066.6 |    0.403699 |
| 6067.36 |    0.403327 |
| 6068.12 |    0.402954 |
| 6068.87 |    0.402582 |
| 6069.63 |     0.40221 |
| 6070.39 |    0.402008 |
| 6071.15 |     0.40197 |
|  6071.9 |    0.401932 |
| 6072.66 |    0.401894 |
| 6073.42 |    0.401857 |
| 6074.17 |    0.401819 |
| 6074.94 |    0.401781 |
| 6075.69 |    0.401743 |
| 6076.45 |    0.401705 |
| 6077.21 |    0.401667 |
| 6077.97 |    0.401629 |
| 6078.73 |    0.401592 |
| 6079.49 |    0.401553 |
| 6080.24 |    0.401591 |
|  6081.0 |    0.401788 |
| 6081.76 |    0.401986 |
| 6082.52 |    0.402183 |
| 6083.28 |     0.40238 |
| 6084.04 |    0.402578 |
|  6084.8 |    0.402777 |
| 6085.56 |    0.402975 |
| 6086.32 |    0.403172 |
| 6087.08 |    0.403369 |
| 6087.84 |    0.403569 |
|  6088.6 |    0.403767 |
| 6089.36 |    0.403964 |
| 6090.12 |    0.404063 |
| 6090.88 |    0.403646 |
| 6091.64 |    0.403226 |
|  6092.4 |    0.402804 |
| 6093.16 |    0.402385 |
| 6093.92 |    0.401966 |
| 6094.68 |    0.401545 |
| 6095.44 |    0.401125 |
|  6096.2 |    0.400705 |
| 6096.97 |    0.400283 |
| 6097.72 |    0.399865 |
| 6098.49 |    0.399442 |
| 6099.25 |     0.39902 |
| 6100.01 |    0.398592 |
| 6100.77 |    0.397561 |
| 6101.53 |    0.396526 |
| 6102.29 |    0.395496 |
| 6103.06 |    0.394464 |
| 6103.82 |    0.393429 |
| 6104.58 |    0.392401 |
| 6105.34 |    0.391364 |
|  6106.1 |    0.390326 |
| 6106.87 |    0.389294 |
| 6107.63 |     0.38826 |
| 6108.39 |    0.387222 |
| 6109.15 |    0.386188 |
| 6109.91 |    0.385154 |
| 6110.68 |    0.384999 |
| 6111.44 |    0.384957 |
|  6112.2 |    0.384914 |
| 6112.97 |    0.384871 |
| 6113.73 |    0.384829 |
| 6114.49 |    0.384786 |
| 6115.26 |    0.384743 |
| 6116.02 |      0.3847 |
| 6116.78 |    0.384657 |
| 6117.55 |    0.384615 |
| 6118.31 |    0.384572 |
| 6119.07 |    0.384529 |
| 6119.84 |    0.384486 |
|  6120.6 |    0.385045 |
| 6121.36 |     0.38577 |
| 6122.13 |    0.386497 |
| 6122.89 |    0.387222 |
| 6123.65 |    0.387948 |
| 6124.42 |    0.388676 |
| 6125.19 |    0.389405 |
| 6125.95 |     0.39013 |
| 6126.71 |    0.390856 |
| 6127.48 |    0.391586 |
| 6128.25 |    0.392313 |
| 6129.01 |    0.393039 |
| 6129.78 |     0.39377 |
| 6130.54 |    0.394677 |
|  6131.3 |    0.395661 |
| 6132.07 |     0.39665 |
| 6132.83 |    0.397634 |
|  6133.6 |    0.398618 |
| 6134.37 |    0.399608 |
| 6135.13 |    0.400593 |
|  6135.9 |    0.401579 |
| 6136.67 |     0.40257 |
| 6137.43 |    0.403557 |
| 6138.19 |    0.404543 |
| 6138.96 |    0.405535 |
| 6139.73 |    0.406523 |
| 6140.49 |    0.407583 |
| 6141.26 |    0.408688 |
| 6142.03 |    0.409789 |
| 6142.79 |     0.41089 |
| 6143.56 |    0.411997 |
| 6144.33 |    0.413099 |
| 6145.09 |    0.414201 |
| 6145.86 |    0.415309 |
| 6146.63 |    0.416413 |
| 6147.39 |    0.417516 |
| 6148.16 |    0.418626 |
| 6148.93 |    0.419731 |
|  6149.7 |    0.420835 |
| 6150.47 |    0.421426 |
| 6151.23 |    0.421677 |
|  6152.0 |    0.421928 |
| 6152.77 |    0.422179 |
| 6153.54 |     0.42243 |
|  6154.3 |    0.422681 |
| 6155.07 |    0.422933 |
| 6155.84 |    0.423183 |
| 6156.61 |    0.423434 |
| 6157.38 |    0.423687 |
| 6158.15 |    0.423938 |
| 6158.91 |    0.424189 |
| 6159.68 |    0.424442 |
| 6160.45 |    0.424413 |
| 6161.22 |    0.424187 |
| 6161.99 |    0.423961 |
| 6162.76 |    0.423736 |
| 6163.53 |    0.423511 |
|  6164.3 |    0.423284 |
| 6165.07 |    0.423057 |
| 6165.84 |    0.422831 |
| 6166.61 |    0.422606 |
| 6167.38 |    0.422379 |
| 6168.15 |    0.422151 |
| 6168.92 |    0.421926 |
| 6169.69 |    0.421699 |
| 6170.46 |    0.421076 |
| 6171.23 |    0.420188 |
|  6172.0 |      0.4193 |
| 6172.77 |    0.418408 |
| 6173.54 |    0.417523 |
| 6174.31 |     0.41663 |
| 6175.08 |    0.415736 |
| 6175.85 |     0.41485 |
| 6176.62 |    0.413956 |
|  6177.4 |    0.413061 |
| 6178.17 |     0.41217 |
| 6178.94 |    0.411279 |
| 6179.71 |    0.410383 |
| 6180.48 |    0.410144 |
| 6181.25 |    0.410305 |
| 6182.02 |    0.410466 |
| 6182.79 |    0.410627 |
| 6183.56 |    0.410788 |
| 6184.34 |     0.41095 |
| 6185.11 |    0.411111 |
| 6185.88 |    0.411273 |
| 6186.65 |    0.411435 |
| 6187.42 |    0.411595 |
| 6188.19 |    0.411756 |
| 6188.97 |    0.411918 |
| 6189.74 |    0.412079 |
| 6190.51 |    0.412125 |
| 6191.29 |    0.412111 |
| 6192.06 |    0.412098 |
| 6192.83 |    0.412085 |
|  6193.6 |    0.412071 |
| 6194.37 |    0.412058 |
| 6195.15 |    0.412044 |
| 6195.92 |     0.41203 |
| 6196.69 |    0.412017 |
| 6197.47 |    0.412004 |
| 6198.25 |     0.41199 |
| 6199.02 |    0.411976 |
| 6199.79 |    0.411962 |
| 6200.57 |    0.412459 |
| 6201.33 |    0.413139 |
| 6202.11 |    0.413825 |
| 6202.89 |    0.414511 |
| 6203.66 |    0.415191 |
| 6204.44 |    0.415878 |
| 6205.21 |    0.416564 |
| 6205.99 |    0.417251 |
| 6206.76 |    0.417934 |
| 6207.54 |    0.418618 |
| 6208.31 |    0.419306 |
| 6209.08 |    0.419989 |
| 6209.86 |    0.420674 |
| 6210.64 |    0.421091 |
| 6211.41 |    0.421445 |
| 6212.19 |      0.4218 |
| 6212.96 |    0.422156 |
| 6213.74 |     0.42251 |
| 6214.51 |    0.422865 |
| 6215.29 |    0.423221 |
| 6216.06 |    0.423576 |
| 6216.84 |    0.423931 |
| 6217.62 |    0.424287 |
| 6218.39 |    0.424642 |
| 6219.17 |    0.424997 |
| 6219.94 |    0.425354 |
| 6220.72 |    0.425741 |
|  6221.5 |     0.42613 |
| 6222.27 |    0.426521 |
| 6223.05 |    0.426911 |
| 6223.83 |    0.427299 |
|  6224.6 |    0.427691 |
| 6225.38 |    0.428081 |
| 6226.16 |    0.428471 |
| 6226.94 |    0.428862 |
| 6227.71 |    0.429252 |
| 6228.49 |    0.429642 |
| 6229.27 |    0.430034 |
| 6230.04 |    0.430391 |
| 6230.82 |    0.430193 |
|  6231.6 |    0.429993 |
| 6232.38 |    0.429794 |
| 6233.15 |    0.429594 |
| 6233.93 |    0.429394 |
| 6234.71 |    0.429195 |
| 6235.49 |    0.428995 |
| 6236.27 |    0.428795 |
| 6237.04 |    0.428596 |
| 6237.82 |    0.428396 |
|  6238.6 |    0.428196 |
| 6239.38 |    0.427996 |
| 6240.16 |    0.427799 |
| 6240.94 |    0.427616 |
| 6241.72 |    0.427434 |
|  6242.5 |    0.427251 |
| 6243.28 |    0.427067 |
| 6244.05 |    0.426883 |
| 6244.83 |      0.4267 |
| 6245.61 |    0.426516 |
| 6246.39 |    0.426333 |
| 6247.17 |    0.426149 |
| 6247.96 |    0.425965 |
| 6248.73 |    0.425781 |
| 6249.52 |    0.425596 |
| 6250.29 |    0.425676 |
| 6251.08 |    0.426194 |
| 6251.86 |    0.426711 |
| 6252.63 |    0.427226 |
| 6253.42 |    0.427744 |
|  6254.2 |    0.428261 |
| 6254.98 |    0.428778 |
| 6255.76 |    0.429294 |
| 6256.54 |    0.429813 |
| 6257.32 |    0.430329 |
|  6258.1 |    0.430846 |
| 6258.88 |    0.431365 |
| 6259.66 |    0.431879 |
| 6260.44 |    0.432213 |
| 6261.23 |    0.432405 |
| 6262.01 |    0.432595 |
| 6262.79 |    0.432786 |
| 6263.57 |    0.432977 |
| 6264.35 |    0.433168 |
| 6265.13 |    0.433358 |
| 6265.92 |     0.43355 |
| 6266.69 |     0.43374 |
| 6267.48 |    0.433932 |
| 6268.26 |    0.434124 |
| 6269.04 |    0.434316 |
| 6269.83 |    0.434507 |
| 6270.61 |    0.434483 |
| 6271.39 |    0.434399 |
| 6272.17 |    0.434316 |
| 6272.96 |    0.434232 |
| 6273.74 |    0.434149 |
| 6274.52 |    0.434064 |
| 6275.31 |     0.43398 |
| 6276.09 |    0.433895 |
| 6276.87 |    0.433812 |
| 6277.66 |    0.433727 |
| 6278.44 |    0.433643 |
| 6279.22 |    0.433559 |
| 6280.01 |    0.433472 |
| 6280.79 |    0.433268 |
| 6281.58 |    0.433063 |
| 6282.36 |    0.432857 |
| 6283.14 |    0.432652 |
| 6283.93 |    0.432447 |
| 6284.71 |    0.432241 |
|  6285.5 |    0.432036 |
| 6286.28 |     0.43183 |
| 6287.07 |    0.431625 |
| 6287.85 |    0.431419 |
| 6288.63 |    0.431214 |
| 6289.42 |    0.431008 |
| 6290.21 |    0.430513 |
| 6290.99 |    0.429225 |
| 6291.78 |    0.427938 |
| 6292.56 |    0.426644 |
| 6293.35 |    0.425355 |
| 6294.13 |    0.424066 |
| 6294.92 |    0.422771 |
| 6295.71 |    0.421481 |
| 6296.49 |    0.420191 |
| 6297.28 |    0.418895 |
| 6298.06 |    0.417604 |
| 6298.85 |    0.416313 |
| 6299.64 |    0.415017 |
| 6300.42 |    0.413824 |
| 6301.21 |    0.412716 |
|  6302.0 |    0.411604 |
| 6302.78 |    0.410497 |
| 6303.57 |    0.409389 |
| 6304.35 |    0.408276 |
| 6305.14 |    0.407168 |
| 6305.93 |    0.406059 |
| 6306.72 |    0.404945 |
|  6307.5 |    0.403836 |
| 6308.29 |    0.402727 |
| 6309.08 |    0.401612 |
| 6309.86 |    0.400502 |
| 6310.65 |    0.399911 |
| 6311.44 |    0.399425 |
| 6312.23 |    0.398942 |
| 6313.01 |    0.398458 |
|  6313.8 |    0.397972 |
| 6314.59 |    0.397488 |
| 6315.38 |    0.397004 |
| 6316.17 |    0.396518 |
| 6316.96 |    0.396033 |
| 6317.74 |    0.395548 |
| 6318.53 |    0.395062 |
| 6319.32 |    0.394576 |
| 6320.11 |    0.394242 |
|  6320.9 |    0.394859 |
| 6321.69 |    0.395474 |
| 6322.48 |    0.396089 |
| 6323.27 |    0.396708 |
| 6324.05 |    0.397323 |
| 6324.84 |    0.397939 |
| 6325.63 |    0.398558 |
| 6326.42 |    0.399174 |
| 6327.21 |     0.39979 |
|  6328.0 |    0.400409 |
| 6328.79 |    0.401026 |
| 6329.58 |    0.401643 |
| 6330.37 |    0.402787 |
| 6331.17 |    0.404523 |
| 6331.96 |    0.406258 |
| 6332.75 |    0.407987 |
| 6333.54 |    0.409716 |
| 6334.33 |    0.411454 |
| 6335.12 |    0.413185 |
| 6335.91 |    0.414916 |
|  6336.7 |    0.416656 |
| 6337.49 |     0.41838 |
| 6338.28 |    0.420121 |
| 6339.07 |    0.421863 |
| 6339.86 |     0.42359 |
| 6340.65 |    0.424344 |
| 6341.45 |    0.424887 |
| 6342.24 |    0.425428 |
| 6343.03 |     0.42597 |
| 6343.82 |    0.426513 |
| 6344.61 |    0.427052 |
|  6345.4 |    0.427595 |
|  6346.2 |    0.428139 |
| 6346.98 |    0.428679 |
| 6347.78 |    0.429222 |
| 6348.57 |    0.429766 |
| 6349.37 |    0.430308 |
| 6350.16 |    0.430934 |
| 6350.95 |    0.431902 |
| 6351.74 |    0.432862 |
| 6352.54 |     0.43383 |
| 6353.33 |      0.4348 |
| 6354.12 |    0.435761 |
| 6354.91 |    0.436731 |
| 6355.71 |    0.437701 |
|  6356.5 |    0.438667 |
| 6357.29 |    0.439634 |
| 6358.09 |    0.440604 |
| 6358.88 |    0.441568 |
| 6359.67 |    0.442539 |
| 6360.47 |    0.442953 |
| 6361.26 |     0.44298 |
| 6362.06 |    0.443006 |
| 6362.85 |    0.443033 |
| 6363.65 |     0.44306 |
| 6364.44 |    0.443087 |
| 6365.23 |    0.443113 |
| 6366.02 |     0.44314 |
| 6366.82 |    0.443167 |
| 6367.62 |    0.443193 |
| 6368.41 |    0.443219 |
| 6369.21 |    0.443246 |
|  6370.0 |    0.443271 |
|  6370.8 |    0.442687 |
| 6371.59 |    0.442104 |
| 6372.39 |    0.441517 |
| 6373.19 |     0.44093 |
| 6373.98 |    0.440345 |
| 6374.77 |     0.43976 |
| 6375.57 |    0.439173 |
| 6376.37 |    0.438587 |
| 6377.16 |    0.438001 |
| 6377.96 |    0.437412 |
| 6378.75 |    0.436826 |
| 6379.55 |     0.43624 |
| 6380.35 |    0.436098 |
| 6381.14 |    0.436532 |
| 6381.94 |    0.436967 |
| 6382.74 |    0.437404 |
| 6383.53 |     0.43784 |
| 6384.33 |    0.438275 |
| 6385.13 |    0.438712 |
| 6385.92 |    0.439148 |
| 6386.72 |    0.439584 |
| 6387.52 |    0.440022 |
| 6388.31 |    0.440458 |
| 6389.11 |    0.440895 |
| 6389.91 |    0.441332 |
| 6390.71 |    0.441644 |
|  6391.5 |     0.44194 |
|  6392.3 |    0.442238 |
|  6393.1 |    0.442535 |
|  6393.9 |    0.442831 |
|  6394.7 |    0.443128 |
| 6395.49 |    0.443425 |
| 6396.29 |    0.443721 |
| 6397.09 |    0.444019 |
| 6397.89 |    0.444316 |
| 6398.69 |    0.444613 |
| 6399.49 |    0.444911 |
| 6400.29 |    0.445057 |
| 6401.08 |    0.444931 |
| 6401.88 |    0.444805 |
| 6402.68 |    0.444679 |
| 6403.48 |    0.444554 |
| 6404.28 |    0.444427 |
| 6405.08 |    0.444301 |
| 6405.88 |    0.444176 |
| 6406.68 |     0.44405 |
| 6407.48 |    0.443924 |
| 6408.28 |    0.443798 |
| 6409.08 |     0.44367 |
| 6409.88 |    0.443544 |
| 6410.68 |    0.443537 |
| 6411.48 |    0.443551 |
| 6412.28 |    0.443566 |
| 6413.08 |     0.44358 |
| 6413.88 |    0.443595 |
| 6414.68 |     0.44361 |
| 6415.48 |    0.443624 |
| 6416.28 |    0.443637 |
| 6417.08 |    0.443652 |
| 6417.89 |    0.443667 |
| 6418.68 |     0.44368 |
| 6419.49 |    0.443694 |
| 6420.29 |    0.443434 |
| 6421.09 |    0.442692 |
| 6421.89 |     0.44195 |
| 6422.69 |    0.441205 |
| 6423.49 |    0.440467 |
|  6424.3 |    0.439722 |
|  6425.1 |    0.438977 |
|  6425.9 |    0.438236 |
|  6426.7 |    0.437491 |
| 6427.51 |    0.436745 |
| 6428.31 |    0.436003 |
| 6429.11 |     0.43526 |
| 6429.91 |    0.434514 |
| 6430.71 |    0.434066 |
| 6431.52 |    0.433649 |
| 6432.32 |    0.433232 |
| 6433.12 |    0.432819 |
| 6433.92 |    0.432403 |
| 6434.73 |    0.431986 |
| 6435.53 |    0.431571 |
| 6436.33 |    0.431156 |
| 6437.14 |    0.430739 |
| 6437.94 |    0.430325 |
| 6438.74 |    0.429908 |
| 6439.55 |    0.429491 |
| 6440.35 |    0.429284 |
| 6441.15 |    0.429344 |
| 6441.96 |    0.429403 |
| 6442.77 |    0.429463 |
| 6443.57 |    0.429523 |
| 6444.37 |    0.429582 |
| 6445.17 |    0.429641 |
| 6445.98 |    0.429701 |
| 6446.79 |     0.42976 |
| 6447.59 |    0.429819 |
| 6448.39 |    0.429878 |
|  6449.2 |    0.429938 |
|  6450.0 |    0.429998 |
| 6450.81 |    0.430064 |
| 6451.62 |    0.430132 |
| 6452.42 |    0.430199 |
| 6453.23 |    0.430266 |
| 6454.03 |    0.430332 |
| 6454.83 |    0.430399 |
| 6455.64 |    0.430466 |
| 6456.45 |    0.430533 |
| 6457.25 |      0.4306 |
| 6458.06 |    0.430668 |
| 6458.87 |    0.430735 |
| 6459.68 |    0.430802 |
| 6460.48 |    0.431311 |
| 6461.29 |    0.432122 |
|  6462.1 |    0.432935 |
|  6462.9 |    0.433745 |
| 6463.71 |    0.434555 |
| 6464.52 |    0.435369 |
| 6465.32 |    0.436178 |
| 6466.13 |    0.436988 |
| 6466.94 |    0.437802 |
| 6467.74 |    0.438611 |
| 6468.55 |    0.439422 |
| 6469.36 |    0.440235 |
| 6470.16 |    0.440991 |
| 6470.97 |    0.441536 |
| 6471.78 |    0.442084 |
| 6472.59 |    0.442629 |
| 6473.39 |    0.443174 |
|  6474.2 |    0.443722 |
| 6475.01 |    0.444268 |
| 6475.82 |    0.444814 |
| 6476.63 |    0.445362 |
| 6477.44 |    0.445908 |
| 6478.24 |    0.446454 |
| 6479.05 |    0.447002 |
| 6479.86 |    0.447549 |
| 6480.67 |    0.447181 |
| 6481.48 |    0.446619 |
| 6482.29 |    0.446059 |
|  6483.1 |    0.445499 |
| 6483.91 |    0.444936 |
| 6484.71 |    0.444376 |
| 6485.52 |    0.443817 |
| 6486.33 |    0.443254 |
| 6487.14 |    0.442694 |
| 6487.95 |    0.442133 |
| 6488.76 |    0.441571 |
| 6489.57 |    0.441011 |
| 6490.38 |    0.440237 |
| 6491.19 |     0.43922 |
|  6492.0 |    0.438206 |
| 6492.81 |    0.437191 |
| 6493.62 |    0.436173 |
| 6494.43 |     0.43516 |
| 6495.24 |    0.434145 |
| 6496.06 |    0.433126 |
| 6496.87 |    0.432112 |
| 6497.67 |    0.431096 |
| 6498.49 |    0.430077 |
|  6499.3 |    0.429062 |
| 6500.11 |    0.427996 |
| 6500.92 |    0.426597 |
| 6501.73 |    0.425196 |
| 6502.55 |    0.423795 |
| 6503.36 |    0.422406 |
| 6504.17 |    0.421005 |
| 6504.98 |    0.419603 |
| 6505.79 |    0.418213 |
| 6506.61 |     0.41681 |
| 6507.42 |    0.415407 |
| 6508.23 |     0.41401 |
| 6509.04 |    0.412612 |
| 6509.86 |    0.411208 |
| 6510.67 |    0.410578 |
| 6511.48 |    0.410107 |
| 6512.29 |    0.409636 |
|  6513.1 |    0.409169 |
| 6513.92 |    0.408698 |
| 6514.73 |    0.408228 |
| 6515.54 |    0.407758 |
| 6516.36 |    0.407289 |
| 6517.17 |    0.406818 |
| 6517.98 |     0.40635 |
|  6518.8 |    0.405879 |
| 6519.61 |    0.405407 |
| 6520.42 |    0.405259 |
| 6521.24 |    0.405405 |
| 6522.06 |    0.405549 |
| 6522.87 |    0.405694 |
| 6523.68 |    0.405838 |
|  6524.5 |    0.405983 |
| 6525.31 |    0.406127 |
| 6526.12 |    0.406272 |
| 6526.94 |    0.406417 |
| 6527.75 |    0.406561 |
| 6528.57 |    0.406706 |
| 6529.38 |    0.406851 |
|  6530.2 |    0.407049 |
| 6531.01 |    0.407409 |
| 6531.83 |    0.407771 |
| 6532.64 |     0.40813 |
| 6533.46 |    0.408492 |
| 6534.28 |    0.408854 |
| 6535.09 |    0.409213 |
|  6535.9 |    0.409575 |
| 6536.72 |    0.409938 |
| 6537.54 |    0.410299 |
| 6538.35 |    0.410659 |
| 6539.17 |    0.411022 |
| 6539.98 |    0.411381 |
|  6540.8 |    0.412936 |
| 6541.62 |    0.414518 |
| 6542.43 |    0.416087 |
| 6543.25 |     0.41767 |
| 6544.07 |    0.419253 |
| 6544.89 |    0.420839 |
|  6545.7 |    0.422417 |
| 6546.52 |    0.423995 |
| 6547.34 |    0.425582 |
| 6548.15 |    0.427163 |
| 6548.97 |    0.428744 |
| 6549.79 |    0.430331 |
| 6550.61 |    0.431087 |
| 6551.42 |    0.431559 |
| 6552.24 |    0.432032 |
| 6553.06 |    0.432503 |
| 6553.88 |    0.432975 |
|  6554.7 |    0.433449 |
| 6555.51 |     0.43392 |
| 6556.33 |    0.434391 |
| 6557.15 |    0.434866 |
| 6557.97 |    0.435337 |
| 6558.79 |    0.435809 |
| 6559.61 |    0.436283 |
| 6560.42 |    0.436548 |
| 6561.24 |    0.436624 |
| 6562.06 |    0.436698 |
| 6562.88 |    0.436774 |
|  6563.7 |    0.436849 |
| 6564.52 |    0.436925 |
| 6565.34 |       0.437 |
| 6566.16 |    0.437076 |
| 6566.98 |    0.437151 |
|  6567.8 |    0.437226 |
| 6568.62 |    0.437301 |
| 6569.44 |    0.437377 |
| 6570.26 |    0.437326 |
| 6571.08 |    0.436998 |
|  6571.9 |    0.436667 |
| 6572.72 |    0.436339 |
| 6573.54 |    0.436011 |
| 6574.36 |    0.435681 |
| 6575.18 |    0.435353 |
|  6576.0 |    0.435024 |
| 6576.82 |    0.434694 |
| 6577.64 |    0.434365 |
| 6578.46 |    0.434037 |
| 6579.28 |    0.433707 |
|  6580.1 |    0.433488 |
| 6580.92 |    0.434028 |
| 6581.75 |    0.434569 |
| 6582.57 |    0.435108 |
| 6583.39 |    0.435648 |
| 6584.21 |     0.43619 |
| 6585.03 |    0.436729 |
| 6585.85 |    0.437269 |
| 6586.68 |    0.437811 |
|  6587.5 |     0.43835 |
| 6588.33 |    0.438896 |
| 6589.15 |    0.439433 |
| 6589.97 |    0.439976 |
| 6590.79 |    0.439732 |
| 6591.61 |    0.439459 |
| 6592.44 |    0.439184 |
| 6593.26 |     0.43891 |
| 6594.08 |    0.438637 |
| 6594.91 |    0.438363 |
| 6595.73 |    0.438088 |
| 6596.55 |    0.437815 |
| 6597.38 |     0.43754 |
|  6598.2 |    0.437265 |
| 6599.02 |    0.436992 |
| 6599.85 |    0.436717 |
| 6600.67 |     0.43738 |
| 6601.49 |     0.43825 |
| 6602.32 |    0.439128 |
| 6603.14 |    0.440006 |
| 6603.96 |    0.440876 |
| 6604.79 |    0.441754 |
| 6605.62 |    0.442634 |
| 6606.44 |    0.443505 |
| 6607.26 |    0.444384 |
| 6608.09 |    0.445263 |
| 6608.91 |    0.446135 |
| 6609.74 |    0.447015 |
| 6610.56 |    0.447291 |
| 6611.38 |    0.447288 |
| 6612.21 |    0.447284 |
| 6613.04 |    0.447282 |
| 6613.86 |    0.447278 |
| 6614.69 |    0.447275 |
| 6615.52 |    0.447272 |
| 6616.34 |    0.447269 |
| 6617.17 |    0.447266 |
|  6618.0 |    0.447262 |
| 6618.81 |    0.447259 |
| 6619.64 |    0.447256 |
| 6620.47 |    0.447164 |
| 6621.29 |    0.447007 |
| 6622.12 |    0.446847 |
| 6622.95 |    0.446689 |
| 6623.77 |    0.446531 |
|  6624.6 |    0.446373 |
| 6625.43 |    0.446214 |
| 6626.25 |    0.446056 |
| 6627.08 |    0.445897 |
| 6627.91 |    0.445738 |
| 6628.73 |     0.44558 |
| 6629.56 |    0.445421 |
|  6630.4 |    0.445402 |
| 6631.22 |    0.445536 |
| 6632.05 |    0.445672 |
| 6632.88 |    0.445806 |
| 6633.71 |    0.445941 |
| 6634.54 |    0.446076 |
| 6635.36 |    0.446211 |
| 6636.19 |    0.446346 |
| 6637.02 |    0.446481 |
| 6637.85 |    0.446616 |
| 6638.68 |    0.446751 |
|  6639.5 |    0.446886 |
| 6640.33 |    0.446595 |
| 6641.16 |    0.445663 |
| 6641.99 |    0.444735 |
| 6642.82 |    0.443807 |
| 6643.65 |    0.442874 |
| 6644.48 |    0.441947 |
| 6645.31 |    0.441018 |
| 6646.14 |    0.440086 |
| 6646.97 |    0.439157 |
| 6647.79 |    0.438228 |
| 6648.63 |    0.437296 |
| 6649.46 |    0.436367 |
| 6650.28 |     0.43578 |
| 6651.12 |    0.435851 |
| 6651.95 |    0.435921 |
| 6652.77 |    0.435991 |
| 6653.61 |    0.436062 |
| 6654.44 |    0.436132 |
| 6655.27 |    0.436202 |
|  6656.1 |    0.436272 |
| 6656.93 |    0.436342 |
| 6657.76 |    0.436413 |
| 6658.59 |    0.436483 |
| 6659.42 |    0.436553 |
| 6660.25 |    0.436663 |
| 6661.08 |    0.436863 |
| 6661.92 |    0.437064 |
| 6662.75 |    0.437264 |
| 6663.58 |    0.437465 |
| 6664.41 |    0.437665 |
| 6665.24 |    0.437865 |
| 6666.08 |    0.438066 |
| 6666.91 |    0.438267 |
| 6667.74 |    0.438467 |
| 6668.57 |    0.438668 |
|  6669.4 |    0.438868 |
| 6670.23 |    0.439155 |
| 6671.07 |    0.439667 |
|  6671.9 |    0.440175 |
| 6672.73 |    0.440684 |
| 6673.57 |    0.441196 |
|  6674.4 |    0.441705 |
| 6675.23 |    0.442214 |
| 6676.06 |    0.442725 |
|  6676.9 |    0.443237 |
| 6677.74 |    0.443748 |
| 6678.56 |    0.444254 |
|  6679.4 |    0.444766 |
| 6680.24 |    0.445188 |
| 6681.07 |    0.445383 |
|  6681.9 |    0.445579 |
| 6682.74 |    0.445776 |
| 6683.57 |    0.445971 |
|  6684.4 |    0.446167 |
| 6685.24 |    0.446364 |
| 6686.07 |    0.446559 |
| 6686.91 |    0.446756 |
| 6687.75 |    0.446952 |
| 6688.58 |    0.447147 |
| 6689.41 |    0.447345 |
| 6690.25 |    0.447289 |
| 6691.08 |    0.446644 |
| 6691.92 |    0.445993 |
| 6692.75 |    0.445341 |
| 6693.58 |    0.444695 |
| 6694.42 |    0.444043 |
| 6695.26 |    0.443392 |
| 6696.09 |    0.442746 |
| 6696.93 |    0.442095 |
| 6697.77 |    0.441444 |
|  6698.6 |    0.440797 |
| 6699.44 |    0.440145 |
| 6700.28 |    0.439635 |
| 6701.11 |    0.439417 |
| 6701.95 |    0.439196 |
| 6702.79 |    0.438976 |
| 6703.62 |    0.438758 |
| 6704.46 |    0.438538 |
| 6705.29 |    0.438318 |
| 6706.13 |      0.4381 |
| 6706.97 |    0.437879 |
| 6707.81 |     0.43766 |
| 6708.64 |    0.437441 |
| 6709.48 |    0.437221 |
| 6710.32 |    0.436787 |
| 6711.15 |    0.436009 |
| 6711.99 |    0.435223 |
| 6712.83 |    0.434438 |
| 6713.66 |    0.433659 |
|  6714.5 |    0.432874 |
| 6715.35 |    0.432088 |
| 6716.18 |    0.431308 |
| 6717.02 |    0.430521 |
| 6717.86 |    0.429734 |
| 6718.69 |    0.428954 |
| 6719.53 |    0.428167 |
| 6720.38 |    0.427846 |
| 6721.22 |    0.428103 |
| 6722.05 |    0.428359 |
| 6722.89 |    0.428615 |
| 6723.73 |    0.428872 |
| 6724.57 |    0.429128 |
| 6725.41 |    0.429384 |
| 6726.25 |    0.429642 |
| 6727.09 |    0.429898 |
| 6727.93 |    0.430154 |
| 6728.77 |    0.430412 |
| 6729.61 |    0.430669 |
| 6730.45 |    0.430865 |
| 6731.29 |    0.431011 |
| 6732.13 |    0.431156 |
| 6732.97 |      0.4313 |
| 6733.81 |    0.431446 |
| 6734.65 |     0.43159 |
| 6735.49 |    0.431735 |
| 6736.33 |     0.43188 |
| 6737.17 |    0.432025 |
| 6738.01 |     0.43217 |
| 6738.85 |    0.432315 |
| 6739.69 |     0.43246 |
| 6740.54 |    0.432775 |
| 6741.38 |    0.433188 |
| 6742.22 |    0.433598 |
| 6743.06 |    0.434009 |
|  6743.9 |    0.434423 |
| 6744.74 |    0.434834 |
| 6745.58 |    0.435246 |
| 6746.43 |    0.435659 |
| 6747.27 |     0.43607 |
| 6748.11 |    0.436483 |
| 6748.96 |    0.436895 |
|  6749.8 |    0.437307 |
| 6750.64 |     0.43784 |
| 6751.48 |    0.438414 |
| 6752.32 |    0.438985 |
| 6753.17 |    0.439557 |
| 6754.01 |    0.440132 |
| 6754.85 |    0.440703 |
| 6755.69 |    0.441275 |
| 6756.54 |     0.44185 |
| 6757.38 |    0.442422 |
| 6758.22 |    0.442995 |
| 6759.07 |     0.44357 |
| 6759.91 |    0.444143 |
| 6760.75 |    0.443977 |
|  6761.6 |    0.443722 |
| 6762.44 |    0.443469 |
| 6763.29 |    0.443216 |
| 6764.13 |    0.442962 |
| 6764.98 |    0.442709 |
| 6765.83 |    0.442454 |
| 6766.67 |    0.442202 |
| 6767.51 |    0.441947 |
| 6768.36 |    0.441693 |
|  6769.2 |    0.441441 |
| 6770.05 |    0.441181 |
|  6770.9 |    0.440818 |
| 6771.73 |    0.440459 |
| 6772.58 |    0.440097 |
| 6773.43 |    0.439734 |
| 6774.27 |    0.439375 |
| 6775.12 |    0.439012 |
| 6775.97 |    0.438649 |
| 6776.81 |     0.43829 |
| 6777.65 |    0.437927 |
|  6778.5 |    0.437563 |
| 6779.35 |    0.437204 |
| 6780.19 |    0.436897 |
| 6781.04 |    0.436779 |
| 6781.88 |    0.436663 |
| 6782.73 |    0.436546 |
| 6783.58 |    0.436428 |
| 6784.42 |    0.436311 |
| 6785.27 |    0.436194 |
| 6786.12 |    0.436076 |
| 6786.96 |     0.43596 |
| 6787.81 |    0.435842 |
| 6788.66 |    0.435724 |
|  6789.5 |    0.435607 |
| 6790.35 |    0.435446 |
| 6791.21 |    0.435226 |
| 6792.05 |    0.435006 |
|  6792.9 |    0.434785 |
| 6793.75 |    0.434564 |
| 6794.59 |    0.434344 |
| 6795.44 |    0.434123 |
| 6796.29 |    0.433902 |
| 6797.14 |    0.433682 |
| 6797.99 |    0.433461 |
| 6798.84 |     0.43324 |
| 6799.68 |     0.43302 |
| 6800.53 |    0.433268 |
| 6801.38 |    0.433798 |
| 6802.23 |    0.434323 |
| 6803.08 |    0.434853 |
| 6803.93 |    0.435383 |
| 6804.77 |    0.435908 |
| 6805.63 |    0.436438 |
| 6806.48 |    0.436967 |
| 6807.32 |    0.437493 |
| 6808.17 |    0.438023 |
| 6809.03 |    0.438553 |
| 6809.87 |    0.439079 |
| 6810.73 |    0.438563 |
| 6811.58 |    0.437868 |
| 6812.43 |     0.43717 |
| 6813.28 |    0.436476 |
| 6814.13 |    0.435782 |
| 6814.98 |    0.435084 |
| 6815.83 |    0.434389 |
| 6816.68 |    0.433695 |
| 6817.53 |    0.432997 |
| 6818.38 |    0.432302 |
| 6819.23 |    0.431608 |
| 6820.08 |    0.430965 |
| 6820.94 |    0.430802 |
| 6821.79 |     0.43064 |
| 6822.64 |    0.430477 |
| 6823.49 |    0.430315 |
| 6824.34 |    0.430152 |
| 6825.19 |    0.429989 |
| 6826.04 |    0.429827 |
|  6826.9 |    0.429664 |
| 6827.75 |    0.429501 |
|  6828.6 |    0.429339 |
| 6829.45 |    0.429176 |
| 6830.31 |    0.428919 |
| 6831.16 |    0.428497 |
| 6832.01 |    0.428075 |
| 6832.87 |    0.427651 |
| 6833.72 |     0.42723 |
| 6834.57 |    0.426807 |
| 6835.42 |    0.426383 |
| 6836.27 |    0.425961 |
| 6837.13 |    0.425539 |
| 6837.98 |    0.425115 |
| 6838.83 |    0.424693 |
| 6839.69 |    0.424271 |
| 6840.54 |    0.423826 |
|  6841.4 |    0.423371 |
| 6842.25 |    0.422915 |
|  6843.1 |    0.422458 |
| 6843.96 |    0.422003 |
| 6844.81 |    0.421548 |
| 6845.67 |    0.421092 |
| 6846.52 |    0.420636 |
| 6847.38 |    0.420181 |
| 6848.23 |    0.419725 |
| 6849.08 |    0.419271 |
| 6849.94 |    0.418815 |
|  6850.8 |    0.419009 |
| 6851.65 |    0.419253 |
|  6852.5 |    0.419496 |
| 6853.36 |    0.419741 |
| 6854.22 |    0.419985 |
| 6855.07 |    0.420228 |
| 6855.93 |    0.420472 |
| 6856.79 |    0.420717 |
| 6857.65 |    0.420962 |
|  6858.5 |    0.421204 |
| 6859.35 |    0.421449 |
| 6860.21 |    0.421606 |
| 6861.06 |    0.421495 |
| 6861.92 |    0.421384 |
| 6862.78 |    0.421272 |
| 6863.63 |    0.421161 |
| 6864.49 |     0.42105 |
| 6865.35 |    0.420938 |
|  6866.2 |    0.420827 |
| 6867.06 |    0.420715 |
| 6867.92 |    0.420603 |
| 6868.77 |    0.420492 |
| 6869.63 |     0.42038 |
| 6870.49 |    0.420422 |
| 6871.35 |    0.420577 |
| 6872.21 |    0.420733 |
| 6873.07 |     0.42089 |
| 6873.92 |    0.421045 |
| 6874.78 |    0.421201 |
| 6875.64 |    0.421358 |
| 6876.49 |    0.421513 |
| 6877.35 |    0.421669 |
| 6878.21 |    0.421826 |
| 6879.07 |     0.42198 |
| 6879.93 |    0.422137 |
| 6880.79 |    0.421953 |
| 6881.65 |    0.421741 |
| 6882.51 |    0.421526 |
| 6883.37 |    0.421312 |
| 6884.22 |    0.421099 |
| 6885.08 |    0.420885 |
| 6885.94 |     0.42067 |
|  6886.8 |    0.420457 |
| 6887.66 |    0.420242 |
| 6888.52 |    0.420027 |
| 6889.38 |    0.419815 |
| 6890.24 |    0.419524 |
|  6891.1 |    0.419034 |
| 6891.96 |    0.418549 |
| 6892.82 |     0.41806 |
| 6893.68 |    0.417571 |
| 6894.54 |    0.417085 |
|  6895.4 |    0.416595 |
| 6896.27 |    0.416106 |
| 6897.12 |    0.415621 |
| 6897.98 |    0.415131 |
| 6898.85 |    0.414642 |
|  6899.7 |    0.414157 |
| 6900.57 |    0.413785 |
| 6901.43 |    0.413473 |
| 6902.29 |    0.413162 |
| 6903.16 |    0.412852 |
| 6904.02 |    0.412541 |
| 6904.88 |     0.41223 |
| 6905.74 |     0.41192 |
|  6906.6 |    0.411609 |
| 6907.47 |    0.411298 |
| 6908.33 |    0.410988 |
| 6909.19 |    0.410678 |
| 6910.05 |    0.410387 |
| 6910.91 |    0.410426 |
| 6911.77 |    0.410462 |
| 6912.64 |      0.4105 |
|  6913.5 |    0.410538 |
| 6914.36 |    0.410575 |
| 6915.23 |    0.410612 |
| 6916.09 |    0.410649 |
| 6916.95 |    0.410686 |
| 6917.82 |    0.410724 |
| 6918.68 |     0.41076 |
| 6919.54 |    0.410797 |
| 6920.41 |    0.411028 |
| 6921.27 |    0.411473 |
| 6922.13 |    0.411918 |
|  6923.0 |    0.412365 |
| 6923.86 |    0.412809 |
| 6924.73 |    0.413254 |
| 6925.59 |    0.413701 |
| 6926.46 |    0.414145 |
| 6927.32 |     0.41459 |
| 6928.19 |    0.415036 |
| 6929.05 |    0.415481 |
| 6929.91 |    0.415925 |
| 6930.78 |    0.415976 |
| 6931.65 |    0.415983 |
| 6932.51 |     0.41599 |
| 6933.38 |    0.415997 |
| 6934.24 |    0.416003 |
|  6935.1 |     0.41601 |
| 6935.97 |    0.416016 |
| 6936.84 |    0.416023 |
|  6937.7 |    0.416028 |
| 6938.57 |    0.416035 |
| 6939.44 |    0.416041 |
|  6940.3 |    0.415916 |
| 6941.17 |    0.415539 |
| 6942.03 |    0.415164 |
|  6942.9 |     0.41479 |
| 6943.77 |    0.414413 |
| 6944.63 |    0.414038 |
|  6945.5 |    0.413662 |
| 6946.37 |    0.413285 |
| 6947.23 |     0.41291 |
| 6948.11 |     0.41253 |
| 6948.97 |    0.412156 |
| 6949.84 |    0.411778 |
| 6950.71 |    0.411074 |
| 6951.57 |    0.410302 |
| 6952.44 |    0.409523 |
| 6953.31 |    0.408745 |
| 6954.17 |    0.407973 |
| 6955.04 |    0.407195 |
| 6955.92 |    0.406416 |
| 6956.78 |    0.405644 |
| 6957.65 |    0.404867 |
| 6958.52 |    0.404088 |
| 6959.38 |    0.403317 |
| 6960.25 |    0.402453 |
| 6961.13 |    0.401385 |
| 6961.99 |    0.400326 |
| 6962.86 |    0.399258 |
| 6963.73 |     0.39819 |
|  6964.6 |    0.397132 |
| 6965.47 |    0.396063 |
| 6966.34 |    0.394996 |
| 6967.21 |    0.393937 |
| 6968.08 |    0.392869 |
| 6968.95 |    0.391802 |
| 6969.81 |    0.390743 |
| 6970.69 |    0.389663 |
| 6971.56 |     0.38858 |
| 6972.42 |    0.387508 |
|  6973.3 |    0.386425 |
| 6974.17 |    0.385342 |
| 6975.04 |    0.384267 |
| 6975.91 |    0.383185 |
| 6976.78 |    0.382101 |
| 6977.65 |    0.381027 |
| 6978.52 |    0.379944 |
| 6979.39 |    0.378859 |
| 6980.26 |    0.377643 |
| 6981.13 |    0.376081 |
| 6982.01 |     0.37452 |
| 6982.87 |     0.37297 |
| 6983.75 |    0.371407 |
| 6984.62 |    0.369844 |
| 6985.49 |    0.368294 |
| 6986.36 |    0.366729 |
| 6987.24 |    0.365164 |
|  6988.1 |    0.363613 |
| 6988.98 |    0.362047 |
| 6989.85 |    0.360482 |
| 6990.72 |    0.358203 |
|  6991.6 |    0.355756 |
| 6992.47 |    0.353309 |
| 6993.34 |    0.350882 |
| 6994.22 |    0.348424 |
| 6995.09 |    0.345986 |
| 6995.97 |    0.343538 |
| 6996.84 |      0.3411 |
| 6997.71 |    0.338663 |
| 6998.58 |    0.336214 |
| 6999.46 |    0.333774 |
| 7000.33 |    0.330404 |
| 7001.21 |    0.325481 |
| 7002.08 |    0.320581 |
| 7002.95 |    0.315682 |
| 7003.83 |    0.310762 |
|  7004.7 |    0.305863 |
| 7005.57 |    0.300964 |
| 7006.45 |    0.296045 |
| 7007.32 |    0.291149 |
|  7008.2 |    0.286255 |
| 7009.08 |    0.281337 |
| 7009.95 |    0.276442 |
| 7010.82 |    0.270075 |
|  7011.7 |    0.263589 |
| 7012.57 |    0.257128 |
| 7013.45 |    0.250668 |
| 7014.33 |    0.244181 |
|  7015.2 |    0.237723 |
| 7016.07 |    0.231264 |
| 7016.95 |    0.224779 |
| 7017.83 |    0.218322 |
|  7018.7 |    0.211865 |
| 7019.58 |    0.205377 |
| 7020.45 |    0.199569 |
| 7021.33 |    0.194357 |
| 7022.21 |    0.189121 |
| 7023.08 |     0.18391 |
| 7023.96 |    0.178696 |
| 7024.84 |     0.17346 |
| 7025.71 |    0.168246 |
| 7026.59 |    0.163034 |
| 7027.47 |    0.157799 |
| 7028.34 |    0.152584 |
| 7029.22 |     0.14737 |
|  7030.1 |    0.142314 |
| 7030.98 |     0.13868 |
| 7031.85 |    0.135044 |
| 7032.73 |    0.131394 |
| 7033.61 |    0.127759 |
| 7034.48 |    0.124124 |
| 7035.37 |    0.120471 |
| 7036.24 |    0.116837 |
| 7037.12 |    0.113201 |
|  7038.0 |    0.109549 |
| 7038.88 |    0.105912 |
| 7039.75 |    0.102277 |
| 7040.64 |   0.0995493 |
| 7041.52 |   0.0971786 |
|  7042.4 |   0.0948085 |
| 7043.27 |   0.0924586 |
| 7044.15 |   0.0900893 |
| 7045.04 |   0.0877194 |
| 7045.91 |   0.0853709 |
| 7046.79 |    0.083002 |
| 7047.67 |   0.0806323 |
| 7048.55 |   0.0782841 |
| 7049.43 |   0.0759155 |
| 7050.31 |   0.0736242 |
| 7051.19 |   0.0714908 |
| 7052.07 |     0.06934 |
| 7052.95 |   0.0671883 |
| 7053.83 |   0.0650559 |
| 7054.71 |   0.0629039 |
|  7055.6 |   0.0607533 |
| 7056.47 |    0.058621 |
| 7057.35 |     0.05647 |
| 7058.24 |   0.0543193 |
| 7059.11 |   0.0521869 |
|  7060.0 |   0.0500371 |
| 7060.88 |   0.0481095 |
| 7061.76 |   0.0461993 |
| 7062.64 |    0.044274 |
| 7063.52 |   0.0423492 |
|  7064.4 |    0.040441 |
| 7065.29 |   0.0385164 |
| 7066.17 |   0.0365914 |
| 7067.05 |    0.034685 |
| 7067.93 |   0.0327612 |
| 7068.81 |    0.030838 |
| 7069.69 |   0.0289324 |
| 7070.58 |   0.0274824 |
| 7071.46 |   0.0262835 |
| 7072.34 |   0.0250953 |
| 7073.23 |   0.0238966 |
| 7074.11 |   0.0226981 |
| 7074.99 |   0.0215097 |
| 7075.87 |   0.0203108 |
| 7076.76 |    0.019112 |
| 7077.64 |    0.017924 |
| 7078.52 |   0.0167255 |
| 7079.41 |   0.0155266 |
| 7080.29 |   0.0145211 |
| 7081.17 |   0.0138848 |
| 7082.06 |   0.0132486 |
| 7082.94 |   0.0126177 |
| 7083.83 |   0.0119813 |
| 7084.71 |   0.0113449 |
| 7085.59 |   0.0107142 |
| 7086.48 |   0.0100781 |
| 7087.37 |  0.00944161 |
| 7088.25 |  0.00880523 |
| 7089.14 |  0.00817174 |
| 7090.02 |  0.00754539 |
| 7090.91 |  0.00723789 |
| 7091.79 |  0.00693169 |
| 7092.67 |   0.0066256 |
| 7093.56 |  0.00631825 |
| 7094.45 |  0.00601219 |
| 7095.33 |  0.00570624 |
| 7096.22 |  0.00539904 |
|  7097.1 |   0.0050933 |
| 7097.99 |  0.00478765 |
| 7098.88 |   0.0044806 |
| 7099.76 |    0.004175 |
| 7100.65 |  0.00398914 |
| 7101.54 |  0.00384693 |
| 7102.42 |  0.00370531 |
| 7103.31 |   0.0035638 |
| 7104.19 |  0.00342162 |
| 7105.08 |  0.00328003 |
| 7105.96 |  0.00313856 |
| 7106.85 |  0.00299642 |
| 7107.74 |  0.00285494 |
| 7108.63 |  0.00271351 |
| 7109.52 |  0.00257149 |
|  7110.4 |  0.00246152 |
| 7111.29 |  0.00238952 |
| 7112.18 |  0.00231722 |
| 7113.06 |  0.00224523 |
| 7113.95 |  0.00217326 |
| 7114.84 |  0.00210095 |
| 7115.73 |  0.00202896 |
| 7116.62 |  0.00195698 |
| 7117.51 |  0.00188466 |
| 7118.39 |   0.0018127 |
| 7119.28 |  0.00174071 |
| 7120.17 |  0.00167564 |
| 7121.06 |  0.00164113 |
| 7121.95 |  0.00160664 |
| 7122.84 |  0.00157199 |
| 7123.73 |  0.00153749 |
| 7124.61 |  0.00150299 |
|  7125.5 |  0.00146832 |
| 7126.39 |  0.00143383 |
| 7127.28 |  0.00139932 |
| 7128.17 |  0.00136466 |
| 7129.06 |  0.00133014 |
| 7129.95 |  0.00129563 |
| 7130.84 |  0.00126088 |
| 7131.73 |  0.00122629 |
| 7132.62 |  0.00119169 |
| 7133.51 |  0.00115694 |
| 7134.41 |  0.00112219 |
|  7135.3 |  0.00108745 |
| 7136.18 |  0.00105302 |
| 7137.08 |   0.0010183 |
| 7137.97 | 0.000983565 |
| 7138.86 |  0.00094914 |
| 7139.75 | 0.000914417 |
| 7140.64 | 0.000894632 |
| 7141.53 | 0.000880625 |
| 7142.42 | 0.000866553 |
| 7143.32 | 0.000852484 |
|  7144.2 | 0.000838543 |
|  7145.1 | 0.000824471 |
| 7145.99 | 0.000810404 |
| 7146.88 | 0.000796462 |
| 7147.77 | 0.000782402 |
| 7148.67 | 0.000768407 |
| 7149.56 | 0.000754406 |
| 7150.45 | 0.000740339 |
| 7151.35 | 0.000726246 |
| 7152.23 | 0.000712287 |
| 7153.13 |  0.00069821 |
| 7154.02 |  0.00068413 |
| 7154.91 | 0.000670178 |
| 7155.81 | 0.000656106 |
|  7156.7 | 0.000642094 |
| 7157.59 | 0.000628093 |
| 7158.49 | 0.000614027 |
| 7159.38 | 0.000599966 |
| 7160.27 | 0.000586049 |
| 7161.17 | 0.000572072 |
| 7162.06 | 0.000558088 |
| 7162.95 | 0.000544227 |
| 7163.85 | 0.000530246 |
| 7164.74 | 0.000516318 |
| 7165.63 |   0.0005024 |
| 7166.53 | 0.000488413 |
| 7167.43 | 0.000474418 |
| 7168.32 | 0.000460555 |
| 7169.21 | 0.000446563 |
| 7170.11 | 0.000432576 |
|  7171.0 | 0.000418679 |
|  7171.9 | 0.000404653 |
| 7172.79 | 0.000390701 |
| 7173.69 | 0.000376743 |
| 7174.58 | 0.000362728 |
| 7175.48 | 0.000348714 |
| 7176.37 | 0.000334819 |
| 7177.27 | 0.000320812 |
| 7178.17 |   0.0003068 |
| 7179.06 | 0.000292913 |
| 7179.96 | 0.000278899 |
| 7180.85 |  0.00027422 |
| 7181.75 | 0.000269972 |
| 7182.65 | 0.000265689 |
| 7183.55 | 0.000261441 |
| 7184.45 | 0.000257177 |
| 7185.34 | 0.000252931 |
| 7186.24 | 0.000248686 |
| 7187.14 | 0.000244422 |
| 7188.03 | 0.000240178 |
| 7188.93 | 0.000235933 |
| 7189.83 |  0.00023167 |
| 7190.73 | 0.000227422 |
| 7191.62 | 0.000223175 |
| 7192.52 | 0.000218907 |
| 7193.42 | 0.000214659 |
| 7194.31 | 0.000210413 |
| 7195.21 | 0.000206148 |
| 7196.11 | 0.000201901 |
| 7197.01 | 0.000197657 |
| 7197.91 | 0.000193393 |
| 7198.81 | 0.000189146 |
|  7199.7 | 0.000184903 |
|  7200.6 | 0.000180637 |
|  7201.5 | 0.000176392 |
|  7202.4 | 0.000172143 |
|  7203.3 | 0.000167878 |
|  7204.2 | 0.000163634 |
|  7205.1 | 0.000159389 |
|  7206.0 | 0.000155126 |
|  7206.9 |  0.00015088 |
| 7207.79 | 0.000146638 |
|  7208.7 | 0.000142377 |
|  7209.6 | 0.000138135 |
| 7210.49 | 0.000133889 |
|  7211.4 | 0.000129623 |
| 7212.29 | 0.000125375 |
| 7213.19 | 0.000121128 |
|  7214.1 | 0.000116864 |
|  7215.0 | 0.000112621 |
|  7215.9 | 0.000108377 |
|  7216.8 | 0.000104119 |
