# Units:
#  "lambda" is in Angstroms
#  "pass" is the contribution to the detector signal per photon
#         entering the atmosphere of Earth
# 
# Bandpass Name(s): F850LP
# 
# Instrument: ACS_WFC_F850LP
# 
# Determined by: 
# 
# Date of determination: 2010-May-02
# 
# Meaning of/Reason for default column: Only column available
# 
# Notes:
# 
# 
# Obtained from Leonidas Moustakas on 2011-Apr-02 for the CLASH team.
# 
# J. Moustakas, UCSD 2011-Apr-07
|  lambda |        pass |
| 7821.19 | 0.000100794 |
| 7821.98 | 0.000101985 |
| 7822.77 |  0.00010317 |
| 7823.55 | 0.000104347 |
| 7824.34 | 0.000105536 |
| 7825.12 | 0.000106713 |
| 7825.92 | 0.000107901 |
|  7826.7 | 0.000109076 |
| 7827.48 | 0.000110257 |
| 7828.27 | 0.000111444 |
| 7829.06 | 0.000112623 |
| 7829.85 | 0.000113801 |
| 7830.63 | 0.000114972 |
| 7831.42 | 0.000116141 |
| 7832.21 | 0.000117308 |
| 7832.99 | 0.000118469 |
| 7833.78 | 0.000119641 |
| 7834.56 | 0.000120799 |
| 7835.35 |  0.00012197 |
| 7836.15 |  0.00012314 |
| 7836.93 | 0.000124296 |
| 7837.72 | 0.000125464 |
|  7838.5 | 0.000126619 |
| 7839.29 |  0.00012778 |
| 7840.08 | 0.000129065 |
| 7840.87 | 0.000131466 |
| 7841.66 |  0.00013388 |
| 7842.45 |  0.00013628 |
| 7843.23 | 0.000138666 |
| 7844.02 | 0.000141079 |
| 7844.81 | 0.000143464 |
|  7845.6 | 0.000145875 |
| 7846.38 | 0.000148258 |
| 7847.18 | 0.000150669 |
| 7847.96 | 0.000153052 |
| 7848.75 | 0.000155459 |
| 7849.54 | 0.000157854 |
| 7850.33 | 0.000160231 |
| 7851.12 | 0.000162583 |
| 7851.91 | 0.000164932 |
|  7852.7 |  0.00016728 |
| 7853.48 | 0.000169625 |
| 7854.27 | 0.000171956 |
| 7855.06 |  0.00017431 |
| 7855.86 | 0.000176663 |
| 7856.64 |  0.00017899 |
| 7857.44 | 0.000181338 |
| 7858.22 |  0.00018366 |
| 7859.01 | 0.000185993 |
|  7859.8 | 0.000188324 |
| 7860.59 | 0.000190682 |
| 7861.38 | 0.000193049 |
| 7862.17 | 0.000195427 |
| 7862.96 | 0.000197793 |
| 7863.75 | 0.000200157 |
| 7864.54 | 0.000202506 |
| 7865.33 | 0.000204881 |
| 7866.12 |  0.00020723 |
| 7866.91 | 0.000209603 |
|  7867.7 |  0.00021195 |
|  7868.5 | 0.000214322 |
| 7869.29 | 0.000216679 |
| 7870.08 | 0.000219034 |
| 7870.87 |  0.00022137 |
| 7871.66 | 0.000223706 |
| 7872.45 | 0.000226039 |
| 7873.24 | 0.000228372 |
| 7874.03 | 0.000230691 |
| 7874.82 | 0.000233034 |
| 7875.62 | 0.000235375 |
|  7876.4 | 0.000237691 |
|  7877.2 | 0.000240029 |
| 7877.99 | 0.000242342 |
| 7878.78 | 0.000244678 |
| 7879.57 | 0.000246988 |
| 7880.36 | 0.000250416 |
| 7881.15 |  0.00025516 |
| 7881.94 | 0.000259903 |
| 7882.74 | 0.000264668 |
| 7883.53 | 0.000269403 |
| 7884.33 | 0.000274141 |
| 7885.12 | 0.000278872 |
|  7885.9 | 0.000283576 |
|  7886.7 | 0.000288331 |
| 7887.49 | 0.000293031 |
| 7888.29 | 0.000297781 |
| 7889.08 | 0.000302525 |
| 7889.87 |  0.00030722 |
| 7890.66 |  0.00031193 |
| 7891.46 | 0.000316638 |
| 7892.25 | 0.000321344 |
| 7893.04 | 0.000326044 |
| 7893.84 | 0.000330747 |
| 7894.63 | 0.000335444 |
| 7895.42 | 0.000340112 |
| 7896.21 | 0.000344831 |
| 7897.01 | 0.000349546 |
|  7897.8 | 0.000354208 |
|  7898.6 | 0.000358919 |
| 7899.39 | 0.000363578 |
| 7900.19 | 0.000368281 |
| 7900.98 | 0.000372923 |
| 7901.77 | 0.000377591 |
| 7902.57 | 0.000382281 |
| 7903.36 | 0.000386942 |
| 7904.16 | 0.000391601 |
| 7904.95 | 0.000396256 |
| 7905.75 | 0.000400911 |
| 7906.54 | 0.000405563 |
| 7907.33 | 0.000410186 |
| 7908.13 | 0.000414857 |
| 7908.92 | 0.000419474 |
| 7909.72 | 0.000424138 |
| 7910.52 |  0.00042879 |
| 7911.31 | 0.000433386 |
|  7912.1 | 0.000438004 |
|  7912.9 | 0.000442617 |
| 7913.69 | 0.000447229 |
| 7914.49 | 0.000451837 |
| 7915.28 | 0.000456443 |
| 7916.08 | 0.000461069 |
| 7916.88 | 0.000465668 |
| 7917.67 |  0.00047024 |
| 7918.47 | 0.000474857 |
| 7919.26 | 0.000479423 |
| 7920.06 | 0.000484397 |
| 7920.85 | 0.000493901 |
| 7921.65 | 0.000503504 |
| 7922.44 | 0.000512996 |
| 7923.24 | 0.000522587 |
| 7924.04 |  0.00053212 |
| 7924.83 | 0.000541646 |
| 7925.63 | 0.000551173 |
| 7926.43 | 0.000560693 |
| 7927.22 | 0.000570156 |
| 7928.02 | 0.000579719 |
| 7928.81 | 0.000589169 |
| 7929.61 |  0.00059872 |
| 7930.41 | 0.000608282 |
| 7931.21 | 0.000617745 |
| 7932.01 | 0.000627308 |
|  7932.8 | 0.000636761 |
|  7933.6 | 0.000646261 |
| 7934.39 | 0.000655756 |
| 7935.19 | 0.000665252 |
| 7935.99 | 0.000674744 |
| 7936.79 |  0.00068428 |
| 7937.59 | 0.000693762 |
| 7938.38 | 0.000703238 |
| 7939.18 | 0.000712657 |
| 7939.98 | 0.000722179 |
| 7940.77 | 0.000731489 |
| 7941.58 | 0.000740886 |
| 7942.37 | 0.000750176 |
| 7943.17 | 0.000759566 |
| 7943.97 | 0.000768895 |
| 7944.77 | 0.000778219 |
| 7945.56 | 0.000787529 |
| 7946.36 | 0.000796838 |
| 7947.16 |  0.00080614 |
| 7947.96 | 0.000815432 |
| 7948.75 | 0.000824671 |
| 7949.56 | 0.000833998 |
| 7950.36 | 0.000843329 |
| 7951.15 | 0.000852556 |
| 7951.96 | 0.000861873 |
| 7952.75 | 0.000871085 |
| 7953.55 | 0.000880338 |
| 7954.35 | 0.000889588 |
| 7955.15 | 0.000898831 |
| 7955.95 | 0.000908064 |
| 7956.75 | 0.000917292 |
| 7957.55 | 0.000926569 |
| 7958.35 | 0.000935781 |
| 7959.15 | 0.000944985 |
| 7959.95 |  0.00095419 |
| 7960.75 | 0.000973405 |
| 7961.55 | 0.000993492 |
| 7962.35 |  0.00101334 |
| 7963.15 |   0.0010334 |
| 7963.96 |  0.00105346 |
| 7964.75 |  0.00107327 |
| 7965.55 |  0.00109318 |
| 7966.35 |  0.00111309 |
| 7967.15 |  0.00113298 |
| 7967.95 |  0.00115286 |
| 7968.75 |  0.00117272 |
| 7969.55 |  0.00119258 |
| 7970.35 |  0.00121232 |
| 7971.15 |  0.00123229 |
| 7971.96 |  0.00125224 |
| 7972.76 |  0.00127196 |
| 7973.56 |  0.00129188 |
| 7974.36 |  0.00131159 |
| 7975.16 |  0.00133138 |
| 7975.96 |  0.00135117 |
| 7976.76 |  0.00137094 |
| 7977.56 |   0.0013907 |
| 7978.37 |  0.00141057 |
| 7979.17 |   0.0014303 |
| 7979.97 |  0.00145003 |
| 7980.77 |  0.00147015 |
| 7981.58 |  0.00149051 |
| 7982.37 |  0.00151067 |
| 7983.18 |  0.00153103 |
| 7983.98 |  0.00155119 |
| 7984.78 |  0.00157156 |
| 7985.59 |  0.00159194 |
| 7986.39 |   0.0016121 |
| 7987.19 |  0.00163238 |
| 7987.99 |  0.00165265 |
|  7988.8 |  0.00167294 |
|  7989.6 |   0.0016932 |
|  7990.4 |  0.00171332 |
|  7991.2 |  0.00173327 |
| 7992.01 |  0.00175333 |
| 7992.81 |  0.00177315 |
| 7993.62 |  0.00179319 |
| 7994.42 |  0.00181301 |
| 7995.22 |  0.00183303 |
| 7996.02 |  0.00185285 |
| 7996.83 |  0.00187275 |
| 7997.63 |  0.00189265 |
| 7998.44 |  0.00191266 |
| 7999.24 |  0.00193256 |
| 8000.04 |  0.00195601 |
| 8000.85 |  0.00204132 |
| 8001.65 |  0.00212649 |
| 8002.45 |  0.00221113 |
| 8003.26 |  0.00229666 |
| 8004.06 |  0.00238114 |
| 8004.87 |  0.00246652 |
| 8005.68 |  0.00255183 |
| 8006.48 |  0.00263619 |
| 8007.28 |  0.00272087 |
| 8008.08 |  0.00280553 |
| 8008.89 |  0.00289007 |
| 8009.69 |  0.00297458 |
|  8010.5 |  0.00303535 |
|  8011.3 |  0.00308161 |
| 8012.11 |  0.00312806 |
| 8012.91 |  0.00317401 |
| 8013.72 |   0.0032204 |
| 8014.52 |  0.00326629 |
| 8015.33 |  0.00331266 |
| 8016.13 |  0.00335849 |
| 8016.94 |  0.00340482 |
| 8017.75 |  0.00345059 |
| 8018.55 |  0.00349661 |
| 8019.36 |  0.00354285 |
| 8020.17 |  0.00359015 |
| 8020.97 |  0.00364258 |
| 8021.78 |  0.00369502 |
| 8022.58 |  0.00374739 |
| 8023.39 |  0.00379978 |
| 8024.19 |  0.00385186 |
|  8025.0 |  0.00390448 |
| 8025.81 |  0.00395708 |
| 8026.62 |  0.00400912 |
| 8027.43 |  0.00406168 |
| 8028.23 |  0.00411367 |
| 8029.04 |  0.00416592 |
| 8029.84 |  0.00421815 |
| 8030.65 |  0.00428162 |
| 8031.46 |  0.00434779 |
| 8032.26 |  0.00441397 |
| 8033.07 |  0.00448047 |
| 8033.88 |  0.00454653 |
| 8034.68 |  0.00461221 |
|  8035.5 |  0.00467862 |
|  8036.3 |  0.00474422 |
| 8037.11 |  0.00481054 |
| 8037.91 |  0.00487605 |
| 8038.72 |  0.00494228 |
| 8039.53 |  0.00500775 |
| 8040.34 |  0.00507903 |
| 8041.15 |  0.00515704 |
| 8041.96 |  0.00523496 |
| 8042.76 |  0.00531288 |
| 8043.57 |  0.00539073 |
| 8044.38 |  0.00546853 |
| 8045.19 |  0.00554629 |
| 8045.99 |  0.00562358 |
|  8046.8 |  0.00570169 |
| 8047.62 |  0.00577975 |
| 8048.42 |  0.00585692 |
| 8049.23 |  0.00593487 |
| 8050.04 |  0.00601214 |
| 8050.85 |  0.00609398 |
| 8051.66 |  0.00617584 |
| 8052.46 |  0.00625764 |
| 8053.27 |  0.00633947 |
| 8054.09 |  0.00642172 |
|  8054.9 |  0.00650356 |
| 8055.71 |  0.00658533 |
| 8056.51 |  0.00666663 |
| 8057.33 |  0.00674885 |
| 8058.13 |  0.00683017 |
| 8058.94 |  0.00691237 |
| 8059.75 |  0.00699364 |
| 8060.56 |   0.0070886 |
| 8061.37 |  0.00718855 |
| 8062.18 |  0.00728845 |
| 8062.99 |  0.00738822 |
|  8063.8 |  0.00748792 |
| 8064.61 |  0.00758747 |
| 8065.42 |  0.00768692 |
| 8066.23 |  0.00778632 |
| 8067.04 |  0.00788562 |
| 8067.86 |  0.00798533 |
| 8068.67 |  0.00808386 |
| 8069.48 |  0.00818337 |
| 8070.29 |  0.00828616 |
|  8071.1 |  0.00839827 |
| 8071.91 |  0.00850911 |
| 8072.72 |  0.00862058 |
| 8073.53 |  0.00873203 |
| 8074.35 |  0.00884413 |
| 8075.16 |  0.00895552 |
| 8075.97 |  0.00906688 |
| 8076.77 |  0.00917768 |
| 8077.59 |  0.00928966 |
|  8078.4 |  0.00940042 |
| 8079.21 |  0.00951236 |
| 8080.02 |  0.00962472 |
| 8080.84 |  0.00979628 |
| 8081.65 |  0.00996785 |
| 8082.46 |   0.0101375 |
| 8083.27 |    0.010308 |
| 8084.09 |   0.0104784 |
|  8084.9 |   0.0106487 |
| 8085.71 |    0.010819 |
| 8086.52 |   0.0109892 |
| 8087.33 |   0.0111592 |
| 8088.14 |   0.0113283 |
| 8088.96 |   0.0114993 |
| 8089.78 |   0.0116701 |
| 8090.59 |   0.0118285 |
|  8091.4 |   0.0119843 |
| 8092.21 |   0.0121383 |
| 8093.02 |   0.0122931 |
| 8093.84 |   0.0124477 |
| 8094.65 |   0.0126023 |
| 8095.47 |   0.0127574 |
| 8096.28 |   0.0129116 |
|  8097.1 |   0.0130658 |
| 8097.91 |   0.0132197 |
| 8098.72 |   0.0133735 |
| 8099.54 |   0.0135272 |
| 8100.35 |   0.0137063 |
| 8101.16 |   0.0139233 |
| 8101.97 |   0.0141379 |
| 8102.79 |   0.0143548 |
| 8103.61 |   0.0145716 |
| 8104.42 |   0.0147862 |
| 8105.23 |   0.0150018 |
| 8106.05 |   0.0152174 |
| 8106.86 |    0.015433 |
| 8107.68 |   0.0156485 |
| 8108.49 |    0.015864 |
| 8109.31 |   0.0160808 |
| 8110.12 |    0.016291 |
| 8110.94 |   0.0164724 |
| 8111.75 |   0.0166556 |
| 8112.57 |   0.0168367 |
| 8113.38 |   0.0170198 |
|  8114.2 |   0.0172007 |
| 8115.01 |   0.0173826 |
| 8115.83 |   0.0175644 |
| 8116.65 |    0.017747 |
| 8117.46 |   0.0179286 |
| 8118.28 |   0.0181101 |
| 8119.09 |   0.0182914 |
| 8119.91 |   0.0184728 |
| 8120.73 |   0.0187277 |
| 8121.54 |   0.0189918 |
| 8122.35 |   0.0192543 |
| 8123.17 |   0.0195194 |
| 8123.99 |   0.0197843 |
| 8124.81 |   0.0200463 |
| 8125.62 |    0.020311 |
| 8126.44 |   0.0205726 |
| 8127.25 |   0.0208355 |
| 8128.07 |   0.0210982 |
| 8128.89 |   0.0213606 |
|  8129.7 |    0.021623 |
| 8130.52 |   0.0218659 |
| 8131.34 |   0.0220944 |
| 8132.16 |   0.0223252 |
| 8132.97 |   0.0225534 |
| 8133.79 |   0.0227839 |
|  8134.6 |   0.0230118 |
| 8135.43 |   0.0232421 |
| 8136.24 |   0.0234697 |
| 8137.06 |   0.0236998 |
| 8137.88 |   0.0239283 |
|  8138.7 |   0.0241569 |
| 8139.52 |   0.0243852 |
| 8140.33 |   0.0246494 |
| 8141.15 |    0.024966 |
| 8141.97 |   0.0252824 |
| 8142.78 |   0.0255968 |
|  8143.6 |   0.0259145 |
| 8144.43 |    0.026232 |
| 8145.24 |   0.0265456 |
| 8146.06 |   0.0268627 |
| 8146.88 |    0.027176 |
|  8147.7 |   0.0274927 |
| 8148.52 |   0.0278056 |
| 8149.33 |     0.02812 |
| 8150.15 |   0.0284385 |
| 8150.97 |   0.0287757 |
| 8151.79 |   0.0291148 |
| 8152.61 |   0.0294518 |
| 8153.43 |   0.0297869 |
| 8154.25 |   0.0301256 |
| 8155.07 |   0.0304607 |
| 8155.89 |   0.0307992 |
| 8156.71 |   0.0311338 |
| 8157.53 |    0.031472 |
| 8158.35 |   0.0318085 |
| 8159.17 |   0.0321448 |
| 8159.99 |   0.0324808 |
| 8160.81 |   0.0328352 |
| 8161.63 |   0.0331897 |
| 8162.45 |   0.0335435 |
| 8163.27 |   0.0338969 |
| 8164.09 |     0.03425 |
|  8164.9 |   0.0346008 |
| 8165.73 |   0.0349548 |
| 8166.55 |   0.0353085 |
| 8167.37 |   0.0356578 |
| 8168.19 |   0.0360107 |
| 8169.01 |   0.0363595 |
| 8169.83 |   0.0367092 |
| 8170.65 |   0.0370824 |
| 8171.47 |   0.0374616 |
|  8172.3 |   0.0378426 |
| 8173.12 |   0.0382217 |
| 8173.94 |   0.0386004 |
| 8174.76 |   0.0389792 |
| 8175.58 |   0.0393558 |
|  8176.4 |   0.0397364 |
| 8177.22 |   0.0401131 |
| 8178.05 |   0.0404934 |
| 8178.87 |   0.0408698 |
| 8179.69 |   0.0412501 |
| 8180.51 |   0.0416648 |
| 8181.33 |   0.0421014 |
| 8182.16 |    0.042538 |
| 8182.98 |   0.0429744 |
|  8183.8 |   0.0434107 |
| 8184.62 |   0.0438469 |
| 8185.44 |    0.044283 |
| 8186.27 |   0.0447189 |
|  8187.1 |   0.0451573 |
| 8187.91 |   0.0455905 |
| 8188.74 |   0.0460286 |
| 8189.56 |   0.0464618 |
| 8190.38 |   0.0469073 |
|  8191.2 |   0.0473565 |
| 8192.03 |   0.0478077 |
| 8192.85 |   0.0482588 |
| 8193.68 |   0.0487117 |
|  8194.5 |   0.0491618 |
| 8195.32 |   0.0496116 |
| 8196.15 |   0.0500616 |
| 8196.97 |   0.0505105 |
| 8197.79 |   0.0509571 |
| 8198.62 |   0.0514078 |
| 8199.44 |   0.0518529 |
| 8200.27 |   0.0523244 |
| 8201.09 |   0.0528395 |
| 8201.91 |   0.0533489 |
| 8202.74 |   0.0538609 |
| 8203.56 |   0.0543725 |
| 8204.39 |   0.0548839 |
| 8205.21 |   0.0553949 |
| 8206.03 |   0.0559055 |
| 8206.86 |   0.0564158 |
| 8207.69 |   0.0569288 |
| 8208.51 |   0.0574361 |
| 8209.34 |   0.0579483 |
| 8210.16 |   0.0584394 |
| 8210.99 |   0.0588702 |
| 8211.81 |   0.0592962 |
| 8212.64 |    0.059727 |
| 8213.46 |   0.0601525 |
| 8214.28 |   0.0605806 |
| 8215.11 |   0.0610109 |
| 8215.94 |   0.0614384 |
| 8216.76 |   0.0618659 |
| 8217.59 |   0.0622932 |
| 8218.41 |   0.0627182 |
| 8219.24 |   0.0631476 |
| 8220.06 |   0.0635851 |
| 8220.89 |   0.0641893 |
| 8221.72 |   0.0647921 |
| 8222.54 |   0.0653876 |
| 8223.37 |   0.0659892 |
|  8224.2 |   0.0665829 |
| 8225.02 |   0.0671795 |
| 8225.85 |   0.0677749 |
| 8226.67 |   0.0683703 |
|  8227.5 |   0.0689642 |
| 8228.33 |   0.0695571 |
| 8229.16 |   0.0701532 |
| 8229.99 |   0.0707445 |
| 8230.81 |    0.071192 |
| 8231.64 |   0.0716421 |
| 8232.46 |   0.0720868 |
| 8233.29 |   0.0725364 |
| 8234.12 |   0.0729804 |
| 8234.95 |   0.0734296 |
| 8235.78 |    0.073876 |
|  8236.6 |   0.0743218 |
| 8237.43 |   0.0747681 |
| 8238.26 |   0.0752138 |
| 8239.09 |   0.0756596 |
| 8239.91 |   0.0761046 |
| 8240.74 |    0.076615 |
| 8241.57 |    0.077139 |
| 8242.39 |   0.0776564 |
| 8243.23 |   0.0781796 |
| 8244.06 |   0.0787016 |
| 8244.88 |   0.0792182 |
| 8245.71 |     0.07974 |
| 8246.54 |   0.0802552 |
| 8247.37 |   0.0807736 |
|  8248.2 |   0.0812911 |
| 8249.02 |   0.0818086 |
| 8249.86 |   0.0823283 |
| 8250.69 |   0.0829724 |
| 8251.52 |   0.0836425 |
| 8252.34 |   0.0843122 |
| 8253.17 |   0.0849778 |
|  8254.0 |   0.0856505 |
| 8254.83 |   0.0863152 |
| 8255.66 |   0.0869872 |
| 8256.49 |   0.0876518 |
| 8257.32 |    0.088323 |
| 8258.15 |   0.0889898 |
| 8258.98 |   0.0896569 |
| 8259.81 |   0.0903236 |
| 8260.64 |   0.0910274 |
| 8261.47 |   0.0917426 |
|  8262.3 |   0.0924573 |
| 8263.12 |   0.0931681 |
| 8263.96 |   0.0938851 |
| 8264.79 |   0.0946022 |
| 8265.62 |   0.0953112 |
| 8266.46 |   0.0960272 |
| 8267.28 |   0.0967351 |
| 8268.11 |   0.0974456 |
| 8268.94 |   0.0981567 |
| 8269.77 |   0.0988661 |
|  8270.6 |   0.0994971 |
| 8271.44 |    0.100102 |
| 8272.27 |    0.100703 |
|  8273.1 |    0.101303 |
| 8273.93 |    0.101902 |
| 8274.76 |    0.102502 |
| 8275.59 |    0.103098 |
| 8276.43 |      0.1037 |
| 8277.25 |    0.104296 |
| 8278.08 |    0.104894 |
| 8278.92 |    0.105494 |
| 8279.75 |    0.106092 |
| 8280.58 |    0.106729 |
| 8281.42 |    0.107382 |
| 8282.25 |    0.108034 |
| 8283.08 |    0.108686 |
| 8283.91 |    0.109337 |
| 8284.75 |    0.109988 |
| 8285.58 |    0.110642 |
| 8286.41 |    0.111289 |
| 8287.25 |    0.111943 |
| 8288.08 |    0.112589 |
| 8288.91 |    0.113242 |
| 8289.74 |    0.113887 |
| 8290.57 |    0.114594 |
| 8291.41 |    0.115328 |
| 8292.24 |    0.116061 |
| 8293.08 |    0.116798 |
| 8293.91 |    0.117529 |
| 8294.74 |    0.118261 |
| 8295.58 |    0.118991 |
| 8296.41 |    0.119719 |
| 8297.24 |    0.120448 |
| 8298.07 |    0.121171 |
| 8298.91 |    0.121901 |
| 8299.75 |    0.122632 |
| 8300.58 |    0.123288 |
| 8301.41 |     0.12392 |
| 8302.25 |    0.124551 |
| 8303.08 |    0.125182 |
| 8303.92 |    0.125812 |
| 8304.75 |    0.126442 |
| 8305.58 |    0.127071 |
| 8306.42 |      0.1277 |
| 8307.26 |    0.128332 |
| 8308.09 |    0.128959 |
| 8308.92 |    0.129583 |
| 8309.76 |    0.130214 |
| 8310.59 |    0.130595 |
| 8311.43 |     0.13088 |
| 8312.26 |    0.131164 |
|  8313.1 |    0.131449 |
| 8313.94 |    0.131734 |
| 8314.77 |    0.132018 |
| 8315.61 |    0.132302 |
| 8316.44 |    0.132586 |
| 8317.28 |    0.132869 |
| 8318.11 |    0.133151 |
| 8318.95 |    0.133434 |
| 8319.79 |    0.133716 |
| 8320.62 |    0.134534 |
| 8321.46 |    0.135548 |
|  8322.3 |    0.136562 |
| 8323.13 |    0.137565 |
| 8323.97 |    0.138572 |
|  8324.8 |     0.13958 |
| 8325.64 |    0.140587 |
| 8326.47 |    0.141593 |
| 8327.31 |    0.142599 |
| 8328.15 |    0.143605 |
| 8328.99 |    0.144615 |
| 8329.83 |    0.145619 |
| 8330.66 |    0.146308 |
|  8331.5 |     0.14691 |
| 8332.34 |    0.147518 |
| 8333.17 |    0.148119 |
| 8334.01 |    0.148722 |
| 8334.84 |    0.149326 |
| 8335.69 |    0.149932 |
| 8336.52 |    0.150533 |
| 8337.36 |    0.151135 |
|  8338.2 |    0.151736 |
| 8339.04 |    0.152335 |
| 8339.87 |    0.152935 |
| 8340.71 |    0.153584 |
| 8341.55 |    0.154242 |
| 8342.39 |      0.1549 |
| 8343.23 |     0.15556 |
| 8344.06 |    0.156213 |
| 8344.91 |    0.156873 |
| 8345.74 |    0.157525 |
| 8346.58 |    0.158181 |
| 8347.42 |    0.158836 |
| 8348.26 |    0.159491 |
|  8349.1 |    0.160146 |
| 8349.94 |    0.160803 |
| 8350.78 |    0.161187 |
| 8351.62 |    0.161548 |
| 8352.46 |    0.161908 |
| 8353.29 |    0.162269 |
| 8354.13 |    0.162627 |
| 8354.97 |    0.162989 |
| 8355.81 |    0.163347 |
| 8356.65 |    0.163706 |
| 8357.49 |    0.164068 |
| 8358.33 |    0.164427 |
| 8359.17 |    0.164785 |
| 8360.01 |    0.165151 |
| 8360.85 |    0.166067 |
| 8361.69 |    0.166982 |
| 8362.53 |    0.167896 |
| 8363.37 |    0.168811 |
| 8364.22 |    0.169729 |
| 8365.05 |    0.170637 |
|  8365.9 |    0.171554 |
| 8366.73 |     0.17246 |
| 8367.58 |    0.173375 |
| 8368.41 |     0.17428 |
| 8369.25 |    0.175189 |
|  8370.1 |    0.176031 |
| 8370.94 |    0.176351 |
| 8371.78 |     0.17667 |
| 8372.62 |    0.176988 |
| 8373.46 |    0.177306 |
| 8374.31 |    0.177623 |
| 8375.15 |     0.17794 |
| 8375.99 |    0.178257 |
| 8376.83 |    0.178571 |
| 8377.67 |    0.178888 |
| 8378.51 |    0.179201 |
| 8379.36 |    0.179518 |
|  8380.2 |    0.179884 |
| 8381.04 |     0.18042 |
| 8381.88 |    0.180956 |
| 8382.72 |    0.181492 |
| 8383.57 |    0.182027 |
| 8384.41 |    0.182563 |
| 8385.25 |    0.183097 |
|  8386.1 |    0.183635 |
| 8386.94 |    0.184169 |
| 8387.78 |      0.1847 |
| 8388.62 |    0.185237 |
| 8389.46 |    0.185768 |
| 8390.31 |    0.186249 |
| 8391.15 |     0.18664 |
| 8391.99 |     0.18703 |
| 8392.84 |     0.18742 |
| 8393.68 |    0.187812 |
| 8394.53 |    0.188202 |
| 8395.37 |    0.188592 |
| 8396.21 |    0.188981 |
| 8397.06 |     0.18937 |
|  8397.9 |     0.18976 |
| 8398.74 |     0.19015 |
| 8399.58 |    0.190537 |
| 8400.43 |    0.191127 |
| 8401.28 |    0.191904 |
| 8402.12 |    0.192679 |
| 8402.96 |    0.193453 |
| 8403.81 |    0.194226 |
| 8404.65 |    0.194997 |
|  8405.5 |    0.195768 |
| 8406.34 |    0.196538 |
| 8407.19 |    0.197307 |
| 8408.04 |    0.198078 |
| 8408.88 |    0.198844 |
| 8409.72 |    0.199608 |
| 8410.57 |    0.200049 |
| 8411.42 |    0.200336 |
| 8412.26 |    0.200619 |
|  8413.1 |    0.200904 |
| 8413.95 |    0.201188 |
|  8414.8 |    0.201474 |
| 8415.64 |    0.201758 |
| 8416.49 |    0.202041 |
| 8417.33 |    0.202323 |
| 8418.18 |    0.202606 |
| 8419.02 |    0.202888 |
| 8419.87 |     0.20317 |
| 8420.72 |    0.203115 |
| 8421.56 |    0.202999 |
| 8422.41 |    0.202882 |
| 8423.25 |    0.202766 |
|  8424.1 |     0.20265 |
| 8424.95 |    0.202533 |
| 8425.79 |    0.202417 |
| 8426.64 |    0.202301 |
| 8427.49 |    0.202184 |
| 8428.33 |    0.202068 |
| 8429.18 |     0.20195 |
| 8430.03 |    0.201874 |
| 8430.88 |    0.202825 |
| 8431.72 |     0.20377 |
| 8432.57 |    0.204722 |
| 8433.42 |    0.205665 |
| 8434.27 |    0.206615 |
| 8435.11 |    0.207554 |
| 8435.96 |    0.208497 |
| 8436.81 |    0.209443 |
| 8437.66 |    0.210384 |
|  8438.5 |    0.211323 |
| 8439.35 |    0.212261 |
|  8440.2 |    0.213019 |
| 8441.05 |      0.2132 |
|  8441.9 |    0.213381 |
| 8442.74 |    0.213562 |
| 8443.59 |    0.213742 |
| 8444.44 |    0.213923 |
| 8445.29 |    0.214104 |
| 8446.14 |    0.214282 |
| 8446.99 |    0.214462 |
| 8447.83 |    0.214641 |
| 8448.68 |    0.214821 |
| 8449.53 |       0.215 |
| 8450.38 |    0.215125 |
| 8451.24 |    0.215182 |
| 8452.08 |    0.215239 |
| 8452.93 |    0.215295 |
| 8453.78 |    0.215352 |
| 8454.63 |    0.215409 |
| 8455.48 |    0.215465 |
| 8456.33 |    0.215522 |
| 8457.18 |    0.215578 |
| 8458.03 |    0.215633 |
| 8458.88 |    0.215689 |
| 8459.73 |    0.215745 |
| 8460.58 |    0.216139 |
| 8461.43 |    0.216692 |
| 8462.28 |    0.217243 |
| 8463.13 |    0.217794 |
| 8463.98 |    0.218345 |
| 8464.83 |    0.218894 |
| 8465.69 |    0.219446 |
| 8466.54 |    0.219995 |
| 8467.38 |    0.220539 |
| 8468.23 |    0.221086 |
| 8469.08 |    0.221633 |
| 8469.93 |    0.222179 |
| 8470.79 |    0.222543 |
| 8471.64 |    0.222892 |
| 8472.49 |     0.22324 |
| 8473.34 |     0.22359 |
| 8474.19 |    0.223937 |
| 8475.05 |    0.224285 |
|  8475.9 |    0.224631 |
| 8476.75 |    0.224978 |
|  8477.6 |    0.225322 |
| 8478.45 |    0.225669 |
|  8479.3 |    0.226012 |
| 8480.16 |    0.226353 |
| 8481.01 |    0.226663 |
| 8481.86 |    0.226973 |
| 8482.71 |    0.227283 |
| 8483.56 |    0.227592 |
| 8484.42 |    0.227901 |
| 8485.27 |    0.228211 |
| 8486.12 |     0.22852 |
| 8486.97 |    0.228828 |
| 8487.83 |    0.229139 |
| 8488.68 |    0.229446 |
| 8489.54 |    0.229756 |
| 8490.39 |    0.229981 |
| 8491.24 |    0.230109 |
| 8492.09 |    0.230237 |
| 8492.95 |    0.230364 |
|  8493.8 |    0.230491 |
| 8494.66 |    0.230619 |
| 8495.51 |    0.230744 |
| 8496.36 |     0.23087 |
| 8497.22 |    0.230996 |
| 8498.07 |    0.231121 |
| 8498.92 |    0.231245 |
| 8499.78 |    0.231369 |
| 8500.63 |    0.231552 |
| 8501.49 |    0.231756 |
| 8502.34 |     0.23196 |
| 8503.19 |    0.232162 |
| 8504.05 |    0.232365 |
|  8504.9 |    0.232567 |
| 8505.76 |    0.232769 |
| 8506.61 |     0.23297 |
| 8507.47 |    0.233171 |
| 8508.32 |    0.233372 |
| 8509.18 |    0.233572 |
| 8510.04 |     0.23378 |
| 8510.89 |    0.234109 |
| 8511.74 |    0.234437 |
|  8512.6 |    0.234768 |
| 8513.45 |    0.235096 |
| 8514.31 |    0.235425 |
| 8515.16 |    0.235753 |
| 8516.02 |    0.236081 |
| 8516.88 |     0.23641 |
| 8517.73 |    0.236739 |
| 8518.59 |    0.237065 |
| 8519.45 |    0.237392 |
|  8520.3 |    0.237649 |
| 8521.16 |    0.237778 |
| 8522.01 |    0.237906 |
| 8522.87 |    0.238035 |
| 8523.72 |    0.238163 |
| 8524.58 |    0.238292 |
| 8525.44 |     0.23842 |
|  8526.3 |    0.238548 |
| 8527.15 |    0.238675 |
| 8528.01 |    0.238802 |
| 8528.87 |    0.238929 |
| 8529.72 |    0.239056 |
| 8530.58 |    0.239198 |
| 8531.44 |    0.239348 |
|  8532.3 |    0.239497 |
| 8533.16 |    0.239644 |
| 8534.01 |    0.239792 |
| 8534.87 |    0.239938 |
| 8535.73 |    0.240086 |
| 8536.58 |    0.240232 |
| 8537.44 |    0.240378 |
|  8538.3 |    0.240524 |
| 8539.16 |     0.24067 |
| 8540.02 |    0.240814 |
| 8540.88 |    0.240922 |
| 8541.73 |    0.241028 |
| 8542.59 |    0.241134 |
| 8543.45 |    0.241241 |
| 8544.31 |    0.241347 |
| 8545.16 |    0.241452 |
| 8546.02 |    0.241558 |
| 8546.89 |    0.241664 |
| 8547.74 |    0.241768 |
|  8548.6 |    0.241874 |
| 8549.46 |    0.241979 |
| 8550.32 |    0.242038 |
| 8551.18 |    0.242018 |
| 8552.04 |    0.241998 |
|  8552.9 |    0.241979 |
| 8553.76 |    0.241959 |
| 8554.62 |     0.24194 |
| 8555.48 |     0.24192 |
| 8556.34 |      0.2419 |
|  8557.2 |    0.241879 |
| 8558.05 |    0.241859 |
| 8558.92 |    0.241838 |
| 8559.77 |    0.241818 |
| 8560.63 |    0.241956 |
|  8561.5 |    0.242151 |
| 8562.36 |    0.242346 |
| 8563.22 |     0.24254 |
| 8564.08 |    0.242733 |
| 8564.94 |    0.242927 |
|  8565.8 |     0.24312 |
| 8566.66 |    0.243313 |
| 8567.52 |    0.243506 |
| 8568.39 |    0.243699 |
| 8569.24 |     0.24389 |
| 8570.11 |    0.244068 |
| 8570.96 |    0.244142 |
| 8571.83 |    0.244215 |
| 8572.69 |    0.244289 |
| 8573.55 |    0.244363 |
| 8574.41 |    0.244436 |
| 8575.27 |    0.244508 |
| 8576.14 |    0.244582 |
|  8577.0 |    0.244654 |
| 8577.86 |    0.244727 |
| 8578.72 |    0.244799 |
| 8579.58 |    0.244871 |
| 8580.45 |    0.244913 |
|  8581.3 |    0.244926 |
| 8582.17 |     0.24494 |
| 8583.04 |    0.244954 |
| 8583.89 |    0.244966 |
| 8584.76 |     0.24498 |
| 8585.62 |    0.244992 |
| 8586.48 |    0.245005 |
| 8587.34 |    0.245017 |
| 8588.21 |    0.245029 |
| 8589.07 |    0.245042 |
| 8589.93 |    0.245053 |
|  8590.8 |    0.245075 |
| 8591.66 |    0.245097 |
| 8592.52 |    0.245118 |
| 8593.39 |    0.245139 |
| 8594.25 |    0.245161 |
| 8595.11 |    0.245182 |
| 8595.98 |    0.245202 |
| 8596.84 |    0.245223 |
| 8597.71 |    0.245244 |
| 8598.57 |    0.245264 |
| 8599.44 |    0.245284 |
|  8600.3 |    0.245429 |
| 8601.16 |    0.245807 |
| 8602.03 |    0.246186 |
| 8602.89 |    0.246561 |
| 8603.76 |    0.246941 |
| 8604.62 |    0.247316 |
| 8605.49 |    0.247695 |
| 8606.35 |    0.248071 |
| 8607.21 |    0.248446 |
| 8608.08 |     0.24882 |
| 8608.94 |    0.249195 |
| 8609.81 |    0.249569 |
| 8610.67 |     0.24946 |
| 8611.54 |    0.249213 |
| 8612.41 |    0.248965 |
| 8613.27 |    0.248719 |
| 8614.14 |    0.248473 |
|  8615.0 |    0.248227 |
| 8615.87 |    0.247983 |
| 8616.74 |    0.247735 |
|  8617.6 |     0.24749 |
| 8618.46 |    0.247244 |
| 8619.33 |    0.246998 |
|  8620.2 |    0.246835 |
| 8621.07 |     0.24695 |
| 8621.93 |    0.247066 |
|  8622.8 |     0.24718 |
| 8623.66 |    0.247295 |
| 8624.53 |    0.247408 |
|  8625.4 |    0.247522 |
| 8626.26 |    0.247635 |
| 8627.13 |    0.247749 |
|  8628.0 |    0.247863 |
| 8628.86 |    0.247975 |
| 8629.73 |    0.248086 |
|  8630.6 |    0.247816 |
| 8631.46 |    0.247373 |
| 8632.33 |    0.246931 |
|  8633.2 |    0.246489 |
| 8634.07 |    0.246047 |
| 8634.94 |    0.245603 |
| 8635.81 |    0.245162 |
| 8636.67 |    0.244721 |
| 8637.54 |     0.24428 |
| 8638.41 |     0.24384 |
| 8639.27 |    0.243403 |
| 8640.14 |    0.243084 |
| 8641.01 |    0.243386 |
| 8641.88 |    0.243689 |
| 8642.75 |    0.243993 |
| 8643.62 |    0.244295 |
| 8644.49 |    0.244596 |
| 8645.36 |    0.244897 |
| 8646.22 |    0.245197 |
| 8647.09 |    0.245497 |
| 8647.96 |    0.245798 |
| 8648.83 |    0.246097 |
|  8649.7 |    0.246397 |
| 8650.57 |     0.24643 |
| 8651.44 |    0.246324 |
| 8652.31 |    0.246219 |
| 8653.18 |    0.246114 |
| 8654.04 |    0.246008 |
| 8654.91 |    0.245902 |
| 8655.78 |    0.245796 |
| 8656.65 |     0.24569 |
| 8657.53 |    0.245584 |
|  8658.4 |    0.245478 |
| 8659.27 |    0.245372 |
| 8660.14 |    0.245294 |
|  8661.0 |    0.245364 |
| 8661.88 |    0.245433 |
| 8662.74 |    0.245502 |
| 8663.61 |    0.245571 |
| 8664.49 |     0.24564 |
| 8665.36 |    0.245709 |
| 8666.23 |    0.245777 |
|  8667.1 |    0.245846 |
| 8667.97 |    0.245914 |
| 8668.84 |    0.245981 |
| 8669.71 |    0.246049 |
| 8670.58 |    0.245974 |
| 8671.46 |    0.245829 |
| 8672.33 |    0.245683 |
|  8673.2 |    0.245537 |
| 8674.07 |    0.245392 |
| 8674.95 |    0.245246 |
| 8675.81 |    0.245101 |
| 8676.68 |    0.244956 |
| 8677.56 |    0.244811 |
| 8678.43 |    0.244665 |
|  8679.3 |     0.24452 |
| 8680.18 |    0.244413 |
| 8681.05 |    0.244462 |
| 8681.92 |     0.24451 |
| 8682.79 |    0.244558 |
| 8683.67 |    0.244606 |
| 8684.53 |    0.244654 |
| 8685.41 |    0.244702 |
| 8686.28 |     0.24475 |
| 8687.16 |    0.244797 |
| 8688.03 |    0.244845 |
|  8688.9 |    0.244891 |
| 8689.77 |    0.244938 |
| 8690.65 |    0.244879 |
| 8691.52 |    0.244781 |
| 8692.39 |    0.244683 |
| 8693.27 |    0.244586 |
| 8694.14 |    0.244489 |
| 8695.02 |    0.244392 |
| 8695.89 |    0.244295 |
| 8696.77 |    0.244196 |
| 8697.63 |    0.244099 |
| 8698.51 |    0.244002 |
| 8699.38 |    0.243905 |
| 8700.26 |    0.243842 |
| 8701.13 |    0.243863 |
| 8702.01 |    0.243883 |
| 8702.88 |    0.243904 |
| 8703.76 |    0.243924 |
| 8704.63 |    0.243944 |
| 8705.51 |    0.243964 |
| 8706.38 |    0.243983 |
| 8707.26 |    0.244003 |
| 8708.13 |    0.244022 |
| 8709.01 |     0.24404 |
| 8709.88 |    0.244059 |
| 8710.76 |    0.243924 |
| 8711.63 |    0.243764 |
| 8712.51 |    0.243603 |
| 8713.38 |    0.243443 |
| 8714.26 |    0.243284 |
| 8715.13 |    0.243124 |
| 8716.01 |    0.242964 |
| 8716.89 |    0.242803 |
| 8717.76 |    0.242643 |
| 8718.64 |    0.242484 |
| 8719.51 |    0.242325 |
| 8720.39 |    0.242202 |
| 8721.26 |     0.24213 |
| 8722.14 |    0.242057 |
| 8723.02 |    0.241983 |
| 8723.89 |     0.24191 |
| 8724.77 |    0.241836 |
| 8725.65 |    0.241763 |
| 8726.53 |    0.241689 |
|  8727.4 |    0.241615 |
| 8728.28 |    0.241541 |
| 8729.16 |    0.241467 |
| 8730.03 |    0.241392 |
| 8730.91 |    0.241263 |
| 8731.79 |    0.241135 |
| 8732.67 |    0.241009 |
| 8733.54 |    0.240881 |
| 8734.42 |    0.240753 |
|  8735.3 |    0.240625 |
| 8736.18 |    0.240497 |
| 8737.05 |    0.240369 |
| 8737.93 |    0.240242 |
| 8738.81 |    0.240114 |
| 8739.69 |    0.239985 |
| 8740.57 |    0.240007 |
| 8741.44 |    0.240108 |
| 8742.33 |     0.24021 |
|  8743.2 |    0.240311 |
| 8744.08 |    0.240412 |
| 8744.96 |    0.240513 |
| 8745.84 |    0.240613 |
| 8746.71 |    0.240713 |
|  8747.6 |    0.240814 |
| 8748.48 |    0.240913 |
| 8749.36 |    0.241013 |
| 8750.23 |    0.241023 |
| 8751.11 |    0.240786 |
| 8751.99 |    0.240549 |
| 8752.87 |    0.240312 |
| 8753.75 |    0.240076 |
| 8754.63 |    0.239839 |
| 8755.52 |    0.239601 |
| 8756.39 |    0.239366 |
| 8757.27 |     0.23913 |
| 8758.15 |    0.238893 |
| 8759.03 |    0.238657 |
| 8759.91 |    0.238421 |
| 8760.79 |    0.238406 |
| 8761.67 |    0.238416 |
| 8762.56 |    0.238427 |
| 8763.44 |    0.238436 |
| 8764.32 |    0.238445 |
| 8765.19 |    0.238454 |
| 8766.08 |    0.238464 |
| 8766.95 |    0.238473 |
| 8767.84 |    0.238483 |
| 8768.71 |    0.238491 |
|  8769.6 |    0.238499 |
| 8770.48 |    0.238408 |
| 8771.36 |    0.238234 |
| 8772.24 |    0.238059 |
| 8773.12 |    0.237884 |
| 8774.01 |     0.23771 |
| 8774.89 |    0.237535 |
| 8775.77 |    0.237361 |
| 8776.65 |    0.237186 |
| 8777.54 |    0.237011 |
| 8778.42 |    0.236837 |
|  8779.3 |    0.236662 |
| 8780.18 |    0.236514 |
| 8781.06 |    0.236462 |
| 8781.94 |    0.236409 |
| 8782.83 |    0.236356 |
| 8783.71 |    0.236303 |
|  8784.6 |    0.236249 |
| 8785.48 |    0.236196 |
| 8786.36 |    0.236143 |
| 8787.24 |    0.236091 |
| 8788.13 |    0.236038 |
|  8789.0 |    0.235984 |
| 8789.89 |    0.235931 |
| 8790.77 |    0.235845 |
| 8791.65 |    0.235756 |
| 8792.54 |    0.235665 |
| 8793.42 |    0.235576 |
| 8794.31 |    0.235486 |
| 8795.19 |    0.235396 |
| 8796.08 |    0.235307 |
| 8796.96 |    0.235216 |
| 8797.84 |    0.235126 |
| 8798.73 |    0.235036 |
| 8799.62 |    0.234945 |
|  8800.5 |    0.234813 |
| 8801.38 |    0.234648 |
| 8802.26 |    0.234484 |
| 8803.15 |    0.234318 |
| 8804.03 |    0.234155 |
| 8804.92 |    0.233989 |
|  8805.8 |    0.233824 |
| 8806.69 |    0.233659 |
| 8807.58 |    0.233493 |
| 8808.46 |    0.233328 |
| 8809.35 |    0.233163 |
| 8810.23 |    0.233026 |
| 8811.12 |    0.232965 |
|  8812.0 |    0.232903 |
| 8812.88 |    0.232842 |
| 8813.77 |     0.23278 |
| 8814.65 |    0.232719 |
| 8815.54 |    0.232656 |
| 8816.43 |    0.232594 |
| 8817.31 |    0.232533 |
|  8818.2 |     0.23247 |
| 8819.09 |    0.232408 |
| 8819.97 |    0.232346 |
| 8820.86 |    0.232028 |
| 8821.75 |    0.231703 |
| 8822.64 |    0.231375 |
| 8823.52 |     0.23105 |
|  8824.4 |    0.230727 |
|  8825.3 |    0.230401 |
| 8826.18 |    0.230078 |
| 8827.07 |    0.229752 |
| 8827.95 |     0.22943 |
| 8828.84 |    0.229106 |
| 8829.72 |    0.228783 |
| 8830.62 |    0.228617 |
|  8831.5 |    0.228523 |
| 8832.39 |    0.228428 |
| 8833.28 |    0.228334 |
| 8834.17 |     0.22824 |
| 8835.05 |    0.228145 |
| 8835.94 |    0.228051 |
| 8836.82 |    0.227957 |
| 8837.72 |    0.227862 |
|  8838.6 |    0.227766 |
| 8839.49 |    0.227672 |
| 8840.38 |    0.227656 |
| 8841.27 |    0.227745 |
| 8842.16 |    0.227833 |
| 8843.05 |    0.227922 |
| 8843.93 |     0.22801 |
| 8844.82 |    0.228098 |
| 8845.72 |    0.228185 |
|  8846.6 |    0.228272 |
| 8847.49 |    0.228359 |
| 8848.38 |    0.228445 |
| 8849.27 |    0.228532 |
| 8850.16 |    0.228578 |
| 8851.05 |    0.228441 |
| 8851.93 |    0.228305 |
| 8852.83 |    0.228167 |
| 8853.72 |     0.22803 |
| 8854.61 |    0.227894 |
|  8855.5 |    0.227757 |
| 8856.39 |     0.22762 |
| 8857.28 |    0.227483 |
| 8858.17 |    0.227346 |
| 8859.06 |    0.227209 |
| 8859.95 |    0.227071 |
| 8860.84 |    0.226948 |
| 8861.73 |    0.226827 |
| 8862.62 |    0.226705 |
| 8863.51 |    0.226583 |
|  8864.4 |    0.226461 |
| 8865.29 |    0.226339 |
| 8866.18 |    0.226217 |
| 8867.07 |    0.226095 |
| 8867.97 |    0.225971 |
| 8868.86 |    0.225849 |
| 8869.75 |    0.225726 |
| 8870.64 |    0.225601 |
| 8871.53 |    0.225475 |
| 8872.42 |    0.225349 |
| 8873.31 |    0.225222 |
|  8874.2 |    0.225095 |
| 8875.09 |    0.224969 |
| 8875.99 |    0.224842 |
| 8876.88 |    0.224715 |
| 8877.77 |    0.224589 |
| 8878.66 |    0.224462 |
| 8879.55 |    0.224336 |
| 8880.45 |    0.224214 |
| 8881.34 |    0.224096 |
| 8882.23 |    0.223978 |
| 8883.12 |    0.223861 |
| 8884.02 |    0.223743 |
| 8884.91 |    0.223624 |
|  8885.8 |    0.223507 |
| 8886.69 |    0.223389 |
| 8887.59 |    0.223272 |
| 8888.48 |    0.223154 |
| 8889.37 |    0.223036 |
| 8890.27 |    0.222922 |
| 8891.16 |    0.222818 |
| 8892.06 |    0.222715 |
| 8892.95 |    0.222612 |
| 8893.84 |    0.222509 |
| 8894.74 |    0.222405 |
| 8895.63 |    0.222302 |
| 8896.52 |    0.222199 |
| 8897.42 |    0.222095 |
| 8898.31 |    0.221991 |
| 8899.21 |    0.221887 |
|  8900.1 |    0.221777 |
|  8901.0 |    0.221626 |
| 8901.89 |    0.221477 |
| 8902.78 |    0.221326 |
| 8903.68 |    0.221174 |
| 8904.57 |    0.221023 |
| 8905.47 |    0.220873 |
| 8906.37 |    0.220722 |
| 8907.26 |    0.220571 |
| 8908.15 |    0.220421 |
| 8909.05 |     0.22027 |
| 8909.94 |    0.220119 |
| 8910.84 |    0.219892 |
| 8911.73 |     0.21966 |
| 8912.63 |    0.219428 |
| 8913.52 |    0.219196 |
| 8914.42 |    0.218962 |
| 8915.32 |     0.21873 |
| 8916.21 |    0.218498 |
| 8917.11 |    0.218266 |
| 8918.01 |    0.218034 |
|  8918.9 |    0.217804 |
|  8919.8 |    0.217572 |
| 8920.69 |     0.21749 |
| 8921.59 |    0.217451 |
| 8922.49 |    0.217413 |
| 8923.38 |    0.217375 |
| 8924.28 |    0.217336 |
| 8925.18 |    0.217297 |
| 8926.07 |    0.217259 |
| 8926.97 |     0.21722 |
| 8927.87 |     0.21718 |
| 8928.76 |    0.217141 |
| 8929.67 |    0.217101 |
| 8930.56 |    0.217039 |
| 8931.46 |    0.216962 |
| 8932.35 |    0.216886 |
| 8933.26 |     0.21681 |
| 8934.15 |    0.216734 |
| 8935.05 |    0.216658 |
| 8935.94 |     0.21658 |
| 8936.84 |    0.216504 |
| 8937.74 |    0.216427 |
| 8938.64 |     0.21635 |
| 8939.54 |    0.216273 |
| 8940.44 |    0.216156 |
| 8941.34 |    0.215997 |
| 8942.23 |    0.215838 |
| 8943.13 |    0.215679 |
| 8944.03 |    0.215519 |
| 8944.93 |     0.21536 |
| 8945.83 |    0.215201 |
| 8946.73 |    0.215042 |
| 8947.63 |    0.214883 |
| 8948.53 |    0.214725 |
| 8949.42 |    0.214566 |
| 8950.32 |    0.214405 |
| 8951.22 |    0.214239 |
| 8952.12 |    0.214075 |
| 8953.03 |    0.213909 |
| 8953.93 |    0.213745 |
| 8954.83 |     0.21358 |
| 8955.72 |    0.213416 |
| 8956.62 |    0.213252 |
| 8957.52 |    0.213087 |
| 8958.42 |    0.212923 |
| 8959.32 |    0.212758 |
| 8960.22 |     0.21261 |
| 8961.12 |    0.212513 |
| 8962.03 |    0.212417 |
| 8962.93 |     0.21232 |
| 8963.83 |    0.212224 |
| 8964.73 |    0.212127 |
| 8965.63 |     0.21203 |
| 8966.53 |    0.211933 |
| 8967.42 |    0.211837 |
| 8968.33 |    0.211739 |
| 8969.24 |    0.211642 |
| 8970.13 |    0.211532 |
| 8971.03 |    0.211349 |
| 8971.93 |    0.211165 |
| 8972.84 |    0.210981 |
| 8973.74 |    0.210798 |
| 8974.64 |    0.210614 |
| 8975.55 |     0.21043 |
| 8976.45 |    0.210246 |
| 8977.35 |    0.210062 |
| 8978.25 |    0.209879 |
| 8979.15 |    0.209697 |
| 8980.06 |    0.209521 |
| 8980.95 |    0.209472 |
| 8981.86 |    0.209423 |
| 8982.76 |    0.209374 |
| 8983.67 |    0.209325 |
| 8984.57 |    0.209275 |
| 8985.47 |    0.209226 |
| 8986.37 |    0.209176 |
| 8987.28 |    0.209127 |
| 8988.18 |    0.209078 |
| 8989.08 |    0.209028 |
| 8989.98 |    0.208977 |
| 8990.89 |    0.208846 |
|  8991.8 |    0.208714 |
| 8992.69 |    0.208581 |
|  8993.6 |    0.208448 |
|  8994.5 |    0.208316 |
| 8995.41 |    0.208184 |
| 8996.31 |    0.208051 |
| 8997.21 |    0.207918 |
| 8998.12 |    0.207786 |
| 8999.03 |    0.207653 |
| 8999.93 |    0.207521 |
| 9000.83 |    0.207393 |
| 9001.74 |    0.207267 |
| 9002.64 |     0.20714 |
| 9003.54 |    0.207014 |
| 9004.45 |    0.206886 |
| 9005.35 |     0.20676 |
| 9006.26 |    0.206631 |
| 9007.17 |    0.206505 |
| 9008.07 |    0.206377 |
| 9008.98 |     0.20625 |
| 9009.88 |    0.206124 |
| 9010.79 |    0.205903 |
| 9011.69 |    0.205668 |
|  9012.6 |    0.205433 |
|  9013.5 |    0.205199 |
| 9014.41 |    0.204964 |
| 9015.31 |    0.204731 |
| 9016.22 |    0.204495 |
| 9017.12 |    0.204263 |
| 9018.03 |    0.204028 |
| 9018.94 |    0.203794 |
| 9019.84 |    0.203561 |
| 9020.75 |    0.203465 |
| 9021.66 |    0.203397 |
| 9022.57 |     0.20333 |
| 9023.47 |    0.203263 |
| 9024.38 |    0.203195 |
| 9025.29 |    0.203127 |
| 9026.19 |     0.20306 |
|  9027.1 |    0.202992 |
|  9028.0 |    0.202924 |
| 9028.92 |    0.202856 |
| 9029.83 |    0.202787 |
| 9030.73 |    0.202608 |
| 9031.64 |    0.202401 |
| 9032.54 |    0.202195 |
| 9033.45 |    0.201989 |
| 9034.36 |    0.201782 |
| 9035.27 |    0.201576 |
| 9036.17 |     0.20137 |
| 9037.08 |    0.201164 |
|  9038.0 |    0.200957 |
|  9038.9 |    0.200751 |
| 9039.81 |    0.200545 |
| 9040.72 |    0.200421 |
| 9041.62 |    0.200319 |
| 9042.53 |    0.200217 |
| 9043.44 |    0.200115 |
| 9044.35 |    0.200012 |
| 9045.26 |    0.199908 |
| 9046.17 |    0.199805 |
| 9047.08 |    0.199703 |
| 9047.99 |    0.199601 |
|  9048.9 |    0.199498 |
| 9049.81 |    0.199395 |
| 9050.72 |    0.199243 |
| 9051.62 |    0.199078 |
| 9052.53 |    0.198913 |
| 9053.44 |    0.198748 |
| 9054.36 |    0.198582 |
| 9055.26 |    0.198418 |
| 9056.17 |    0.198253 |
| 9057.08 |    0.198089 |
| 9057.99 |    0.197924 |
|  9058.9 |     0.19776 |
| 9059.81 |    0.197595 |
| 9060.72 |    0.197449 |
| 9061.64 |    0.197308 |
| 9062.55 |    0.197168 |
| 9063.46 |    0.197027 |
| 9064.37 |    0.196888 |
| 9065.28 |    0.196748 |
| 9066.19 |    0.196608 |
|  9067.1 |    0.196468 |
| 9068.01 |    0.196326 |
| 9068.92 |    0.196185 |
| 9069.83 |    0.196045 |
| 9070.75 |    0.195925 |
| 9071.66 |    0.195811 |
| 9072.57 |    0.195697 |
| 9073.48 |    0.195582 |
| 9074.39 |    0.195468 |
|  9075.3 |    0.195353 |
| 9076.22 |    0.195237 |
| 9077.13 |    0.195122 |
| 9078.04 |    0.195008 |
| 9078.95 |    0.194892 |
| 9079.86 |    0.194778 |
| 9080.78 |    0.194679 |
| 9081.69 |    0.194583 |
|  9082.6 |    0.194486 |
| 9083.51 |    0.194389 |
| 9084.43 |    0.194292 |
| 9085.34 |    0.194194 |
| 9086.26 |    0.194098 |
| 9087.17 |    0.194001 |
| 9088.08 |    0.193904 |
| 9088.99 |    0.193807 |
| 9089.91 |    0.193709 |
| 9090.82 |    0.193485 |
| 9091.73 |    0.193245 |
| 9092.65 |    0.193003 |
| 9093.56 |    0.192763 |
| 9094.48 |    0.192523 |
| 9095.39 |    0.192283 |
|  9096.3 |    0.192044 |
| 9097.22 |    0.191805 |
| 9098.13 |    0.191565 |
| 9099.04 |    0.191326 |
| 9099.96 |    0.191086 |
| 9100.87 |    0.191042 |
| 9101.79 |    0.191005 |
|  9102.7 |    0.190969 |
| 9103.62 |    0.190932 |
| 9104.53 |    0.190895 |
| 9105.45 |    0.190857 |
| 9106.36 |     0.19082 |
| 9107.28 |    0.190783 |
|  9108.2 |    0.190746 |
| 9109.11 |    0.190708 |
| 9110.03 |    0.190666 |
| 9110.94 |    0.190483 |
| 9111.86 |      0.1903 |
| 9112.77 |    0.190118 |
| 9113.68 |    0.189936 |
|  9114.6 |    0.189753 |
| 9115.52 |     0.18957 |
| 9116.43 |    0.189387 |
| 9117.35 |    0.189204 |
| 9118.27 |    0.189021 |
| 9119.18 |    0.188839 |
|  9120.1 |    0.188666 |
| 9121.02 |    0.188574 |
| 9121.93 |    0.188484 |
| 9122.85 |    0.188391 |
| 9123.77 |    0.188299 |
| 9124.69 |    0.188207 |
|  9125.6 |    0.188116 |
| 9126.52 |    0.188023 |
| 9127.43 |    0.187931 |
| 9128.35 |    0.187838 |
| 9129.27 |    0.187746 |
| 9130.18 |    0.187625 |
|  9131.1 |    0.187391 |
| 9132.02 |    0.187156 |
| 9132.94 |    0.186921 |
| 9133.86 |    0.186688 |
| 9134.78 |    0.186454 |
| 9135.69 |     0.18622 |
| 9136.61 |    0.185987 |
| 9137.53 |    0.185753 |
| 9138.44 |    0.185521 |
| 9139.37 |    0.185287 |
| 9140.28 |    0.185098 |
|  9141.2 |    0.185009 |
| 9142.12 |     0.18492 |
| 9143.04 |     0.18483 |
| 9143.96 |    0.184741 |
| 9144.88 |    0.184651 |
| 9145.79 |    0.184562 |
| 9146.71 |    0.184472 |
| 9147.64 |    0.184382 |
| 9148.55 |    0.184293 |
| 9149.48 |    0.184203 |
| 9150.39 |    0.184079 |
| 9151.31 |    0.183907 |
| 9152.23 |    0.183737 |
| 9153.15 |    0.183566 |
| 9154.07 |    0.183394 |
| 9154.99 |    0.183223 |
| 9155.91 |    0.183052 |
| 9156.83 |    0.182882 |
| 9157.75 |    0.182711 |
| 9158.67 |    0.182539 |
| 9159.59 |    0.182368 |
| 9160.51 |    0.182326 |
| 9161.43 |    0.182385 |
| 9162.35 |    0.182445 |
| 9163.28 |    0.182504 |
| 9164.19 |    0.182562 |
| 9165.12 |    0.182621 |
| 9166.04 |    0.182678 |
| 9166.96 |    0.182736 |
| 9167.88 |    0.182794 |
|  9168.8 |    0.182851 |
| 9169.72 |    0.182908 |
| 9170.65 |     0.18265 |
| 9171.57 |    0.182258 |
| 9172.49 |    0.181867 |
| 9173.41 |    0.181477 |
| 9174.33 |    0.181084 |
| 9175.25 |    0.180696 |
| 9176.18 |    0.180304 |
| 9177.09 |    0.179916 |
| 9178.01 |    0.179526 |
| 9178.94 |    0.179136 |
| 9179.86 |    0.178747 |
| 9180.79 |    0.178607 |
| 9181.71 |    0.178509 |
| 9182.63 |    0.178411 |
| 9183.55 |    0.178313 |
| 9184.48 |    0.178215 |
|  9185.4 |    0.178117 |
| 9186.33 |    0.178019 |
| 9187.25 |    0.177921 |
| 9188.17 |    0.177822 |
| 9189.09 |    0.177724 |
| 9190.01 |    0.177625 |
| 9190.94 |    0.177485 |
| 9191.86 |    0.177345 |
| 9192.79 |    0.177205 |
| 9193.71 |    0.177065 |
| 9194.64 |    0.176925 |
| 9195.56 |    0.176785 |
| 9196.48 |    0.176645 |
| 9197.41 |    0.176505 |
| 9198.33 |    0.176365 |
| 9199.26 |    0.176225 |
| 9200.18 |    0.176098 |
|  9201.1 |    0.176025 |
| 9202.02 |    0.175951 |
| 9202.95 |    0.175878 |
| 9203.88 |    0.175805 |
|  9204.8 |    0.175731 |
| 9205.73 |    0.175658 |
| 9206.65 |    0.175583 |
| 9207.58 |    0.175509 |
|  9208.5 |    0.175436 |
| 9209.43 |    0.175361 |
| 9210.35 |    0.175222 |
| 9211.28 |    0.174976 |
| 9212.21 |    0.174733 |
| 9213.13 |    0.174488 |
| 9214.06 |    0.174244 |
| 9214.98 |    0.174001 |
| 9215.91 |    0.173757 |
| 9216.83 |    0.173514 |
| 9217.76 |     0.17327 |
| 9218.69 |    0.173024 |
| 9219.62 |    0.172782 |
| 9220.54 |    0.172652 |
| 9221.47 |    0.172601 |
|  9222.4 |    0.172551 |
| 9223.32 |    0.172501 |
| 9224.25 |     0.17245 |
| 9225.17 |    0.172401 |
|  9226.1 |     0.17235 |
| 9227.03 |    0.172298 |
| 9227.96 |    0.172247 |
| 9228.88 |    0.172198 |
| 9229.81 |    0.172146 |
| 9230.74 |    0.171995 |
| 9231.67 |    0.171819 |
| 9232.59 |    0.171644 |
| 9233.52 |    0.171468 |
| 9234.45 |    0.171291 |
| 9235.38 |    0.171116 |
| 9236.31 |    0.170939 |
| 9237.23 |    0.170764 |
| 9238.17 |    0.170588 |
| 9239.09 |    0.170413 |
| 9240.02 |    0.170239 |
| 9240.94 |    0.170142 |
| 9241.88 |    0.170044 |
| 9242.81 |    0.169948 |
| 9243.74 |    0.169851 |
| 9244.66 |    0.169754 |
| 9245.59 |    0.169657 |
| 9246.52 |     0.16956 |
| 9247.45 |    0.169463 |
| 9248.37 |    0.169366 |
| 9249.31 |    0.169268 |
| 9250.24 |    0.169143 |
| 9251.17 |     0.16894 |
|  9252.1 |    0.168737 |
| 9253.03 |    0.168533 |
| 9253.96 |    0.168332 |
| 9254.89 |    0.168128 |
| 9255.82 |    0.167926 |
| 9256.75 |    0.167723 |
| 9257.68 |     0.16752 |
| 9258.61 |    0.167317 |
| 9259.54 |    0.167114 |
| 9260.47 |    0.166996 |
|  9261.4 |    0.166958 |
| 9262.33 |    0.166921 |
| 9263.26 |    0.166884 |
| 9264.19 |    0.166846 |
| 9265.12 |    0.166809 |
| 9266.05 |    0.166771 |
| 9266.99 |    0.166733 |
| 9267.92 |    0.166694 |
| 9268.85 |    0.166655 |
| 9269.78 |    0.166616 |
| 9270.71 |    0.166502 |
| 9271.64 |    0.166365 |
| 9272.57 |    0.166228 |
|  9273.5 |    0.166092 |
| 9274.44 |    0.165954 |
| 9275.37 |    0.165817 |
|  9276.3 |     0.16568 |
| 9277.23 |    0.165542 |
| 9278.16 |    0.165405 |
|  9279.1 |    0.165268 |
| 9280.03 |    0.165131 |
| 9280.96 |    0.164997 |
|  9281.9 |    0.164862 |
| 9282.83 |    0.164729 |
| 9283.76 |    0.164595 |
|  9284.7 |    0.164461 |
| 9285.62 |    0.164329 |
| 9286.56 |    0.164194 |
| 9287.49 |    0.164061 |
| 9288.42 |    0.163927 |
| 9289.36 |    0.163793 |
| 9290.29 |    0.163662 |
| 9291.23 |    0.163542 |
| 9292.16 |    0.163422 |
|  9293.1 |    0.163302 |
| 9294.03 |    0.163181 |
| 9294.96 |    0.163061 |
|  9295.9 |    0.162941 |
| 9296.83 |     0.16282 |
| 9297.76 |      0.1627 |
|  9298.7 |    0.162579 |
| 9299.63 |    0.162458 |
| 9300.57 |    0.162315 |
|  9301.5 |    0.162156 |
| 9302.44 |    0.161997 |
| 9303.37 |     0.16184 |
| 9304.31 |    0.161681 |
| 9305.24 |    0.161523 |
| 9306.18 |    0.161363 |
| 9307.12 |    0.161205 |
| 9308.05 |    0.161047 |
| 9308.99 |    0.160888 |
| 9309.92 |     0.16073 |
| 9310.85 |    0.160523 |
| 9311.79 |    0.160309 |
| 9312.72 |    0.160098 |
| 9313.66 |    0.159884 |
|  9314.6 |    0.159671 |
| 9315.53 |    0.159459 |
| 9316.47 |    0.159247 |
| 9317.41 |    0.159034 |
| 9318.34 |    0.158822 |
| 9319.28 |     0.15861 |
| 9320.21 |    0.158424 |
| 9321.15 |    0.158325 |
| 9322.09 |    0.158225 |
| 9323.02 |    0.158126 |
| 9323.97 |    0.158027 |
|  9324.9 |    0.157928 |
| 9325.83 |    0.157828 |
| 9326.77 |    0.157728 |
| 9327.71 |    0.157629 |
| 9328.65 |     0.15753 |
| 9329.58 |     0.15743 |
| 9330.53 |    0.157331 |
| 9331.46 |    0.157233 |
|  9332.4 |    0.157137 |
| 9333.34 |    0.157041 |
| 9334.27 |    0.156944 |
| 9335.21 |    0.156847 |
| 9336.15 |    0.156749 |
| 9337.09 |    0.156651 |
| 9338.03 |    0.156554 |
| 9338.97 |    0.156456 |
|  9339.9 |    0.156359 |
| 9340.84 |    0.156198 |
| 9341.78 |    0.156031 |
| 9342.72 |    0.155863 |
| 9343.66 |    0.155695 |
|  9344.6 |    0.155527 |
| 9345.54 |    0.155359 |
| 9346.48 |    0.155191 |
| 9347.42 |    0.155023 |
| 9348.35 |    0.154856 |
| 9349.29 |    0.154688 |
| 9350.23 |    0.154523 |
| 9351.17 |    0.154363 |
| 9352.11 |    0.154204 |
| 9353.05 |    0.154043 |
| 9353.99 |    0.153883 |
| 9354.93 |    0.153722 |
| 9355.87 |    0.153562 |
| 9356.81 |    0.153402 |
| 9357.75 |    0.153242 |
| 9358.69 |    0.153082 |
| 9359.63 |    0.152923 |
| 9360.57 |    0.152793 |
| 9361.51 |    0.152685 |
| 9362.46 |    0.152576 |
|  9363.4 |    0.152467 |
| 9364.34 |    0.152358 |
| 9365.28 |    0.152248 |
| 9366.22 |    0.152139 |
| 9367.16 |     0.15203 |
|  9368.1 |    0.151921 |
| 9369.04 |    0.151811 |
| 9369.99 |    0.151701 |
| 9370.93 |    0.151524 |
| 9371.87 |    0.151345 |
| 9372.81 |    0.151167 |
| 9373.75 |    0.150989 |
| 9374.69 |    0.150811 |
| 9375.63 |    0.150633 |
| 9376.58 |    0.150455 |
| 9377.52 |    0.150277 |
| 9378.46 |    0.150098 |
| 9379.41 |     0.14992 |
| 9380.35 |    0.149763 |
| 9381.29 |    0.149644 |
| 9382.23 |    0.149524 |
| 9383.18 |    0.149404 |
| 9384.12 |    0.149285 |
| 9385.06 |    0.149165 |
|  9386.0 |    0.149044 |
| 9386.95 |    0.148925 |
| 9387.89 |    0.148805 |
| 9388.83 |    0.148684 |
| 9389.78 |    0.148564 |
| 9390.72 |    0.148358 |
| 9391.66 |    0.148125 |
| 9392.61 |    0.147892 |
| 9393.55 |    0.147659 |
|  9394.5 |    0.147425 |
| 9395.44 |    0.147192 |
| 9396.39 |     0.14696 |
| 9397.33 |    0.146729 |
| 9398.28 |    0.146495 |
| 9399.22 |    0.146264 |
| 9400.16 |    0.146051 |
|  9401.1 |    0.145927 |
| 9402.05 |    0.145801 |
|  9403.0 |    0.145676 |
| 9403.94 |    0.145551 |
| 9404.89 |    0.145426 |
| 9405.83 |    0.145301 |
| 9406.78 |    0.145176 |
| 9407.72 |     0.14505 |
| 9408.67 |    0.144925 |
| 9409.61 |    0.144799 |
| 9410.56 |    0.144607 |
|  9411.5 |    0.144372 |
| 9412.46 |    0.144134 |
|  9413.4 |      0.1439 |
| 9414.34 |    0.143665 |
| 9415.29 |    0.143429 |
| 9416.23 |    0.143193 |
| 9417.18 |    0.142958 |
| 9418.12 |    0.142723 |
| 9419.08 |    0.142487 |
| 9420.02 |    0.142255 |
| 9420.97 |    0.142116 |
| 9421.92 |    0.141977 |
| 9422.86 |    0.141839 |
| 9423.81 |      0.1417 |
| 9424.75 |    0.141561 |
|  9425.7 |    0.141423 |
| 9426.65 |    0.141283 |
|  9427.6 |    0.141144 |
| 9428.54 |    0.141005 |
| 9429.49 |    0.140866 |
| 9430.44 |    0.140705 |
| 9431.39 |    0.140521 |
| 9432.33 |    0.140337 |
| 9433.28 |    0.140153 |
| 9434.22 |     0.13997 |
| 9435.18 |    0.139785 |
| 9436.13 |      0.1396 |
| 9437.07 |    0.139416 |
| 9438.02 |    0.139233 |
| 9438.97 |    0.139049 |
| 9439.92 |    0.138865 |
| 9440.87 |    0.138711 |
| 9441.81 |     0.13856 |
| 9442.77 |    0.138409 |
| 9443.72 |    0.138258 |
| 9444.67 |    0.138106 |
| 9445.61 |    0.137956 |
| 9446.56 |    0.137805 |
| 9447.51 |    0.137653 |
| 9448.46 |    0.137504 |
| 9449.41 |    0.137352 |
| 9450.36 |    0.137167 |
| 9451.31 |    0.136924 |
| 9452.26 |    0.136682 |
| 9453.21 |    0.136441 |
| 9454.16 |      0.1362 |
| 9455.11 |     0.13596 |
| 9456.06 |    0.135719 |
| 9457.01 |    0.135479 |
| 9457.96 |    0.135237 |
| 9458.91 |    0.134998 |
| 9459.86 |    0.134757 |
| 9460.81 |    0.134592 |
| 9461.77 |    0.134437 |
| 9462.71 |    0.134284 |
| 9463.66 |    0.134132 |
| 9464.61 |    0.133978 |
| 9465.56 |    0.133824 |
| 9466.51 |     0.13367 |
| 9467.47 |    0.133516 |
| 9468.42 |    0.133362 |
| 9469.37 |    0.133208 |
| 9470.32 |     0.13305 |
| 9471.28 |    0.132884 |
| 9472.23 |    0.132717 |
| 9473.18 |     0.13255 |
| 9474.13 |    0.132384 |
| 9475.08 |    0.132216 |
| 9476.04 |    0.132049 |
| 9476.99 |    0.131884 |
| 9477.94 |    0.131716 |
| 9478.89 |     0.13155 |
| 9479.84 |    0.131383 |
|  9480.8 |    0.131215 |
| 9481.75 |    0.131046 |
|  9482.7 |    0.130878 |
| 9483.66 |    0.130708 |
| 9484.61 |    0.130539 |
| 9485.56 |     0.13037 |
| 9486.51 |    0.130202 |
| 9487.47 |    0.130033 |
| 9488.42 |    0.129865 |
| 9489.37 |    0.129696 |
| 9490.33 |    0.129512 |
| 9491.28 |    0.129297 |
| 9492.24 |    0.129082 |
| 9493.19 |    0.128867 |
| 9494.14 |    0.128653 |
|  9495.1 |    0.128439 |
| 9496.05 |    0.128226 |
| 9497.01 |    0.128012 |
| 9497.96 |    0.127799 |
| 9498.92 |    0.127585 |
| 9499.88 |    0.127369 |
| 9500.82 |    0.127159 |
| 9501.78 |    0.126948 |
| 9502.73 |    0.126736 |
| 9503.69 |    0.126524 |
| 9504.64 |    0.126313 |
|  9505.6 |    0.126103 |
| 9506.55 |    0.125891 |
| 9507.51 |     0.12568 |
| 9508.47 |    0.125469 |
| 9509.42 |    0.125258 |
| 9510.38 |    0.125049 |
| 9511.33 |    0.124843 |
| 9512.28 |    0.124637 |
| 9513.24 |    0.124431 |
|  9514.2 |    0.124224 |
| 9515.15 |    0.124018 |
| 9516.11 |     0.12381 |
| 9517.07 |    0.123604 |
| 9518.03 |    0.123399 |
| 9518.98 |    0.123192 |
| 9519.94 |    0.122988 |
| 9520.89 |    0.122776 |
| 9521.85 |    0.122565 |
| 9522.81 |    0.122354 |
| 9523.76 |    0.122144 |
| 9524.72 |    0.121934 |
| 9525.68 |    0.121723 |
| 9526.63 |    0.121514 |
| 9527.59 |    0.121304 |
| 9528.55 |    0.121094 |
| 9529.51 |    0.120885 |
| 9530.46 |    0.120677 |
| 9531.42 |    0.120471 |
| 9532.38 |    0.120266 |
| 9533.34 |     0.12006 |
|  9534.3 |    0.119856 |
| 9535.26 |    0.119651 |
| 9536.22 |    0.119447 |
| 9537.17 |    0.119243 |
| 9538.13 |    0.119039 |
| 9539.08 |    0.118835 |
| 9540.04 |    0.118635 |
| 9541.01 |    0.118493 |
| 9541.97 |    0.118354 |
| 9542.92 |    0.118214 |
| 9543.88 |    0.118074 |
| 9544.84 |    0.117935 |
|  9545.8 |    0.117794 |
| 9546.76 |    0.117654 |
| 9547.72 |    0.117514 |
| 9548.68 |    0.117374 |
| 9549.64 |    0.117233 |
|  9550.6 |    0.117099 |
| 9551.56 |    0.116968 |
| 9552.52 |    0.116837 |
| 9553.48 |    0.116705 |
| 9554.44 |    0.116574 |
|  9555.4 |    0.116443 |
| 9556.36 |    0.116311 |
| 9557.32 |    0.116178 |
| 9558.28 |    0.116047 |
| 9559.24 |    0.115915 |
|  9560.2 |    0.115781 |
| 9561.16 |    0.115644 |
| 9562.12 |    0.115507 |
| 9563.08 |     0.11537 |
| 9564.04 |    0.115233 |
|  9565.0 |    0.115096 |
| 9565.97 |    0.114958 |
| 9566.93 |    0.114819 |
| 9567.89 |    0.114682 |
| 9568.85 |    0.114544 |
| 9569.81 |    0.114407 |
| 9570.77 |     0.11427 |
| 9571.73 |    0.114136 |
|  9572.7 |       0.114 |
| 9573.66 |    0.113864 |
| 9574.62 |    0.113728 |
| 9575.59 |    0.113593 |
| 9576.54 |    0.113458 |
| 9577.51 |    0.113322 |
| 9578.47 |    0.113187 |
| 9579.43 |     0.11305 |
| 9580.39 |     0.11289 |
| 9581.36 |    0.112695 |
| 9582.32 |    0.112498 |
| 9583.29 |    0.112302 |
| 9584.25 |    0.112108 |
| 9585.21 |    0.111912 |
| 9586.17 |    0.111717 |
| 9587.14 |    0.111521 |
|  9588.1 |    0.111327 |
| 9589.06 |    0.111132 |
| 9590.02 |    0.110939 |
| 9590.99 |    0.110758 |
| 9591.96 |     0.11058 |
| 9592.92 |      0.1104 |
| 9593.88 |    0.110221 |
| 9594.85 |    0.110042 |
| 9595.81 |    0.109863 |
| 9596.77 |    0.109685 |
| 9597.74 |    0.109506 |
| 9598.71 |    0.109326 |
| 9599.67 |    0.109148 |
| 9600.64 |    0.108971 |
|  9601.6 |    0.108796 |
| 9602.56 |    0.108622 |
| 9603.53 |    0.108447 |
| 9604.49 |    0.108273 |
| 9605.46 |    0.108098 |
| 9606.42 |    0.107923 |
| 9607.39 |    0.107748 |
| 9608.36 |    0.107573 |
| 9609.32 |    0.107399 |
| 9610.29 |    0.107222 |
| 9611.25 |    0.107042 |
| 9612.22 |    0.106862 |
| 9613.18 |    0.106682 |
| 9614.15 |    0.106501 |
| 9615.12 |    0.106321 |
| 9616.08 |    0.106141 |
| 9617.05 |    0.105962 |
| 9618.01 |    0.105781 |
| 9618.98 |    0.105601 |
| 9619.95 |    0.105422 |
| 9620.91 |     0.10526 |
| 9621.88 |    0.105098 |
| 9622.85 |    0.104937 |
| 9623.82 |    0.104774 |
| 9624.79 |    0.104612 |
| 9625.75 |    0.104451 |
| 9626.71 |    0.104291 |
| 9627.69 |    0.104128 |
| 9628.65 |    0.103968 |
| 9629.62 |    0.103807 |
| 9630.58 |    0.103649 |
| 9631.56 |    0.103493 |
| 9632.52 |    0.103339 |
| 9633.49 |    0.103184 |
| 9634.46 |     0.10303 |
| 9635.43 |    0.102875 |
|  9636.4 |     0.10272 |
| 9637.36 |    0.102566 |
| 9638.33 |    0.102411 |
|  9639.3 |    0.102256 |
| 9640.27 |    0.102098 |
| 9641.24 |    0.101936 |
| 9642.21 |    0.101775 |
| 9643.17 |    0.101612 |
| 9644.14 |     0.10145 |
| 9645.11 |    0.101288 |
| 9646.08 |    0.101125 |
| 9647.05 |    0.100963 |
| 9648.03 |    0.100801 |
| 9648.99 |    0.100638 |
| 9649.96 |    0.100475 |
| 9650.93 |    0.100322 |
|  9651.9 |     0.10017 |
| 9652.87 |    0.100019 |
| 9653.84 |   0.0998651 |
| 9654.81 |   0.0997137 |
| 9655.78 |   0.0995617 |
| 9656.75 |   0.0994078 |
| 9657.72 |   0.0992553 |
| 9658.69 |   0.0991033 |
| 9659.66 |   0.0989504 |
| 9660.63 |   0.0987791 |
|  9661.6 |   0.0985986 |
| 9662.58 |   0.0984184 |
| 9663.55 |   0.0982382 |
| 9664.52 |   0.0980577 |
| 9665.49 |   0.0978764 |
| 9666.46 |   0.0976969 |
| 9667.43 |    0.097518 |
|  9668.4 |   0.0973381 |
| 9669.37 |   0.0971592 |
| 9670.34 |   0.0969795 |
| 9671.32 |   0.0967991 |
| 9672.29 |   0.0966199 |
| 9673.26 |   0.0964393 |
| 9674.24 |   0.0962594 |
| 9675.21 |   0.0960806 |
| 9676.18 |   0.0959011 |
| 9677.15 |   0.0957218 |
| 9678.12 |   0.0955425 |
| 9679.09 |   0.0953639 |
| 9680.06 |   0.0951855 |
| 9681.04 |   0.0950098 |
| 9682.01 |   0.0948309 |
| 9682.99 |   0.0946558 |
| 9683.96 |   0.0944796 |
| 9684.93 |   0.0943029 |
| 9685.91 |   0.0941265 |
| 9686.88 |   0.0939513 |
| 9687.85 |   0.0937747 |
| 9688.83 |   0.0935997 |
|  9689.8 |   0.0934224 |
| 9690.78 |   0.0932486 |
| 9691.75 |    0.093077 |
| 9692.73 |    0.092903 |
| 9693.69 |    0.092731 |
| 9694.67 |   0.0925586 |
| 9695.64 |   0.0923855 |
| 9696.62 |   0.0922128 |
| 9697.59 |   0.0920406 |
| 9698.57 |   0.0918671 |
| 9699.54 |   0.0916945 |
| 9700.52 |    0.091533 |
| 9701.49 |   0.0913809 |
| 9702.47 |   0.0912287 |
| 9703.44 |   0.0910767 |
| 9704.42 |    0.090925 |
| 9705.39 |    0.090774 |
| 9706.37 |   0.0906212 |
| 9707.34 |    0.090469 |
| 9708.32 |   0.0903166 |
| 9709.29 |   0.0901651 |
| 9710.27 |   0.0900115 |
| 9711.24 |   0.0898551 |
| 9712.22 |   0.0896982 |
|  9713.2 |   0.0895412 |
| 9714.17 |   0.0893846 |
| 9715.15 |   0.0892264 |
| 9716.13 |   0.0890707 |
| 9717.11 |    0.088913 |
| 9718.08 |   0.0887577 |
| 9719.06 |   0.0886001 |
| 9720.03 |   0.0884446 |
| 9721.01 |   0.0882912 |
| 9721.98 |   0.0881382 |
| 9722.96 |    0.087984 |
| 9723.94 |   0.0878311 |
| 9724.92 |   0.0876775 |
|  9725.9 |   0.0875241 |
| 9726.87 |   0.0873713 |
| 9727.85 |   0.0872184 |
| 9728.83 |    0.087065 |
|  9729.8 |   0.0869123 |
| 9730.78 |   0.0867577 |
| 9731.76 |   0.0866039 |
| 9732.74 |   0.0864504 |
| 9733.71 |   0.0862964 |
| 9734.69 |   0.0861425 |
| 9735.67 |   0.0859884 |
| 9736.65 |   0.0858343 |
| 9737.63 |   0.0856805 |
| 9738.61 |   0.0855265 |
| 9739.58 |   0.0853725 |
| 9740.57 |   0.0852113 |
| 9741.55 |   0.0850456 |
| 9742.53 |     0.08488 |
|  9743.5 |   0.0847149 |
| 9744.48 |   0.0845501 |
| 9745.46 |   0.0843843 |
| 9746.44 |   0.0842189 |
| 9747.42 |   0.0840536 |
|  9748.4 |   0.0838878 |
| 9749.38 |   0.0837226 |
| 9750.36 |   0.0835581 |
| 9751.34 |   0.0833954 |
| 9752.32 |   0.0832324 |
|  9753.3 |   0.0830691 |
| 9754.28 |   0.0829052 |
| 9755.26 |   0.0827426 |
| 9756.24 |   0.0825802 |
| 9757.22 |   0.0824168 |
|  9758.2 |    0.082254 |
| 9759.18 |   0.0820911 |
| 9760.16 |   0.0819285 |
| 9761.14 |   0.0817674 |
| 9762.12 |   0.0816049 |
|  9763.1 |   0.0814434 |
| 9764.08 |   0.0812817 |
| 9765.07 |   0.0811187 |
| 9766.05 |    0.080957 |
| 9767.03 |    0.080796 |
| 9768.01 |   0.0806348 |
| 9768.99 |   0.0804724 |
| 9769.97 |   0.0803112 |
| 9770.95 |   0.0801429 |
| 9771.93 |   0.0799735 |
| 9772.91 |   0.0798036 |
|  9773.9 |   0.0796342 |
| 9774.88 |   0.0794643 |
| 9775.87 |   0.0792949 |
| 9776.85 |   0.0791254 |
| 9777.83 |   0.0789564 |
| 9778.81 |   0.0787875 |
| 9779.79 |   0.0786191 |
| 9780.78 |   0.0784652 |
| 9781.77 |   0.0783164 |
| 9782.75 |   0.0781669 |
| 9783.73 |   0.0780186 |
| 9784.71 |   0.0778694 |
| 9785.69 |    0.077721 |
| 9786.67 |   0.0775718 |
| 9787.66 |    0.077423 |
| 9788.64 |   0.0772735 |
| 9789.62 |    0.077125 |
| 9790.61 |   0.0769735 |
|  9791.6 |   0.0768213 |
| 9792.58 |   0.0766693 |
| 9793.57 |   0.0765175 |
| 9794.55 |   0.0763653 |
| 9795.53 |   0.0762143 |
| 9796.52 |   0.0760619 |
|  9797.5 |    0.075911 |
| 9798.48 |   0.0757591 |
| 9799.47 |   0.0756062 |
| 9800.46 |   0.0754805 |
| 9801.44 |   0.0753863 |
| 9802.42 |   0.0752919 |
| 9803.41 |   0.0751977 |
| 9804.39 |   0.0751037 |
| 9805.38 |   0.0750091 |
| 9806.36 |   0.0749147 |
| 9807.35 |   0.0748198 |
| 9808.34 |   0.0747245 |
| 9809.33 |   0.0746296 |
| 9810.31 |   0.0745362 |
| 9811.29 |   0.0744429 |
| 9812.28 |   0.0743493 |
| 9813.26 |   0.0742559 |
| 9814.25 |   0.0741625 |
| 9815.23 |   0.0740691 |
| 9816.23 |   0.0739751 |
| 9817.21 |   0.0738814 |
|  9818.2 |   0.0737869 |
| 9819.18 |   0.0736938 |
| 9820.17 |   0.0735961 |
| 9821.16 |     0.07348 |
| 9822.14 |   0.0733642 |
| 9823.13 |   0.0732475 |
| 9824.12 |    0.073131 |
| 9825.11 |   0.0730145 |
| 9826.09 |    0.072899 |
| 9827.08 |   0.0727825 |
| 9828.07 |   0.0726665 |
| 9829.05 |   0.0725494 |
| 9830.04 |   0.0724328 |
| 9831.03 |   0.0723155 |
| 9832.02 |   0.0721969 |
| 9833.01 |   0.0720777 |
|  9834.0 |   0.0719598 |
| 9834.99 |   0.0718408 |
| 9835.97 |   0.0717229 |
| 9836.96 |   0.0716057 |
| 9837.95 |   0.0714879 |
| 9838.93 |   0.0713688 |
| 9839.92 |   0.0712499 |
| 9840.92 |   0.0711306 |
| 9841.91 |   0.0710111 |
| 9842.89 |   0.0708908 |
| 9843.88 |   0.0707716 |
| 9844.87 |   0.0706521 |
| 9845.86 |   0.0705319 |
| 9846.85 |   0.0704122 |
| 9847.84 |   0.0702936 |
| 9848.82 |    0.070174 |
| 9849.82 |   0.0700535 |
| 9850.81 |   0.0699361 |
|  9851.8 |   0.0698193 |
| 9852.79 |   0.0697029 |
| 9853.78 |   0.0695858 |
| 9854.77 |   0.0694684 |
| 9855.76 |   0.0693519 |
| 9856.75 |   0.0692348 |
| 9857.74 |   0.0691169 |
| 9858.73 |   0.0689998 |
| 9859.72 |   0.0688831 |
| 9860.71 |    0.068777 |
| 9861.71 |   0.0686745 |
|  9862.7 |   0.0685727 |
| 9863.68 |   0.0684705 |
| 9864.67 |   0.0683679 |
| 9865.66 |   0.0682657 |
| 9866.66 |   0.0681626 |
| 9867.65 |     0.06806 |
| 9868.64 |   0.0679573 |
| 9869.63 |   0.0678544 |
| 9870.63 |   0.0677527 |
| 9871.62 |   0.0676519 |
| 9872.61 |   0.0675515 |
|  9873.6 |   0.0674501 |
| 9874.59 |   0.0673487 |
| 9875.59 |   0.0672472 |
| 9876.58 |   0.0671467 |
| 9877.57 |   0.0670457 |
| 9878.56 |   0.0669446 |
| 9879.55 |   0.0668429 |
| 9880.55 |   0.0667382 |
| 9881.54 |   0.0666308 |
| 9882.53 |   0.0665221 |
| 9883.53 |    0.066413 |
| 9884.52 |   0.0663053 |
| 9885.52 |   0.0661978 |
| 9886.51 |   0.0660897 |
|  9887.5 |   0.0659813 |
| 9888.49 |   0.0658735 |
| 9889.49 |   0.0657644 |
| 9890.48 |   0.0656628 |
| 9891.47 |   0.0655655 |
| 9892.47 |    0.065467 |
| 9893.47 |   0.0653696 |
| 9894.46 |   0.0652717 |
| 9895.45 |   0.0651738 |
| 9896.45 |   0.0650765 |
| 9897.44 |    0.064979 |
| 9898.44 |   0.0648816 |
| 9899.43 |   0.0647835 |
| 9900.43 |   0.0646747 |
| 9901.42 |   0.0645555 |
| 9902.42 |   0.0644348 |
| 9903.41 |   0.0643139 |
| 9904.41 |   0.0641938 |
|  9905.4 |   0.0640734 |
|  9906.4 |    0.063953 |
| 9907.39 |   0.0638327 |
| 9908.39 |   0.0637123 |
| 9909.39 |   0.0635914 |
| 9910.38 |   0.0634727 |
| 9911.38 |   0.0633573 |
| 9912.37 |    0.063242 |
| 9913.37 |   0.0631267 |
| 9914.37 |   0.0630112 |
| 9915.36 |   0.0628967 |
| 9916.36 |   0.0627806 |
| 9917.35 |   0.0626656 |
| 9918.35 |   0.0625508 |
| 9919.35 |    0.062435 |
| 9920.34 |   0.0623195 |
| 9921.34 |   0.0622038 |
| 9922.34 |   0.0620883 |
| 9923.33 |   0.0619733 |
| 9924.33 |   0.0618578 |
| 9925.33 |   0.0617424 |
| 9926.33 |   0.0616261 |
| 9927.33 |   0.0615103 |
| 9928.32 |   0.0613957 |
| 9929.32 |   0.0612805 |
| 9930.32 |   0.0611639 |
| 9931.31 |   0.0610458 |
| 9932.31 |   0.0609271 |
| 9933.31 |   0.0608085 |
| 9934.31 |   0.0606898 |
| 9935.31 |   0.0605707 |
| 9936.31 |   0.0604522 |
| 9937.31 |   0.0603342 |
|  9938.3 |   0.0602156 |
|  9939.3 |   0.0600966 |
|  9940.3 |   0.0599843 |
|  9941.3 |   0.0598856 |
| 9942.29 |    0.059787 |
|  9943.3 |   0.0596881 |
|  9944.3 |   0.0595896 |
|  9945.3 |   0.0594909 |
| 9946.29 |   0.0593918 |
| 9947.29 |   0.0592927 |
| 9948.29 |   0.0591937 |
| 9949.29 |    0.059094 |
| 9950.29 |   0.0589942 |
| 9951.29 |   0.0588915 |
|  9952.3 |   0.0587878 |
|  9953.3 |   0.0586849 |
|  9954.3 |   0.0585821 |
| 9955.29 |    0.058479 |
| 9956.29 |   0.0583756 |
| 9957.29 |   0.0582725 |
| 9958.29 |   0.0581693 |
| 9959.29 |    0.058066 |
|  9960.3 |    0.057963 |
|  9961.3 |   0.0578622 |
|  9962.3 |   0.0577609 |
|  9963.3 |   0.0576598 |
|  9964.3 |    0.057559 |
|  9965.3 |   0.0574579 |
| 9966.31 |   0.0573564 |
| 9967.31 |    0.057255 |
| 9968.31 |   0.0571537 |
| 9969.32 |   0.0570517 |
| 9970.31 |   0.0569506 |
| 9971.31 |   0.0568478 |
| 9972.32 |   0.0567448 |
| 9973.32 |   0.0566422 |
| 9974.32 |   0.0565391 |
| 9975.32 |   0.0564357 |
| 9976.32 |   0.0563325 |
| 9977.33 |   0.0562286 |
| 9978.33 |   0.0561251 |
| 9979.34 |   0.0560221 |
| 9980.34 |   0.0559123 |
| 9981.34 |    0.055791 |
| 9982.34 |   0.0556704 |
| 9983.34 |   0.0555483 |
| 9984.34 |   0.0554268 |
| 9985.35 |   0.0553054 |
| 9986.36 |   0.0551831 |
| 9987.36 |   0.0550616 |
| 9988.36 |     0.05494 |
| 9989.37 |   0.0548178 |
| 9990.37 |   0.0546968 |
| 9991.37 |   0.0545771 |
| 9992.38 |   0.0544567 |
| 9993.38 |    0.054337 |
| 9994.39 |   0.0542168 |
| 9995.39 |   0.0540972 |
| 9996.39 |   0.0539777 |
|  9997.4 |   0.0538577 |
|  9998.4 |   0.0537372 |
| 9999.41 |   0.0536171 |
| 10000.4 |   0.0535079 |
| 10001.4 |   0.0534151 |
| 10002.4 |    0.053322 |
| 10003.4 |   0.0532283 |
| 10004.4 |   0.0531345 |
| 10005.4 |   0.0530416 |
| 10006.5 |    0.052948 |
| 10007.5 |   0.0528553 |
| 10008.5 |   0.0527616 |
| 10009.5 |   0.0526688 |
| 10010.5 |   0.0525743 |
| 10011.5 |     0.05248 |
| 10012.5 |   0.0523847 |
| 10013.5 |   0.0522893 |
| 10014.5 |   0.0521952 |
| 10015.5 |   0.0521009 |
| 10016.5 |   0.0520057 |
| 10017.5 |   0.0519114 |
| 10018.5 |   0.0518162 |
| 10019.5 |    0.051722 |
| 10020.5 |   0.0516356 |
| 10021.5 |   0.0515573 |
| 10022.5 |   0.0514797 |
| 10023.6 |   0.0514014 |
| 10024.6 |   0.0513237 |
| 10025.6 |   0.0512452 |
| 10026.6 |   0.0511675 |
| 10027.6 |   0.0510897 |
| 10028.6 |    0.051011 |
| 10029.6 |   0.0509324 |
| 10030.6 |   0.0508533 |
| 10031.6 |   0.0507724 |
| 10032.6 |   0.0506924 |
| 10033.6 |   0.0506115 |
| 10034.6 |   0.0505313 |
| 10035.7 |   0.0504503 |
| 10036.7 |   0.0503701 |
| 10037.7 |    0.050289 |
| 10038.7 |   0.0502079 |
| 10039.7 |   0.0501277 |
| 10040.7 |   0.0500467 |
| 10041.7 |   0.0499669 |
| 10042.7 |   0.0498861 |
| 10043.7 |   0.0498062 |
| 10044.7 |   0.0497262 |
| 10045.7 |   0.0496454 |
| 10046.8 |   0.0495645 |
| 10047.8 |   0.0494843 |
| 10048.8 |   0.0494032 |
| 10049.8 |   0.0493231 |
| 10050.8 |   0.0492416 |
| 10051.8 |   0.0491608 |
| 10052.8 |   0.0490791 |
| 10053.8 |   0.0489981 |
| 10054.8 |   0.0489164 |
| 10055.8 |   0.0488346 |
| 10056.8 |   0.0487536 |
| 10057.8 |   0.0486725 |
| 10058.9 |   0.0485906 |
| 10059.9 |   0.0485094 |
| 10060.9 |   0.0484181 |
| 10061.9 |   0.0483264 |
| 10062.9 |   0.0482339 |
| 10063.9 |   0.0481411 |
| 10064.9 |   0.0480495 |
| 10066.0 |   0.0479568 |
| 10067.0 |   0.0478652 |
| 10068.0 |   0.0477725 |
| 10069.0 |   0.0476807 |
| 10070.0 |   0.0475891 |
| 10071.0 |   0.0474974 |
| 10072.0 |   0.0474065 |
| 10073.0 |   0.0473147 |
| 10074.0 |    0.047223 |
| 10075.0 |   0.0471322 |
| 10076.1 |   0.0470403 |
| 10077.1 |   0.0469495 |
| 10078.1 |   0.0468577 |
| 10079.1 |   0.0467669 |
| 10080.1 |   0.0466749 |
| 10081.1 |   0.0465824 |
| 10082.1 |   0.0464907 |
| 10083.2 |   0.0463992 |
| 10084.2 |   0.0463065 |
| 10085.2 |   0.0462149 |
| 10086.2 |   0.0461223 |
| 10087.2 |   0.0460306 |
| 10088.2 |    0.045938 |
| 10089.2 |   0.0458464 |
| 10090.2 |   0.0457542 |
| 10091.3 |   0.0456633 |
| 10092.3 |   0.0455736 |
| 10093.3 |   0.0454828 |
| 10094.3 |   0.0453929 |
| 10095.3 |   0.0453031 |
| 10096.3 |   0.0452122 |
| 10097.3 |   0.0451223 |
| 10098.4 |   0.0450315 |
| 10099.4 |   0.0449406 |
| 10100.4 |    0.044853 |
| 10101.4 |    0.044768 |
| 10102.4 |   0.0446839 |
| 10103.4 |   0.0445989 |
| 10104.5 |   0.0445148 |
| 10105.5 |   0.0444296 |
| 10106.5 |   0.0443454 |
| 10107.5 |   0.0442603 |
| 10108.5 |   0.0441751 |
| 10109.5 |   0.0440908 |
| 10110.5 |   0.0440092 |
| 10111.6 |   0.0439288 |
| 10112.6 |   0.0438493 |
| 10113.6 |   0.0437689 |
| 10114.6 |   0.0436894 |
| 10115.6 |   0.0436088 |
| 10116.7 |   0.0435282 |
| 10117.7 |   0.0434485 |
| 10118.7 |   0.0433678 |
| 10119.7 |    0.043288 |
| 10120.7 |   0.0432046 |
| 10121.7 |    0.043121 |
| 10122.8 |   0.0430365 |
| 10123.8 |   0.0429528 |
| 10124.8 |   0.0428682 |
| 10125.8 |   0.0427845 |
| 10126.8 |   0.0426998 |
| 10127.8 |    0.042616 |
| 10128.9 |   0.0425312 |
| 10129.9 |   0.0424473 |
| 10130.9 |    0.042365 |
| 10131.9 |   0.0422839 |
| 10132.9 |   0.0422018 |
| 10134.0 |   0.0421196 |
| 10135.0 |   0.0420382 |
| 10136.0 |    0.041956 |
| 10137.0 |   0.0418746 |
| 10138.0 |   0.0417931 |
| 10139.0 |   0.0417107 |
| 10140.0 |   0.0416284 |
| 10141.1 |   0.0415317 |
| 10142.1 |   0.0414349 |
| 10143.1 |   0.0413393 |
| 10144.1 |   0.0412425 |
| 10145.2 |   0.0411469 |
| 10146.2 |   0.0410502 |
| 10147.2 |   0.0409545 |
| 10148.2 |   0.0408579 |
| 10149.2 |   0.0407623 |
| 10150.2 |   0.0406664 |
| 10151.3 |   0.0405693 |
| 10152.3 |   0.0404721 |
| 10153.3 |    0.040376 |
| 10154.3 |   0.0402789 |
| 10155.3 |   0.0401827 |
| 10156.4 |   0.0400857 |
| 10157.4 |   0.0399896 |
| 10158.4 |   0.0398925 |
| 10159.4 |   0.0397954 |
| 10160.5 |   0.0396993 |
| 10161.5 |   0.0396022 |
| 10162.5 |   0.0395062 |
| 10163.5 |   0.0394101 |
| 10164.5 |    0.039313 |
| 10165.5 |    0.039217 |
| 10166.6 |   0.0391199 |
| 10167.6 |   0.0390239 |
| 10168.6 |   0.0389269 |
| 10169.7 |   0.0388299 |
| 10170.7 |   0.0387367 |
| 10171.7 |   0.0386438 |
| 10172.7 |   0.0385519 |
| 10173.7 |   0.0384591 |
| 10174.8 |   0.0383673 |
| 10175.8 |   0.0382744 |
| 10176.8 |   0.0381825 |
| 10177.8 |   0.0380896 |
| 10178.8 |   0.0379978 |
| 10179.9 |    0.037905 |
| 10180.9 |   0.0378159 |
| 10181.9 |   0.0377264 |
| 10182.9 |   0.0376378 |
| 10184.0 |   0.0375484 |
| 10185.0 |   0.0374599 |
| 10186.0 |   0.0373704 |
| 10187.0 |   0.0372807 |
| 10188.1 |   0.0371922 |
| 10189.1 |   0.0371026 |
| 10190.1 |    0.037014 |
| 10191.1 |    0.036925 |
| 10192.2 |   0.0368371 |
| 10193.2 |   0.0367492 |
| 10194.2 |   0.0366602 |
| 10195.2 |   0.0365713 |
| 10196.2 |   0.0364833 |
| 10197.3 |   0.0363942 |
| 10198.3 |   0.0363062 |
| 10199.3 |   0.0362171 |
| 10200.3 |   0.0361373 |
| 10201.4 |   0.0360728 |
| 10202.4 |   0.0360089 |
| 10203.4 |   0.0359444 |
| 10204.5 |   0.0358797 |
| 10205.5 |   0.0358158 |
| 10206.5 |   0.0357519 |
| 10207.5 |   0.0356872 |
| 10208.5 |   0.0356232 |
| 10209.6 |   0.0355586 |
| 10210.6 |   0.0354957 |
| 10211.6 |   0.0354327 |
| 10212.7 |   0.0353696 |
| 10213.7 |   0.0353074 |
| 10214.7 |   0.0352442 |
| 10215.7 |   0.0351818 |
| 10216.8 |   0.0351188 |
| 10217.8 |   0.0350563 |
| 10218.8 |   0.0349939 |
| 10219.8 |   0.0349307 |
| 10220.9 |   0.0348616 |
| 10221.9 |   0.0347923 |
| 10222.9 |   0.0347221 |
| 10224.0 |   0.0346528 |
| 10225.0 |   0.0345828 |
| 10226.0 |   0.0345134 |
| 10227.0 |   0.0344433 |
| 10228.1 |    0.034374 |
| 10229.1 |   0.0343038 |
| 10230.1 |   0.0342342 |
| 10231.2 |    0.034169 |
| 10232.2 |   0.0341038 |
| 10233.2 |   0.0340379 |
| 10234.2 |   0.0339727 |
| 10235.3 |   0.0339066 |
| 10236.3 |   0.0338414 |
| 10237.3 |   0.0337754 |
| 10238.3 |   0.0337093 |
| 10239.4 |    0.033644 |
| 10240.4 |   0.0335782 |
| 10241.4 |   0.0335137 |
| 10242.5 |   0.0334483 |
| 10243.5 |   0.0333836 |
| 10244.5 |   0.0333183 |
| 10245.5 |   0.0332536 |
| 10246.6 |   0.0331888 |
| 10247.6 |   0.0331234 |
| 10248.6 |   0.0330579 |
| 10249.7 |   0.0329932 |
| 10250.7 |   0.0329258 |
| 10251.7 |   0.0328581 |
| 10252.8 |   0.0327897 |
| 10253.8 |    0.032722 |
| 10254.8 |   0.0326536 |
| 10255.9 |   0.0325852 |
| 10256.9 |   0.0325174 |
| 10257.9 |   0.0324489 |
| 10258.9 |   0.0323812 |
| 10260.0 |   0.0323136 |
| 10261.0 |   0.0322436 |
| 10262.0 |   0.0321742 |
| 10263.1 |   0.0321042 |
| 10264.1 |   0.0320349 |
| 10265.1 |   0.0319649 |
| 10266.2 |   0.0318948 |
| 10267.2 |   0.0318254 |
| 10268.2 |   0.0317554 |
| 10269.3 |    0.031686 |
| 10270.3 |   0.0316172 |
| 10271.3 |   0.0315523 |
| 10272.4 |   0.0314866 |
| 10273.4 |   0.0314209 |
| 10274.4 |   0.0313559 |
| 10275.5 |   0.0312909 |
| 10276.5 |   0.0312252 |
| 10277.5 |   0.0311602 |
| 10278.5 |   0.0310944 |
| 10279.6 |   0.0310293 |
| 10280.6 |   0.0309614 |
| 10281.6 |   0.0308927 |
| 10282.7 |   0.0308233 |
| 10283.7 |   0.0307541 |
| 10284.8 |   0.0306854 |
| 10285.8 |   0.0306161 |
| 10286.8 |   0.0305473 |
| 10287.8 |   0.0304787 |
| 10288.9 |   0.0304093 |
| 10289.9 |   0.0303407 |
| 10291.0 |   0.0302739 |
| 10292.0 |   0.0302075 |
| 10293.0 |   0.0301416 |
| 10294.1 |   0.0300752 |
| 10295.1 |   0.0300094 |
| 10296.1 |   0.0299428 |
| 10297.2 |   0.0298768 |
| 10298.2 |   0.0298103 |
| 10299.2 |   0.0297444 |
| 10300.3 |   0.0296774 |
| 10301.3 |   0.0296104 |
| 10302.3 |   0.0295427 |
| 10303.4 |   0.0294756 |
| 10304.4 |   0.0294078 |
| 10305.4 |   0.0293407 |
| 10306.5 |   0.0292728 |
| 10307.5 |   0.0292058 |
| 10308.5 |   0.0291379 |
| 10309.6 |   0.0290699 |
| 10310.6 |   0.0290029 |
| 10311.7 |   0.0289349 |
| 10312.7 |   0.0288677 |
| 10313.7 |   0.0288006 |
| 10314.8 |   0.0287326 |
| 10315.8 |   0.0286654 |
| 10316.8 |   0.0285974 |
| 10317.9 |   0.0285295 |
| 10318.9 |   0.0284622 |
| 10320.0 |   0.0283941 |
| 10321.0 |    0.028328 |
| 10322.0 |   0.0282612 |
| 10323.1 |   0.0281951 |
| 10324.1 |   0.0281282 |
| 10325.1 |    0.028062 |
| 10326.2 |    0.027995 |
| 10327.2 |   0.0279281 |
| 10328.2 |   0.0278618 |
| 10329.3 |   0.0277956 |
| 10330.3 |   0.0277279 |
| 10331.4 |   0.0276592 |
| 10332.4 |   0.0275899 |
| 10333.4 |   0.0275212 |
| 10334.5 |   0.0274518 |
| 10335.5 |   0.0273824 |
| 10336.5 |   0.0273138 |
| 10337.6 |   0.0272444 |
| 10338.6 |   0.0271757 |
| 10339.7 |   0.0271063 |
| 10340.7 |   0.0270394 |
| 10341.8 |   0.0269725 |
| 10342.8 |   0.0269064 |
| 10343.8 |   0.0268402 |
| 10344.9 |   0.0267734 |
| 10345.9 |   0.0267063 |
| 10346.9 |   0.0266402 |
| 10348.0 |   0.0265732 |
| 10349.0 |   0.0265069 |
| 10350.1 |   0.0264398 |
| 10351.1 |   0.0263707 |
| 10352.2 |   0.0263008 |
| 10353.2 |    0.026231 |
| 10354.2 |   0.0261619 |
| 10355.3 |    0.026092 |
| 10356.3 |   0.0260229 |
| 10357.3 |   0.0259538 |
| 10358.4 |   0.0258839 |
| 10359.4 |   0.0258147 |
| 10360.5 |   0.0257466 |
| 10361.5 |   0.0256815 |
| 10362.5 |   0.0256157 |
| 10363.6 |   0.0255498 |
| 10364.6 |   0.0254845 |
| 10365.7 |   0.0254186 |
| 10366.7 |   0.0253533 |
| 10367.8 |   0.0252873 |
| 10368.8 |   0.0252219 |
| 10369.8 |   0.0251566 |
| 10370.9 |   0.0250871 |
| 10371.9 |   0.0250169 |
| 10373.0 |   0.0249476 |
| 10374.0 |   0.0248773 |
| 10375.0 |   0.0248077 |
| 10376.1 |   0.0247375 |
| 10377.1 |    0.024668 |
| 10378.2 |   0.0245977 |
| 10379.2 |   0.0245283 |
| 10380.3 |    0.024458 |
| 10381.3 |   0.0243875 |
| 10382.4 |   0.0243179 |
| 10383.4 |   0.0242482 |
| 10384.4 |   0.0241778 |
| 10385.5 |   0.0241081 |
| 10386.5 |   0.0240376 |
| 10387.6 |    0.023968 |
| 10388.6 |   0.0238974 |
| 10389.7 |    0.023827 |
| 10390.7 |   0.0237551 |
| 10391.8 |   0.0236814 |
| 10392.8 |   0.0236085 |
| 10393.8 |    0.023535 |
| 10394.9 |   0.0234621 |
| 10395.9 |   0.0233885 |
| 10397.0 |   0.0233156 |
| 10398.0 |   0.0232421 |
| 10399.1 |   0.0231693 |
| 10400.1 |   0.0230978 |
| 10401.2 |   0.0230454 |
| 10402.2 |   0.0229925 |
| 10403.2 |   0.0229401 |
| 10404.3 |   0.0228871 |
| 10405.3 |   0.0228347 |
| 10406.4 |   0.0227817 |
| 10407.4 |   0.0227288 |
| 10408.5 |   0.0226763 |
| 10409.5 |   0.0226234 |
| 10410.6 |   0.0225706 |
| 10411.6 |   0.0225167 |
| 10412.7 |   0.0224635 |
| 10413.7 |   0.0224103 |
| 10414.8 |   0.0223565 |
| 10415.8 |   0.0223027 |
| 10416.8 |   0.0222496 |
| 10417.9 |   0.0221958 |
| 10418.9 |   0.0221426 |
| 10420.0 |   0.0220888 |
| 10421.0 |   0.0220394 |
| 10422.1 |   0.0219895 |
| 10423.1 |   0.0219401 |
| 10424.2 |     0.02189 |
| 10425.2 |   0.0218401 |
| 10426.3 |   0.0217907 |
| 10427.3 |   0.0217412 |
| 10428.4 |   0.0216912 |
| 10429.4 |   0.0216417 |
| 10430.5 |   0.0215909 |
| 10431.5 |   0.0215397 |
| 10432.5 |   0.0214878 |
| 10433.6 |   0.0214359 |
| 10434.7 |   0.0213847 |
| 10435.7 |   0.0213328 |
| 10436.8 |   0.0212815 |
| 10437.8 |   0.0212296 |
| 10438.8 |   0.0211784 |
| 10439.9 |    0.021127 |
| 10440.9 |    0.021078 |
| 10442.0 |   0.0210298 |
| 10443.0 |   0.0209811 |
| 10444.1 |   0.0209324 |
| 10445.1 |   0.0208841 |
| 10446.2 |   0.0208354 |
| 10447.2 |   0.0207871 |
| 10448.3 |   0.0207383 |
| 10449.3 |     0.02069 |
| 10450.4 |     0.02064 |
| 10451.4 |   0.0205889 |
| 10452.5 |   0.0205371 |
| 10453.5 |   0.0204859 |
| 10454.6 |   0.0204342 |
| 10455.6 |   0.0203831 |
| 10456.7 |   0.0203312 |
| 10457.7 |     0.02028 |
| 10458.8 |   0.0202283 |
| 10459.8 |    0.020177 |
| 10460.9 |   0.0201234 |
| 10462.0 |   0.0200694 |
| 10463.0 |    0.020016 |
| 10464.1 |   0.0199621 |
| 10465.1 |   0.0199087 |
| 10466.2 |   0.0198548 |
| 10467.2 |   0.0198014 |
| 10468.2 |    0.019748 |
| 10469.3 |   0.0196941 |
| 10470.4 |   0.0196401 |
| 10471.4 |   0.0195866 |
| 10472.5 |   0.0195324 |
| 10473.5 |   0.0194789 |
| 10474.6 |   0.0194247 |
| 10475.6 |   0.0193712 |
| 10476.7 |    0.019317 |
| 10477.7 |   0.0192635 |
| 10478.8 |   0.0192093 |
| 10479.8 |   0.0191553 |
| 10480.9 |      0.0191 |
| 10482.0 |   0.0190439 |
| 10483.0 |   0.0189882 |
| 10484.0 |   0.0189327 |
| 10485.1 |   0.0188765 |
| 10486.2 |    0.018821 |
| 10487.2 |   0.0187648 |
| 10488.3 |   0.0187087 |
| 10489.3 |   0.0186532 |
| 10490.4 |   0.0185981 |
| 10491.4 |   0.0185456 |
| 10492.5 |   0.0184926 |
| 10493.5 |   0.0184401 |
| 10494.6 |    0.018387 |
| 10495.6 |   0.0183346 |
| 10496.7 |   0.0182815 |
| 10497.8 |   0.0182289 |
| 10498.8 |   0.0181759 |
| 10499.9 |   0.0181233 |
| 10500.9 |   0.0180711 |
| 10502.0 |   0.0180194 |
| 10503.0 |   0.0179672 |
| 10504.1 |   0.0179155 |
| 10505.1 |   0.0178633 |
| 10506.2 |    0.017811 |
| 10507.2 |   0.0177593 |
| 10508.3 |   0.0177071 |
| 10509.4 |   0.0176554 |
| 10510.4 |    0.017604 |
| 10511.5 |   0.0175526 |
| 10512.5 |   0.0175017 |
| 10513.6 |   0.0174503 |
| 10514.6 |   0.0173993 |
| 10515.7 |   0.0173478 |
| 10516.8 |   0.0172963 |
| 10517.8 |   0.0172453 |
| 10518.9 |   0.0171938 |
| 10519.9 |   0.0171428 |
| 10521.0 |   0.0170907 |
| 10522.0 |   0.0170392 |
| 10523.1 |   0.0169877 |
| 10524.2 |   0.0169355 |
| 10525.2 |   0.0168834 |
| 10526.3 |   0.0168318 |
| 10527.3 |   0.0167796 |
| 10528.4 |   0.0167281 |
| 10529.5 |   0.0166759 |
| 10530.5 |   0.0166235 |
| 10531.6 |   0.0165699 |
| 10532.6 |   0.0165168 |
| 10533.7 |   0.0164631 |
| 10534.8 |   0.0164094 |
| 10535.8 |   0.0163564 |
| 10536.9 |   0.0163027 |
| 10537.9 |   0.0162497 |
| 10539.0 |   0.0161965 |
| 10540.0 |   0.0161429 |
| 10541.1 |   0.0160892 |
| 10542.2 |   0.0160349 |
| 10543.2 |   0.0159808 |
| 10544.3 |   0.0159271 |
| 10545.3 |   0.0158729 |
| 10546.4 |   0.0158192 |
| 10547.5 |   0.0157651 |
| 10548.5 |   0.0157114 |
| 10549.6 |   0.0156573 |
| 10550.6 |   0.0156051 |
| 10551.7 |   0.0155533 |
| 10552.8 |   0.0155021 |
| 10553.8 |   0.0154504 |
| 10554.9 |   0.0153991 |
| 10555.9 |   0.0153473 |
| 10557.0 |   0.0152961 |
| 10558.0 |   0.0152442 |
| 10559.1 |    0.015193 |
| 10560.2 |   0.0151411 |
| 10561.2 |   0.0150894 |
| 10562.3 |   0.0150382 |
| 10563.4 |   0.0149864 |
| 10564.4 |   0.0149353 |
| 10565.5 |   0.0148835 |
| 10566.5 |   0.0148323 |
| 10567.6 |   0.0147811 |
| 10568.7 |   0.0147292 |
| 10569.7 |   0.0146774 |
| 10570.8 |   0.0146246 |
| 10571.9 |   0.0145707 |
| 10572.9 |   0.0145174 |
| 10574.0 |   0.0144634 |
| 10575.0 |   0.0144101 |
| 10576.1 |   0.0143562 |
| 10577.2 |   0.0143029 |
| 10578.2 |   0.0142491 |
| 10579.3 |   0.0141951 |
| 10580.4 |    0.014142 |
| 10581.4 |   0.0140894 |
| 10582.5 |   0.0140362 |
| 10583.5 |   0.0139834 |
| 10584.6 |   0.0139302 |
| 10585.7 |   0.0138776 |
| 10586.7 |   0.0138243 |
| 10587.8 |    0.013771 |
| 10588.9 |   0.0137184 |
| 10589.9 |   0.0136651 |
| 10591.0 |   0.0136131 |
| 10592.1 |   0.0135607 |
| 10593.1 |   0.0135088 |
| 10594.2 |   0.0134569 |
| 10595.2 |   0.0134044 |
| 10596.3 |   0.0133524 |
| 10597.4 |      0.0133 |
| 10598.5 |   0.0132474 |
| 10599.5 |   0.0131955 |
| 10600.6 |    0.013151 |
| 10601.6 |   0.0131136 |
| 10602.7 |   0.0130758 |
| 10603.8 |   0.0130383 |
| 10604.8 |   0.0130005 |
| 10605.9 |   0.0129626 |
| 10607.0 |   0.0129251 |
| 10608.0 |   0.0128876 |
| 10609.1 |   0.0128497 |
| 10610.2 |    0.012812 |
| 10611.2 |   0.0127728 |
| 10612.3 |    0.012734 |
| 10613.4 |   0.0126948 |
| 10614.4 |    0.012656 |
| 10615.5 |   0.0126167 |
| 10616.6 |   0.0125774 |
| 10617.6 |   0.0125386 |
| 10618.7 |   0.0124993 |
| 10619.8 |   0.0124605 |
| 10620.8 |   0.0124222 |
| 10621.9 |   0.0123846 |
| 10623.0 |    0.012347 |
| 10624.0 |   0.0123088 |
| 10625.1 |   0.0122707 |
| 10626.2 |   0.0122331 |
| 10627.2 |    0.012195 |
| 10628.3 |   0.0121573 |
| 10629.4 |   0.0121192 |
| 10630.4 |   0.0120812 |
| 10631.5 |   0.0120426 |
| 10632.6 |   0.0120044 |
| 10633.7 |   0.0119657 |
| 10634.7 |    0.011927 |
| 10635.8 |   0.0118888 |
| 10636.8 |   0.0118505 |
| 10637.9 |   0.0118119 |
| 10639.0 |   0.0117736 |
| 10640.1 |    0.011735 |
| 10641.1 |   0.0116967 |
| 10642.2 |    0.011658 |
| 10643.3 |   0.0116193 |
| 10644.3 |    0.011581 |
| 10645.4 |   0.0115423 |
| 10646.5 |    0.011504 |
| 10647.5 |   0.0114653 |
| 10648.6 |    0.011427 |
| 10649.7 |   0.0113883 |
| 10650.8 |   0.0113499 |
| 10651.8 |    0.011311 |
| 10652.9 |   0.0112724 |
| 10654.0 |   0.0112335 |
| 10655.0 |    0.011195 |
| 10656.1 |    0.011156 |
| 10657.2 |   0.0111176 |
| 10658.2 |   0.0110786 |
| 10659.3 |   0.0110401 |
| 10660.4 |   0.0110012 |
| 10661.5 |   0.0109625 |
| 10662.5 |   0.0109241 |
| 10663.6 |   0.0108853 |
| 10664.7 |    0.010847 |
| 10665.8 |   0.0108085 |
| 10666.8 |   0.0107697 |
| 10667.9 |   0.0107314 |
| 10669.0 |   0.0106924 |
| 10670.0 |   0.0106538 |
| 10671.1 |   0.0106157 |
| 10672.2 |   0.0105773 |
| 10673.3 |   0.0105392 |
| 10674.3 |   0.0105007 |
| 10675.4 |   0.0104627 |
| 10676.5 |   0.0104242 |
| 10677.5 |   0.0103861 |
| 10678.6 |   0.0103476 |
| 10679.7 |   0.0103096 |
| 10680.8 |   0.0102705 |
| 10681.8 |   0.0102315 |
| 10682.9 |    0.010192 |
| 10684.0 |    0.010153 |
| 10685.1 |   0.0101136 |
| 10686.1 |   0.0100747 |
| 10687.2 |   0.0100353 |
| 10688.3 |  0.00999584 |
| 10689.4 |  0.00995688 |
| 10690.4 |  0.00991765 |
| 10691.5 |  0.00987906 |
| 10692.6 |  0.00984009 |
| 10693.7 |  0.00980146 |
| 10694.7 |  0.00976289 |
| 10695.8 |  0.00972392 |
| 10696.9 |  0.00968531 |
| 10698.0 |  0.00964634 |
| 10699.0 |  0.00960728 |
| 10700.1 |  0.00956871 |
| 10701.2 |   0.0095295 |
| 10702.2 |  0.00949083 |
| 10703.3 |  0.00945162 |
| 10704.4 |  0.00941291 |
| 10705.5 |  0.00937373 |
| 10706.6 |  0.00933452 |
| 10707.6 |  0.00929581 |
| 10708.7 |  0.00925709 |
| 10709.8 |  0.00921788 |
| 10710.9 |  0.00917843 |
| 10711.9 |  0.00913819 |
| 10713.0 |  0.00909844 |
| 10714.1 |  0.00905829 |
| 10715.2 |  0.00901863 |
| 10716.2 |  0.00897848 |
| 10717.3 |  0.00893833 |
| 10718.4 |  0.00889863 |
| 10719.5 |  0.00885851 |
| 10720.5 |  0.00881943 |
| 10721.6 |  0.00878037 |
| 10722.7 |  0.00874179 |
| 10723.8 |  0.00870323 |
| 10724.9 |  0.00866415 |
| 10726.0 |  0.00862519 |
| 10727.0 |  0.00858653 |
| 10728.1 |  0.00854747 |
| 10729.2 |  0.00850889 |
| 10730.3 |  0.00846988 |
| 10731.3 |  0.00843125 |
| 10732.4 |  0.00839224 |
| 10733.5 |  0.00835369 |
| 10734.6 |  0.00831465 |
| 10735.7 |   0.0082756 |
| 10736.7 |  0.00823701 |
| 10737.8 |  0.00819833 |
| 10738.9 |  0.00815929 |
| 10740.0 |  0.00812074 |
| 10741.0 |  0.00808106 |
| 10742.1 |   0.0080419 |
| 10743.2 |  0.00800219 |
| 10744.3 |  0.00796261 |
| 10745.4 |  0.00792338 |
| 10746.4 |  0.00788375 |
| 10747.5 |  0.00784456 |
| 10748.6 |  0.00780492 |
| 10749.7 |  0.00776571 |
| 10750.8 |  0.00772698 |
| 10751.8 |  0.00768901 |
| 10752.9 |  0.00765056 |
| 10754.0 |  0.00761262 |
| 10755.1 |  0.00757418 |
| 10756.2 |  0.00753618 |
| 10757.2 |  0.00749771 |
| 10758.3 |  0.00745976 |
| 10759.4 |  0.00742124 |
| 10760.5 |  0.00738267 |
| 10761.6 |  0.00734305 |
| 10762.7 |  0.00730339 |
| 10763.7 |  0.00726426 |
| 10764.8 |  0.00722458 |
| 10765.9 |  0.00718544 |
| 10767.0 |  0.00714624 |
| 10768.1 |  0.00710655 |
| 10769.1 |  0.00706739 |
| 10770.2 |  0.00702785 |
| 10771.3 |  0.00698861 |
| 10772.4 |  0.00694981 |
| 10773.5 |   0.0069106 |
| 10774.5 |  0.00687179 |
| 10775.6 |  0.00683248 |
| 10776.7 |  0.00679369 |
| 10777.8 |  0.00675443 |
| 10778.9 |  0.00671559 |
| 10780.0 |  0.00667637 |
| 10781.0 |  0.00663785 |
| 10782.1 |  0.00659902 |
| 10783.2 |  0.00656058 |
| 10784.3 |  0.00652176 |
| 10785.4 |  0.00648332 |
| 10786.5 |  0.00644447 |
| 10787.5 |  0.00640604 |
| 10788.6 |  0.00636709 |
| 10789.7 |   0.0063282 |
| 10790.8 |  0.00628966 |
| 10791.9 |  0.00625062 |
| 10793.0 |  0.00621201 |
| 10794.0 |  0.00617344 |
| 10795.1 |   0.0061345 |
| 10796.2 |  0.00609582 |
| 10797.3 |  0.00605671 |
| 10798.4 |  0.00601815 |
| 10799.5 |   0.0059791 |
| 10800.6 |  0.00591603 |
| 10801.7 |  0.00583258 |
| 10802.7 |  0.00574881 |
| 10803.8 |  0.00566649 |
| 10804.9 |  0.00558379 |
| 10806.0 |  0.00550253 |
| 10807.1 |  0.00542101 |
| 10808.2 |  0.00534006 |
| 10809.3 |  0.00526048 |
| 10810.3 |  0.00518132 |
| 10811.4 |  0.00510171 |
| 10812.5 |   0.0050235 |
| 10813.6 |  0.00494492 |
| 10814.7 |  0.00486786 |
| 10815.8 |  0.00479042 |
| 10816.9 |  0.00471445 |
| 10818.0 |  0.00463829 |
| 10819.0 |   0.0045626 |
| 10820.1 |  0.00448839 |
| 10821.2 |  0.00441374 |
| 10822.3 |  0.00433976 |
| 10823.4 |  0.00426717 |
| 10824.5 |  0.00419507 |
| 10825.6 |  0.00412277 |
| 10826.7 |  0.00405189 |
| 10827.7 |  0.00398075 |
| 10828.8 |  0.00391094 |
| 10829.9 |  0.00384096 |
| 10831.0 |  0.00377249 |
| 10832.1 |  0.00370382 |
| 10833.2 |   0.0036358 |
| 10834.3 |  0.00356907 |
| 10835.4 |  0.00350213 |
| 10836.5 |  0.00343648 |
| 10837.5 |  0.00337069 |
| 10838.6 |  0.00330616 |
| 10839.7 |   0.0032422 |
| 10840.8 |  0.00317831 |
| 10841.9 |  0.00311504 |
| 10843.0 |  0.00305295 |
| 10844.1 |  0.00299085 |
| 10845.2 |  0.00292993 |
| 10846.2 |   0.0028689 |
| 10847.3 |  0.00280915 |
| 10848.4 |  0.00274925 |
| 10849.5 |  0.00269055 |
| 10850.6 |  0.00263155 |
| 10851.7 |  0.00257366 |
| 10852.8 |  0.00251572 |
| 10853.9 |  0.00245892 |
| 10855.0 |  0.00240209 |
| 10856.1 |  0.00234651 |
| 10857.2 |  0.00229089 |
| 10858.2 |  0.00223642 |
| 10859.3 |  0.00218195 |
| 10860.4 |  0.00212868 |
| 10861.5 |  0.00207542 |
| 10862.6 |  0.00202279 |
| 10863.7 |  0.00197125 |
| 10864.8 |  0.00191971 |
| 10865.9 |  0.00186935 |
| 10867.0 |  0.00181951 |
| 10868.1 |  0.00176973 |
| 10869.2 |  0.00172105 |
| 10870.2 |  0.00167244 |
| 10871.3 |  0.00162439 |
| 10872.4 |  0.00157747 |
| 10873.5 |  0.00153057 |
| 10874.6 |  0.00148477 |
| 10875.7 |  0.00143901 |
| 10876.8 |   0.0013943 |
| 10877.9 |  0.00134969 |
| 10879.0 |  0.00130611 |
| 10880.1 |  0.00126268 |
| 10881.2 |  0.00122019 |
| 10882.3 |  0.00117785 |
| 10883.4 |  0.00113651 |
| 10884.5 |  0.00109533 |
| 10885.5 |  0.00105512 |
| 10886.7 |  0.00101505 |
| 10887.7 | 0.000975977 |
| 10888.8 | 0.000937057 |
| 10889.9 |  0.00089913 |
| 10891.0 | 0.000861306 |
| 10892.1 |  0.00082413 |
| 10893.2 | 0.000787891 |
| 10894.3 | 0.000751837 |
| 10895.4 |  0.00071677 |
| 10896.5 | 0.000682245 |
| 10897.6 | 0.000647926 |
| 10898.7 | 0.000614548 |
| 10899.8 |  0.00058136 |
| 10900.9 | 0.000548815 |
| 10902.0 | 0.000517165 |
| 10903.1 | 0.000485812 |
| 10904.2 | 0.000455343 |
| 10905.3 | 0.000425123 |
| 10906.4 | 0.000395791 |
| 10907.5 | 0.000366719 |
| 10908.5 | 0.000338524 |
| 10909.7 | 0.000310601 |
| 10910.7 | 0.000283524 |
| 10911.8 |   0.0002567 |
| 10912.9 | 0.000230738 |
| 10914.0 | 0.000205113 |
| 10915.1 | 0.000180344 |
| 10916.2 | 0.000155889 |
| 10917.3 | 0.000132267 |
| 10918.4 | 0.000108972 |
