# Units:
#  "lambda" is in Angstroms
#  "pass" is the contribution to the detector signal per photon
#         entering the atmosphere of Earth
# 
# Bandpass Name(s): F160W
# 
# Instrument: WFC3_IR_F160W
# 
# Determined by: 
# 
# Date of determination: 2010-May-02
# 
# Meaning of/Reason for default column: Only column available
# 
# Notes:
# 
# 
# Obtained from Leonidas Moustakas on 2011-Apr-02 for the CLASH team.
# 
# J. Moustakas, UCSD 2011-Apr-07
|  lambda |        pass |
| 13657.6 |  0.00010202 |
| 13658.7 | 0.000105706 |
| 13659.8 | 0.000109394 |
| 13661.0 | 0.000113068 |
| 13662.1 | 0.000116742 |
| 13663.2 | 0.000120363 |
| 13664.3 | 0.000125798 |
| 13665.4 | 0.000133265 |
| 13666.5 | 0.000140534 |
| 13667.6 | 0.000147896 |
| 13668.7 | 0.000155254 |
| 13669.8 | 0.000162607 |
| 13670.9 |  0.00016986 |
| 13672.0 | 0.000177212 |
| 13673.1 | 0.000184554 |
| 13674.2 | 0.000191898 |
| 13675.4 | 0.000199237 |
| 13676.5 | 0.000206567 |
| 13677.6 | 0.000213898 |
| 13678.7 | 0.000221226 |
| 13679.8 | 0.000228549 |
| 13680.9 | 0.000235875 |
| 13682.0 | 0.000243191 |
| 13683.1 | 0.000250406 |
| 13684.2 |  0.00025635 |
| 13685.3 | 0.000260581 |
| 13686.5 |  0.00026481 |
| 13687.6 | 0.000269033 |
| 13688.7 | 0.000273202 |
| 13689.8 | 0.000277479 |
| 13690.9 | 0.000281699 |
| 13692.0 |  0.00028586 |
| 13693.1 | 0.000290075 |
| 13694.2 | 0.000294288 |
| 13695.3 | 0.000298501 |
| 13696.5 | 0.000302709 |
| 13697.6 | 0.000306918 |
| 13698.7 | 0.000311124 |
| 13699.8 | 0.000315325 |
| 13700.9 | 0.000319472 |
| 13702.0 | 0.000323726 |
| 13703.1 | 0.000327924 |
| 13704.2 | 0.000333929 |
| 13705.3 | 0.000342409 |
| 13706.5 | 0.000350885 |
| 13707.6 | 0.000359363 |
| 13708.7 | 0.000367717 |
| 13709.8 | 0.000376178 |
| 13710.9 | 0.000384642 |
| 13712.0 | 0.000393101 |
| 13713.1 | 0.000401555 |
| 13714.2 | 0.000410004 |
| 13715.3 | 0.000418449 |
| 13716.5 | 0.000426889 |
| 13717.6 | 0.000435324 |
| 13718.7 | 0.000443762 |
| 13719.8 | 0.000452188 |
| 13720.9 | 0.000460498 |
| 13722.0 | 0.000468922 |
| 13723.1 | 0.000477333 |
| 13724.3 | 0.000485753 |
| 13725.4 | 0.000494174 |
| 13726.5 |  0.00050259 |
| 13727.6 | 0.000511002 |
| 13728.7 | 0.000519409 |
| 13729.8 | 0.000527701 |
| 13730.9 | 0.000536098 |
| 13732.0 | 0.000544498 |
| 13733.2 | 0.000552886 |
| 13734.3 | 0.000561277 |
| 13735.4 | 0.000569663 |
| 13736.5 | 0.000578043 |
| 13737.6 | 0.000586302 |
| 13738.7 | 0.000594674 |
| 13739.9 | 0.000603158 |
| 13741.0 | 0.000611451 |
| 13742.1 | 0.000619873 |
| 13743.2 | 0.000628285 |
| 13744.3 | 0.000638188 |
| 13745.4 | 0.000649604 |
| 13746.5 | 0.000660858 |
| 13747.7 | 0.000672266 |
| 13748.8 |  0.00068367 |
| 13749.9 |  0.00069507 |
| 13751.0 | 0.000706407 |
| 13752.1 | 0.000717731 |
| 13753.2 | 0.000729049 |
| 13754.3 | 0.000740361 |
| 13755.5 | 0.000751676 |
| 13756.6 | 0.000762974 |
| 13757.7 | 0.000774277 |
| 13758.8 | 0.000785414 |
| 13759.9 | 0.000796703 |
| 13761.0 | 0.000807986 |
| 13762.2 | 0.000819262 |
| 13763.3 | 0.000830375 |
| 13764.4 | 0.000853886 |
| 13765.5 | 0.000886367 |
| 13766.6 | 0.000918404 |
| 13767.7 | 0.000950848 |
| 13768.9 | 0.000983302 |
| 13770.0 |  0.00101571 |
| 13771.1 |  0.00104813 |
| 13772.2 |  0.00108052 |
| 13773.3 |  0.00111291 |
| 13774.5 |  0.00114527 |
| 13775.6 |  0.00117716 |
| 13776.7 |  0.00120994 |
| 13777.8 |  0.00124224 |
| 13778.9 |  0.00127411 |
| 13780.0 |  0.00130638 |
| 13781.2 |  0.00133866 |
| 13782.3 |  0.00137092 |
| 13783.4 |  0.00140314 |
| 13784.5 |  0.00143695 |
| 13785.6 |  0.00147224 |
| 13786.7 |  0.00150751 |
| 13787.9 |  0.00154276 |
| 13789.0 |  0.00157799 |
| 13790.1 |   0.0016132 |
| 13791.2 |  0.00164838 |
| 13792.3 |  0.00168358 |
| 13793.5 |  0.00171873 |
| 13794.6 |  0.00175389 |
| 13795.7 |  0.00178854 |
| 13796.8 |  0.00182366 |
| 13797.9 |  0.00185876 |
| 13799.0 |  0.00189384 |
| 13800.2 |  0.00192891 |
| 13801.3 |  0.00196408 |
| 13802.4 |  0.00199926 |
| 13803.5 |   0.0020344 |
| 13804.6 |  0.00207328 |
| 13805.8 |  0.00211387 |
| 13806.9 |   0.0021544 |
| 13808.0 |  0.00219496 |
| 13809.1 |   0.0022355 |
| 13810.2 |  0.00227601 |
| 13811.4 |  0.00231651 |
| 13812.5 |    0.002357 |
| 13813.6 |  0.00239746 |
| 13814.7 |  0.00243794 |
| 13815.9 |  0.00247837 |
| 13817.0 |  0.00251826 |
| 13818.1 |  0.00255868 |
| 13819.2 |  0.00259906 |
| 13820.3 |  0.00263945 |
| 13821.5 |  0.00267927 |
| 13822.6 |  0.00271962 |
| 13823.7 |     0.00276 |
| 13824.8 |  0.00283916 |
| 13825.9 |  0.00292152 |
| 13827.1 |  0.00300383 |
| 13828.2 |  0.00308618 |
| 13829.3 |  0.00316842 |
| 13830.4 |  0.00325126 |
| 13831.6 |    0.003335 |
| 13832.7 |   0.0034187 |
| 13833.8 |  0.00350143 |
| 13834.9 |  0.00358528 |
| 13836.0 |  0.00366918 |
| 13837.2 |  0.00375311 |
| 13838.3 |  0.00383707 |
| 13839.4 |  0.00392115 |
| 13840.5 |   0.0040052 |
| 13841.7 |  0.00408935 |
| 13842.8 |  0.00417237 |
| 13843.9 |  0.00426233 |
| 13845.0 |  0.00440545 |
| 13846.1 |  0.00454875 |
| 13847.3 |  0.00469212 |
| 13848.4 |  0.00483568 |
| 13849.5 |  0.00497917 |
| 13850.6 |  0.00512113 |
| 13851.8 |  0.00526712 |
| 13852.9 |  0.00541146 |
| 13854.0 |  0.00555588 |
| 13855.1 |  0.00569839 |
| 13856.3 |  0.00584287 |
| 13857.4 |  0.00598757 |
| 13858.5 |  0.00613236 |
| 13859.6 |  0.00627536 |
| 13860.8 |  0.00641994 |
| 13861.9 |  0.00656438 |
| 13863.0 |  0.00670902 |
| 13864.1 |  0.00688295 |
| 13865.2 |  0.00712627 |
| 13866.4 |  0.00736991 |
| 13867.5 |  0.00761366 |
| 13868.6 |  0.00785752 |
| 13869.8 |  0.00810149 |
| 13870.9 |  0.00834557 |
| 13872.0 |  0.00858637 |
| 13873.1 |  0.00883067 |
| 13874.2 |  0.00907508 |
| 13875.4 |  0.00931981 |
| 13876.5 |  0.00956443 |
| 13877.6 |  0.00980938 |
| 13878.8 |   0.0100542 |
| 13879.9 |   0.0102994 |
| 13881.0 |   0.0105413 |
| 13882.1 |   0.0107867 |
| 13883.3 |   0.0110322 |
| 13884.4 |   0.0113675 |
| 13885.5 |   0.0117844 |
| 13886.6 |   0.0122015 |
| 13887.8 |   0.0126188 |
| 13888.9 |   0.0130366 |
| 13890.0 |   0.0134547 |
| 13891.2 |   0.0138725 |
| 13892.3 |   0.0142852 |
| 13893.4 |   0.0147037 |
| 13894.5 |   0.0151225 |
| 13895.7 |   0.0155415 |
| 13896.8 |   0.0159607 |
| 13897.9 |   0.0163746 |
| 13899.0 |   0.0167941 |
| 13900.2 |   0.0172142 |
| 13901.3 |   0.0176341 |
| 13902.4 |   0.0180545 |
| 13903.5 |   0.0184752 |
| 13904.7 |   0.0191809 |
| 13905.8 |   0.0199708 |
| 13906.9 |   0.0207611 |
| 13908.1 |   0.0215518 |
| 13909.2 |   0.0223435 |
| 13910.3 |   0.0231239 |
| 13911.4 |   0.0239163 |
| 13912.6 |   0.0247083 |
| 13913.7 |   0.0255014 |
| 13914.8 |   0.0262942 |
| 13916.0 |    0.027088 |
| 13917.1 |   0.0278822 |
| 13918.2 |   0.0286657 |
| 13919.3 |   0.0294606 |
| 13920.5 |   0.0302558 |
| 13921.6 |   0.0310521 |
| 13922.7 |    0.031848 |
| 13923.9 |   0.0326919 |
| 13925.0 |   0.0344401 |
| 13926.1 |   0.0361875 |
| 13927.3 |   0.0379373 |
| 13928.4 |   0.0396879 |
| 13929.5 |   0.0414392 |
| 13930.6 |   0.0431671 |
| 13931.8 |     0.04492 |
| 13932.9 |   0.0466737 |
| 13934.0 |   0.0484282 |
| 13935.2 |    0.050185 |
| 13936.3 |   0.0519182 |
| 13937.4 |   0.0536751 |
| 13938.6 |   0.0554569 |
| 13939.7 |   0.0571926 |
| 13940.8 |   0.0589533 |
| 13941.9 |   0.0607148 |
| 13943.1 |    0.062477 |
| 13944.2 |   0.0646596 |
| 13945.3 |   0.0676139 |
| 13946.5 |   0.0705719 |
| 13947.6 |    0.073488 |
| 13948.7 |   0.0764488 |
| 13949.9 |   0.0794082 |
| 13951.0 |   0.0823716 |
| 13952.1 |   0.0853363 |
| 13953.3 |   0.0883023 |
| 13954.4 |   0.0912697 |
| 13955.5 |   0.0942383 |
| 13956.7 |   0.0971674 |
| 13957.8 |    0.100139 |
| 13958.9 |    0.103114 |
| 13960.0 |    0.106088 |
| 13961.2 |    0.109066 |
| 13962.3 |    0.112043 |
| 13963.5 |    0.115023 |
| 13964.6 |    0.119415 |
| 13965.7 |    0.124476 |
| 13966.9 |     0.12954 |
| 13968.0 |    0.134605 |
| 13969.1 |    0.139604 |
| 13970.2 |    0.144674 |
| 13971.4 |    0.149751 |
| 13972.5 |    0.154825 |
| 13973.6 |    0.159837 |
| 13974.8 |     0.16492 |
| 13975.9 |    0.170002 |
| 13977.0 |     0.17509 |
| 13978.2 |    0.180181 |
| 13979.3 |    0.185273 |
| 13980.5 |    0.190368 |
| 13981.6 |    0.195466 |
| 13982.7 |    0.200569 |
| 13983.9 |    0.205725 |
| 13985.0 |    0.212511 |
| 13986.1 |    0.219201 |
| 13987.2 |    0.225994 |
| 13988.4 |    0.232789 |
| 13989.5 |    0.239588 |
| 13990.7 |    0.246389 |
| 13991.8 |    0.253194 |
| 13992.9 |    0.260002 |
| 13994.1 |    0.266813 |
| 13995.2 |    0.273539 |
| 13996.3 |    0.280355 |
| 13997.5 |    0.287181 |
| 13998.6 |    0.294004 |
| 13999.7 |    0.300835 |
| 14000.9 |    0.307644 |
| 14002.0 |    0.314446 |
| 14003.2 |     0.32125 |
| 14004.3 |    0.327495 |
| 14005.4 |    0.332938 |
| 14006.5 |    0.338311 |
| 14007.7 |    0.343756 |
| 14008.8 |    0.349203 |
| 14010.0 |    0.354655 |
| 14011.1 |    0.360108 |
| 14012.2 |    0.365487 |
| 14013.4 |    0.370943 |
| 14014.5 |     0.37647 |
| 14015.7 |    0.381858 |
| 14016.8 |    0.387318 |
| 14017.9 |    0.392778 |
| 14019.1 |     0.39824 |
| 14020.2 |    0.403708 |
| 14021.3 |    0.409172 |
| 14022.5 |    0.414642 |
| 14023.6 |    0.420109 |
| 14024.7 |    0.423906 |
| 14025.9 |    0.427375 |
| 14027.0 |    0.430893 |
| 14028.2 |    0.434316 |
| 14029.3 |    0.437791 |
| 14030.4 |    0.441263 |
| 14031.6 |    0.444736 |
| 14032.7 |    0.448166 |
| 14033.8 |     0.45164 |
| 14035.0 |    0.455119 |
| 14036.1 |    0.458598 |
| 14037.3 |    0.462078 |
| 14038.4 |    0.465559 |
| 14039.5 |     0.46904 |
| 14040.7 |    0.472523 |
| 14041.8 |    0.476006 |
| 14043.0 |     0.47949 |
| 14044.1 |    0.482421 |
| 14045.2 |    0.483585 |
| 14046.4 |    0.484766 |
| 14047.5 |    0.485948 |
| 14048.7 |     0.48713 |
| 14049.8 |    0.488311 |
| 14050.9 |    0.489478 |
| 14052.1 |    0.490676 |
| 14053.2 |     0.49186 |
| 14054.4 |    0.493027 |
| 14055.5 |    0.494211 |
| 14056.6 |    0.495395 |
| 14057.8 |    0.496579 |
| 14058.9 |    0.497765 |
| 14060.1 |     0.49895 |
| 14061.2 |    0.500136 |
| 14062.3 |    0.501322 |
| 14063.5 |    0.502492 |
| 14064.6 |    0.503027 |
| 14065.8 |    0.503259 |
| 14066.9 |    0.503485 |
| 14068.0 |    0.503714 |
| 14069.2 |    0.503943 |
| 14070.3 |    0.504186 |
| 14071.5 |    0.504458 |
| 14072.6 |    0.504735 |
| 14073.8 |    0.505011 |
| 14074.9 |    0.505288 |
| 14076.0 |    0.505565 |
| 14077.2 |    0.505841 |
| 14078.3 |    0.506118 |
| 14079.5 |    0.506395 |
| 14080.6 |    0.506647 |
| 14081.8 |    0.506877 |
| 14082.9 |    0.507107 |
| 14084.0 |    0.507295 |
| 14085.2 |    0.507282 |
| 14086.3 |    0.507269 |
| 14087.5 |    0.507256 |
| 14088.6 |    0.507244 |
| 14089.7 |    0.507231 |
| 14090.9 |    0.507218 |
| 14092.0 |    0.507204 |
| 14093.2 |    0.507192 |
| 14094.3 |    0.507179 |
| 14095.5 |    0.507166 |
| 14096.6 |    0.507153 |
| 14097.8 |     0.50714 |
| 14098.9 |    0.507127 |
| 14100.0 |    0.507114 |
| 14101.2 |    0.507101 |
| 14102.3 |    0.507088 |
| 14103.5 |    0.507074 |
| 14104.6 |    0.507021 |
| 14105.8 |    0.506947 |
| 14106.9 |    0.506873 |
| 14108.0 |    0.506799 |
| 14109.2 |    0.506724 |
| 14110.3 |    0.506651 |
| 14111.5 |    0.506577 |
| 14112.6 |    0.506503 |
| 14113.8 |    0.506428 |
| 14114.9 |    0.506354 |
| 14116.1 |     0.50628 |
| 14117.2 |    0.506205 |
| 14118.3 |    0.506131 |
| 14119.5 |    0.506056 |
| 14120.7 |    0.505981 |
| 14121.8 |    0.505907 |
| 14122.9 |    0.505833 |
| 14124.1 |     0.50579 |
| 14125.2 |    0.505879 |
| 14126.4 |    0.505969 |
| 14127.5 |    0.506057 |
| 14128.7 |    0.506148 |
| 14129.8 |    0.506237 |
| 14131.0 |    0.506325 |
| 14132.1 |    0.506415 |
| 14133.2 |    0.506504 |
| 14134.4 |    0.506594 |
| 14135.5 |    0.506683 |
| 14136.7 |    0.506773 |
| 14137.8 |    0.506863 |
| 14139.0 |    0.506952 |
| 14140.1 |    0.507041 |
| 14141.3 |    0.507132 |
| 14142.4 |    0.507222 |
| 14143.6 |     0.50731 |
| 14144.7 |    0.507474 |
| 14145.9 |    0.507663 |
| 14147.0 |    0.507853 |
| 14148.2 |    0.508043 |
| 14149.3 |    0.508231 |
| 14150.5 |    0.508421 |
| 14151.6 |    0.508611 |
| 14152.8 |    0.508801 |
| 14153.9 |    0.508991 |
| 14155.0 |    0.509181 |
| 14156.2 |    0.509372 |
| 14157.3 |    0.509562 |
| 14158.5 |    0.509753 |
| 14159.7 |    0.509943 |
| 14160.8 |    0.510131 |
| 14161.9 |    0.510321 |
| 14163.1 |    0.510512 |
| 14164.2 |    0.510755 |
| 14165.4 |    0.511111 |
| 14166.5 |    0.511467 |
| 14167.7 |    0.511823 |
| 14168.8 |    0.512179 |
| 14170.0 |    0.512531 |
| 14171.1 |    0.512887 |
| 14172.3 |    0.513244 |
| 14173.4 |      0.5136 |
| 14174.6 |    0.513957 |
| 14175.7 |    0.514314 |
| 14176.9 |    0.514671 |
| 14178.0 |    0.515028 |
| 14179.2 |     0.51538 |
| 14180.3 |    0.515742 |
| 14181.5 |    0.516099 |
| 14182.6 |    0.516452 |
| 14183.8 |     0.51681 |
| 14184.9 |     0.51731 |
| 14186.1 |    0.517824 |
| 14187.2 |    0.518331 |
| 14188.4 |    0.518845 |
| 14189.5 |    0.519359 |
| 14190.7 |    0.519845 |
| 14191.8 |     0.52031 |
| 14193.0 |    0.520776 |
| 14194.1 |    0.521241 |
| 14195.3 |    0.521706 |
| 14196.5 |    0.522172 |
| 14197.6 |    0.522638 |
| 14198.8 |    0.523104 |
| 14199.9 |    0.523563 |
| 14201.0 |    0.524024 |
| 14202.2 |    0.524484 |
| 14203.4 |    0.524945 |
| 14204.5 |    0.525437 |
| 14205.7 |    0.525956 |
| 14206.8 |    0.526475 |
| 14208.0 |    0.526995 |
| 14209.1 |    0.527507 |
| 14210.3 |    0.528026 |
| 14211.4 |    0.528545 |
| 14212.6 |    0.529065 |
| 14213.7 |    0.529584 |
| 14214.9 |    0.530104 |
| 14216.0 |    0.530624 |
| 14217.2 |    0.531136 |
| 14218.3 |    0.531663 |
| 14219.5 |    0.532182 |
| 14220.6 |    0.532695 |
| 14221.8 |    0.533215 |
| 14223.0 |    0.533735 |
| 14224.1 |    0.534245 |
| 14225.3 |    0.534713 |
| 14226.4 |    0.535174 |
| 14227.6 |    0.535642 |
| 14228.7 |     0.53611 |
| 14229.9 |    0.536578 |
| 14231.0 |    0.537046 |
| 14232.2 |    0.537514 |
| 14233.3 |    0.537982 |
| 14234.5 |     0.53845 |
| 14235.7 |    0.538918 |
| 14236.8 |    0.539386 |
| 14238.0 |    0.539854 |
| 14239.1 |    0.540316 |
| 14240.3 |    0.540785 |
| 14241.4 |    0.541253 |
| 14242.6 |    0.541721 |
| 14243.7 |     0.54219 |
| 14244.9 |    0.542528 |
| 14246.1 |    0.542846 |
| 14247.2 |     0.54316 |
| 14248.3 |    0.543478 |
| 14249.5 |    0.543796 |
| 14250.7 |    0.544115 |
| 14251.8 |    0.544433 |
| 14253.0 |    0.544752 |
| 14254.1 |     0.54507 |
| 14255.3 |    0.545389 |
| 14256.5 |    0.545707 |
| 14257.6 |    0.546026 |
| 14258.8 |    0.546344 |
| 14259.9 |    0.546659 |
| 14261.1 |    0.546977 |
| 14262.2 |    0.547296 |
| 14263.4 |    0.547614 |
| 14264.6 |    0.547889 |
| 14265.7 |    0.548126 |
| 14266.9 |    0.548366 |
| 14268.0 |    0.548606 |
| 14269.2 |    0.548846 |
| 14270.3 |    0.549087 |
| 14271.5 |    0.549327 |
| 14272.7 |    0.549567 |
| 14273.8 |    0.549808 |
| 14275.0 |    0.550048 |
| 14276.1 |    0.550288 |
| 14277.3 |    0.550529 |
| 14278.4 |    0.550766 |
| 14279.6 |    0.551006 |
| 14280.8 |    0.551247 |
| 14281.9 |    0.551488 |
| 14283.1 |    0.551728 |
| 14284.2 |    0.551914 |
| 14285.4 |    0.551968 |
| 14286.5 |    0.552021 |
| 14287.7 |    0.552075 |
| 14288.9 |    0.552129 |
| 14290.0 |    0.552182 |
| 14291.2 |    0.552236 |
| 14292.3 |     0.55229 |
| 14293.5 |    0.552344 |
| 14294.7 |    0.552397 |
| 14295.8 |    0.552451 |
| 14297.0 |    0.552505 |
| 14298.2 |    0.552559 |
| 14299.3 |    0.552612 |
| 14300.5 |    0.552665 |
| 14301.6 |    0.552719 |
| 14302.8 |    0.552773 |
| 14303.9 |    0.552825 |
| 14305.1 |    0.552833 |
| 14306.3 |    0.552841 |
| 14307.4 |    0.552849 |
| 14308.6 |    0.552856 |
| 14309.8 |    0.552865 |
| 14310.9 |    0.552872 |
| 14312.1 |     0.55288 |
| 14313.2 |    0.552888 |
| 14314.4 |    0.552896 |
| 14315.6 |    0.552904 |
| 14316.7 |    0.552912 |
| 14317.9 |    0.552919 |
| 14319.0 |    0.552927 |
| 14320.2 |    0.552935 |
| 14321.4 |    0.552943 |
| 14322.5 |    0.552951 |
| 14323.7 |    0.552958 |
| 14324.9 |    0.552977 |
| 14326.0 |    0.552998 |
| 14327.2 |    0.553019 |
| 14328.3 |     0.55304 |
| 14329.5 |    0.553061 |
| 14330.7 |    0.553082 |
| 14331.8 |    0.553103 |
| 14333.0 |    0.553124 |
| 14334.2 |    0.553145 |
| 14335.3 |    0.553166 |
| 14336.5 |    0.553187 |
| 14337.7 |    0.553208 |
| 14338.8 |    0.553229 |
| 14340.0 |     0.55325 |
| 14341.1 |    0.553271 |
| 14342.3 |    0.553292 |
| 14343.4 |    0.553312 |
| 14344.6 |    0.553328 |
| 14345.8 |    0.553339 |
| 14346.9 |     0.55335 |
| 14348.1 |    0.553361 |
| 14349.3 |    0.553372 |
| 14350.4 |    0.553383 |
| 14351.6 |    0.553395 |
| 14352.8 |    0.553406 |
| 14353.9 |    0.553417 |
| 14355.1 |    0.553428 |
| 14356.2 |    0.553439 |
| 14357.4 |     0.55345 |
| 14358.6 |    0.553461 |
| 14359.8 |    0.553473 |
| 14360.9 |    0.553484 |
| 14362.1 |    0.553495 |
| 14363.2 |    0.553506 |
| 14364.4 |    0.553541 |
| 14365.6 |    0.553607 |
| 14366.7 |    0.553674 |
| 14367.9 |    0.553742 |
| 14369.1 |    0.553809 |
| 14370.2 |    0.553876 |
| 14371.4 |    0.553943 |
| 14372.6 |    0.554011 |
| 14373.7 |    0.554078 |
| 14374.9 |    0.554145 |
| 14376.1 |    0.554212 |
| 14377.2 |    0.554279 |
| 14378.4 |    0.554346 |
| 14379.6 |    0.554413 |
| 14380.7 |    0.554481 |
| 14381.9 |    0.554548 |
| 14383.1 |    0.554614 |
| 14384.2 |    0.554684 |
| 14385.4 |    0.554762 |
| 14386.6 |    0.554838 |
| 14387.7 |    0.554916 |
| 14388.9 |    0.554993 |
| 14390.1 |    0.555067 |
| 14391.2 |    0.555091 |
| 14392.4 |    0.555116 |
| 14393.6 |     0.55514 |
| 14394.8 |    0.555164 |
| 14395.9 |    0.555188 |
| 14397.1 |    0.555212 |
| 14398.3 |    0.555236 |
| 14399.4 |     0.55526 |
| 14400.6 |    0.555304 |
| 14401.8 |    0.555369 |
| 14402.9 |    0.555434 |
| 14404.1 |    0.555494 |
| 14405.2 |    0.555526 |
| 14406.4 |    0.555558 |
| 14407.6 |     0.55559 |
| 14408.8 |    0.555622 |
| 14409.9 |    0.555654 |
| 14411.1 |    0.555686 |
| 14412.3 |    0.555718 |
| 14413.4 |     0.55575 |
| 14414.6 |    0.555781 |
| 14415.8 |    0.555813 |
| 14416.9 |    0.555845 |
| 14418.1 |    0.555877 |
| 14419.3 |    0.555909 |
| 14420.5 |    0.555941 |
| 14421.6 |    0.555973 |
| 14422.8 |    0.556004 |
| 14424.0 |    0.556036 |
| 14425.1 |    0.556055 |
| 14426.3 |    0.556073 |
| 14427.5 |    0.556092 |
| 14428.6 |    0.556111 |
| 14429.8 |    0.556129 |
| 14431.0 |    0.556148 |
| 14432.2 |    0.556167 |
| 14433.3 |    0.556185 |
| 14434.5 |    0.556204 |
| 14435.7 |    0.556222 |
| 14436.8 |    0.556241 |
| 14438.0 |     0.55626 |
| 14439.2 |    0.556279 |
| 14440.3 |    0.556297 |
| 14441.5 |    0.556316 |
| 14442.7 |    0.556335 |
| 14443.9 |    0.556353 |
| 14445.0 |    0.556366 |
| 14446.2 |    0.556378 |
| 14447.4 |     0.55639 |
| 14448.5 |    0.556402 |
| 14449.7 |    0.556414 |
| 14450.9 |    0.556426 |
| 14452.1 |    0.556438 |
| 14453.2 |     0.55645 |
| 14454.4 |    0.556462 |
| 14455.6 |    0.556474 |
| 14456.8 |    0.556486 |
| 14457.9 |    0.556498 |
| 14459.1 |     0.55651 |
| 14460.3 |    0.556522 |
| 14461.4 |    0.556534 |
| 14462.6 |    0.556546 |
| 14463.8 |    0.556558 |
| 14465.0 |     0.55647 |
| 14466.1 |    0.556366 |
| 14467.3 |    0.556262 |
| 14468.5 |    0.556158 |
| 14469.7 |    0.556054 |
| 14470.8 |     0.55595 |
| 14472.0 |    0.555846 |
| 14473.2 |    0.555742 |
| 14474.4 |    0.555639 |
| 14475.5 |    0.555535 |
| 14476.7 |    0.555431 |
| 14477.9 |    0.555327 |
| 14479.1 |    0.555223 |
| 14480.2 |    0.555119 |
| 14481.4 |    0.555015 |
| 14482.6 |    0.554911 |
| 14483.8 |    0.554808 |
| 14484.9 |    0.554674 |
| 14486.1 |    0.554533 |
| 14487.3 |    0.554393 |
| 14488.5 |    0.554252 |
| 14489.6 |    0.554111 |
| 14490.8 |    0.553971 |
| 14492.0 |     0.55383 |
| 14493.2 |    0.553689 |
| 14494.3 |    0.553549 |
| 14495.5 |    0.553408 |
| 14496.7 |    0.553269 |
| 14497.9 |    0.553128 |
| 14499.0 |    0.552988 |
| 14500.2 |    0.552843 |
| 14501.4 |    0.552681 |
| 14502.6 |    0.552515 |
| 14503.8 |    0.552352 |
| 14504.9 |    0.552155 |
| 14506.1 |    0.551949 |
| 14507.3 |    0.551742 |
| 14508.5 |    0.551535 |
| 14509.6 |    0.551328 |
| 14510.8 |    0.551158 |
| 14512.0 |    0.551005 |
| 14513.2 |    0.550851 |
| 14514.3 |    0.550699 |
| 14515.5 |    0.550546 |
| 14516.7 |     0.55039 |
| 14517.9 |    0.550238 |
| 14519.0 |    0.550085 |
| 14520.2 |    0.549931 |
| 14521.4 |    0.549777 |
| 14522.6 |    0.549623 |
| 14523.8 |    0.549471 |
| 14524.9 |    0.549344 |
| 14526.1 |    0.549224 |
| 14527.3 |    0.549103 |
| 14528.5 |    0.548983 |
| 14529.7 |    0.548862 |
| 14530.8 |    0.548741 |
| 14532.0 |    0.548621 |
| 14533.2 |      0.5485 |
| 14534.4 |    0.548379 |
| 14535.5 |     0.54826 |
| 14536.7 |    0.548139 |
| 14537.9 |    0.548018 |
| 14539.1 |    0.547897 |
| 14540.3 |    0.547777 |
| 14541.4 |    0.547657 |
| 14542.6 |    0.547535 |
| 14543.8 |    0.547414 |
| 14545.0 |      0.5473 |
| 14546.2 |    0.547185 |
| 14547.3 |    0.547072 |
| 14548.5 |    0.546957 |
| 14549.7 |    0.546843 |
| 14550.9 |    0.546728 |
| 14552.1 |    0.546614 |
| 14553.2 |      0.5465 |
| 14554.4 |    0.546387 |
| 14555.6 |    0.546271 |
| 14556.8 |    0.546156 |
| 14558.0 |    0.546043 |
| 14559.2 |    0.545929 |
| 14560.3 |    0.545814 |
| 14561.5 |      0.5457 |
| 14562.7 |    0.545587 |
| 14563.9 |    0.545472 |
| 14565.0 |    0.545415 |
| 14566.2 |    0.545364 |
| 14567.4 |    0.545312 |
| 14568.6 |    0.545261 |
| 14569.8 |     0.54521 |
| 14571.0 |    0.545116 |
| 14572.2 |    0.545012 |
| 14573.3 |    0.544908 |
| 14574.5 |    0.544804 |
| 14575.7 |    0.544701 |
| 14576.9 |    0.544597 |
| 14578.1 |    0.544493 |
| 14579.2 |    0.544389 |
| 14580.4 |    0.544304 |
| 14581.6 |    0.544253 |
| 14582.8 |    0.544202 |
| 14584.0 |     0.54415 |
| 14585.2 |    0.544195 |
| 14586.3 |    0.544241 |
| 14587.5 |    0.544287 |
| 14588.7 |    0.544332 |
| 14589.9 |    0.544378 |
| 14591.1 |    0.544424 |
| 14592.3 |     0.54447 |
| 14593.4 |    0.544515 |
| 14594.6 |    0.544561 |
| 14595.8 |    0.544608 |
| 14597.0 |    0.544653 |
| 14598.2 |    0.544699 |
| 14599.4 |    0.544745 |
| 14600.5 |    0.544787 |
| 14601.7 |    0.544826 |
| 14602.9 |    0.544864 |
| 14604.1 |     0.54491 |
| 14605.3 |    0.545033 |
| 14606.5 |    0.545155 |
| 14607.7 |    0.545278 |
| 14608.8 |      0.5454 |
| 14610.0 |    0.545523 |
| 14611.2 |    0.545646 |
| 14612.4 |    0.545768 |
| 14613.6 |    0.545891 |
| 14614.8 |    0.546014 |
| 14615.9 |    0.546135 |
| 14617.1 |    0.546258 |
| 14618.3 |    0.546381 |
| 14619.5 |    0.546503 |
| 14620.7 |    0.546624 |
| 14621.9 |    0.546749 |
| 14623.1 |    0.546872 |
| 14624.3 |    0.547002 |
| 14625.4 |    0.547157 |
| 14626.6 |    0.547313 |
| 14627.8 |    0.547469 |
| 14629.0 |    0.547626 |
| 14630.2 |    0.547783 |
| 14631.4 |    0.547939 |
| 14632.6 |    0.548096 |
| 14633.7 |     0.54825 |
| 14634.9 |    0.548409 |
| 14636.1 |    0.548566 |
| 14637.3 |     0.54872 |
| 14638.5 |    0.548877 |
| 14639.7 |    0.549034 |
| 14640.9 |    0.549151 |
| 14642.1 |    0.549254 |
| 14643.2 |    0.549356 |
| 14644.4 |    0.549472 |
| 14645.6 |    0.549613 |
| 14646.8 |    0.549752 |
| 14648.0 |    0.549893 |
| 14649.2 |    0.550033 |
| 14650.4 |     0.55019 |
| 14651.6 |    0.550384 |
| 14652.8 |    0.550578 |
| 14654.0 |    0.550771 |
| 14655.1 |    0.550963 |
| 14656.3 |    0.551157 |
| 14657.5 |     0.55135 |
| 14658.7 |    0.551544 |
| 14659.9 |    0.551739 |
| 14661.1 |    0.551932 |
| 14662.3 |    0.552127 |
| 14663.5 |     0.55232 |
| 14664.7 |    0.552491 |
| 14665.8 |    0.552639 |
| 14667.0 |     0.55279 |
| 14668.2 |     0.55294 |
| 14669.4 |    0.553091 |
| 14670.6 |    0.553241 |
| 14671.8 |    0.553391 |
| 14673.0 |     0.55354 |
| 14674.2 |    0.553692 |
| 14675.4 |    0.553843 |
| 14676.5 |    0.553991 |
| 14677.7 |    0.554142 |
| 14678.9 |    0.554292 |
| 14680.1 |    0.554443 |
| 14681.3 |    0.554593 |
| 14682.5 |    0.554744 |
| 14683.7 |    0.554892 |
| 14684.9 |    0.554997 |
| 14686.1 |    0.555084 |
| 14687.3 |     0.55517 |
| 14688.5 |    0.555256 |
| 14689.6 |    0.555343 |
| 14690.8 |     0.55543 |
| 14692.0 |    0.555516 |
| 14693.2 |    0.555603 |
| 14694.4 |    0.555689 |
| 14695.6 |    0.555775 |
| 14696.8 |    0.555861 |
| 14698.0 |    0.555948 |
| 14699.2 |    0.556035 |
| 14700.4 |    0.556104 |
| 14701.6 |    0.556136 |
| 14702.8 |    0.556168 |
| 14704.0 |    0.556201 |
| 14705.1 |    0.556137 |
| 14706.3 |    0.556068 |
| 14707.5 |    0.555999 |
| 14708.7 |    0.555929 |
| 14709.9 |     0.55586 |
| 14711.1 |    0.555842 |
| 14712.3 |    0.555827 |
| 14713.5 |    0.555812 |
| 14714.7 |    0.555797 |
| 14715.9 |    0.555782 |
| 14717.1 |    0.555768 |
| 14718.3 |    0.555753 |
| 14719.5 |    0.555738 |
| 14720.7 |    0.555723 |
| 14721.9 |    0.555709 |
| 14723.0 |    0.555694 |
| 14724.2 |    0.555664 |
| 14725.4 |    0.555561 |
| 14726.6 |    0.555458 |
| 14727.8 |    0.555355 |
| 14729.0 |    0.555252 |
| 14730.2 |    0.555149 |
| 14731.4 |    0.555046 |
| 14732.6 |    0.554943 |
| 14733.8 |     0.55484 |
| 14735.0 |    0.554737 |
| 14736.2 |    0.554636 |
| 14737.4 |    0.554533 |
| 14738.6 |     0.55443 |
| 14739.8 |    0.554327 |
| 14741.0 |    0.554224 |
| 14742.2 |    0.554121 |
| 14743.4 |    0.554018 |
| 14744.6 |    0.553887 |
| 14745.8 |    0.553725 |
| 14747.0 |    0.553561 |
| 14748.2 |    0.553397 |
| 14749.3 |    0.553233 |
| 14750.5 |    0.553044 |
| 14751.7 |    0.552826 |
| 14752.9 |    0.552606 |
| 14754.1 |    0.552388 |
| 14755.3 |    0.552169 |
| 14756.5 |    0.551951 |
| 14757.7 |    0.551735 |
| 14758.9 |    0.551516 |
| 14760.1 |    0.551303 |
| 14761.3 |    0.551139 |
| 14762.5 |    0.550974 |
| 14763.7 |    0.550812 |
| 14764.9 |    0.550547 |
| 14766.1 |    0.550244 |
| 14767.3 |     0.54994 |
| 14768.5 |    0.549636 |
| 14769.7 |    0.549332 |
| 14770.9 |    0.549029 |
| 14772.1 |    0.548725 |
| 14773.3 |    0.548421 |
| 14774.5 |    0.548117 |
| 14775.7 |    0.547817 |
| 14776.9 |    0.547513 |
| 14778.1 |    0.547209 |
| 14779.3 |    0.546905 |
| 14780.5 |    0.546601 |
| 14781.7 |    0.546296 |
| 14782.9 |    0.545992 |
| 14784.1 |     0.54569 |
| 14785.3 |    0.545437 |
| 14786.5 |    0.545187 |
| 14787.7 |    0.544934 |
| 14788.9 |     0.54468 |
| 14790.1 |    0.544423 |
| 14791.3 |    0.544116 |
| 14792.5 |    0.543809 |
| 14793.7 |    0.543501 |
| 14794.9 |    0.543195 |
| 14796.1 |    0.542887 |
| 14797.3 |     0.54258 |
| 14798.5 |    0.542277 |
| 14799.7 |     0.54197 |
| 14800.9 |    0.541697 |
| 14802.1 |    0.541437 |
| 14803.3 |    0.541177 |
| 14804.5 |    0.540924 |
| 14805.7 |    0.540674 |
| 14806.9 |    0.540424 |
| 14808.1 |    0.540174 |
| 14809.3 |    0.539924 |
| 14810.5 |    0.539674 |
| 14811.7 |    0.539424 |
| 14812.9 |    0.539173 |
| 14814.1 |    0.538923 |
| 14815.3 |    0.538673 |
| 14816.5 |    0.538426 |
| 14817.7 |    0.538176 |
| 14818.9 |    0.537925 |
| 14820.1 |    0.537675 |
| 14821.3 |    0.537425 |
| 14822.5 |    0.537174 |
| 14823.7 |    0.536924 |
| 14824.9 |    0.536688 |
| 14826.1 |    0.536461 |
| 14827.3 |    0.536231 |
| 14828.5 |    0.536001 |
| 14829.7 |    0.535771 |
| 14830.9 |      0.5355 |
| 14832.1 |    0.535217 |
| 14833.3 |    0.534934 |
| 14834.5 |     0.53465 |
| 14835.8 |    0.534367 |
| 14837.0 |    0.534084 |
| 14838.1 |    0.533805 |
| 14839.3 |    0.533522 |
| 14840.5 |    0.533263 |
| 14841.8 |    0.533033 |
| 14843.0 |    0.532802 |
| 14844.2 |    0.532585 |
| 14845.4 |    0.532489 |
| 14846.6 |    0.532392 |
| 14847.8 |    0.532294 |
| 14849.0 |    0.532198 |
| 14850.2 |      0.5321 |
| 14851.4 |    0.532003 |
| 14852.6 |    0.531906 |
| 14853.8 |    0.531809 |
| 14855.0 |    0.531711 |
| 14856.2 |    0.531614 |
| 14857.4 |    0.531518 |
| 14858.6 |    0.531421 |
| 14859.8 |    0.531324 |
| 14861.0 |    0.531226 |
| 14862.2 |    0.531129 |
| 14863.5 |    0.531031 |
| 14864.7 |    0.530969 |
| 14865.9 |    0.530944 |
| 14867.1 |    0.530918 |
| 14868.3 |    0.530893 |
| 14869.5 |    0.530867 |
| 14870.7 |    0.530812 |
| 14871.9 |    0.530734 |
| 14873.1 |    0.530655 |
| 14874.3 |    0.530577 |
| 14875.5 |    0.530498 |
| 14876.7 |     0.53042 |
| 14877.9 |    0.530342 |
| 14879.1 |    0.530264 |
| 14880.3 |      0.5302 |
| 14881.5 |    0.530175 |
| 14882.8 |    0.530149 |
| 14884.0 |    0.530123 |
| 14885.2 |    0.530175 |
| 14886.4 |    0.530235 |
| 14887.6 |    0.530296 |
| 14888.8 |    0.530356 |
| 14890.0 |    0.530415 |
| 14891.2 |    0.530475 |
| 14892.4 |    0.530535 |
| 14893.6 |    0.530594 |
| 14894.8 |    0.530654 |
| 14896.0 |    0.530715 |
| 14897.2 |    0.530774 |
| 14898.5 |    0.530834 |
| 14899.7 |    0.530893 |
| 14900.9 |    0.530954 |
| 14902.1 |    0.531013 |
| 14903.3 |    0.531073 |
| 14904.5 |    0.531165 |
| 14905.7 |    0.531314 |
| 14906.9 |    0.531463 |
| 14908.1 |     0.53161 |
| 14909.3 |    0.531759 |
| 14910.5 |    0.531885 |
| 14911.8 |    0.531981 |
| 14913.0 |    0.532077 |
| 14914.2 |    0.532173 |
| 14915.4 |    0.532269 |
| 14916.6 |    0.532365 |
| 14917.8 |    0.532461 |
| 14919.0 |    0.532557 |
| 14920.2 |    0.532661 |
| 14921.4 |     0.53281 |
| 14922.6 |     0.53296 |
| 14923.9 |    0.533109 |
| 14925.1 |    0.533277 |
| 14926.3 |    0.533448 |
| 14927.5 |    0.533622 |
| 14928.7 |    0.533797 |
| 14929.9 |    0.533968 |
| 14931.1 |    0.534142 |
| 14932.3 |    0.534315 |
| 14933.5 |    0.534488 |
| 14934.8 |    0.534662 |
| 14936.0 |    0.534835 |
| 14937.2 |    0.535008 |
| 14938.4 |     0.53518 |
| 14939.6 |    0.535353 |
| 14940.8 |    0.535527 |
| 14942.0 |      0.5357 |
| 14943.2 |    0.535874 |
| 14944.5 |     0.53607 |
| 14945.7 |    0.536319 |
| 14946.9 |    0.536569 |
| 14948.1 |    0.536817 |
| 14949.3 |    0.537063 |
| 14950.5 |     0.53729 |
| 14951.7 |    0.537486 |
| 14952.9 |    0.537681 |
| 14954.2 |    0.537876 |
| 14955.4 |    0.538072 |
| 14956.6 |    0.538267 |
| 14957.8 |    0.538462 |
| 14959.0 |    0.538657 |
| 14960.2 |    0.538863 |
| 14961.4 |    0.539109 |
| 14962.6 |    0.539358 |
| 14963.9 |    0.539608 |
| 14965.1 |    0.539851 |
| 14966.3 |    0.540094 |
| 14967.5 |    0.540333 |
| 14968.7 |    0.540579 |
| 14969.9 |    0.540821 |
| 14971.1 |    0.541061 |
| 14972.3 |    0.541303 |
| 14973.6 |    0.541546 |
| 14974.8 |    0.541789 |
| 14976.0 |    0.542032 |
| 14977.2 |    0.542274 |
| 14978.4 |    0.542517 |
| 14979.6 |    0.542757 |
| 14980.9 |    0.542961 |
| 14982.1 |    0.543152 |
| 14983.3 |    0.543338 |
| 14984.5 |    0.543516 |
| 14985.7 |    0.543677 |
| 14986.9 |    0.543838 |
| 14988.2 |    0.543998 |
| 14989.4 |    0.544156 |
| 14990.6 |    0.544343 |
| 14991.8 |    0.544559 |
| 14993.0 |    0.544774 |
| 14994.2 |    0.544989 |
| 14995.5 |    0.545205 |
| 14996.7 |     0.54542 |
| 14997.9 |    0.545636 |
| 14999.1 |    0.545852 |
| 15000.3 |    0.546058 |
| 15001.5 |    0.546239 |
| 15002.8 |    0.546423 |
| 15004.0 |    0.546607 |
| 15005.2 |    0.546769 |
| 15006.4 |    0.546928 |
| 15007.6 |    0.547088 |
| 15008.8 |    0.547247 |
| 15010.1 |    0.547404 |
| 15011.3 |    0.547508 |
| 15012.5 |    0.547611 |
| 15013.7 |    0.547715 |
| 15014.9 |    0.547819 |
| 15016.2 |    0.547924 |
| 15017.4 |    0.548028 |
| 15018.6 |    0.548132 |
| 15019.8 |    0.548236 |
| 15021.0 |    0.548384 |
| 15022.2 |    0.548546 |
| 15023.5 |    0.548705 |
| 15024.7 |     0.54885 |
| 15025.9 |    0.548981 |
| 15027.1 |    0.549113 |
| 15028.3 |    0.549245 |
| 15029.6 |    0.549377 |
| 15030.8 |    0.549507 |
| 15032.0 |    0.549639 |
| 15033.2 |     0.54977 |
| 15034.4 |    0.549902 |
| 15035.7 |    0.550034 |
| 15036.9 |    0.550166 |
| 15038.1 |    0.550298 |
| 15039.3 |    0.550429 |
| 15040.5 |    0.550537 |
| 15041.8 |    0.550613 |
| 15043.0 |    0.550688 |
| 15044.2 |     0.55076 |
| 15045.4 |    0.550771 |
| 15046.6 |    0.550781 |
| 15047.8 |    0.550792 |
| 15049.1 |    0.550802 |
| 15050.3 |    0.550826 |
| 15051.5 |    0.550893 |
| 15052.7 |    0.550958 |
| 15054.0 |    0.551024 |
| 15055.2 |     0.55109 |
| 15056.4 |    0.551157 |
| 15057.6 |    0.551223 |
| 15058.8 |    0.551289 |
| 15060.1 |    0.551355 |
| 15061.3 |    0.551421 |
| 15062.5 |    0.551487 |
| 15063.7 |    0.551554 |
| 15065.0 |    0.551624 |
| 15066.2 |    0.551697 |
| 15067.4 |     0.55177 |
| 15068.6 |    0.551843 |
| 15069.8 |    0.551916 |
| 15071.1 |    0.551941 |
| 15072.3 |    0.551958 |
| 15073.5 |    0.551975 |
| 15074.7 |    0.551992 |
| 15076.0 |    0.552009 |
| 15077.2 |    0.552026 |
| 15078.4 |    0.552043 |
| 15079.6 |     0.55206 |
| 15080.8 |    0.552116 |
| 15082.1 |    0.552189 |
| 15083.3 |    0.552262 |
| 15084.5 |    0.552322 |
| 15085.7 |    0.552357 |
| 15087.0 |    0.552392 |
| 15088.2 |    0.552427 |
| 15089.4 |    0.552463 |
| 15090.6 |    0.552498 |
| 15091.9 |    0.552533 |
| 15093.1 |    0.552568 |
| 15094.3 |    0.552602 |
| 15095.5 |    0.552638 |
| 15096.8 |    0.552673 |
| 15098.0 |    0.552708 |
| 15099.2 |    0.552743 |
| 15100.4 |    0.552758 |
| 15101.7 |    0.552737 |
| 15102.9 |    0.552716 |
| 15104.1 |    0.552695 |
| 15105.3 |    0.552636 |
| 15106.5 |    0.552578 |
| 15107.8 |    0.552519 |
| 15109.0 |     0.55246 |
| 15110.2 |    0.552412 |
| 15111.5 |    0.552409 |
| 15112.7 |    0.552406 |
| 15113.9 |    0.552403 |
| 15115.1 |      0.5524 |
| 15116.4 |    0.552398 |
| 15117.6 |    0.552395 |
| 15118.8 |    0.552392 |
| 15120.0 |    0.552389 |
| 15121.3 |    0.552387 |
| 15122.5 |    0.552383 |
| 15123.7 |    0.552381 |
| 15124.9 |    0.552362 |
| 15126.2 |    0.552335 |
| 15127.4 |    0.552308 |
| 15128.6 |    0.552281 |
| 15129.9 |    0.552254 |
| 15131.1 |    0.552177 |
| 15132.3 |    0.552094 |
| 15133.5 |    0.552011 |
| 15134.8 |    0.551928 |
| 15136.0 |    0.551845 |
| 15137.2 |    0.551762 |
| 15138.5 |    0.551679 |
| 15139.7 |    0.551596 |
| 15140.9 |    0.551554 |
| 15142.1 |    0.551527 |
| 15143.4 |      0.5515 |
| 15144.6 |     0.55145 |
| 15145.8 |    0.551361 |
| 15147.1 |    0.551272 |
| 15148.3 |    0.551184 |
| 15149.5 |    0.551095 |
| 15150.7 |    0.551006 |
| 15152.0 |    0.550917 |
| 15153.2 |    0.550828 |
| 15154.4 |     0.55074 |
| 15155.6 |    0.550651 |
| 15156.9 |    0.550562 |
| 15158.1 |    0.550473 |
| 15159.3 |    0.550384 |
| 15160.6 |    0.550269 |
| 15161.8 |    0.550124 |
| 15163.0 |    0.549979 |
| 15164.3 |    0.549827 |
| 15165.5 |     0.54962 |
| 15166.7 |    0.549416 |
| 15168.0 |    0.549209 |
| 15169.2 |    0.549002 |
| 15170.4 |    0.548813 |
| 15171.6 |    0.548662 |
| 15172.9 |    0.548511 |
| 15174.1 |     0.54836 |
| 15175.3 |    0.548209 |
| 15176.6 |    0.548059 |
| 15177.8 |    0.547909 |
| 15179.0 |    0.547759 |
| 15180.3 |    0.547596 |
| 15181.5 |    0.547389 |
| 15182.7 |    0.547182 |
| 15184.0 |    0.546975 |
| 15185.2 |    0.546762 |
| 15186.4 |    0.546548 |
| 15187.7 |    0.546335 |
| 15188.9 |    0.546121 |
| 15190.1 |    0.545915 |
| 15191.3 |    0.545758 |
| 15192.6 |      0.5456 |
| 15193.8 |    0.545442 |
| 15195.0 |    0.545285 |
| 15196.3 |    0.545129 |
| 15197.5 |    0.544971 |
| 15198.7 |    0.544813 |
| 15200.0 |    0.544656 |
| 15201.2 |    0.544492 |
| 15202.4 |    0.544329 |
| 15203.7 |    0.544166 |
| 15204.9 |    0.543986 |
| 15206.2 |    0.543795 |
| 15207.4 |    0.543604 |
| 15208.6 |    0.543416 |
| 15209.8 |    0.543225 |
| 15211.1 |    0.542985 |
| 15212.3 |    0.542739 |
| 15213.5 |    0.542492 |
| 15214.8 |    0.542246 |
| 15216.0 |       0.542 |
| 15217.3 |    0.541753 |
| 15218.5 |     0.54151 |
| 15219.7 |    0.541264 |
| 15221.0 |     0.54106 |
| 15222.2 |     0.54087 |
| 15223.4 |    0.540679 |
| 15224.7 |    0.540469 |
| 15225.9 |     0.54023 |
| 15227.1 |    0.539991 |
| 15228.4 |    0.539752 |
| 15229.6 |    0.539513 |
| 15230.8 |    0.539241 |
| 15232.1 |    0.538946 |
| 15233.3 |    0.538652 |
| 15234.5 |    0.538358 |
| 15235.8 |    0.538064 |
| 15237.0 |     0.53777 |
| 15238.2 |     0.53748 |
| 15239.5 |    0.537186 |
| 15240.7 |     0.53692 |
| 15242.0 |    0.536685 |
| 15243.2 |    0.536447 |
| 15244.4 |    0.536199 |
| 15245.7 |    0.535919 |
| 15246.9 |    0.535639 |
| 15248.2 |    0.535359 |
| 15249.4 |    0.535079 |
| 15250.6 |    0.534803 |
| 15251.8 |    0.534523 |
| 15253.1 |    0.534243 |
| 15254.3 |    0.533963 |
| 15255.6 |    0.533684 |
| 15256.8 |    0.533404 |
| 15258.0 |    0.533124 |
| 15259.3 |    0.532844 |
| 15260.5 |    0.532545 |
| 15261.8 |    0.532211 |
| 15263.0 |    0.531876 |
| 15264.2 |    0.531541 |
| 15265.5 |    0.531207 |
| 15266.7 |    0.530872 |
| 15268.0 |    0.530537 |
| 15269.2 |    0.530203 |
| 15270.4 |    0.529888 |
| 15271.7 |    0.529608 |
| 15272.9 |    0.529333 |
| 15274.1 |    0.529053 |
| 15275.4 |    0.528773 |
| 15276.6 |    0.528494 |
| 15277.9 |    0.528214 |
| 15279.1 |    0.527934 |
| 15280.3 |    0.527645 |
| 15281.6 |     0.52731 |
| 15282.8 |    0.526972 |
| 15284.0 |    0.526642 |
| 15285.3 |    0.526333 |
| 15286.5 |    0.526027 |
| 15287.8 |    0.525721 |
| 15289.0 |    0.525415 |
| 15290.3 |     0.52512 |
| 15291.5 |    0.524872 |
| 15292.7 |     0.52462 |
| 15294.0 |    0.524368 |
| 15295.2 |    0.524116 |
| 15296.5 |    0.523865 |
| 15297.7 |    0.523613 |
| 15298.9 |    0.523361 |
| 15300.2 |    0.523101 |
| 15301.4 |    0.522796 |
| 15302.7 |    0.522494 |
| 15303.9 |    0.522188 |
| 15305.1 |    0.521911 |
| 15306.4 |    0.521644 |
| 15307.6 |    0.521376 |
| 15308.9 |    0.521108 |
| 15310.1 |    0.520845 |
| 15311.4 |    0.520632 |
| 15312.6 |    0.520418 |
| 15313.8 |    0.520205 |
| 15315.1 |    0.519994 |
| 15316.3 |     0.51978 |
| 15317.6 |    0.519567 |
| 15318.8 |    0.519353 |
| 15320.0 |    0.519137 |
| 15321.3 |    0.518873 |
| 15322.5 |    0.518606 |
| 15323.8 |    0.518335 |
| 15325.0 |    0.518131 |
| 15326.3 |    0.517953 |
| 15327.5 |    0.517775 |
| 15328.8 |    0.517597 |
| 15330.0 |    0.517419 |
| 15331.2 |    0.517295 |
| 15332.5 |    0.517171 |
| 15333.7 |    0.517049 |
| 15335.0 |    0.516925 |
| 15336.2 |    0.516801 |
| 15337.5 |    0.516677 |
| 15338.7 |    0.516553 |
| 15340.0 |    0.516429 |
| 15341.2 |    0.516253 |
| 15342.4 |    0.516076 |
| 15343.7 |    0.515898 |
| 15344.9 |    0.515765 |
| 15346.2 |     0.51566 |
| 15347.4 |    0.515554 |
| 15348.7 |    0.515448 |
| 15349.9 |    0.515343 |
| 15351.2 |    0.515288 |
| 15352.4 |    0.515236 |
| 15353.7 |    0.515184 |
| 15354.9 |    0.515132 |
| 15356.1 |     0.51508 |
| 15357.4 |    0.515029 |
| 15358.6 |    0.514978 |
| 15359.9 |    0.514926 |
| 15361.1 |    0.514874 |
| 15362.4 |    0.514822 |
| 15363.6 |    0.514772 |
| 15364.9 |    0.514759 |
| 15366.1 |    0.514783 |
| 15367.3 |    0.514807 |
| 15368.6 |    0.514831 |
| 15369.8 |    0.514855 |
| 15371.1 |    0.514832 |
| 15372.3 |    0.514802 |
| 15373.6 |    0.514772 |
| 15374.8 |    0.514743 |
| 15376.1 |    0.514713 |
| 15377.3 |    0.514683 |
| 15378.6 |    0.514653 |
| 15379.8 |    0.514623 |
| 15381.1 |    0.514639 |
| 15382.3 |    0.514663 |
| 15383.6 |    0.514687 |
| 15384.8 |    0.514756 |
| 15386.0 |    0.514871 |
| 15387.3 |    0.514988 |
| 15388.5 |    0.515105 |
| 15389.8 |    0.515221 |
| 15391.0 |    0.515293 |
| 15392.3 |    0.515356 |
| 15393.5 |    0.515418 |
| 15394.8 |    0.515481 |
| 15396.0 |    0.515543 |
| 15397.3 |    0.515606 |
| 15398.5 |    0.515668 |
| 15399.8 |     0.51573 |
| 15401.0 |     0.51584 |
| 15402.3 |     0.51596 |
| 15403.5 |     0.51608 |
| 15404.8 |    0.516227 |
| 15406.0 |    0.516403 |
| 15407.3 |    0.516584 |
| 15408.5 |    0.516762 |
| 15409.8 |    0.516938 |
| 15411.0 |    0.517071 |
| 15412.3 |    0.517195 |
| 15413.5 |    0.517319 |
| 15414.8 |    0.517443 |
| 15416.0 |    0.517567 |
| 15417.3 |    0.517691 |
| 15418.5 |    0.517813 |
| 15419.8 |    0.517936 |
| 15421.1 |    0.518108 |
| 15422.3 |    0.518283 |
| 15423.5 |    0.518461 |
| 15424.8 |    0.518647 |
| 15426.0 |    0.518843 |
| 15427.3 |    0.519038 |
| 15428.5 |     0.51923 |
| 15429.8 |    0.519425 |
| 15431.0 |    0.519575 |
| 15432.3 |    0.519715 |
| 15433.6 |    0.519856 |
| 15434.8 |    0.519996 |
| 15436.1 |    0.520137 |
| 15437.3 |    0.520277 |
| 15438.6 |    0.520417 |
| 15439.8 |    0.520558 |
| 15441.1 |    0.520742 |
| 15442.3 |    0.520937 |
| 15443.6 |    0.521132 |
| 15444.8 |    0.521339 |
| 15446.1 |    0.521558 |
| 15447.3 |    0.521774 |
| 15448.6 |    0.521996 |
| 15449.8 |    0.522215 |
| 15451.1 |    0.522383 |
| 15452.3 |    0.522547 |
| 15453.6 |    0.522711 |
| 15454.9 |    0.522875 |
| 15456.1 |    0.523039 |
| 15457.4 |    0.523202 |
| 15458.6 |    0.523366 |
| 15459.9 |    0.523528 |
| 15461.1 |    0.523691 |
| 15462.4 |    0.523855 |
| 15463.6 |    0.524018 |
| 15464.9 |    0.524187 |
| 15466.1 |    0.524361 |
| 15467.4 |    0.524534 |
| 15468.7 |    0.524708 |
| 15469.9 |    0.524881 |
| 15471.2 |    0.525103 |
| 15472.4 |    0.525332 |
| 15473.7 |    0.525561 |
| 15474.9 |    0.525789 |
| 15476.2 |    0.526018 |
| 15477.4 |    0.526247 |
| 15478.7 |    0.526476 |
| 15480.0 |    0.526704 |
| 15481.2 |    0.526879 |
| 15482.5 |    0.527053 |
| 15483.7 |    0.527223 |
| 15485.0 |    0.527341 |
| 15486.2 |    0.527422 |
| 15487.5 |    0.527502 |
| 15488.8 |    0.527582 |
| 15490.0 |    0.527662 |
| 15491.3 |    0.527799 |
| 15492.5 |    0.527935 |
| 15493.8 |    0.528069 |
| 15495.0 |    0.528205 |
| 15496.3 |    0.528341 |
| 15497.5 |    0.528477 |
| 15498.8 |    0.528613 |
| 15500.1 |    0.528747 |
| 15501.3 |    0.528845 |
| 15502.6 |    0.528941 |
| 15503.8 |     0.52904 |
| 15505.1 |    0.529096 |
| 15506.3 |    0.529131 |
| 15507.6 |    0.529167 |
| 15508.9 |    0.529203 |
| 15510.1 |    0.529245 |
| 15511.4 |    0.529337 |
| 15512.6 |    0.529428 |
| 15513.9 |    0.529519 |
| 15515.2 |    0.529612 |
| 15516.4 |    0.529704 |
| 15517.7 |    0.529796 |
| 15518.9 |    0.529888 |
| 15520.2 |    0.529971 |
| 15521.5 |    0.530007 |
| 15522.7 |    0.530043 |
| 15524.0 |    0.530079 |
| 15525.2 |    0.530087 |
| 15526.5 |    0.530089 |
| 15527.7 |    0.530091 |
| 15529.0 |    0.530092 |
| 15530.3 |    0.530105 |
| 15531.5 |    0.530163 |
| 15532.8 |    0.530221 |
| 15534.0 |    0.530278 |
| 15535.3 |    0.530336 |
| 15536.6 |    0.530393 |
| 15537.8 |    0.530451 |
| 15539.1 |    0.530509 |
| 15540.3 |    0.530551 |
| 15541.6 |    0.530553 |
| 15542.9 |    0.530554 |
| 15544.1 |    0.530555 |
| 15545.4 |    0.530544 |
| 15546.7 |    0.530532 |
| 15547.9 |    0.530519 |
| 15549.2 |    0.530507 |
| 15550.4 |    0.530495 |
| 15551.7 |    0.530482 |
| 15553.0 |    0.530469 |
| 15554.2 |    0.530457 |
| 15555.5 |    0.530444 |
| 15556.7 |    0.530432 |
| 15558.0 |     0.53042 |
| 15559.3 |    0.530407 |
| 15560.5 |    0.530418 |
| 15561.8 |    0.530462 |
| 15563.0 |    0.530506 |
| 15564.3 |    0.530546 |
| 15565.6 |    0.530529 |
| 15566.8 |    0.530511 |
| 15568.1 |    0.530494 |
| 15569.4 |    0.530476 |
| 15570.6 |     0.53043 |
| 15571.9 |    0.530356 |
| 15573.2 |    0.530281 |
| 15574.4 |    0.530207 |
| 15575.7 |    0.530133 |
| 15577.0 |    0.530058 |
| 15578.2 |    0.529984 |
| 15579.5 |    0.529911 |
| 15580.7 |    0.529869 |
| 15582.0 |    0.529851 |
| 15583.3 |    0.529833 |
| 15584.5 |    0.529821 |
| 15585.8 |    0.529827 |
| 15587.1 |    0.529833 |
| 15588.3 |     0.52984 |
| 15589.6 |    0.529846 |
| 15590.9 |    0.529814 |
| 15592.1 |    0.529764 |
| 15593.4 |    0.529713 |
| 15594.7 |    0.529663 |
| 15595.9 |    0.529613 |
| 15597.2 |    0.529562 |
| 15598.4 |    0.529513 |
| 15599.7 |    0.529462 |
| 15601.0 |    0.529452 |
| 15602.2 |    0.529455 |
| 15603.5 |    0.529458 |
| 15604.8 |    0.529452 |
| 15606.0 |    0.529434 |
| 15607.3 |    0.529416 |
| 15608.6 |    0.529398 |
| 15609.8 |     0.52938 |
| 15611.1 |    0.529314 |
| 15612.4 |    0.529239 |
| 15613.6 |    0.529165 |
| 15614.9 |     0.52909 |
| 15616.2 |    0.529015 |
| 15617.4 |    0.528941 |
| 15618.7 |    0.528866 |
| 15620.0 |    0.528791 |
| 15621.2 |    0.528718 |
| 15622.5 |    0.528643 |
| 15623.8 |    0.528569 |
| 15625.0 |    0.528517 |
| 15626.3 |     0.52848 |
| 15627.6 |    0.528443 |
| 15628.8 |    0.528406 |
| 15630.1 |    0.528374 |
| 15631.4 |    0.528394 |
| 15632.7 |    0.528414 |
| 15633.9 |    0.528433 |
| 15635.2 |    0.528453 |
| 15636.5 |    0.528473 |
| 15637.7 |    0.528493 |
| 15639.0 |    0.528513 |
| 15640.3 |    0.528521 |
| 15641.5 |    0.528484 |
| 15642.8 |    0.528447 |
| 15644.0 |     0.52841 |
| 15645.3 |    0.528382 |
| 15646.6 |    0.528355 |
| 15647.9 |    0.528328 |
| 15649.1 |    0.528302 |
| 15650.4 |    0.528275 |
| 15651.7 |    0.528248 |
| 15653.0 |    0.528221 |
| 15654.2 |    0.528195 |
| 15655.5 |    0.528168 |
| 15656.8 |    0.528141 |
| 15658.0 |    0.528114 |
| 15659.3 |    0.528087 |
| 15660.6 |    0.528086 |
| 15661.8 |    0.528116 |
| 15663.1 |    0.528146 |
| 15664.4 |    0.528179 |
| 15665.6 |     0.52825 |
| 15666.9 |    0.528321 |
| 15668.2 |    0.528393 |
| 15669.5 |    0.528464 |
| 15670.7 |    0.528502 |
| 15672.0 |    0.528517 |
| 15673.3 |    0.528531 |
| 15674.5 |    0.528545 |
| 15675.8 |    0.528559 |
| 15677.1 |    0.528573 |
| 15678.4 |    0.528587 |
| 15679.6 |    0.528601 |
| 15680.9 |    0.528656 |
| 15682.2 |    0.528727 |
| 15683.4 |    0.528798 |
| 15684.7 |    0.528853 |
| 15686.0 |    0.528876 |
| 15687.3 |    0.528899 |
| 15688.5 |    0.528922 |
| 15689.8 |    0.528945 |
| 15691.1 |     0.52892 |
| 15692.4 |    0.528886 |
| 15693.6 |    0.528852 |
| 15694.9 |    0.528818 |
| 15696.2 |    0.528784 |
| 15697.4 |     0.52875 |
| 15698.7 |    0.528716 |
| 15700.0 |    0.528682 |
| 15701.3 |    0.528648 |
| 15702.5 |    0.528614 |
| 15703.8 |     0.52858 |
| 15705.1 |    0.528557 |
| 15706.4 |     0.52854 |
| 15707.6 |    0.528523 |
| 15708.9 |    0.528506 |
| 15710.2 |    0.528498 |
| 15711.5 |    0.528538 |
| 15712.7 |    0.528578 |
| 15714.0 |    0.528619 |
| 15715.3 |    0.528659 |
| 15716.6 |    0.528699 |
| 15717.8 |     0.52874 |
| 15719.1 |     0.52878 |
| 15720.4 |    0.528802 |
| 15721.7 |    0.528785 |
| 15722.9 |    0.528768 |
| 15724.2 |    0.528751 |
| 15725.5 |    0.528721 |
| 15726.8 |     0.52869 |
| 15728.0 |     0.52866 |
| 15729.3 |    0.528629 |
| 15730.6 |    0.528598 |
| 15731.9 |    0.528567 |
| 15733.1 |    0.528536 |
| 15734.4 |    0.528506 |
| 15735.7 |    0.528475 |
| 15737.0 |    0.528444 |
| 15738.3 |    0.528413 |
| 15739.5 |    0.528382 |
| 15740.8 |    0.528387 |
| 15742.1 |    0.528414 |
| 15743.4 |     0.52844 |
| 15744.6 |    0.528456 |
| 15745.9 |    0.528441 |
| 15747.2 |    0.528427 |
| 15748.5 |    0.528412 |
| 15749.8 |    0.528398 |
| 15751.0 |    0.528338 |
| 15752.3 |    0.528266 |
| 15753.6 |    0.528193 |
| 15754.8 |    0.528121 |
| 15756.1 |    0.528049 |
| 15757.4 |    0.527977 |
| 15758.7 |    0.527905 |
| 15760.0 |    0.527833 |
| 15761.3 |    0.527761 |
| 15762.5 |    0.527689 |
| 15763.8 |    0.527618 |
| 15765.1 |    0.527533 |
| 15766.4 |     0.52744 |
| 15767.6 |    0.527347 |
| 15768.9 |    0.527255 |
| 15770.2 |    0.527163 |
| 15771.5 |     0.52707 |
| 15772.8 |    0.526977 |
| 15774.0 |    0.526885 |
| 15775.3 |    0.526792 |
| 15776.6 |    0.526699 |
| 15777.9 |    0.526607 |
| 15779.2 |    0.526514 |
| 15780.4 |    0.526441 |
| 15781.7 |    0.526406 |
| 15783.0 |    0.526371 |
| 15784.3 |    0.526336 |
| 15785.5 |    0.526272 |
| 15786.8 |    0.526205 |
| 15788.1 |    0.526139 |
| 15789.4 |    0.526073 |
| 15790.7 |    0.525977 |
| 15792.0 |    0.525853 |
| 15793.2 |    0.525731 |
| 15794.5 |    0.525608 |
| 15795.8 |    0.525484 |
| 15797.1 |    0.525361 |
| 15798.4 |    0.525238 |
| 15799.7 |    0.525114 |
| 15800.9 |    0.524992 |
| 15802.2 |    0.524871 |
| 15803.5 |    0.524751 |
| 15804.8 |    0.524642 |
| 15806.0 |    0.524557 |
| 15807.3 |     0.52447 |
| 15808.6 |    0.524384 |
| 15809.9 |    0.524297 |
| 15811.2 |    0.524264 |
| 15812.5 |    0.524235 |
| 15813.7 |    0.524207 |
| 15815.0 |    0.524177 |
| 15816.3 |    0.524148 |
| 15817.6 |    0.524119 |
| 15818.9 |    0.524091 |
| 15820.2 |    0.524054 |
| 15821.5 |    0.523967 |
| 15822.7 |    0.523881 |
| 15824.0 |    0.523794 |
| 15825.3 |    0.523689 |
| 15826.6 |     0.52358 |
| 15827.9 |     0.52347 |
| 15829.2 |    0.523359 |
| 15830.4 |    0.523249 |
| 15831.7 |    0.523138 |
| 15833.0 |    0.523027 |
| 15834.3 |    0.522917 |
| 15835.6 |    0.522806 |
| 15836.8 |    0.522697 |
| 15838.1 |    0.522587 |
| 15839.4 |    0.522476 |
| 15840.7 |    0.522366 |
| 15842.0 |    0.522255 |
| 15843.3 |    0.522145 |
| 15844.6 |    0.522035 |
| 15845.9 |    0.521932 |
| 15847.2 |    0.521828 |
| 15848.4 |    0.521725 |
| 15849.7 |    0.521622 |
| 15851.0 |    0.521563 |
| 15852.3 |    0.521517 |
| 15853.6 |    0.521471 |
| 15854.9 |    0.521425 |
| 15856.1 |     0.52138 |
| 15857.4 |    0.521334 |
| 15858.7 |    0.521287 |
| 15860.0 |    0.521241 |
| 15861.3 |    0.521138 |
| 15862.6 |    0.521034 |
| 15863.9 |    0.520931 |
| 15865.2 |    0.520833 |
| 15866.4 |     0.52074 |
| 15867.7 |    0.520647 |
| 15869.0 |    0.520554 |
| 15870.3 |    0.520461 |
| 15871.6 |    0.520368 |
| 15872.9 |    0.520274 |
| 15874.2 |    0.520181 |
| 15875.5 |    0.520088 |
| 15876.7 |    0.519994 |
| 15878.0 |    0.519901 |
| 15879.3 |    0.519808 |
| 15880.6 |    0.519715 |
| 15881.9 |    0.519622 |
| 15883.2 |    0.519529 |
| 15884.5 |    0.519437 |
| 15885.8 |    0.519361 |
| 15887.0 |    0.519285 |
| 15888.3 |    0.519208 |
| 15889.6 |    0.519132 |
| 15890.9 |    0.519097 |
| 15892.2 |    0.519078 |
| 15893.5 |     0.51906 |
| 15894.8 |    0.519041 |
| 15896.1 |    0.519022 |
| 15897.4 |    0.519004 |
| 15898.7 |    0.518985 |
| 15899.9 |    0.518966 |
| 15901.2 |    0.518893 |
| 15902.5 |    0.518816 |
| 15903.8 |    0.518741 |
| 15905.1 |    0.518667 |
| 15906.4 |    0.518594 |
| 15907.7 |    0.518521 |
| 15909.0 |    0.518448 |
| 15910.3 |    0.518376 |
| 15911.5 |    0.518303 |
| 15912.8 |     0.51823 |
| 15914.1 |    0.518158 |
| 15915.4 |    0.518084 |
| 15916.7 |    0.518012 |
| 15918.0 |    0.517939 |
| 15919.3 |    0.517866 |
| 15920.6 |    0.517793 |
| 15921.9 |     0.51772 |
| 15923.2 |    0.517648 |
| 15924.5 |    0.517577 |
| 15925.8 |    0.517521 |
| 15927.0 |    0.517465 |
| 15928.3 |    0.517409 |
| 15929.6 |    0.517354 |
| 15930.9 |    0.517298 |
| 15932.2 |    0.517242 |
| 15933.5 |    0.517186 |
| 15934.8 |     0.51713 |
| 15936.1 |    0.517075 |
| 15937.4 |    0.517019 |
| 15938.7 |    0.516963 |
| 15940.0 |    0.516908 |
| 15941.3 |    0.516908 |
| 15942.6 |     0.51691 |
| 15943.8 |    0.516912 |
| 15945.2 |    0.516869 |
| 15946.5 |      0.5168 |
| 15947.7 |     0.51673 |
| 15949.0 |     0.51666 |
| 15950.3 |    0.516577 |
| 15951.6 |    0.516449 |
| 15952.9 |    0.516321 |
| 15954.2 |    0.516194 |
| 15955.5 |    0.516066 |
| 15956.8 |     0.51594 |
| 15958.1 |    0.515812 |
| 15959.4 |    0.515683 |
| 15960.7 |    0.515557 |
| 15962.0 |     0.51543 |
| 15963.3 |    0.515302 |
| 15964.6 |    0.515174 |
| 15965.9 |    0.515047 |
| 15967.1 |    0.514921 |
| 15968.4 |    0.514793 |
| 15969.7 |    0.514666 |
| 15971.0 |    0.514538 |
| 15972.3 |    0.514411 |
| 15973.6 |    0.514283 |
| 15974.9 |    0.514155 |
| 15976.2 |    0.514028 |
| 15977.5 |    0.513901 |
| 15978.8 |    0.513773 |
| 15980.1 |    0.513647 |
| 15981.4 |     0.51352 |
| 15982.7 |    0.513392 |
| 15984.0 |    0.513264 |
| 15985.3 |    0.513103 |
| 15986.6 |    0.512928 |
| 15987.9 |    0.512753 |
| 15989.2 |    0.512577 |
| 15990.5 |    0.512424 |
| 15991.8 |    0.512308 |
| 15993.1 |     0.51219 |
| 15994.4 |    0.512072 |
| 15995.7 |    0.511955 |
| 15997.0 |    0.511837 |
| 15998.3 |    0.511719 |
| 15999.6 |    0.511602 |
| 16000.8 |     0.51145 |
| 16002.2 |    0.511275 |
| 16003.5 |    0.511102 |
| 16004.8 |    0.510922 |
| 16006.0 |    0.510715 |
| 16007.3 |    0.510509 |
| 16008.7 |    0.510302 |
| 16010.0 |    0.510096 |
| 16011.2 |    0.509892 |
| 16012.5 |    0.509685 |
| 16013.8 |    0.509479 |
| 16015.1 |    0.509273 |
| 16016.4 |    0.509066 |
| 16017.7 |     0.50886 |
| 16019.0 |    0.508653 |
| 16020.3 |    0.508447 |
| 16021.7 |     0.50824 |
| 16023.0 |    0.508034 |
| 16024.2 |     0.50783 |
| 16025.5 |    0.507606 |
| 16026.8 |    0.507379 |
| 16028.1 |    0.507152 |
| 16029.4 |    0.506925 |
| 16030.7 |    0.506698 |
| 16032.0 |    0.506472 |
| 16033.3 |    0.506245 |
| 16034.6 |    0.506021 |
| 16035.9 |    0.505795 |
| 16037.2 |    0.505568 |
| 16038.5 |    0.505341 |
| 16039.8 |    0.505115 |
| 16041.2 |    0.504888 |
| 16042.5 |    0.504662 |
| 16043.7 |    0.504439 |
| 16045.1 |    0.504211 |
| 16046.4 |    0.503988 |
| 16047.7 |    0.503768 |
| 16049.0 |    0.503545 |
| 16050.3 |    0.503333 |
| 16051.6 |    0.503167 |
| 16052.9 |    0.503001 |
| 16054.2 |    0.502835 |
| 16055.5 |    0.502671 |
| 16056.8 |    0.502505 |
| 16058.1 |    0.502339 |
| 16059.4 |    0.502173 |
| 16060.7 |    0.501978 |
| 16062.0 |    0.501755 |
| 16063.3 |    0.501532 |
| 16064.6 |    0.501319 |
| 16065.9 |    0.501161 |
| 16067.2 |    0.501003 |
| 16068.5 |    0.500848 |
| 16069.8 |    0.500689 |
| 16071.1 |    0.500532 |
| 16072.4 |    0.500373 |
| 16073.7 |    0.500215 |
| 16075.0 |    0.500058 |
| 16076.3 |    0.499899 |
| 16077.6 |    0.499742 |
| 16078.9 |    0.499586 |
| 16080.2 |    0.499428 |
| 16081.5 |     0.49927 |
| 16082.8 |    0.499112 |
| 16084.2 |    0.498954 |
| 16085.5 |    0.498818 |
| 16086.8 |    0.498688 |
| 16088.0 |    0.498559 |
| 16089.4 |    0.498427 |
| 16090.7 |    0.498296 |
| 16092.0 |    0.498167 |
| 16093.3 |    0.498037 |
| 16094.6 |    0.497906 |
| 16095.9 |    0.497776 |
| 16097.2 |    0.497645 |
| 16098.5 |    0.497517 |
| 16099.8 |    0.497386 |
| 16101.1 |    0.497256 |
| 16102.4 |    0.497125 |
| 16103.7 |    0.496995 |
| 16105.0 |    0.496883 |
| 16106.3 |    0.496789 |
| 16107.7 |    0.496697 |
| 16109.0 |    0.496603 |
| 16110.3 |     0.49651 |
| 16111.6 |    0.496419 |
| 16112.9 |    0.496326 |
| 16114.2 |    0.496233 |
| 16115.5 |     0.49614 |
| 16116.8 |    0.496047 |
| 16118.1 |    0.495954 |
| 16119.4 |    0.495861 |
| 16120.7 |    0.495768 |
| 16122.0 |    0.495675 |
| 16123.3 |    0.495583 |
| 16124.6 |    0.495504 |
| 16126.0 |    0.495485 |
| 16127.3 |    0.495467 |
| 16128.6 |    0.495449 |
| 16129.9 |    0.495431 |
| 16131.2 |    0.495413 |
| 16132.5 |    0.495395 |
| 16133.8 |    0.495377 |
| 16135.1 |    0.495358 |
| 16136.4 |    0.495341 |
| 16137.7 |    0.495322 |
| 16139.0 |    0.495304 |
| 16140.3 |    0.495286 |
| 16141.7 |    0.495268 |
| 16143.0 |     0.49525 |
| 16144.3 |    0.495231 |
| 16145.6 |    0.495232 |
| 16146.9 |    0.495234 |
| 16148.2 |    0.495236 |
| 16149.5 |    0.495238 |
| 16150.8 |    0.495276 |
| 16152.1 |    0.495335 |
| 16153.5 |    0.495394 |
| 16154.8 |    0.495453 |
| 16156.1 |    0.495511 |
| 16157.4 |     0.49557 |
| 16158.7 |    0.495629 |
| 16160.0 |    0.495688 |
| 16161.3 |     0.49569 |
| 16162.6 |    0.495692 |
| 16163.9 |    0.495694 |
| 16165.2 |    0.495731 |
| 16166.6 |    0.495787 |
| 16167.9 |    0.495843 |
| 16169.2 |    0.495899 |
| 16170.5 |    0.495956 |
| 16171.8 |    0.496012 |
| 16173.1 |    0.496068 |
| 16174.4 |    0.496124 |
| 16175.7 |    0.496181 |
| 16177.1 |    0.496237 |
| 16178.4 |    0.496293 |
| 16179.7 |    0.496349 |
| 16181.0 |    0.496405 |
| 16182.3 |    0.496461 |
| 16183.6 |    0.496517 |
| 16184.9 |    0.496568 |
| 16186.2 |     0.49661 |
| 16187.5 |    0.496652 |
| 16188.8 |    0.496694 |
| 16190.2 |    0.496737 |
| 16191.5 |    0.496779 |
| 16192.8 |    0.496821 |
| 16194.1 |    0.496864 |
| 16195.4 |    0.496906 |
| 16196.8 |    0.496948 |
| 16198.1 |     0.49699 |
| 16199.4 |    0.497033 |
| 16200.7 |    0.497068 |
| 16202.0 |    0.497098 |
| 16203.3 |    0.497128 |
| 16204.6 |    0.497157 |
| 16206.0 |    0.497173 |
| 16207.3 |    0.497189 |
| 16208.6 |    0.497206 |
| 16209.9 |    0.497222 |
| 16211.2 |    0.497238 |
| 16212.5 |    0.497255 |
| 16213.8 |    0.497271 |
| 16215.2 |    0.497287 |
| 16216.5 |    0.497304 |
| 16217.8 |     0.49732 |
| 16219.1 |    0.497336 |
| 16220.4 |    0.497353 |
| 16221.7 |    0.497369 |
| 16223.0 |    0.497385 |
| 16224.3 |    0.497401 |
| 16225.7 |    0.497337 |
| 16227.0 |    0.497269 |
| 16228.3 |      0.4972 |
| 16229.6 |    0.497131 |
| 16231.0 |    0.497063 |
| 16232.2 |    0.496995 |
| 16233.6 |    0.496926 |
| 16234.9 |    0.496856 |
| 16236.2 |    0.496789 |
| 16237.5 |     0.49672 |
| 16238.8 |    0.496651 |
| 16240.2 |    0.496582 |
| 16241.5 |    0.496514 |
| 16242.8 |    0.496445 |
| 16244.1 |    0.496377 |
| 16245.4 |    0.496245 |
| 16246.7 |    0.496092 |
| 16248.1 |    0.495938 |
| 16249.4 |    0.495785 |
| 16250.7 |    0.495631 |
| 16252.0 |    0.495478 |
| 16253.3 |    0.495324 |
| 16254.7 |    0.495171 |
| 16256.0 |     0.49502 |
| 16257.3 |    0.494866 |
| 16258.6 |    0.494713 |
| 16259.9 |     0.49456 |
| 16261.2 |    0.494406 |
| 16262.6 |    0.494253 |
| 16263.9 |      0.4941 |
| 16265.2 |    0.493891 |
| 16266.5 |    0.493643 |
| 16267.9 |    0.493395 |
| 16269.2 |     0.49315 |
| 16270.5 |    0.492902 |
| 16271.8 |    0.492654 |
| 16273.1 |    0.492406 |
| 16274.5 |    0.492158 |
| 16275.8 |    0.491914 |
| 16277.1 |    0.491666 |
| 16278.4 |    0.491415 |
| 16279.7 |    0.491167 |
| 16281.0 |    0.490923 |
| 16282.4 |    0.490675 |
| 16283.7 |    0.490428 |
| 16285.0 |    0.490163 |
| 16286.3 |    0.489875 |
| 16287.7 |    0.489587 |
| 16289.0 |    0.489302 |
| 16290.3 |    0.489015 |
| 16291.6 |    0.488726 |
| 16292.9 |    0.488439 |
| 16294.3 |    0.488151 |
| 16295.6 |    0.487863 |
| 16296.9 |    0.487575 |
| 16298.2 |    0.487287 |
| 16299.6 |       0.487 |
| 16300.9 |    0.486716 |
| 16302.2 |    0.486429 |
| 16303.5 |    0.486141 |
| 16304.8 |    0.485821 |
| 16306.2 |    0.485422 |
| 16307.5 |    0.485023 |
| 16308.8 |    0.484624 |
| 16310.1 |    0.484226 |
| 16311.5 |    0.483827 |
| 16312.8 |    0.483434 |
| 16314.1 |    0.483035 |
| 16315.4 |    0.482637 |
| 16316.8 |    0.482238 |
| 16318.1 |     0.48184 |
| 16319.4 |    0.481442 |
| 16320.7 |    0.481049 |
| 16322.0 |    0.480646 |
| 16323.4 |    0.480248 |
| 16324.7 |    0.479859 |
| 16326.0 |    0.479481 |
| 16327.3 |    0.479103 |
| 16328.7 |    0.478726 |
| 16330.0 |    0.478348 |
| 16331.3 |    0.477971 |
| 16332.7 |    0.477594 |
| 16334.0 |    0.477221 |
| 16335.3 |    0.476844 |
| 16336.6 |    0.476467 |
| 16337.9 |     0.47609 |
| 16339.3 |    0.475714 |
| 16340.6 |    0.475336 |
| 16341.9 |     0.47496 |
| 16343.2 |    0.474583 |
| 16344.6 |    0.474207 |
| 16345.9 |    0.473842 |
| 16347.2 |    0.473472 |
| 16348.5 |    0.473103 |
| 16349.9 |    0.472733 |
| 16351.2 |    0.472363 |
| 16352.5 |    0.471994 |
| 16353.9 |    0.471624 |
| 16355.2 |    0.471255 |
| 16356.5 |    0.470885 |
| 16357.8 |    0.470521 |
| 16359.2 |    0.470152 |
| 16360.5 |    0.469763 |
| 16361.8 |    0.469337 |
| 16363.1 |    0.468913 |
| 16364.5 |    0.468489 |
| 16365.8 |    0.468163 |
| 16367.1 |    0.467829 |
| 16368.5 |    0.467499 |
| 16369.8 |    0.467174 |
| 16371.1 |     0.46689 |
| 16372.4 |    0.466616 |
| 16373.8 |    0.466342 |
| 16375.1 |    0.466068 |
| 16376.4 |    0.465794 |
| 16377.8 |     0.46552 |
| 16379.1 |     0.46525 |
| 16380.4 |    0.464976 |
| 16381.8 |    0.464698 |
| 16383.1 |    0.464428 |
| 16384.4 |    0.464155 |
| 16385.7 |    0.464061 |
| 16387.1 |    0.463979 |
| 16388.4 |    0.463896 |
| 16389.7 |    0.463816 |
| 16391.0 |    0.463733 |
| 16392.4 |    0.463651 |
| 16393.7 |    0.463569 |
| 16395.0 |    0.463487 |
| 16396.4 |    0.463405 |
| 16397.7 |    0.463323 |
| 16399.0 |    0.463241 |
| 16400.4 |    0.463169 |
| 16401.7 |    0.463123 |
| 16403.0 |    0.463078 |
| 16404.3 |    0.463032 |
| 16405.7 |    0.463064 |
| 16407.0 |    0.463106 |
| 16408.3 |    0.463148 |
| 16409.7 |    0.463189 |
| 16411.0 |     0.46323 |
| 16412.3 |    0.463272 |
| 16413.7 |    0.463314 |
| 16415.0 |    0.463355 |
| 16416.3 |    0.463396 |
| 16417.7 |    0.463438 |
| 16419.0 |    0.463479 |
| 16420.3 |    0.463521 |
| 16421.7 |    0.463562 |
| 16423.0 |    0.463603 |
| 16424.3 |    0.463645 |
| 16425.7 |    0.463814 |
| 16427.0 |    0.463997 |
| 16428.3 |    0.464183 |
| 16429.6 |    0.464369 |
| 16431.0 |    0.464554 |
| 16432.3 |     0.46474 |
| 16433.7 |    0.464926 |
| 16435.0 |    0.465109 |
| 16436.3 |    0.465295 |
| 16437.6 |     0.46548 |
| 16439.0 |    0.465666 |
| 16440.3 |    0.465852 |
| 16441.6 |    0.466037 |
| 16443.0 |    0.466223 |
| 16444.3 |    0.466408 |
| 16445.7 |    0.466708 |
| 16447.0 |    0.467024 |
| 16448.3 |    0.467336 |
| 16449.6 |    0.467652 |
| 16451.0 |    0.467928 |
| 16452.3 |    0.468188 |
| 16453.7 |    0.468448 |
| 16455.0 |    0.468704 |
| 16456.3 |    0.468967 |
| 16457.7 |    0.469227 |
| 16459.0 |    0.469483 |
| 16460.3 |    0.469755 |
| 16461.7 |    0.470071 |
| 16463.0 |    0.470387 |
| 16464.3 |    0.470703 |
| 16465.7 |    0.471051 |
| 16467.0 |    0.471403 |
| 16468.3 |    0.471751 |
| 16469.7 |    0.472104 |
| 16471.0 |     0.47246 |
| 16472.3 |    0.472808 |
| 16473.7 |    0.473161 |
| 16475.0 |    0.473513 |
| 16476.4 |    0.473865 |
| 16477.7 |    0.474217 |
| 16479.0 |     0.47457 |
| 16480.4 |    0.474917 |
| 16481.7 |    0.475269 |
| 16483.0 |    0.475621 |
| 16484.4 |    0.475973 |
| 16485.7 |    0.476289 |
| 16487.1 |    0.476601 |
| 16488.4 |    0.476912 |
| 16489.7 |    0.477224 |
| 16491.1 |    0.477535 |
| 16492.4 |    0.477843 |
| 16493.7 |    0.478154 |
| 16495.1 |    0.478466 |
| 16496.4 |    0.478777 |
| 16497.8 |    0.479089 |
| 16499.1 |      0.4794 |
| 16500.4 |    0.479712 |
| 16501.8 |    0.480022 |
| 16503.1 |    0.480334 |
| 16504.4 |    0.480641 |
| 16505.8 |    0.480812 |
| 16507.1 |    0.480975 |
| 16508.5 |    0.481139 |
| 16509.8 |    0.481302 |
| 16511.2 |    0.481465 |
| 16512.5 |    0.481629 |
| 16513.8 |     0.48179 |
| 16515.2 |    0.481953 |
| 16516.5 |    0.482119 |
| 16517.8 |     0.48228 |
| 16519.2 |    0.482443 |
| 16520.5 |    0.482583 |
| 16521.9 |    0.482688 |
| 16523.2 |    0.482792 |
| 16524.6 |    0.482892 |
| 16525.9 |    0.482805 |
| 16527.2 |    0.482719 |
| 16528.6 |    0.482632 |
| 16529.9 |    0.482545 |
| 16531.2 |    0.482512 |
| 16532.6 |    0.482484 |
| 16533.9 |    0.482455 |
| 16535.3 |    0.482427 |
| 16536.6 |    0.482399 |
| 16537.9 |    0.482371 |
| 16539.3 |    0.482343 |
| 16540.6 |    0.482314 |
| 16542.0 |    0.482286 |
| 16543.3 |    0.482257 |
| 16544.7 |    0.482216 |
| 16546.0 |    0.482067 |
| 16547.3 |    0.481917 |
| 16548.7 |    0.481768 |
| 16550.0 |    0.481621 |
| 16551.4 |    0.481472 |
| 16552.7 |    0.481323 |
| 16554.1 |    0.481174 |
| 16555.4 |    0.481025 |
| 16556.8 |    0.480875 |
| 16558.1 |    0.480728 |
| 16559.4 |    0.480579 |
| 16560.8 |    0.480428 |
| 16562.1 |    0.480279 |
| 16563.5 |    0.480132 |
| 16564.8 |    0.479952 |
| 16566.2 |    0.479659 |
| 16567.5 |    0.479366 |
| 16568.8 |    0.479072 |
| 16570.2 |    0.478776 |
| 16571.5 |    0.478423 |
| 16572.9 |    0.478072 |
| 16574.2 |     0.47772 |
| 16575.6 |    0.477368 |
| 16576.9 |    0.477016 |
| 16578.2 |    0.476665 |
| 16579.6 |    0.476313 |
| 16580.9 |    0.476003 |
| 16582.3 |     0.47571 |
| 16583.6 |     0.47542 |
| 16585.0 |    0.475116 |
| 16586.3 |     0.47479 |
| 16587.7 |    0.474463 |
| 16589.0 |    0.474137 |
| 16590.4 |     0.47381 |
| 16591.7 |    0.473484 |
| 16593.1 |    0.473157 |
| 16594.4 |    0.472831 |
| 16595.7 |    0.472509 |
| 16597.1 |    0.472182 |
| 16598.4 |    0.471856 |
| 16599.8 |     0.47153 |
| 16601.1 |    0.471069 |
| 16602.5 |    0.470582 |
| 16603.8 |    0.470102 |
| 16605.2 |    0.469636 |
| 16606.5 |    0.469207 |
| 16607.9 |    0.468783 |
| 16609.2 |    0.468354 |
| 16610.6 |    0.467902 |
| 16611.9 |    0.467416 |
| 16613.2 |     0.46693 |
| 16614.6 |    0.466445 |
| 16615.9 |    0.465966 |
| 16617.3 |    0.465481 |
| 16618.6 |    0.464997 |
| 16620.0 |    0.464512 |
| 16621.3 |    0.464085 |
| 16622.7 |    0.463658 |
| 16624.0 |    0.463233 |
| 16625.4 |    0.462882 |
| 16626.7 |    0.462576 |
| 16628.1 |     0.46227 |
| 16629.4 |    0.461968 |
| 16630.8 |    0.461663 |
| 16632.1 |    0.461357 |
| 16633.5 |    0.461051 |
| 16634.8 |    0.460746 |
| 16636.2 |    0.460441 |
| 16637.5 |    0.460136 |
| 16638.9 |    0.459831 |
| 16640.2 |     0.45953 |
| 16641.6 |    0.459225 |
| 16642.9 |     0.45892 |
| 16644.3 |    0.458616 |
| 16645.6 |     0.45846 |
| 16647.0 |    0.458341 |
| 16648.3 |    0.458222 |
| 16649.7 |    0.458104 |
| 16651.0 |     0.45794 |
| 16652.4 |    0.457764 |
| 16653.7 |     0.45759 |
| 16655.1 |    0.457414 |
| 16656.4 |    0.457238 |
| 16657.8 |    0.457062 |
| 16659.1 |    0.456885 |
| 16660.5 |     0.45673 |
| 16661.8 |    0.456612 |
| 16663.2 |    0.456493 |
| 16664.5 |    0.456374 |
| 16665.9 |    0.456251 |
| 16667.2 |    0.456128 |
| 16668.6 |    0.456006 |
| 16669.9 |    0.455883 |
| 16671.3 |     0.45576 |
| 16672.7 |    0.455638 |
| 16674.0 |    0.455516 |
| 16675.3 |    0.455394 |
| 16676.7 |    0.455271 |
| 16678.1 |    0.455148 |
| 16679.4 |    0.455025 |
| 16680.8 |     0.45487 |
| 16682.1 |     0.45469 |
| 16683.5 |     0.45451 |
| 16684.8 |    0.454336 |
| 16686.2 |    0.454184 |
| 16687.5 |    0.454031 |
| 16688.9 |    0.453877 |
| 16690.2 |    0.453734 |
| 16691.6 |    0.453637 |
| 16693.0 |     0.45354 |
| 16694.3 |    0.453443 |
| 16695.7 |    0.453346 |
| 16697.0 |    0.453249 |
| 16698.4 |    0.453152 |
| 16699.7 |    0.453056 |
| 16701.1 |    0.452959 |
| 16702.4 |    0.452861 |
| 16703.8 |    0.452764 |
| 16705.2 |    0.452614 |
| 16706.5 |    0.452395 |
| 16707.8 |    0.452175 |
| 16709.2 |    0.451954 |
| 16710.6 |     0.45171 |
| 16711.9 |    0.451432 |
| 16713.3 |    0.451155 |
| 16714.6 |    0.450878 |
| 16716.0 |    0.450601 |
| 16717.3 |    0.450323 |
| 16718.7 |    0.450047 |
| 16720.1 |    0.449775 |
| 16721.4 |    0.449555 |
| 16722.8 |    0.449335 |
| 16724.1 |    0.449115 |
| 16725.5 |    0.448716 |
| 16726.8 |    0.448231 |
| 16728.2 |    0.447746 |
| 16729.6 |    0.447262 |
| 16730.9 |    0.446778 |
| 16732.3 |    0.446301 |
| 16733.6 |    0.445818 |
| 16735.0 |    0.445334 |
| 16736.3 |    0.444851 |
| 16737.7 |    0.444368 |
| 16739.1 |    0.443885 |
| 16740.4 |    0.443386 |
| 16741.8 |    0.442848 |
| 16743.1 |    0.442311 |
| 16744.5 |     0.44178 |
| 16745.8 |    0.441036 |
| 16747.2 |    0.440278 |
| 16748.6 |     0.43952 |
| 16749.9 |    0.438764 |
| 16751.3 |     0.43806 |
| 16752.6 |    0.437369 |
| 16754.0 |    0.436668 |
| 16755.4 |     0.43596 |
| 16756.7 |     0.43527 |
| 16758.1 |    0.434571 |
| 16759.4 |    0.433873 |
| 16760.8 |    0.433176 |
| 16762.2 |    0.432478 |
| 16763.5 |    0.431781 |
| 16764.9 |    0.431073 |
| 16766.2 |    0.430333 |
| 16767.6 |    0.429583 |
| 16768.9 |    0.428833 |
| 16770.3 |    0.428071 |
| 16771.7 |    0.427269 |
| 16773.0 |    0.426467 |
| 16774.4 |    0.425665 |
| 16775.8 |    0.424864 |
| 16777.1 |    0.424063 |
| 16778.5 |    0.423275 |
| 16779.8 |    0.422476 |
| 16781.2 |    0.421725 |
| 16782.6 |    0.420981 |
| 16783.9 |    0.420238 |
| 16785.3 |    0.419585 |
| 16786.7 |    0.419017 |
| 16788.0 |     0.41845 |
| 16789.4 |    0.417883 |
| 16790.7 |    0.417295 |
| 16792.1 |    0.416676 |
| 16793.5 |    0.416056 |
| 16794.8 |    0.415438 |
| 16796.2 |    0.414819 |
| 16797.6 |    0.414201 |
| 16798.9 |    0.413593 |
| 16800.3 |    0.412986 |
| 16801.6 |    0.412418 |
| 16803.0 |    0.411864 |
| 16804.4 |    0.411304 |
| 16805.7 |    0.410654 |
| 16807.1 |    0.409987 |
| 16808.4 |     0.40932 |
| 16809.8 |    0.408653 |
| 16811.2 |    0.407997 |
| 16812.5 |    0.407331 |
| 16813.9 |    0.406666 |
| 16815.3 |       0.406 |
| 16816.6 |    0.405336 |
| 16818.0 |    0.404672 |
| 16819.4 |    0.404009 |
| 16820.7 |    0.403318 |
| 16822.1 |    0.402603 |
| 16823.4 |    0.401899 |
| 16824.8 |    0.401002 |
| 16826.2 |    0.399144 |
| 16827.6 |    0.397287 |
| 16828.9 |    0.395432 |
| 16830.3 |     0.39359 |
| 16831.7 |    0.391789 |
| 16833.0 |    0.389987 |
| 16834.4 |    0.388189 |
| 16835.8 |    0.386393 |
| 16837.1 |    0.384621 |
| 16838.5 |    0.382825 |
| 16839.8 |    0.381033 |
| 16841.2 |    0.379197 |
| 16842.6 |     0.37736 |
| 16843.9 |    0.375522 |
| 16845.3 |    0.372285 |
| 16846.7 |    0.367577 |
| 16848.1 |    0.362934 |
| 16849.4 |    0.358355 |
| 16850.8 |    0.353748 |
| 16852.1 |    0.349164 |
| 16853.5 |    0.344585 |
| 16854.9 |     0.34001 |
| 16856.2 |    0.335438 |
| 16857.6 |    0.330929 |
| 16859.0 |    0.326365 |
| 16860.3 |    0.321795 |
| 16861.7 |    0.317192 |
| 16863.1 |      0.3126 |
| 16864.4 |    0.308007 |
| 16865.8 |    0.301104 |
| 16867.2 |    0.293895 |
| 16868.6 |    0.286694 |
| 16869.9 |    0.279604 |
| 16871.3 |    0.272452 |
| 16872.7 |    0.265309 |
| 16874.0 |    0.258172 |
| 16875.4 |    0.251041 |
| 16876.8 |    0.243917 |
| 16878.1 |    0.236799 |
| 16879.5 |    0.229687 |
| 16880.9 |    0.222581 |
| 16882.2 |    0.215481 |
| 16883.6 |    0.208478 |
| 16885.0 |    0.201575 |
| 16886.3 |    0.195224 |
| 16887.7 |    0.188878 |
| 16889.1 |    0.182528 |
| 16890.4 |    0.176267 |
| 16891.8 |    0.169826 |
| 16893.2 |    0.163473 |
| 16894.6 |    0.157217 |
| 16895.9 |    0.150878 |
| 16897.3 |    0.144547 |
| 16898.7 |    0.138223 |
| 16900.1 |    0.131906 |
| 16901.4 |    0.125612 |
| 16902.8 |    0.119324 |
| 16904.2 |    0.113122 |
| 16905.5 |    0.108494 |
| 16906.9 |    0.104643 |
| 16908.3 |    0.100898 |
| 16909.7 |   0.0971073 |
| 16911.0 |   0.0933059 |
| 16912.4 |   0.0895109 |
| 16913.8 |    0.085715 |
| 16915.2 |   0.0819286 |
| 16916.5 |    0.078195 |
| 16917.9 |   0.0744119 |
| 16919.2 |   0.0706331 |
| 16920.6 |   0.0668626 |
| 16922.0 |   0.0631005 |
| 16923.4 |   0.0593417 |
| 16924.8 |   0.0557607 |
| 16926.1 |   0.0538415 |
| 16927.5 |   0.0519239 |
| 16928.9 |   0.0500325 |
| 16930.2 |   0.0481172 |
| 16931.6 |   0.0461986 |
| 16933.0 |   0.0442795 |
| 16934.4 |   0.0423654 |
| 16935.7 |   0.0404507 |
| 16937.1 |   0.0385653 |
| 16938.5 |   0.0366305 |
| 16939.9 |   0.0347251 |
| 16941.2 |   0.0328474 |
| 16942.6 |   0.0309501 |
| 16944.0 |   0.0290519 |
| 16945.3 |   0.0276651 |
| 16946.7 |   0.0267358 |
| 16948.1 |   0.0258072 |
| 16949.5 |   0.0248795 |
| 16950.8 |   0.0239625 |
| 16952.2 |   0.0230335 |
| 16953.6 |   0.0220923 |
| 16955.0 |   0.0211785 |
| 16956.3 |   0.0202514 |
| 16957.7 |   0.0193266 |
| 16959.1 |   0.0184016 |
| 16960.5 |   0.0174789 |
| 16961.8 |   0.0165691 |
| 16963.2 |   0.0156472 |
| 16964.6 |   0.0147277 |
| 16966.0 |   0.0142606 |
| 16967.4 |   0.0138045 |
| 16968.7 |   0.0133489 |
| 16970.1 |    0.012894 |
| 16971.5 |   0.0124411 |
| 16972.9 |   0.0119887 |
| 16974.2 |   0.0115366 |
| 16975.6 |   0.0110913 |
| 16977.0 |   0.0106394 |
| 16978.4 |   0.0101885 |
| 16979.8 |  0.00973805 |
| 16981.1 |  0.00928633 |
| 16982.5 |  0.00883555 |
| 16983.9 |  0.00838464 |
| 16985.3 |  0.00802956 |
| 16986.7 |  0.00778611 |
| 16988.0 |  0.00754636 |
| 16989.4 |  0.00730346 |
| 16990.8 |   0.0070617 |
| 16992.2 |  0.00682025 |
| 16993.5 |    0.006579 |
| 16994.9 |  0.00633798 |
| 16996.3 |  0.00610058 |
| 16997.7 |  0.00585965 |
| 16999.1 |  0.00561621 |
| 17000.4 |  0.00537872 |
| 17001.8 |  0.00513757 |
| 17003.2 |  0.00489674 |
| 17004.6 |  0.00465591 |
| 17005.9 |  0.00452473 |
| 17007.3 |   0.0043999 |
| 17008.7 |  0.00427701 |
| 17010.1 |  0.00415272 |
| 17011.5 |  0.00402894 |
| 17012.8 |  0.00390547 |
| 17014.2 |  0.00378196 |
| 17015.6 |  0.00365859 |
| 17017.0 |  0.00353536 |
| 17018.4 |  0.00341226 |
| 17019.8 |   0.0032893 |
| 17021.1 |  0.00316612 |
| 17022.5 |  0.00304478 |
| 17023.9 |  0.00292169 |
| 17025.3 |  0.00281866 |
| 17026.7 |  0.00274022 |
| 17028.0 |  0.00266189 |
| 17029.4 |  0.00258355 |
| 17030.8 |  0.00250543 |
| 17032.2 |  0.00242731 |
| 17033.6 |  0.00234941 |
| 17034.9 |   0.0022726 |
| 17036.3 |   0.0021948 |
| 17037.7 |   0.0021171 |
| 17039.1 |  0.00203962 |
| 17040.5 |  0.00196223 |
| 17041.8 |  0.00188511 |
| 17043.2 |  0.00180905 |
| 17044.6 |  0.00173209 |
| 17046.0 |  0.00169416 |
| 17047.4 |  0.00165863 |
| 17048.8 |  0.00162267 |
| 17050.1 |  0.00158674 |
| 17051.5 |  0.00155061 |
| 17052.9 |  0.00151457 |
| 17054.3 |  0.00147859 |
| 17055.7 |  0.00144311 |
| 17057.1 |  0.00140718 |
| 17058.4 |  0.00137135 |
| 17059.8 |  0.00133551 |
| 17061.2 |  0.00129988 |
| 17062.6 |  0.00126436 |
| 17064.0 |  0.00122882 |
| 17065.4 |  0.00119485 |
| 17066.8 |  0.00116234 |
| 17068.1 |  0.00112988 |
| 17069.5 |  0.00109786 |
| 17070.9 |  0.00106537 |
| 17072.3 |  0.00103288 |
| 17073.7 |  0.00100043 |
| 17075.1 | 0.000968027 |
| 17076.4 | 0.000935622 |
| 17077.8 | 0.000903308 |
| 17079.2 | 0.000870994 |
| 17080.6 | 0.000839224 |
| 17082.0 | 0.000806999 |
| 17083.4 | 0.000774819 |
| 17084.8 | 0.000743298 |
| 17086.1 | 0.000719806 |
| 17087.5 | 0.000696347 |
| 17088.9 |  0.00067292 |
| 17090.3 | 0.000649873 |
| 17091.7 | 0.000626269 |
| 17093.1 | 0.000603018 |
| 17094.5 |  0.00058012 |
| 17095.8 | 0.000556922 |
| 17097.2 | 0.000533718 |
| 17098.6 | 0.000510572 |
| 17100.0 | 0.000487452 |
| 17101.4 | 0.000464264 |
| 17102.8 | 0.000441465 |
| 17104.2 | 0.000418342 |
| 17105.6 |  0.00040433 |
| 17106.9 | 0.000395506 |
| 17108.3 | 0.000386694 |
| 17109.7 | 0.000377907 |
| 17111.1 |  0.00036912 |
| 17112.5 | 0.000360345 |
| 17113.9 | 0.000351582 |
| 17115.3 | 0.000342954 |
| 17116.7 | 0.000334216 |
| 17118.1 | 0.000325489 |
| 17119.4 | 0.000316776 |
| 17120.8 | 0.000308087 |
| 17122.2 | 0.000299437 |
| 17123.6 | 0.000290798 |
| 17125.0 | 0.000284152 |
| 17126.4 | 0.000283988 |
| 17127.8 | 0.000283826 |
| 17129.2 | 0.000283661 |
| 17130.6 | 0.000283481 |
| 17131.9 | 0.000283278 |
| 17133.3 | 0.000283075 |
| 17134.7 | 0.000282871 |
| 17136.1 | 0.000282671 |
| 17137.5 | 0.000282465 |
| 17138.9 | 0.000282262 |
| 17140.3 | 0.000282059 |
| 17141.7 | 0.000281859 |
| 17143.1 | 0.000281657 |
| 17144.5 | 0.000281454 |
| 17145.8 |  0.00027187 |
| 17147.2 | 0.000260497 |
| 17148.6 | 0.000249284 |
| 17150.0 | 0.000237785 |
| 17151.4 | 0.000226634 |
| 17152.8 | 0.000215196 |
| 17154.2 | 0.000204071 |
| 17155.6 | 0.000192817 |
| 17157.0 |  0.00018156 |
| 17158.3 | 0.000170473 |
| 17159.8 | 0.000159101 |
| 17161.2 | 0.000147866 |
| 17162.5 | 0.000136785 |
| 17163.9 | 0.000125438 |
| 17165.3 | 0.000119472 |
| 17166.7 | 0.000119385 |
| 17168.1 | 0.000119299 |
| 17169.5 | 0.000119212 |
| 17170.9 | 0.000119126 |
| 17172.3 | 0.000119041 |
| 17173.7 | 0.000118953 |
| 17175.1 | 0.000118868 |
| 17176.5 | 0.000118782 |
| 17177.9 | 0.000118694 |
| 17179.3 | 0.000118609 |
| 17180.7 |  0.00011853 |
| 17182.1 | 0.000118461 |
| 17183.4 | 0.000118392 |
| 17184.8 | 0.000118321 |
| 17186.2 | 0.000118252 |
| 17187.6 | 0.000118182 |
| 17189.0 | 0.000118112 |
| 17190.4 | 0.000118038 |
| 17191.8 | 0.000117952 |
| 17193.2 | 0.000117866 |
| 17194.6 |  0.00011778 |
| 17196.0 | 0.000117694 |
| 17197.4 | 0.000117609 |
| 17198.8 | 0.000117522 |
| 17200.2 | 0.000117421 |
| 17201.6 | 0.000117203 |
| 17203.0 | 0.000116984 |
| 17204.4 | 0.000116766 |
| 17205.7 | 0.000114521 |
| 17207.1 | 0.000111596 |
| 17208.6 |  0.00010864 |
| 17210.0 | 0.000105735 |
| 17211.3 |  0.00010288 |
