# Units:
#  "lambda" is in Angstroms
#  "pass" is the contribution to the detector signal per photon
#         entering the atmosphere of Earth
# 
# Bandpass Name(s): F814W
# 
# Instrument: WFC3_UVIS_F814W
# 
# Determined by: 
# 
# Date of determination: 2010-May-02
# 
# Meaning of/Reason for default column: Only column available
# 
# Notes:
# 
# 
# Obtained from Leonidas Moustakas on 2011-Apr-02 for the CLASH team.
# 
# J. Moustakas, UCSD 2011-Apr-07
|  lambda |        pass |
| 6908.49 | 0.000103884 |
| 6909.68 | 0.000109522 |
| 6910.86 | 0.000115139 |
| 6912.04 | 0.000120916 |
| 6913.23 | 0.000127823 |
|  6914.4 | 0.000134707 |
| 6915.59 | 0.000141607 |
| 6916.77 | 0.000148487 |
| 6917.96 | 0.000155383 |
| 6919.14 | 0.000162279 |
| 6920.33 | 0.000169166 |
| 6921.51 | 0.000176017 |
| 6922.69 | 0.000185462 |
| 6923.88 | 0.000196271 |
| 6925.06 | 0.000207077 |
| 6926.25 |  0.00021788 |
| 6927.43 | 0.000228639 |
| 6928.62 | 0.000239426 |
|  6929.8 | 0.000250175 |
| 6930.99 | 0.000260974 |
| 6932.17 | 0.000273338 |
| 6933.36 | 0.000291191 |
| 6934.54 | 0.000309086 |
| 6935.73 | 0.000326921 |
| 6936.92 | 0.000344806 |
|  6938.1 | 0.000362689 |
| 6939.29 | 0.000380504 |
| 6940.48 | 0.000398353 |
| 6941.66 | 0.000416114 |
| 6942.86 | 0.000442922 |
| 6944.04 | 0.000471915 |
| 6945.23 | 0.000500982 |
| 6946.42 | 0.000529945 |
|  6947.6 | 0.000558888 |
|  6948.8 | 0.000588001 |
| 6949.98 | 0.000616914 |
| 6951.17 | 0.000645968 |
| 6952.36 | 0.000681074 |
| 6953.56 | 0.000726734 |
| 6954.74 | 0.000772073 |
| 6955.93 | 0.000817408 |
| 6957.12 | 0.000862869 |
| 6958.31 | 0.000908177 |
| 6959.51 |  0.00095376 |
| 6960.69 | 0.000999042 |
| 6961.89 |  0.00104445 |
| 6963.08 |  0.00111688 |
| 6964.26 |  0.00119009 |
| 6965.46 |  0.00126375 |
| 6966.65 |  0.00133691 |
| 6967.84 |  0.00141029 |
| 6969.03 |  0.00148341 |
| 6970.23 |  0.00155667 |
| 6971.42 |  0.00162982 |
| 6972.61 |     0.00173 |
| 6973.81 |  0.00185048 |
|  6975.0 |  0.00197043 |
| 6976.19 |  0.00209074 |
| 6977.39 |  0.00221101 |
| 6978.58 |  0.00233115 |
| 6979.77 |   0.0024509 |
| 6980.96 |  0.00257074 |
| 6982.16 |  0.00270681 |
| 6983.36 |  0.00290732 |
| 6984.55 |  0.00310773 |
| 6985.75 |  0.00330739 |
| 6986.94 |  0.00350769 |
| 6988.13 |  0.00370723 |
| 6989.33 |   0.0039074 |
| 6990.53 |  0.00410748 |
| 6991.72 |   0.0043068 |
| 6992.92 |  0.00462512 |
| 6994.12 |  0.00496653 |
| 6995.32 |  0.00531015 |
| 6996.51 |  0.00565135 |
| 6997.71 |  0.00599254 |
|  6998.9 |  0.00633452 |
|  7000.1 |   0.0066754 |
|  7001.3 |  0.00701611 |
|  7002.5 |  0.00746462 |
|  7003.7 |  0.00803306 |
| 7004.89 |  0.00859964 |
| 7006.09 |   0.0091655 |
| 7007.29 |  0.00973481 |
| 7008.49 |   0.0102999 |
| 7009.69 |   0.0108667 |
| 7010.89 |    0.011432 |
| 7012.09 |   0.0120515 |
| 7013.29 |   0.0129957 |
| 7014.49 |    0.013945 |
| 7015.69 |   0.0148942 |
| 7016.89 |   0.0158396 |
| 7018.09 |    0.016791 |
| 7019.29 |   0.0177357 |
| 7020.49 |    0.018682 |
| 7021.69 |   0.0196237 |
| 7022.89 |   0.0210597 |
|  7024.1 |   0.0226308 |
|  7025.3 |   0.0241916 |
|  7026.5 |   0.0257556 |
|  7027.7 |   0.0273138 |
|  7028.9 |   0.0288763 |
| 7030.11 |   0.0304371 |
| 7031.31 |   0.0319946 |
| 7032.51 |   0.0339797 |
| 7033.71 |   0.0364205 |
| 7034.92 |   0.0388674 |
| 7036.12 |   0.0413136 |
| 7037.33 |   0.0437589 |
| 7038.53 |   0.0461936 |
| 7039.73 |   0.0486285 |
| 7040.94 |   0.0510686 |
| 7042.14 |   0.0536572 |
| 7043.35 |   0.0569864 |
| 7044.55 |   0.0603024 |
| 7045.76 |   0.0636268 |
| 7046.96 |   0.0669394 |
| 7048.17 |   0.0702603 |
| 7049.38 |   0.0735801 |
| 7050.58 |   0.0768829 |
| 7051.79 |   0.0801893 |
| 7052.99 |   0.0842254 |
|  7054.2 |   0.0883832 |
| 7055.41 |   0.0925352 |
| 7056.61 |   0.0966734 |
| 7057.82 |    0.100819 |
| 7059.03 |     0.10495 |
| 7060.24 |    0.109094 |
| 7061.45 |    0.113241 |
| 7062.66 |    0.117579 |
| 7063.86 |     0.12203 |
| 7065.07 |    0.126483 |
| 7066.28 |    0.130944 |
| 7067.49 |    0.135404 |
|  7068.7 |     0.13986 |
| 7069.91 |    0.144301 |
| 7071.12 |    0.148753 |
| 7072.33 |    0.152979 |
| 7073.54 |    0.156776 |
| 7074.75 |    0.160585 |
| 7075.96 |    0.164377 |
| 7077.17 |    0.168178 |
| 7078.38 |    0.171964 |
| 7079.59 |    0.175772 |
|  7080.8 |    0.179565 |
| 7082.01 |    0.183308 |
| 7083.23 |    0.185993 |
| 7084.44 |    0.188659 |
| 7085.65 |    0.191334 |
| 7086.86 |    0.193996 |
| 7088.07 |    0.196667 |
| 7089.29 |    0.199336 |
|  7090.5 |    0.201995 |
| 7091.71 |    0.204631 |
| 7092.92 |    0.206452 |
| 7094.14 |    0.208076 |
| 7095.35 |    0.209698 |
| 7096.57 |    0.211319 |
| 7097.78 |    0.212933 |
|  7099.0 |    0.214551 |
| 7100.21 |    0.216167 |
| 7101.43 |    0.217806 |
| 7102.64 |    0.219011 |
| 7103.85 |    0.219876 |
| 7105.07 |    0.220743 |
| 7106.29 |    0.221607 |
|  7107.5 |    0.222473 |
| 7108.72 |    0.223339 |
| 7109.93 |    0.224201 |
| 7111.15 |    0.225066 |
| 7112.37 |    0.225762 |
| 7113.58 |    0.226131 |
|  7114.8 |    0.226498 |
| 7116.02 |    0.226866 |
| 7117.24 |    0.227232 |
| 7118.45 |    0.227598 |
| 7119.67 |    0.227967 |
| 7120.89 |    0.228314 |
| 7122.11 |    0.228625 |
| 7123.33 |    0.228709 |
| 7124.55 |    0.228792 |
| 7125.76 |    0.228875 |
| 7126.98 |    0.228958 |
|  7128.2 |    0.229041 |
| 7129.42 |    0.229124 |
| 7130.65 |     0.22922 |
| 7131.86 |    0.229327 |
| 7133.09 |    0.229331 |
|  7134.3 |    0.229326 |
| 7135.52 |    0.229321 |
| 7136.75 |    0.229316 |
| 7137.97 |    0.229311 |
| 7139.19 |    0.229305 |
| 7140.41 |    0.229292 |
| 7141.63 |    0.229262 |
| 7142.85 |    0.229178 |
| 7144.07 |    0.229074 |
|  7145.3 |    0.228969 |
| 7146.52 |    0.228864 |
| 7147.74 |    0.228759 |
| 7148.97 |    0.228655 |
| 7150.19 |    0.228554 |
| 7151.41 |    0.228474 |
| 7152.63 |    0.228381 |
| 7153.86 |    0.228277 |
| 7155.08 |    0.228174 |
| 7156.31 |     0.22807 |
| 7157.53 |    0.227967 |
| 7158.76 |    0.227863 |
| 7159.98 |    0.227759 |
| 7161.21 |    0.227632 |
| 7162.43 |    0.227491 |
| 7163.66 |    0.227329 |
| 7164.88 |    0.227167 |
| 7166.11 |    0.227005 |
| 7167.33 |    0.226843 |
| 7168.56 |    0.226681 |
| 7169.79 |     0.22652 |
| 7171.01 |    0.226378 |
| 7172.24 |    0.226237 |
| 7173.47 |    0.226078 |
|  7174.7 |     0.22592 |
| 7175.92 |    0.225762 |
| 7177.15 |    0.225604 |
| 7178.38 |    0.225446 |
|  7179.6 |    0.225288 |
| 7180.83 |     0.22513 |
| 7182.06 |     0.22497 |
| 7183.29 |    0.224781 |
| 7184.53 |    0.224592 |
| 7185.75 |    0.224405 |
| 7186.98 |    0.224216 |
| 7188.21 |    0.224028 |
| 7189.44 |     0.22384 |
| 7190.67 |    0.223638 |
|  7191.9 |    0.223427 |
| 7193.13 |    0.223209 |
| 7194.36 |    0.222992 |
| 7195.59 |    0.222775 |
| 7196.83 |    0.222557 |
| 7198.05 |    0.222342 |
| 7199.29 |    0.222124 |
| 7200.52 |    0.221918 |
| 7201.75 |    0.221725 |
| 7202.98 |    0.221526 |
| 7204.21 |    0.221327 |
| 7205.45 |    0.221126 |
| 7206.68 |    0.220926 |
| 7207.91 |    0.220726 |
| 7209.14 |    0.220527 |
| 7210.38 |    0.220319 |
| 7211.61 |    0.220096 |
| 7212.85 |    0.219886 |
| 7214.08 |    0.219681 |
| 7215.32 |    0.219476 |
| 7216.55 |    0.219271 |
| 7217.79 |    0.219067 |
| 7219.02 |    0.218862 |
| 7220.25 |    0.218663 |
| 7221.49 |    0.218483 |
| 7222.73 |      0.2183 |
| 7223.96 |    0.218118 |
|  7225.2 |    0.217935 |
| 7226.43 |    0.217753 |
| 7227.67 |     0.21757 |
| 7228.91 |    0.217388 |
| 7230.14 |    0.217202 |
| 7231.38 |    0.216986 |
| 7232.62 |    0.216794 |
| 7233.85 |    0.216627 |
| 7235.09 |     0.21646 |
| 7236.33 |    0.216293 |
| 7237.57 |    0.216127 |
|  7238.8 |    0.215961 |
| 7240.04 |    0.215795 |
| 7241.28 |    0.215652 |
| 7242.52 |    0.215521 |
| 7243.76 |    0.215408 |
|  7245.0 |    0.215295 |
| 7246.24 |    0.215182 |
| 7247.48 |    0.215069 |
| 7248.72 |    0.214956 |
| 7249.96 |    0.214843 |
|  7251.2 |    0.214707 |
| 7252.44 |     0.21459 |
| 7253.69 |    0.214508 |
| 7254.92 |    0.214427 |
| 7256.16 |    0.214345 |
| 7257.41 |    0.214263 |
| 7258.65 |    0.214182 |
| 7259.89 |      0.2141 |
| 7261.13 |    0.214039 |
| 7262.38 |    0.213983 |
| 7263.62 |    0.213932 |
| 7264.86 |    0.213882 |
|  7266.1 |    0.213831 |
| 7267.35 |     0.21378 |
| 7268.59 |    0.213729 |
| 7269.83 |    0.213678 |
| 7271.08 |    0.213627 |
| 7272.32 |    0.213592 |
| 7273.57 |    0.213602 |
| 7274.81 |    0.213613 |
| 7276.05 |    0.213623 |
|  7277.3 |    0.213633 |
| 7278.54 |    0.213642 |
| 7279.79 |    0.213652 |
| 7281.04 |    0.213643 |
| 7282.28 |    0.213631 |
| 7283.53 |    0.213626 |
| 7284.77 |     0.21362 |
| 7286.02 |    0.213615 |
| 7287.27 |     0.21361 |
| 7288.51 |    0.213604 |
| 7289.76 |    0.213599 |
| 7291.01 |    0.213612 |
| 7292.25 |    0.213638 |
|  7293.5 |    0.213698 |
| 7294.75 |    0.213758 |
|  7296.0 |    0.213818 |
| 7297.25 |    0.213877 |
|  7298.5 |    0.213937 |
| 7299.75 |    0.213996 |
| 7300.99 |    0.214037 |
| 7302.24 |    0.214073 |
| 7303.49 |    0.214107 |
| 7304.74 |    0.214141 |
| 7305.99 |    0.214176 |
| 7307.24 |     0.21421 |
|  7308.5 |    0.214244 |
| 7309.74 |    0.214278 |
| 7310.99 |     0.21433 |
| 7312.24 |    0.214392 |
| 7313.49 |    0.214471 |
| 7314.75 |    0.214551 |
|  7316.0 |     0.21463 |
| 7317.25 |    0.214709 |
|  7318.5 |    0.214788 |
| 7319.75 |    0.214867 |
|  7321.0 |    0.214926 |
| 7322.26 |    0.214982 |
| 7323.51 |    0.215037 |
| 7324.76 |    0.215092 |
| 7326.02 |    0.215148 |
| 7327.27 |    0.215203 |
| 7328.52 |    0.215258 |
| 7329.78 |    0.215313 |
| 7331.03 |    0.215387 |
| 7332.29 |    0.215463 |
| 7333.54 |    0.215527 |
|  7334.8 |     0.21559 |
| 7336.05 |    0.215654 |
|  7337.3 |    0.215717 |
| 7338.56 |    0.215781 |
| 7339.82 |    0.215844 |
| 7341.07 |    0.215887 |
| 7342.33 |    0.215928 |
| 7343.58 |    0.215972 |
| 7344.84 |    0.216016 |
|  7346.1 |    0.216059 |
| 7347.36 |    0.216103 |
| 7348.61 |    0.216147 |
| 7349.87 |     0.21619 |
| 7351.13 |    0.216255 |
| 7352.39 |    0.216309 |
| 7353.64 |     0.21633 |
|  7354.9 |    0.216351 |
| 7356.16 |    0.216373 |
| 7357.42 |    0.216394 |
| 7358.68 |    0.216414 |
| 7359.94 |    0.216435 |
|  7361.2 |    0.216433 |
| 7362.45 |    0.216424 |
| 7363.71 |    0.216403 |
| 7364.98 |    0.216382 |
| 7366.23 |    0.216361 |
|  7367.5 |     0.21634 |
| 7368.75 |    0.216319 |
| 7370.02 |    0.216297 |
| 7371.28 |      0.2163 |
| 7372.54 |    0.216284 |
|  7373.8 |    0.216241 |
| 7375.06 |    0.216198 |
| 7376.33 |    0.216155 |
| 7377.58 |    0.216111 |
| 7378.85 |    0.216068 |
| 7380.11 |    0.216023 |
| 7381.37 |    0.215955 |
| 7382.64 |    0.215879 |
|  7383.9 |    0.215791 |
| 7385.16 |    0.215704 |
| 7386.42 |    0.215617 |
| 7387.69 |     0.21553 |
| 7388.95 |    0.215443 |
| 7390.22 |     0.21536 |
| 7391.48 |    0.215297 |
| 7392.74 |    0.215227 |
| 7394.01 |    0.215151 |
| 7395.28 |    0.215074 |
| 7396.54 |    0.214998 |
| 7397.81 |    0.214922 |
| 7399.07 |    0.214846 |
| 7400.34 |    0.214763 |
|  7401.6 |    0.214663 |
| 7402.87 |    0.214514 |
| 7404.14 |    0.214339 |
|  7405.4 |    0.214163 |
| 7406.67 |    0.213987 |
| 7407.94 |    0.213813 |
| 7409.21 |    0.213637 |
| 7410.47 |    0.213472 |
| 7411.74 |    0.213321 |
| 7413.01 |    0.213173 |
| 7414.28 |    0.213026 |
| 7415.55 |     0.21288 |
| 7416.81 |    0.212734 |
| 7418.08 |    0.212588 |
| 7419.35 |    0.212442 |
| 7420.62 |    0.212284 |
| 7421.89 |    0.212114 |
| 7423.16 |    0.211907 |
| 7424.43 |    0.211696 |
|  7425.7 |    0.211484 |
| 7426.98 |    0.211272 |
| 7428.24 |    0.211062 |
| 7429.52 |     0.21085 |
| 7430.78 |    0.210663 |
| 7432.06 |    0.210489 |
| 7433.33 |    0.210315 |
|  7434.6 |    0.210141 |
| 7435.87 |    0.209967 |
| 7437.14 |    0.209793 |
| 7438.42 |    0.209619 |
| 7439.69 |    0.209445 |
| 7440.96 |    0.209253 |
| 7442.23 |    0.209055 |
| 7443.51 |    0.208851 |
| 7444.79 |    0.208645 |
| 7446.06 |    0.208441 |
| 7447.33 |    0.208236 |
|  7448.6 |    0.208032 |
| 7449.88 |    0.207826 |
| 7451.15 |    0.207644 |
| 7452.43 |    0.207463 |
|  7453.7 |    0.207284 |
| 7454.98 |    0.207106 |
| 7456.26 |    0.206927 |
| 7457.53 |    0.206749 |
| 7458.81 |     0.20657 |
| 7460.08 |     0.20639 |
| 7461.36 |    0.206188 |
| 7462.64 |    0.205987 |
| 7463.91 |    0.205788 |
| 7465.19 |    0.205588 |
| 7466.46 |    0.205389 |
| 7467.75 |    0.205189 |
| 7469.02 |     0.20499 |
|  7470.3 |    0.204796 |
| 7471.58 |     0.20462 |
| 7472.85 |     0.20444 |
| 7474.13 |    0.204256 |
| 7475.42 |    0.204072 |
| 7476.69 |    0.203889 |
| 7477.97 |    0.203706 |
| 7479.25 |    0.203522 |
| 7480.53 |     0.20333 |
| 7481.81 |    0.203124 |
| 7483.09 |    0.202973 |
| 7484.37 |    0.202835 |
| 7485.65 |    0.202698 |
| 7486.93 |     0.20256 |
| 7488.21 |    0.202423 |
|  7489.5 |    0.202285 |
| 7490.77 |    0.202162 |
| 7492.06 |    0.202048 |
| 7493.34 |    0.201926 |
| 7494.62 |    0.201802 |
|  7495.9 |    0.201679 |
| 7497.19 |    0.201555 |
| 7498.47 |    0.201432 |
| 7499.75 |     0.20131 |
| 7501.03 |    0.201142 |
| 7502.32 |    0.200975 |
|  7503.6 |    0.200853 |
| 7504.88 |    0.200732 |
| 7506.17 |     0.20061 |
| 7507.45 |    0.200488 |
| 7508.74 |    0.200366 |
| 7510.02 |    0.200245 |
| 7511.31 |    0.200147 |
|  7512.6 |    0.200045 |
| 7513.88 |    0.199942 |
| 7515.17 |    0.199838 |
| 7516.45 |    0.199734 |
| 7517.73 |    0.199631 |
| 7519.02 |    0.199527 |
| 7520.31 |    0.199418 |
|  7521.6 |    0.199292 |
| 7522.88 |     0.19919 |
| 7524.17 |    0.199103 |
| 7525.46 |    0.199015 |
| 7526.75 |    0.198928 |
| 7528.03 |     0.19884 |
| 7529.32 |    0.198753 |
| 7530.61 |    0.198676 |
|  7531.9 |    0.198611 |
| 7533.19 |    0.198561 |
| 7534.48 |    0.198514 |
| 7535.76 |    0.198467 |
| 7537.05 |    0.198419 |
| 7538.34 |    0.198372 |
| 7539.63 |    0.198324 |
| 7540.92 |    0.198261 |
| 7542.21 |    0.198193 |
|  7543.5 |    0.198153 |
| 7544.79 |    0.198112 |
| 7546.09 |    0.198072 |
| 7547.38 |    0.198031 |
| 7548.67 |     0.19799 |
| 7549.96 |     0.19795 |
| 7551.25 |    0.197931 |
| 7552.54 |    0.197922 |
| 7553.83 |    0.197929 |
| 7555.13 |    0.197936 |
| 7556.42 |    0.197943 |
| 7557.71 |     0.19795 |
| 7559.01 |    0.197957 |
|  7560.3 |    0.197959 |
| 7561.59 |    0.197943 |
| 7562.88 |    0.197933 |
| 7564.18 |    0.197926 |
| 7565.47 |    0.197919 |
| 7566.77 |    0.197913 |
| 7568.06 |    0.197906 |
| 7569.36 |    0.197899 |
| 7570.65 |    0.197903 |
| 7571.95 |    0.197919 |
| 7573.25 |    0.197922 |
| 7574.54 |    0.197924 |
| 7575.83 |    0.197925 |
| 7577.13 |    0.197927 |
| 7578.43 |    0.197928 |
| 7579.73 |    0.197929 |
| 7581.02 |    0.197912 |
| 7582.32 |    0.197897 |
| 7583.62 |    0.197909 |
| 7584.92 |    0.197921 |
| 7586.21 |    0.197932 |
| 7587.51 |    0.197944 |
| 7588.81 |    0.197956 |
|  7590.1 |    0.197969 |
| 7591.41 |    0.198003 |
|  7592.7 |    0.198008 |
|  7594.0 |    0.197982 |
|  7595.3 |    0.197955 |
|  7596.6 |    0.197928 |
|  7597.9 |    0.197902 |
|  7599.2 |    0.197875 |
|  7600.5 |    0.197839 |
|  7601.8 |    0.197789 |
|  7603.1 |    0.197771 |
|  7604.4 |    0.197762 |
| 7605.71 |    0.197752 |
|  7607.0 |    0.197743 |
| 7608.31 |    0.197734 |
| 7609.61 |    0.197724 |
| 7610.91 |    0.197715 |
| 7612.21 |      0.1977 |
| 7613.51 |    0.197636 |
| 7614.82 |    0.197572 |
| 7616.12 |    0.197509 |
| 7617.42 |    0.197445 |
| 7618.73 |    0.197381 |
| 7620.03 |    0.197317 |
| 7621.33 |    0.197276 |
| 7622.64 |    0.197222 |
| 7623.94 |    0.197151 |
| 7625.25 |     0.19708 |
| 7626.55 |    0.197009 |
| 7627.85 |    0.196937 |
| 7629.16 |    0.196866 |
| 7630.47 |    0.196776 |
| 7631.77 |    0.196653 |
| 7633.08 |    0.196517 |
| 7634.38 |    0.196378 |
| 7635.69 |    0.196238 |
|  7637.0 |    0.196098 |
|  7638.3 |    0.195959 |
| 7639.61 |    0.195819 |
| 7640.92 |    0.195696 |
| 7642.23 |    0.195575 |
| 7643.53 |    0.195426 |
| 7644.84 |    0.195277 |
| 7646.15 |    0.195127 |
| 7647.45 |    0.194978 |
| 7648.77 |    0.194828 |
| 7650.07 |    0.194678 |
| 7651.38 |    0.194506 |
| 7652.69 |    0.194321 |
|  7654.0 |    0.194123 |
| 7655.31 |    0.193925 |
| 7656.62 |    0.193727 |
| 7657.93 |    0.193529 |
| 7659.24 |    0.193331 |
| 7660.55 |    0.193142 |
| 7661.86 |    0.192967 |
| 7663.17 |    0.192787 |
| 7664.48 |    0.192607 |
|  7665.8 |    0.192426 |
| 7667.11 |    0.192245 |
| 7668.42 |    0.192065 |
| 7669.73 |    0.191884 |
| 7671.04 |    0.191686 |
| 7672.35 |    0.191476 |
| 7673.67 |    0.191236 |
| 7674.98 |    0.190997 |
| 7676.29 |    0.190757 |
|  7677.6 |    0.190518 |
| 7678.92 |    0.190279 |
| 7680.24 |    0.190044 |
| 7681.55 |    0.189827 |
| 7682.86 |    0.189606 |
| 7684.17 |    0.189382 |
| 7685.49 |    0.189158 |
| 7686.81 |    0.188933 |
| 7688.12 |    0.188708 |
| 7689.44 |    0.188485 |
| 7690.75 |    0.188248 |
| 7692.07 |    0.188003 |
| 7693.38 |    0.187763 |
|  7694.7 |    0.187525 |
| 7696.02 |    0.187287 |
| 7697.33 |    0.187048 |
| 7698.65 |    0.186811 |
| 7699.97 |    0.186572 |
| 7701.29 |    0.186335 |
|  7702.6 |    0.186092 |
| 7703.92 |    0.185837 |
| 7705.24 |    0.185584 |
| 7706.56 |    0.185328 |
| 7707.88 |    0.185075 |
|  7709.2 |    0.184822 |
| 7710.51 |    0.184577 |
| 7711.83 |    0.184346 |
| 7713.15 |    0.184122 |
| 7714.47 |    0.183902 |
| 7715.79 |    0.183681 |
| 7717.11 |    0.183461 |
| 7718.44 |     0.18324 |
| 7719.75 |     0.18302 |
| 7721.07 |    0.182783 |
|  7722.4 |    0.182543 |
| 7723.71 |    0.182308 |
| 7725.04 |    0.182072 |
| 7726.36 |    0.181837 |
| 7727.68 |    0.181602 |
|  7729.0 |    0.181368 |
| 7730.32 |    0.181139 |
| 7731.65 |    0.180926 |
| 7732.97 |    0.180715 |
|  7734.3 |    0.180505 |
| 7735.62 |    0.180295 |
| 7736.94 |    0.180085 |
| 7738.27 |    0.179876 |
| 7739.59 |    0.179667 |
| 7740.92 |    0.179442 |
| 7742.24 |    0.179214 |
| 7743.56 |    0.179008 |
| 7744.89 |    0.178801 |
| 7746.22 |    0.178594 |
| 7747.54 |    0.178389 |
| 7748.86 |    0.178183 |
| 7750.19 |     0.17798 |
| 7751.52 |    0.177796 |
| 7752.84 |    0.177623 |
| 7754.17 |    0.177461 |
|  7755.5 |    0.177298 |
| 7756.82 |    0.177136 |
| 7758.15 |    0.176973 |
| 7759.48 |    0.176811 |
|  7760.8 |    0.176636 |
| 7762.13 |    0.176453 |
| 7763.46 |    0.176279 |
| 7764.79 |    0.176105 |
| 7766.12 |    0.175931 |
| 7767.44 |    0.175757 |
| 7768.77 |    0.175584 |
|  7770.1 |     0.17541 |
| 7771.44 |    0.175236 |
| 7772.76 |     0.17508 |
| 7774.09 |    0.174942 |
| 7775.42 |    0.174804 |
| 7776.75 |    0.174666 |
| 7778.08 |    0.174528 |
| 7779.41 |    0.174391 |
| 7780.75 |    0.174265 |
| 7782.08 |    0.174148 |
| 7783.41 |    0.174006 |
| 7784.74 |    0.173863 |
| 7786.07 |    0.173721 |
|  7787.4 |    0.173578 |
| 7788.73 |    0.173436 |
| 7790.07 |    0.173291 |
|  7791.4 |    0.173128 |
| 7792.74 |    0.172989 |
| 7794.07 |    0.172881 |
|  7795.4 |    0.172773 |
| 7796.74 |    0.172664 |
| 7798.07 |    0.172556 |
|  7799.4 |    0.172448 |
| 7800.74 |    0.172351 |
| 7802.07 |    0.172263 |
| 7803.41 |    0.172158 |
| 7804.74 |    0.172053 |
| 7806.08 |    0.171947 |
| 7807.41 |    0.171842 |
| 7808.75 |    0.171736 |
| 7810.09 |    0.171629 |
| 7811.42 |    0.171502 |
| 7812.76 |    0.171403 |
| 7814.09 |    0.171335 |
| 7815.43 |    0.171267 |
| 7816.77 |    0.171199 |
| 7818.11 |    0.171131 |
| 7819.44 |    0.171063 |
| 7820.78 |    0.171006 |
| 7822.12 |    0.170959 |
| 7823.46 |    0.170884 |
|  7824.8 |    0.170809 |
| 7826.13 |    0.170734 |
| 7827.48 |    0.170658 |
| 7828.81 |    0.170583 |
| 7830.15 |    0.170508 |
| 7831.49 |    0.170433 |
| 7832.83 |    0.170357 |
| 7834.17 |     0.17028 |
| 7835.51 |    0.170203 |
| 7836.85 |    0.170126 |
| 7838.19 |    0.170049 |
| 7839.54 |    0.169971 |
| 7840.88 |    0.169894 |
| 7842.22 |    0.169817 |
| 7843.56 |    0.169749 |
|  7844.9 |    0.169681 |
| 7846.25 |    0.169613 |
| 7847.58 |    0.169545 |
| 7848.93 |    0.169476 |
| 7850.27 |    0.169412 |
| 7851.62 |    0.169364 |
| 7852.96 |    0.169307 |
|  7854.3 |    0.169242 |
| 7855.65 |    0.169178 |
| 7856.99 |    0.169113 |
| 7858.34 |    0.169048 |
| 7859.68 |    0.168984 |
| 7861.02 |    0.168903 |
| 7862.37 |    0.168823 |
| 7863.71 |    0.168772 |
| 7865.06 |     0.16872 |
|  7866.4 |    0.168668 |
| 7867.75 |    0.168616 |
|  7869.1 |    0.168564 |
| 7870.45 |    0.168518 |
| 7871.79 |    0.168487 |
| 7873.14 |    0.168418 |
| 7874.48 |    0.168334 |
| 7875.83 |    0.168251 |
| 7877.18 |    0.168168 |
| 7878.53 |    0.168085 |
| 7879.88 |    0.168001 |
| 7881.22 |      0.1679 |
| 7882.57 |    0.167803 |
| 7883.92 |    0.167725 |
| 7885.27 |    0.167648 |
| 7886.62 |     0.16757 |
| 7887.97 |    0.167492 |
| 7889.32 |    0.167414 |
| 7890.67 |    0.167335 |
| 7892.02 |    0.167258 |
| 7893.37 |    0.167149 |
| 7894.71 |    0.167038 |
| 7896.07 |    0.166925 |
| 7897.42 |    0.166814 |
| 7898.77 |    0.166702 |
| 7900.12 |    0.166592 |
| 7901.47 |    0.166501 |
| 7902.82 |      0.1664 |
| 7904.18 |     0.16629 |
| 7905.53 |     0.16618 |
| 7906.88 |     0.16607 |
| 7908.24 |    0.165959 |
| 7909.59 |    0.165849 |
| 7910.94 |    0.165725 |
|  7912.3 |    0.165597 |
| 7913.65 |    0.165495 |
| 7915.01 |    0.165393 |
| 7916.35 |    0.165292 |
| 7917.71 |     0.16519 |
| 7919.07 |    0.165089 |
| 7920.42 |    0.164994 |
| 7921.78 |    0.164912 |
| 7923.13 |    0.164809 |
| 7924.49 |    0.164696 |
| 7925.84 |    0.164583 |
|  7927.2 |     0.16447 |
| 7928.56 |    0.164357 |
| 7929.91 |    0.164245 |
| 7931.27 |    0.164113 |
| 7932.62 |    0.163986 |
| 7933.98 |    0.163871 |
| 7935.34 |    0.163756 |
|  7936.7 |     0.16364 |
| 7938.06 |    0.163525 |
| 7939.41 |    0.163411 |
| 7940.77 |    0.163296 |
| 7942.13 |    0.163181 |
| 7943.49 |    0.163045 |
| 7944.85 |    0.162909 |
| 7946.21 |    0.162773 |
| 7947.57 |    0.162637 |
| 7948.93 |    0.162501 |
| 7950.29 |    0.162369 |
| 7951.65 |    0.162254 |
| 7953.01 |    0.162147 |
| 7954.37 |    0.162046 |
| 7955.73 |    0.161946 |
| 7957.09 |    0.161845 |
| 7958.45 |    0.161745 |
| 7959.81 |    0.161644 |
| 7961.17 |    0.161526 |
| 7962.54 |    0.161406 |
|  7963.9 |    0.161285 |
| 7965.27 |    0.161165 |
| 7966.63 |    0.161044 |
| 7967.99 |    0.160924 |
| 7969.35 |    0.160804 |
| 7970.72 |    0.160683 |
| 7972.08 |    0.160563 |
| 7973.44 |    0.160454 |
| 7974.81 |    0.160346 |
| 7976.17 |    0.160238 |
| 7977.54 |     0.16013 |
|  7978.9 |    0.160021 |
| 7980.27 |    0.159918 |
| 7981.64 |    0.159831 |
|  7983.0 |    0.159735 |
| 7984.37 |    0.159633 |
| 7985.73 |    0.159531 |
| 7987.09 |    0.159429 |
| 7988.46 |    0.159327 |
| 7989.83 |    0.159225 |
|  7991.2 |    0.159109 |
| 7992.56 |    0.158991 |
| 7993.93 |    0.158872 |
|  7995.3 |    0.158753 |
| 7996.66 |    0.158635 |
| 7998.04 |    0.158516 |
|  7999.4 |    0.158398 |
| 8000.77 |    0.158287 |
| 8002.14 |    0.158182 |
| 8003.52 |    0.158102 |
| 8004.88 |    0.158024 |
| 8006.25 |    0.157945 |
| 8007.62 |    0.157866 |
| 8008.99 |    0.157788 |
| 8010.36 |    0.157704 |
| 8011.73 |    0.157608 |
|  8013.1 |    0.157516 |
| 8014.47 |    0.157425 |
| 8015.84 |    0.157333 |
| 8017.22 |    0.157242 |
| 8018.59 |    0.157151 |
| 8019.96 |    0.157059 |
| 8021.33 |     0.15697 |
|  8022.7 |    0.156875 |
| 8024.08 |    0.156772 |
| 8025.45 |    0.156669 |
| 8026.82 |    0.156566 |
| 8028.19 |    0.156464 |
| 8029.57 |    0.156361 |
| 8030.94 |    0.156273 |
| 8032.32 |    0.156195 |
| 8033.69 |    0.156145 |
| 8035.06 |    0.156094 |
| 8036.44 |    0.156043 |
| 8037.81 |    0.155992 |
| 8039.19 |    0.155941 |
| 8040.56 |    0.155882 |
| 8041.94 |    0.155811 |
| 8043.31 |      0.1557 |
|  8044.7 |    0.155578 |
| 8046.07 |    0.155456 |
| 8047.44 |    0.155335 |
| 8048.82 |    0.155213 |
|  8050.2 |    0.155092 |
| 8051.58 |     0.15497 |
| 8052.96 |    0.154878 |
| 8054.33 |    0.154811 |
| 8055.71 |    0.154744 |
| 8057.09 |    0.154677 |
| 8058.47 |     0.15461 |
| 8059.85 |    0.154543 |
| 8061.23 |    0.154493 |
|  8062.6 |    0.154431 |
| 8063.99 |     0.15433 |
| 8065.37 |     0.15423 |
| 8066.74 |     0.15413 |
| 8068.12 |     0.15403 |
| 8069.51 |     0.15393 |
| 8070.89 |    0.153817 |
| 8072.27 |    0.153698 |
| 8073.65 |    0.153585 |
| 8075.03 |    0.153473 |
| 8076.41 |     0.15336 |
| 8077.79 |    0.153248 |
| 8079.17 |    0.153136 |
| 8080.56 |    0.153023 |
| 8081.94 |    0.152911 |
| 8083.32 |     0.15279 |
| 8084.71 |    0.152668 |
| 8086.09 |    0.152546 |
| 8087.47 |    0.152423 |
| 8088.85 |    0.152301 |
| 8090.24 |    0.152182 |
| 8091.62 |    0.152079 |
| 8093.01 |    0.151962 |
| 8094.39 |    0.151834 |
| 8095.77 |    0.151706 |
| 8097.16 |    0.151578 |
| 8098.55 |     0.15145 |
| 8099.94 |    0.151322 |
| 8101.32 |    0.151176 |
| 8102.71 |    0.151029 |
| 8104.09 |    0.150883 |
| 8105.48 |    0.150736 |
| 8106.87 |     0.15059 |
| 8108.25 |    0.150444 |
| 8109.64 |    0.150298 |
| 8111.02 |    0.150152 |
| 8112.42 |    0.150003 |
|  8113.8 |     0.14984 |
| 8115.19 |    0.149677 |
| 8116.58 |    0.149514 |
| 8117.96 |    0.149351 |
| 8119.36 |    0.149187 |
| 8120.75 |    0.149035 |
| 8122.14 |    0.148891 |
| 8123.52 |    0.148731 |
| 8124.91 |    0.148571 |
| 8126.31 |     0.14841 |
| 8127.69 |     0.14825 |
| 8129.09 |    0.148089 |
| 8130.48 |    0.147922 |
| 8131.87 |    0.147742 |
| 8133.26 |    0.147545 |
| 8134.65 |    0.147342 |
| 8136.04 |    0.147138 |
| 8137.43 |    0.146934 |
| 8138.83 |     0.14673 |
| 8140.22 |    0.146527 |
| 8141.62 |    0.146324 |
|  8143.0 |    0.146126 |
|  8144.4 |    0.145931 |
| 8145.79 |    0.145737 |
| 8147.19 |    0.145544 |
| 8148.58 |     0.14535 |
| 8149.97 |    0.145156 |
| 8151.37 |    0.144981 |
| 8152.77 |     0.14481 |
| 8154.16 |    0.144645 |
| 8155.55 |    0.144481 |
| 8156.95 |    0.144316 |
| 8158.34 |    0.144152 |
| 8159.74 |    0.143987 |
| 8161.14 |    0.143808 |
| 8162.53 |    0.143617 |
| 8163.93 |    0.143395 |
| 8165.33 |    0.143172 |
| 8166.72 |    0.142949 |
| 8168.12 |    0.142727 |
| 8169.52 |    0.142505 |
| 8170.92 |    0.142283 |
| 8172.31 |    0.142062 |
| 8173.71 |    0.141842 |
| 8175.11 |    0.141622 |
| 8176.51 |    0.141402 |
| 8177.91 |    0.141183 |
| 8179.31 |    0.140964 |
| 8180.71 |    0.140753 |
| 8182.11 |    0.140553 |
|  8183.5 |    0.140369 |
| 8184.91 |    0.140187 |
|  8186.3 |    0.140006 |
| 8187.71 |    0.139823 |
| 8189.11 |    0.139642 |
| 8190.51 |    0.139453 |
| 8191.91 |    0.139254 |
| 8193.31 |     0.13905 |
| 8194.72 |    0.138843 |
| 8196.12 |    0.138637 |
| 8197.52 |    0.138431 |
| 8198.92 |    0.138225 |
| 8200.33 |    0.138019 |
| 8201.73 |    0.137817 |
| 8203.13 |    0.137625 |
| 8204.53 |    0.137439 |
| 8205.93 |    0.137253 |
| 8207.34 |    0.137067 |
| 8208.75 |    0.136881 |
| 8210.15 |    0.136697 |
| 8211.55 |     0.13653 |
| 8212.96 |    0.136362 |
| 8214.37 |    0.136191 |
| 8215.77 |    0.136022 |
| 8217.18 |    0.135852 |
| 8218.58 |    0.135683 |
| 8219.99 |    0.135514 |
|  8221.4 |    0.135327 |
|  8222.8 |    0.135149 |
| 8224.21 |    0.134986 |
| 8225.61 |    0.134823 |
| 8227.02 |    0.134659 |
| 8228.43 |    0.134495 |
| 8229.84 |    0.134332 |
| 8231.25 |    0.134179 |
| 8232.65 |    0.134031 |
| 8234.06 |     0.13389 |
| 8235.47 |    0.133749 |
| 8236.88 |    0.133609 |
| 8238.29 |    0.133469 |
|  8239.7 |    0.133328 |
| 8241.11 |    0.133202 |
| 8242.52 |    0.133085 |
| 8243.93 |    0.132998 |
| 8245.34 |    0.132911 |
| 8246.75 |    0.132823 |
| 8248.16 |    0.132736 |
| 8249.57 |    0.132648 |
| 8250.99 |    0.132548 |
|  8252.4 |    0.132443 |
| 8253.81 |    0.132337 |
| 8255.22 |    0.132231 |
| 8256.64 |    0.132125 |
| 8258.05 |    0.132019 |
| 8259.46 |    0.131912 |
| 8260.87 |    0.131806 |
| 8262.29 |      0.1317 |
|  8263.7 |    0.131605 |
| 8265.11 |     0.13151 |
| 8266.53 |    0.131415 |
| 8267.94 |     0.13132 |
| 8269.36 |    0.131225 |
| 8270.77 |    0.131139 |
| 8272.19 |    0.131061 |
|  8273.6 |    0.131013 |
| 8275.01 |    0.130966 |
| 8276.44 |     0.13092 |
| 8277.85 |    0.130873 |
| 8279.27 |    0.130827 |
| 8280.68 |    0.130772 |
|  8282.1 |    0.130708 |
| 8283.52 |    0.130644 |
| 8284.93 |    0.130581 |
| 8286.35 |    0.130518 |
| 8287.77 |    0.130454 |
| 8289.19 |    0.130391 |
| 8290.61 |    0.130327 |
| 8292.03 |    0.130264 |
| 8293.44 |    0.130236 |
| 8294.86 |    0.130216 |
| 8296.28 |    0.130197 |
|  8297.7 |    0.130176 |
| 8299.12 |    0.130156 |
| 8300.54 |    0.130136 |
| 8301.96 |    0.130116 |
| 8303.38 |    0.130073 |
|  8304.8 |    0.130024 |
| 8306.22 |    0.129974 |
| 8307.64 |    0.129924 |
| 8309.06 |    0.129874 |
| 8310.48 |     0.12983 |
| 8311.91 |    0.129798 |
| 8313.33 |    0.129789 |
| 8314.75 |    0.129789 |
| 8316.17 |    0.129789 |
| 8317.59 |    0.129789 |
| 8319.02 |    0.129789 |
| 8320.44 |    0.129783 |
| 8321.87 |    0.129765 |
| 8323.29 |    0.129755 |
| 8324.71 |    0.129747 |
| 8326.14 |    0.129739 |
| 8327.56 |    0.129731 |
| 8328.99 |    0.129723 |
| 8330.41 |    0.129715 |
| 8331.84 |    0.129706 |
| 8333.27 |    0.129705 |
| 8334.69 |    0.129708 |
| 8336.12 |     0.12971 |
| 8337.54 |    0.129712 |
| 8338.97 |    0.129714 |
| 8340.39 |     0.12972 |
| 8341.83 |    0.129739 |
| 8343.25 |     0.12975 |
| 8344.67 |    0.129757 |
| 8346.11 |    0.129765 |
| 8347.53 |    0.129772 |
| 8348.96 |    0.129779 |
| 8350.39 |    0.129781 |
| 8351.82 |    0.129771 |
| 8353.25 |    0.129754 |
| 8354.68 |    0.129734 |
| 8356.11 |    0.129714 |
| 8357.53 |    0.129694 |
| 8358.96 |    0.129674 |
|  8360.4 |    0.129654 |
| 8361.83 |    0.129633 |
| 8363.26 |    0.129616 |
| 8364.68 |    0.129601 |
| 8366.12 |    0.129586 |
| 8367.55 |     0.12957 |
| 8368.98 |    0.129555 |
| 8370.41 |    0.129539 |
| 8371.85 |    0.129524 |
| 8373.28 |    0.129509 |
| 8374.71 |    0.129495 |
| 8376.15 |    0.129481 |
| 8377.58 |    0.129467 |
| 8379.01 |    0.129452 |
| 8380.44 |    0.129443 |
| 8381.88 |    0.129445 |
| 8383.31 |    0.129436 |
| 8384.74 |    0.129421 |
| 8386.18 |    0.129406 |
| 8387.61 |     0.12939 |
| 8389.05 |    0.129375 |
| 8390.49 |    0.129354 |
| 8391.92 |    0.129321 |
| 8393.36 |    0.129282 |
| 8394.79 |     0.12924 |
| 8396.23 |    0.129199 |
| 8397.67 |    0.129157 |
|  8399.1 |    0.129116 |
| 8400.54 |    0.129079 |
| 8401.98 |    0.129051 |
| 8403.41 |    0.128995 |
| 8404.85 |     0.12893 |
| 8406.29 |    0.128865 |
| 8407.73 |    0.128801 |
| 8409.17 |    0.128736 |
|  8410.6 |    0.128679 |
| 8412.05 |    0.128631 |
| 8413.48 |    0.128591 |
| 8414.92 |    0.128552 |
| 8416.36 |    0.128513 |
|  8417.8 |    0.128474 |
| 8419.25 |    0.128434 |
| 8420.68 |    0.128387 |
| 8422.13 |     0.12833 |
| 8423.57 |    0.128247 |
| 8425.01 |    0.128161 |
| 8426.45 |    0.128074 |
| 8427.89 |    0.127987 |
| 8429.33 |      0.1279 |
| 8430.78 |    0.127822 |
| 8432.22 |    0.127752 |
| 8433.66 |     0.12767 |
|  8435.1 |    0.127586 |
| 8436.54 |    0.127503 |
| 8437.99 |    0.127419 |
| 8439.44 |    0.127335 |
| 8440.88 |    0.127252 |
| 8442.32 |    0.127168 |
| 8443.76 |    0.127056 |
| 8445.21 |    0.126944 |
| 8446.66 |    0.126833 |
|  8448.1 |    0.126721 |
| 8449.55 |     0.12661 |
| 8450.99 |     0.12651 |
| 8452.44 |    0.126417 |
| 8453.88 |    0.126339 |
| 8455.33 |    0.126261 |
| 8456.78 |    0.126183 |
| 8458.22 |    0.126105 |
| 8459.67 |    0.126027 |
| 8461.12 |    0.125936 |
| 8462.57 |     0.12584 |
| 8464.01 |    0.125743 |
| 8465.47 |    0.125646 |
| 8466.91 |    0.125549 |
| 8468.36 |    0.125451 |
| 8469.81 |    0.125354 |
| 8471.25 |    0.125256 |
| 8472.71 |    0.125151 |
| 8474.15 |    0.125025 |
| 8475.61 |    0.124897 |
| 8477.06 |    0.124771 |
|  8478.5 |    0.124644 |
| 8479.96 |    0.124517 |
|  8481.4 |    0.124391 |
| 8482.86 |    0.124191 |
| 8484.31 |    0.123866 |
| 8485.76 |    0.123541 |
| 8487.22 |    0.123216 |
| 8488.66 |    0.122893 |
| 8490.12 |    0.122568 |
| 8491.57 |    0.122262 |
| 8493.02 |    0.122041 |
| 8494.47 |    0.121918 |
| 8495.93 |    0.121793 |
| 8497.38 |    0.121669 |
| 8498.84 |    0.121545 |
| 8500.29 |    0.121412 |
| 8501.74 |    0.121241 |
|  8503.2 |     0.12109 |
| 8504.66 |    0.120955 |
| 8506.11 |    0.120819 |
| 8507.57 |    0.120683 |
| 8509.02 |    0.120547 |
| 8510.48 |    0.120411 |
| 8511.93 |    0.120276 |
| 8513.39 |    0.120087 |
| 8514.84 |     0.11988 |
|  8516.3 |    0.119672 |
| 8517.76 |    0.119464 |
| 8519.22 |    0.119257 |
| 8520.68 |    0.119049 |
| 8522.13 |    0.118842 |
| 8523.59 |    0.118707 |
| 8525.05 |    0.118583 |
| 8526.51 |    0.118459 |
| 8527.97 |    0.118335 |
| 8529.42 |    0.118212 |
| 8530.88 |    0.118097 |
| 8532.35 |     0.11799 |
| 8533.81 |     0.11785 |
| 8535.26 |     0.11771 |
| 8536.73 |     0.11757 |
| 8538.18 |    0.117431 |
| 8539.65 |    0.117291 |
| 8541.11 |    0.117138 |
| 8542.57 |    0.116984 |
| 8544.03 |    0.116833 |
| 8545.49 |    0.116683 |
| 8546.96 |    0.116531 |
| 8548.42 |    0.116381 |
| 8549.88 |    0.116231 |
| 8551.34 |     0.11608 |
|  8552.8 |    0.115935 |
| 8554.27 |    0.115801 |
| 8555.73 |    0.115667 |
|  8557.2 |    0.115534 |
| 8558.66 |      0.1154 |
| 8560.12 |    0.115266 |
| 8561.59 |    0.115132 |
| 8563.05 |    0.114997 |
| 8564.52 |    0.114859 |
| 8565.98 |    0.114721 |
| 8567.45 |    0.114583 |
| 8568.92 |    0.114446 |
| 8570.38 |    0.114313 |
| 8571.85 |    0.114191 |
| 8573.31 |    0.114087 |
| 8574.79 |     0.11399 |
| 8576.25 |    0.113894 |
| 8577.72 |    0.113798 |
| 8579.18 |    0.113702 |
| 8580.65 |      0.1136 |
| 8582.12 |    0.113487 |
| 8583.59 |    0.113355 |
| 8585.06 |    0.113218 |
| 8586.52 |    0.113082 |
|  8588.0 |    0.112946 |
| 8589.47 |    0.112809 |
| 8590.93 |    0.112673 |
|  8592.4 |    0.112539 |
| 8593.87 |    0.112461 |
| 8595.34 |    0.112383 |
| 8596.82 |    0.112305 |
| 8598.29 |    0.112227 |
| 8599.76 |    0.112149 |
| 8601.22 |    0.112071 |
|  8602.7 |    0.111989 |
| 8604.17 |    0.111892 |
| 8605.65 |    0.111796 |
| 8607.12 |    0.111699 |
| 8608.59 |    0.111603 |
| 8610.06 |    0.111507 |
| 8611.53 |    0.111426 |
| 8613.01 |    0.111346 |
| 8614.48 |     0.11127 |
| 8615.96 |    0.111192 |
| 8617.43 |    0.111115 |
| 8618.91 |    0.111038 |
| 8620.38 |    0.110956 |
| 8621.85 |    0.110863 |
| 8623.33 |    0.110779 |
|  8624.8 |    0.110698 |
| 8626.28 |    0.110618 |
| 8627.76 |    0.110537 |
| 8629.23 |    0.110456 |
| 8630.71 |    0.110391 |
| 8632.18 |    0.110343 |
| 8633.66 |    0.110298 |
| 8635.14 |    0.110253 |
| 8636.62 |    0.110208 |
| 8638.09 |    0.110163 |
| 8639.57 |    0.110118 |
| 8641.05 |    0.110073 |
| 8642.53 |    0.110031 |
| 8644.01 |    0.110027 |
| 8645.48 |    0.110022 |
| 8646.97 |    0.110017 |
| 8648.45 |    0.110012 |
| 8649.93 |    0.110006 |
|  8651.4 |    0.110001 |
| 8652.88 |    0.109979 |
| 8654.37 |    0.109927 |
| 8655.85 |    0.109875 |
| 8657.33 |    0.109822 |
| 8658.81 |     0.10977 |
| 8660.29 |    0.109721 |
| 8661.77 |    0.109683 |
| 8663.26 |    0.109673 |
| 8664.74 |    0.109681 |
| 8666.22 |     0.10969 |
|  8667.7 |    0.109697 |
| 8669.18 |    0.109705 |
| 8670.67 |    0.109706 |
| 8672.15 |    0.109698 |
| 8673.64 |    0.109675 |
| 8675.12 |     0.10965 |
|  8676.6 |    0.109624 |
| 8678.09 |    0.109598 |
| 8679.57 |    0.109572 |
| 8681.06 |    0.109545 |
| 8682.54 |    0.109519 |
| 8684.03 |     0.10949 |
| 8685.51 |    0.109462 |
|  8687.0 |    0.109434 |
| 8688.49 |    0.109405 |
| 8689.97 |    0.109376 |
| 8691.46 |    0.109347 |
| 8692.95 |    0.109313 |
| 8694.44 |    0.109272 |
| 8695.92 |    0.109231 |
| 8697.41 |     0.10919 |
|  8698.9 |    0.109148 |
| 8700.38 |    0.109106 |
| 8701.88 |    0.109064 |
| 8703.36 |    0.109011 |
| 8704.86 |    0.108951 |
| 8706.34 |    0.108891 |
| 8707.83 |    0.108831 |
| 8709.32 |    0.108771 |
| 8710.81 |    0.108719 |
| 8712.31 |    0.108674 |
| 8713.79 |    0.108673 |
| 8715.29 |    0.108674 |
| 8716.77 |    0.108675 |
| 8718.26 |    0.108676 |
| 8719.76 |    0.108677 |
| 8721.25 |    0.108664 |
| 8722.74 |    0.108638 |
| 8724.23 |    0.108576 |
| 8725.73 |    0.108514 |
| 8727.22 |    0.108452 |
| 8728.71 |     0.10839 |
| 8730.21 |    0.108327 |
|  8731.7 |    0.108264 |
| 8733.19 |     0.10822 |
| 8734.69 |    0.108192 |
| 8736.19 |    0.108163 |
| 8737.68 |    0.108135 |
| 8739.17 |    0.108106 |
| 8740.67 |    0.108077 |
| 8742.16 |    0.108048 |
| 8743.66 |    0.108019 |
| 8745.15 |     0.10799 |
| 8746.65 |    0.107961 |
| 8748.15 |    0.107932 |
| 8749.64 |    0.107902 |
| 8751.14 |    0.107872 |
| 8752.64 |    0.107836 |
| 8754.14 |    0.107761 |
| 8755.63 |    0.107687 |
| 8757.14 |    0.107612 |
| 8758.63 |    0.107538 |
| 8760.13 |    0.107464 |
| 8761.63 |    0.107405 |
| 8763.12 |    0.107349 |
| 8764.63 |    0.107297 |
| 8766.12 |    0.107245 |
| 8767.63 |    0.107193 |
| 8769.12 |    0.107141 |
| 8770.62 |    0.107082 |
| 8772.13 |    0.107014 |
| 8773.63 |    0.106927 |
| 8775.13 |    0.106834 |
| 8776.63 |    0.106742 |
| 8778.13 |     0.10665 |
| 8779.63 |    0.106558 |
| 8781.13 |    0.106465 |
| 8782.64 |    0.106378 |
| 8784.14 |     0.10632 |
| 8785.65 |    0.106262 |
| 8787.14 |    0.106204 |
| 8788.65 |    0.106146 |
| 8790.15 |    0.106088 |
| 8791.65 |    0.106029 |
| 8793.17 |    0.105952 |
| 8794.67 |    0.105857 |
| 8796.17 |    0.105762 |
| 8797.67 |    0.105667 |
| 8799.18 |    0.105571 |
| 8800.68 |    0.105466 |
| 8802.19 |     0.10535 |
|  8803.7 |    0.105223 |
|  8805.2 |    0.105095 |
| 8806.71 |    0.104966 |
| 8808.22 |    0.104837 |
| 8809.73 |    0.104709 |
| 8811.23 |    0.104593 |
| 8812.74 |    0.104484 |
| 8814.25 |    0.104392 |
| 8815.75 |    0.104301 |
| 8817.27 |    0.104209 |
| 8818.77 |    0.104118 |
| 8820.28 |    0.104023 |
| 8821.79 |    0.103916 |
|  8823.3 |    0.103791 |
| 8824.81 |    0.103654 |
| 8826.32 |    0.103518 |
| 8827.83 |    0.103381 |
| 8829.34 |    0.103244 |
| 8830.85 |    0.103121 |
| 8832.36 |    0.103009 |
| 8833.87 |    0.102925 |
| 8835.38 |    0.102842 |
| 8836.89 |    0.102759 |
| 8838.41 |    0.102675 |
| 8839.92 |    0.102591 |
| 8841.43 |    0.102507 |
| 8842.94 |    0.102411 |
| 8844.45 |    0.102288 |
| 8845.97 |    0.102166 |
| 8847.48 |    0.102043 |
|  8849.0 |     0.10192 |
| 8850.51 |    0.101798 |
| 8852.03 |    0.101675 |
| 8853.54 |    0.101568 |
| 8855.05 |    0.101468 |
| 8856.57 |    0.101367 |
| 8858.08 |    0.101267 |
|  8859.6 |    0.101166 |
| 8861.12 |    0.101065 |
| 8862.64 |    0.100964 |
| 8864.15 |    0.100866 |
| 8865.66 |    0.100768 |
| 8867.19 |    0.100668 |
|  8868.7 |     0.10057 |
| 8870.22 |    0.100473 |
| 8871.73 |    0.100389 |
| 8873.25 |    0.100292 |
| 8874.77 |    0.100185 |
| 8876.29 |    0.100078 |
| 8877.81 |   0.0999707 |
| 8879.33 |   0.0998633 |
| 8880.85 |   0.0997475 |
| 8882.36 |   0.0996254 |
| 8883.89 |   0.0995244 |
| 8885.41 |   0.0994251 |
| 8886.92 |   0.0993255 |
| 8888.45 |   0.0992256 |
| 8889.97 |   0.0991255 |
| 8891.49 |   0.0990253 |
| 8893.01 |   0.0989218 |
| 8894.53 |   0.0988119 |
| 8896.05 |   0.0987023 |
| 8897.58 |   0.0985922 |
|  8899.1 |   0.0984819 |
| 8900.62 |   0.0983719 |
| 8902.14 |   0.0982614 |
| 8903.66 |     0.09815 |
| 8905.19 |   0.0980379 |
| 8906.71 |   0.0979256 |
| 8908.24 |   0.0978132 |
| 8909.76 |   0.0977011 |
| 8911.28 |   0.0975888 |
| 8912.81 |   0.0974746 |
| 8914.34 |   0.0973552 |
| 8915.86 |    0.097236 |
| 8917.38 |   0.0971169 |
| 8918.91 |   0.0969973 |
| 8920.44 |   0.0968776 |
| 8921.96 |   0.0967583 |
| 8923.49 |   0.0966544 |
| 8925.02 |    0.096558 |
| 8926.54 |   0.0964613 |
| 8928.07 |   0.0963646 |
|  8929.6 |   0.0962673 |
| 8931.13 |   0.0961704 |
| 8932.65 |   0.0960721 |
| 8934.18 |   0.0959649 |
| 8935.71 |   0.0958575 |
| 8937.24 |     0.09575 |
| 8938.77 |   0.0956428 |
|  8940.3 |   0.0955378 |
| 8941.83 |   0.0954444 |
| 8943.36 |   0.0953508 |
| 8944.89 |   0.0952571 |
| 8946.42 |   0.0951635 |
| 8947.95 |   0.0950695 |
| 8949.48 |   0.0949753 |
| 8951.02 |   0.0948715 |
| 8952.54 |   0.0947635 |
| 8954.07 |    0.094659 |
| 8955.61 |    0.094554 |
| 8957.14 |   0.0944493 |
| 8958.68 |   0.0943437 |
| 8960.21 |   0.0942387 |
| 8961.74 |   0.0941332 |
| 8963.27 |    0.094029 |
| 8964.81 |   0.0939254 |
| 8966.34 |   0.0938217 |
| 8967.87 |   0.0937181 |
| 8969.41 |   0.0936141 |
| 8970.94 |   0.0935102 |
| 8972.48 |   0.0934062 |
| 8974.01 |   0.0933188 |
| 8975.55 |   0.0932315 |
| 8977.08 |   0.0931437 |
| 8978.62 |   0.0930561 |
| 8980.15 |   0.0929679 |
| 8981.69 |   0.0928798 |
| 8983.23 |   0.0927853 |
| 8984.76 |   0.0926847 |
|  8986.3 |   0.0925839 |
| 8987.84 |   0.0924826 |
| 8989.38 |   0.0923811 |
| 8990.92 |   0.0922796 |
| 8992.45 |   0.0921783 |
| 8993.99 |   0.0920811 |
| 8995.53 |    0.091984 |
| 8997.07 |   0.0918866 |
| 8998.61 |   0.0917889 |
| 9000.15 |   0.0916916 |
| 9001.69 |   0.0915958 |
| 9003.23 |    0.091502 |
| 9004.77 |   0.0914091 |
| 9006.31 |   0.0913168 |
| 9007.85 |   0.0912244 |
| 9009.39 |   0.0911315 |
| 9010.93 |   0.0910473 |
| 9012.48 |    0.090968 |
| 9014.02 |   0.0908947 |
| 9015.56 |   0.0908211 |
|  9017.1 |   0.0907476 |
| 9018.65 |   0.0906737 |
| 9020.19 |   0.0905979 |
| 9021.73 |   0.0905106 |
| 9023.28 |   0.0904171 |
| 9024.82 |   0.0903183 |
| 9026.37 |   0.0902188 |
| 9027.91 |   0.0901199 |
| 9029.45 |   0.0900209 |
|  9031.0 |   0.0899272 |
| 9032.54 |   0.0898376 |
| 9034.09 |   0.0897643 |
| 9035.63 |   0.0896912 |
| 9037.18 |   0.0896179 |
| 9038.72 |   0.0895445 |
| 9040.27 |   0.0894712 |
| 9041.82 |   0.0893973 |
| 9043.37 |   0.0893221 |
| 9044.91 |   0.0892451 |
| 9046.46 |   0.0891682 |
| 9048.01 |   0.0890909 |
| 9049.56 |   0.0890135 |
|  9051.1 |   0.0889362 |
| 9052.65 |   0.0888583 |
|  9054.2 |   0.0887768 |
| 9055.75 |   0.0886948 |
|  9057.3 |   0.0886127 |
| 9058.85 |   0.0885306 |
|  9060.4 |   0.0884485 |
| 9061.95 |   0.0883664 |
|  9063.5 |   0.0882903 |
| 9065.05 |   0.0882174 |
|  9066.6 |   0.0881443 |
| 9068.15 |   0.0880714 |
| 9069.71 |    0.087998 |
| 9071.25 |   0.0879248 |
| 9072.81 |     0.08785 |
| 9074.36 |   0.0877701 |
| 9075.91 |   0.0876902 |
| 9077.47 |   0.0876098 |
| 9079.02 |   0.0875297 |
| 9080.58 |   0.0874539 |
| 9082.13 |    0.087387 |
| 9083.68 |   0.0873195 |
| 9085.23 |   0.0872515 |
| 9086.79 |   0.0871837 |
| 9088.35 |   0.0871152 |
|  9089.9 |    0.087047 |
| 9091.46 |    0.086966 |
| 9093.01 |   0.0868893 |
| 9094.56 |   0.0868221 |
| 9096.12 |   0.0867543 |
| 9097.68 |   0.0866867 |
| 9099.24 |   0.0866187 |
| 9100.79 |   0.0865509 |
| 9102.35 |   0.0864826 |
| 9103.91 |   0.0863964 |
| 9105.46 |   0.0863083 |
| 9107.02 |   0.0862198 |
| 9108.58 |   0.0861313 |
| 9110.14 |   0.0860422 |
|  9111.7 |   0.0859538 |
| 9113.26 |   0.0858715 |
| 9114.81 |   0.0857963 |
| 9116.38 |   0.0857206 |
| 9117.94 |   0.0856448 |
| 9119.49 |   0.0855691 |
| 9121.06 |   0.0854931 |
| 9122.61 |   0.0854168 |
| 9124.18 |   0.0853352 |
| 9125.74 |   0.0852536 |
|  9127.3 |   0.0851717 |
| 9128.86 |     0.08509 |
| 9130.42 |   0.0850081 |
| 9131.98 |    0.084926 |
| 9133.55 |   0.0848449 |
| 9135.11 |   0.0847641 |
| 9136.67 |   0.0846834 |
| 9138.24 |   0.0846024 |
|  9139.8 |   0.0845214 |
| 9141.36 |   0.0844401 |
| 9142.93 |   0.0843569 |
| 9144.49 |   0.0842691 |
| 9146.06 |   0.0841807 |
| 9147.62 |   0.0840926 |
| 9149.18 |    0.084004 |
| 9150.75 |   0.0839153 |
| 9152.31 |   0.0838268 |
| 9153.88 |    0.083735 |
| 9155.45 |   0.0836429 |
| 9157.02 |   0.0835501 |
| 9158.58 |   0.0834577 |
| 9160.15 |   0.0833649 |
| 9161.71 |   0.0832724 |
| 9163.28 |     0.08318 |
| 9164.85 |   0.0830871 |
| 9166.42 |   0.0829946 |
| 9167.99 |   0.0829018 |
| 9169.55 |   0.0828091 |
| 9171.13 |   0.0827157 |
|  9172.7 |    0.082623 |
| 9174.26 |   0.0825319 |
| 9175.83 |   0.0824403 |
|  9177.4 |   0.0823488 |
| 9178.97 |   0.0822569 |
| 9180.54 |   0.0821693 |
| 9182.12 |     0.08209 |
| 9183.69 |   0.0820034 |
| 9185.25 |   0.0819141 |
| 9186.83 |    0.081824 |
|  9188.4 |   0.0817345 |
| 9189.97 |   0.0816444 |
| 9191.54 |   0.0815421 |
| 9193.12 |   0.0814382 |
| 9194.69 |   0.0813327 |
| 9196.26 |   0.0812273 |
| 9197.84 |   0.0811215 |
| 9199.41 |    0.081016 |
| 9200.98 |   0.0809048 |
| 9202.56 |   0.0807907 |
| 9204.14 |   0.0806822 |
| 9205.71 |    0.080574 |
| 9207.28 |   0.0804656 |
| 9208.86 |   0.0803568 |
| 9210.43 |    0.080248 |
| 9212.01 |    0.080139 |
| 9213.58 |   0.0800206 |
| 9215.16 |   0.0798969 |
| 9216.74 |   0.0797736 |
| 9218.32 |   0.0796499 |
| 9219.89 |   0.0795261 |
| 9221.47 |   0.0794026 |
| 9223.05 |   0.0792761 |
| 9224.62 |   0.0791445 |
| 9226.21 |   0.0790121 |
| 9227.78 |   0.0788804 |
| 9229.36 |   0.0787487 |
| 9230.94 |   0.0786198 |
| 9232.52 |   0.0784934 |
|  9234.1 |   0.0783721 |
| 9235.68 |   0.0782509 |
| 9237.26 |   0.0781295 |
| 9238.84 |   0.0780084 |
| 9240.42 |   0.0778873 |
|  9242.0 |   0.0777653 |
| 9243.58 |   0.0776416 |
| 9245.17 |   0.0775162 |
| 9246.75 |   0.0773909 |
| 9248.33 |   0.0772653 |
| 9249.91 |   0.0771396 |
| 9251.49 |   0.0770143 |
| 9253.08 |   0.0768866 |
| 9254.66 |   0.0767557 |
| 9256.25 |    0.076624 |
| 9257.83 |   0.0764929 |
| 9259.41 |   0.0763615 |
|  9261.0 |   0.0762303 |
| 9262.58 |   0.0760991 |
| 9264.16 |   0.0759636 |
| 9265.75 |    0.075828 |
| 9267.34 |   0.0756924 |
| 9268.92 |   0.0755572 |
| 9270.51 |   0.0754215 |
| 9272.09 |   0.0752857 |
| 9273.68 |   0.0751543 |
| 9275.27 |    0.075024 |
| 9276.85 |    0.074894 |
| 9278.44 |   0.0747637 |
| 9280.03 |   0.0746332 |
| 9281.62 |   0.0745026 |
|  9283.2 |     0.07437 |
| 9284.79 |    0.074234 |
| 9286.38 |   0.0740974 |
| 9287.97 |   0.0739608 |
| 9289.56 |   0.0738241 |
| 9291.15 |   0.0736879 |
| 9292.74 |   0.0735522 |
| 9294.33 |   0.0734248 |
| 9295.92 |   0.0732969 |
| 9297.51 |   0.0731689 |
|  9299.1 |   0.0730413 |
| 9300.69 |   0.0729183 |
| 9302.28 |   0.0728021 |
| 9303.88 |   0.0726841 |
| 9305.46 |   0.0725665 |
| 9307.05 |   0.0724488 |
| 9308.65 |   0.0723306 |
| 9310.24 |    0.072211 |
| 9311.84 |   0.0720807 |
| 9313.43 |   0.0719517 |
| 9315.02 |   0.0718228 |
| 9316.61 |   0.0716942 |
|  9318.2 |   0.0715655 |
|  9319.8 |   0.0714363 |
|  9321.4 |   0.0713071 |
| 9322.99 |   0.0711794 |
| 9324.58 |   0.0710565 |
| 9326.18 |    0.070933 |
| 9327.78 |   0.0708095 |
| 9329.37 |   0.0706862 |
| 9330.97 |   0.0705626 |
| 9332.56 |   0.0704392 |
| 9334.16 |   0.0703275 |
| 9335.76 |   0.0702161 |
| 9337.36 |   0.0701038 |
| 9338.96 |   0.0699921 |
| 9340.55 |   0.0698802 |
| 9342.16 |   0.0697675 |
| 9343.75 |   0.0696532 |
| 9345.35 |   0.0695375 |
| 9346.95 |   0.0694221 |
| 9348.55 |   0.0693062 |
| 9350.14 |   0.0691905 |
| 9351.75 |   0.0690741 |
| 9353.35 |   0.0689614 |
| 9354.94 |    0.068852 |
| 9356.55 |   0.0687421 |
| 9358.15 |   0.0686321 |
| 9359.75 |   0.0685219 |
| 9361.35 |    0.068412 |
| 9362.95 |   0.0683029 |
| 9364.55 |   0.0681986 |
| 9366.16 |   0.0680937 |
| 9367.76 |   0.0679887 |
| 9369.36 |   0.0678838 |
| 9370.97 |   0.0677785 |
| 9372.57 |   0.0676733 |
| 9374.17 |   0.0675744 |
| 9375.78 |   0.0674752 |
| 9377.38 |   0.0673762 |
| 9378.98 |   0.0672768 |
| 9380.59 |   0.0671774 |
| 9382.19 |   0.0670775 |
|  9383.8 |   0.0669767 |
| 9385.41 |   0.0668754 |
| 9387.01 |   0.0667742 |
| 9388.61 |   0.0666728 |
| 9390.23 |   0.0665706 |
| 9391.83 |   0.0664689 |
| 9393.44 |   0.0663666 |
| 9395.04 |   0.0662645 |
| 9396.65 |   0.0661618 |
| 9398.26 |   0.0660592 |
| 9399.87 |   0.0659562 |
| 9401.48 |   0.0658427 |
| 9403.08 |   0.0657287 |
| 9404.69 |   0.0656147 |
|  9406.3 |   0.0655009 |
| 9407.91 |   0.0653862 |
| 9409.52 |    0.065272 |
| 9411.13 |   0.0651577 |
| 9412.74 |   0.0650422 |
| 9414.35 |   0.0649207 |
| 9415.96 |   0.0647992 |
| 9417.57 |   0.0646777 |
| 9419.18 |   0.0645559 |
| 9420.79 |   0.0644343 |
|  9422.4 |   0.0643124 |
| 9424.02 |   0.0641803 |
| 9425.63 |   0.0640477 |
| 9427.25 |   0.0639145 |
| 9428.85 |   0.0637818 |
| 9430.47 |     0.06365 |
| 9432.08 |   0.0635237 |
|  9433.7 |   0.0633889 |
| 9435.31 |   0.0632496 |
| 9436.92 |   0.0631108 |
| 9438.54 |    0.062971 |
| 9440.16 |    0.062832 |
| 9441.77 |   0.0626925 |
| 9443.38 |   0.0625475 |
|  9445.0 |   0.0623958 |
| 9446.62 |   0.0622442 |
| 9448.23 |   0.0620929 |
| 9449.85 |   0.0619412 |
| 9451.47 |   0.0617898 |
| 9453.08 |   0.0616342 |
|  9454.7 |     0.06147 |
| 9456.32 |   0.0613063 |
| 9457.94 |   0.0611421 |
| 9459.55 |   0.0609784 |
| 9461.17 |   0.0608142 |
| 9462.79 |   0.0606486 |
| 9464.42 |   0.0604731 |
| 9466.03 |   0.0602983 |
| 9467.65 |   0.0601235 |
| 9469.27 |   0.0599483 |
| 9470.89 |   0.0597731 |
| 9472.51 |   0.0595979 |
| 9474.13 |   0.0594104 |
| 9475.75 |   0.0592216 |
| 9477.38 |    0.059033 |
|  9479.0 |    0.058845 |
| 9480.62 |   0.0586566 |
| 9482.24 |    0.058469 |
| 9483.86 |   0.0582721 |
| 9485.48 |   0.0580733 |
| 9487.11 |   0.0578735 |
| 9488.73 |   0.0576751 |
| 9490.35 |    0.057477 |
| 9491.98 |   0.0572784 |
|  9493.6 |   0.0570761 |
| 9495.23 |   0.0568697 |
| 9496.85 |    0.056665 |
| 9498.48 |   0.0564598 |
|  9500.1 |   0.0562575 |
| 9501.73 |   0.0560837 |
| 9503.35 |   0.0559061 |
| 9504.98 |   0.0557243 |
|  9506.6 |   0.0555421 |
| 9508.23 |   0.0553606 |
| 9509.86 |   0.0551781 |
| 9511.49 |   0.0549971 |
| 9513.11 |   0.0548124 |
| 9514.74 |   0.0546188 |
| 9516.36 |    0.054426 |
|  9518.0 |   0.0542323 |
| 9519.62 |   0.0540401 |
| 9521.25 |   0.0538475 |
| 9522.88 |   0.0536541 |
| 9524.51 |   0.0534534 |
| 9526.14 |   0.0532518 |
| 9527.77 |   0.0530516 |
|  9529.4 |   0.0528511 |
| 9531.03 |   0.0526516 |
| 9532.66 |   0.0524503 |
| 9534.29 |   0.0522088 |
| 9535.92 |   0.0519685 |
| 9537.56 |   0.0517277 |
| 9539.18 |   0.0514883 |
| 9540.82 |   0.0512485 |
| 9542.45 |    0.051009 |
| 9544.09 |   0.0507134 |
| 9545.72 |    0.050413 |
| 9547.35 |   0.0501134 |
| 9548.98 |   0.0498136 |
| 9550.62 |   0.0495142 |
| 9552.25 |   0.0492156 |
| 9553.89 |   0.0488568 |
| 9555.52 |   0.0484803 |
| 9557.15 |   0.0481056 |
| 9558.79 |   0.0477307 |
| 9560.43 |   0.0473569 |
| 9562.06 |   0.0469851 |
|  9563.7 |   0.0465141 |
| 9565.33 |   0.0459944 |
| 9566.97 |    0.045473 |
| 9568.61 |   0.0449562 |
| 9570.24 |   0.0444411 |
| 9571.88 |   0.0439257 |
| 9573.52 |   0.0433065 |
| 9575.16 |   0.0425948 |
|  9576.8 |   0.0418903 |
| 9578.44 |   0.0411856 |
| 9580.07 |   0.0404854 |
| 9581.71 |   0.0397876 |
| 9583.35 |   0.0390368 |
| 9584.99 |   0.0382292 |
| 9586.63 |    0.037422 |
| 9588.27 |   0.0366202 |
| 9589.92 |    0.035816 |
| 9591.55 |   0.0350195 |
|  9593.2 |   0.0341753 |
| 9594.84 |   0.0332452 |
| 9596.47 |   0.0323192 |
| 9598.12 |     0.03139 |
| 9599.76 |   0.0304704 |
| 9601.41 |   0.0295537 |
| 9603.05 |   0.0286218 |
| 9604.69 |   0.0276261 |
| 9606.34 |   0.0266334 |
| 9607.98 |   0.0256473 |
| 9609.62 |    0.024662 |
| 9611.26 |    0.023677 |
| 9612.91 |   0.0227081 |
| 9614.56 |   0.0218296 |
|  9616.2 |   0.0209545 |
| 9617.84 |   0.0200864 |
| 9619.49 |   0.0192216 |
| 9621.13 |   0.0183602 |
| 9622.78 |   0.0175119 |
| 9624.43 |   0.0167599 |
| 9626.07 |   0.0160138 |
| 9627.72 |   0.0152676 |
| 9629.37 |   0.0145273 |
| 9631.02 |   0.0137875 |
| 9632.67 |    0.013052 |
| 9634.31 |   0.0124292 |
| 9635.96 |   0.0118068 |
| 9637.61 |    0.011189 |
| 9639.26 |   0.0105702 |
| 9640.91 |  0.00995733 |
| 9642.56 |  0.00934718 |
| 9644.21 |  0.00889621 |
| 9645.85 |   0.0084574 |
| 9647.51 |  0.00801767 |
| 9649.16 |  0.00758247 |
| 9650.81 |  0.00714766 |
| 9652.46 |  0.00671633 |
| 9654.11 |  0.00638387 |
| 9655.77 |  0.00606327 |
| 9657.42 |  0.00574617 |
| 9659.07 |  0.00542939 |
| 9660.72 |  0.00511496 |
| 9662.38 |  0.00479993 |
| 9664.03 |  0.00454817 |
| 9665.68 |  0.00430914 |
| 9667.33 |  0.00407048 |
| 9668.99 |  0.00383349 |
| 9670.65 |   0.0035962 |
|  9672.3 |  0.00336141 |
| 9673.96 |  0.00318513 |
| 9675.61 |  0.00302604 |
| 9677.26 |   0.0028676 |
| 9678.92 |  0.00270887 |
| 9680.57 |  0.00255191 |
| 9682.23 |  0.00239514 |
| 9683.89 |  0.00227382 |
| 9685.54 |  0.00216443 |
|  9687.2 |  0.00205595 |
| 9688.86 |  0.00194759 |
| 9690.52 |  0.00183969 |
| 9692.17 |  0.00173269 |
| 9693.83 |  0.00164396 |
| 9695.49 |  0.00156314 |
| 9697.15 |  0.00148266 |
| 9698.81 |  0.00140281 |
| 9700.46 |   0.0013234 |
| 9702.13 |  0.00124404 |
| 9703.79 |   0.0011796 |
| 9705.45 |  0.00112233 |
| 9707.11 |   0.0010655 |
| 9708.77 |  0.00100875 |
| 9710.43 |  0.00095248 |
| 9712.09 | 0.000896295 |
| 9713.76 | 0.000851408 |
| 9715.41 | 0.000812642 |
| 9717.08 | 0.000773933 |
| 9718.74 | 0.000735532 |
| 9720.41 | 0.000697055 |
| 9722.07 | 0.000659041 |
| 9723.73 | 0.000627707 |
| 9725.39 | 0.000600095 |
| 9727.05 |  0.00057272 |
| 9728.73 | 0.000545293 |
| 9730.39 | 0.000518182 |
| 9732.05 | 0.000491115 |
| 9733.71 | 0.000467721 |
| 9735.38 | 0.000446445 |
| 9737.05 | 0.000425144 |
| 9738.71 | 0.000404077 |
| 9740.38 |  0.00038306 |
| 9742.04 | 0.000362215 |
| 9743.72 | 0.000345629 |
| 9745.38 | 0.000331769 |
| 9747.05 | 0.000317982 |
| 9748.72 | 0.000304219 |
| 9750.38 | 0.000290577 |
| 9752.05 |  0.00027696 |
| 9753.72 | 0.000265289 |
| 9755.39 |   0.0002548 |
| 9757.06 | 0.000244403 |
| 9758.72 | 0.000234055 |
|  9760.4 | 0.000223692 |
| 9762.07 | 0.000213456 |
| 9763.74 | 0.000203993 |
| 9765.41 | 0.000195047 |
| 9767.08 | 0.000186119 |
| 9768.75 |  0.00017724 |
| 9770.42 | 0.000168437 |
| 9772.09 | 0.000159652 |
| 9773.76 | 0.000153349 |
| 9775.44 | 0.000148358 |
| 9777.11 | 0.000143411 |
| 9778.79 |  0.00013846 |
| 9780.46 | 0.000133565 |
| 9782.12 | 0.000128698 |
|  9783.8 | 0.000124533 |
| 9785.48 | 0.000120735 |
| 9787.15 | 0.000116955 |
| 9788.82 |  0.00011321 |
|  9790.5 | 0.000109473 |
| 9792.17 | 0.000105768 |
| 9793.85 | 0.000101268 |
