# Units:
#  "lambda" is in Angstroms
#  "pass" is the contribution to the detector signal per photon
#         entering the atmosphere of Earth
# 
# Bandpass Name(s): F814W
# 
# Instrument: ACS_WFC_F814W
# 
# Determined by: 
# 
# Date of determination: 2010-May-02
# 
# Meaning of/Reason for default column: Only column available
# 
# Notes:
# 
# 
# Obtained from Leonidas Moustakas on 2011-Apr-02 for the CLASH team.
# 
# J. Moustakas, UCSD 2011-Apr-07
|  lambda |        pass |
| 6753.77 | 0.000110089 |
| 6754.42 | 0.000129337 |
| 6755.08 | 0.000148502 |
| 6755.74 | 0.000167656 |
|  6756.4 | 0.000186925 |
| 6757.06 | 0.000206197 |
| 6757.71 | 0.000225371 |
| 6758.38 | 0.000244648 |
| 6759.04 | 0.000263941 |
| 6759.69 | 0.000283121 |
| 6760.35 | 0.000302396 |
| 6761.01 | 0.000321437 |
| 6761.67 | 0.000340686 |
| 6762.33 | 0.000359933 |
| 6762.99 | 0.000379192 |
| 6763.65 | 0.000398432 |
| 6764.31 |  0.00041757 |
| 6764.96 | 0.000436705 |
| 6765.62 | 0.000455951 |
| 6766.28 | 0.000475095 |
| 6766.94 | 0.000494334 |
|  6767.6 |  0.00051357 |
| 6768.26 | 0.000532704 |
| 6768.92 | 0.000551948 |
| 6769.59 | 0.000571175 |
| 6770.24 | 0.000590222 |
|  6770.9 |  0.00060952 |
| 6771.56 | 0.000628821 |
| 6772.22 | 0.000648022 |
| 6772.88 | 0.000667324 |
| 6773.54 | 0.000686526 |
|  6774.2 | 0.000705843 |
| 6774.87 | 0.000725148 |
| 6775.52 | 0.000744367 |
| 6776.19 | 0.000763687 |
| 6776.84 | 0.000782895 |
| 6777.51 | 0.000802217 |
| 6778.17 | 0.000821553 |
| 6778.82 | 0.000840662 |
| 6779.49 | 0.000860001 |
| 6780.15 | 0.000879339 |
| 6780.81 | 0.000898671 |
| 6781.47 | 0.000917891 |
| 6782.13 | 0.000937126 |
| 6782.79 |  0.00095646 |
| 6783.46 | 0.000975808 |
| 6784.11 | 0.000995043 |
| 6784.78 |  0.00101438 |
| 6785.44 |  0.00103363 |
|  6786.1 |  0.00105298 |
| 6786.76 |  0.00107233 |
| 6787.42 |  0.00109147 |
| 6788.08 |  0.00111082 |
| 6788.75 |  0.00113019 |
| 6789.41 |  0.00114954 |
| 6790.07 |  0.00116881 |
| 6790.73 |  0.00118802 |
| 6791.39 |  0.00120735 |
| 6792.06 |  0.00122667 |
| 6792.71 |   0.0012459 |
| 6793.38 |  0.00126522 |
| 6794.04 |  0.00128456 |
|  6794.7 |  0.00130378 |
| 6795.37 |  0.00132312 |
| 6796.02 |  0.00134224 |
| 6796.69 |  0.00136157 |
| 6797.35 |   0.0013809 |
| 6798.02 |  0.00140023 |
| 6798.68 |  0.00141958 |
| 6799.34 |  0.00143881 |
|  6800.0 |  0.00145804 |
| 6800.67 |  0.00147738 |
| 6801.33 |   0.0014966 |
| 6801.99 |  0.00151595 |
| 6802.66 |  0.00153528 |
| 6803.32 |  0.00155451 |
| 6803.98 |  0.00157384 |
| 6804.65 |  0.00159319 |
| 6805.31 |  0.00161231 |
| 6805.97 |  0.00163165 |
| 6806.63 |    0.001651 |
|  6807.3 |  0.00167034 |
| 6807.96 |  0.00168968 |
| 6808.62 |  0.00170881 |
| 6809.29 |  0.00172815 |
| 6809.95 |   0.0017475 |
| 6810.62 |   0.0017667 |
| 6811.28 |  0.00178601 |
| 6811.94 |  0.00180522 |
| 6812.61 |  0.00182452 |
| 6813.27 |  0.00184384 |
| 6813.93 |  0.00186293 |
|  6814.6 |  0.00188225 |
| 6815.27 |  0.00190156 |
| 6815.93 |  0.00192087 |
| 6816.59 |  0.00194007 |
| 6817.26 |  0.00195927 |
| 6817.92 |  0.00197858 |
| 6818.59 |  0.00199788 |
| 6819.25 |  0.00201708 |
| 6819.92 |   0.0020364 |
| 6820.58 |  0.00205571 |
| 6821.25 |  0.00207514 |
| 6821.91 |  0.00209457 |
| 6822.57 |  0.00211378 |
| 6823.24 |  0.00213321 |
| 6823.91 |  0.00215266 |
| 6824.57 |  0.00217209 |
| 6825.24 |  0.00219153 |
|  6825.9 |  0.00221088 |
| 6826.57 |  0.00223021 |
| 6827.23 |  0.00224965 |
|  6827.9 |    0.002269 |
| 6828.56 |  0.00228846 |
| 6829.23 |  0.00230791 |
|  6829.9 |  0.00232725 |
| 6830.56 |  0.00234668 |
| 6831.23 |  0.00236611 |
| 6831.89 |  0.00238532 |
| 6832.56 |  0.00240475 |
| 6833.23 |  0.00242419 |
| 6833.89 |  0.00244361 |
| 6834.56 |  0.00246294 |
| 6835.22 |  0.00248228 |
| 6835.89 |  0.00250172 |
| 6836.56 |  0.00252115 |
| 6837.22 |  0.00254048 |
| 6837.89 |  0.00255993 |
| 6838.55 |  0.00257925 |
| 6839.22 |   0.0025987 |
| 6839.89 |  0.00261816 |
| 6840.55 |  0.00263725 |
| 6841.22 |  0.00265654 |
| 6841.89 |  0.00267584 |
| 6842.56 |  0.00269512 |
| 6843.23 |   0.0027144 |
| 6843.89 |  0.00273348 |
| 6844.56 |  0.00275276 |
| 6845.23 |  0.00277205 |
| 6845.89 |  0.00279122 |
| 6846.56 |  0.00281051 |
| 6847.22 |  0.00282968 |
| 6847.89 |  0.00284896 |
| 6848.56 |  0.00286825 |
| 6849.22 |  0.00288731 |
| 6849.89 |  0.00290659 |
| 6850.56 |    0.002926 |
| 6851.23 |  0.00294543 |
|  6851.9 |  0.00296475 |
| 6852.56 |  0.00298408 |
| 6853.23 |  0.00300353 |
|  6853.9 |  0.00302296 |
| 6854.57 |  0.00304229 |
| 6855.24 |  0.00306173 |
| 6855.91 |  0.00308117 |
| 6856.58 |   0.0031005 |
| 6857.25 |  0.00311995 |
| 6857.91 |  0.00313918 |
| 6858.58 |  0.00315862 |
| 6859.25 |  0.00317807 |
| 6859.92 |  0.00319753 |
| 6860.59 |  0.00321709 |
| 6861.26 |  0.00323658 |
| 6861.92 |  0.00325605 |
| 6862.59 |  0.00327566 |
| 6863.26 |  0.00329514 |
| 6863.93 |  0.00331475 |
|  6864.6 |  0.00333436 |
| 6865.27 |  0.00335385 |
| 6865.94 |  0.00337346 |
| 6866.61 |  0.00339308 |
| 6867.27 |  0.00341248 |
| 6867.94 |  0.00343209 |
| 6868.62 |  0.00345172 |
| 6869.29 |  0.00347133 |
| 6869.96 |  0.00349085 |
| 6870.62 |  0.00351022 |
| 6871.29 |  0.00352967 |
| 6871.96 |  0.00354912 |
| 6872.63 |  0.00356846 |
| 6873.31 |  0.00358793 |
| 6873.97 |  0.00360729 |
| 6874.65 |  0.00362675 |
| 6875.32 |  0.00364619 |
| 6875.98 |  0.00366545 |
| 6876.65 |  0.00368491 |
| 6877.32 |  0.00370437 |
|  6878.0 |  0.00372384 |
| 6878.67 |   0.0037433 |
| 6879.33 |  0.00376255 |
|  6880.0 |  0.00378201 |
| 6880.68 |  0.00383372 |
| 6881.35 |  0.00397424 |
| 6882.02 |  0.00411547 |
| 6882.69 |  0.00425671 |
| 6883.36 |  0.00439722 |
| 6884.03 |  0.00453855 |
|  6884.7 |  0.00467825 |
| 6885.37 |  0.00481958 |
| 6886.04 |  0.00496091 |
| 6886.72 |  0.00510223 |
| 6887.39 |  0.00524273 |
| 6888.06 |  0.00538415 |
| 6888.73 |  0.00552475 |
|  6889.4 |  0.00566607 |
| 6890.07 |  0.00580985 |
| 6890.74 |  0.00598144 |
| 6891.42 |  0.00615302 |
| 6892.09 |  0.00632371 |
| 6892.76 |  0.00649526 |
| 6893.44 |  0.00666692 |
|  6894.1 |  0.00683657 |
| 6894.77 |  0.00700819 |
| 6895.45 |   0.0071798 |
| 6896.12 |   0.0073514 |
| 6896.79 |  0.00752199 |
| 6897.46 |  0.00769268 |
| 6898.14 |  0.00786422 |
| 6898.81 |  0.00803588 |
| 6899.48 |  0.00820641 |
| 6900.15 |  0.00840085 |
| 6900.83 |  0.00867046 |
|  6901.5 |  0.00894142 |
| 6902.17 |  0.00921236 |
| 6902.84 |  0.00948035 |
| 6903.52 |  0.00975126 |
| 6904.19 |   0.0100224 |
| 6904.87 |   0.0102935 |
| 6905.54 |   0.0105629 |
| 6906.21 |   0.0108324 |
| 6906.88 |   0.0111035 |
| 6907.56 |   0.0113747 |
| 6908.23 |   0.0116441 |
|  6908.9 |   0.0119153 |
| 6909.58 |   0.0121865 |
| 6910.25 |    0.012481 |
| 6910.92 |   0.0128197 |
| 6911.59 |   0.0131545 |
| 6912.27 |   0.0134935 |
| 6912.94 |   0.0138322 |
| 6913.62 |   0.0141713 |
| 6914.29 |   0.0145102 |
| 6914.96 |   0.0148455 |
| 6915.64 |   0.0151847 |
| 6916.31 |   0.0155239 |
| 6916.99 |   0.0158616 |
| 6917.66 |   0.0162009 |
| 6918.34 |   0.0165406 |
| 6919.01 |   0.0168783 |
| 6919.69 |   0.0172178 |
| 6920.36 |    0.017607 |
| 6921.03 |   0.0180478 |
| 6921.71 |   0.0184885 |
| 6922.38 |   0.0189292 |
| 6923.06 |   0.0193676 |
| 6923.73 |   0.0198082 |
| 6924.41 |   0.0202465 |
| 6925.08 |   0.0206873 |
| 6925.76 |   0.0211256 |
| 6926.43 |   0.0215664 |
| 6927.11 |   0.0220074 |
| 6927.78 |   0.0224455 |
| 6928.46 |   0.0228865 |
| 6929.14 |   0.0233272 |
| 6929.81 |   0.0237629 |
| 6930.48 |   0.0242888 |
| 6931.16 |   0.0248485 |
| 6931.84 |   0.0254086 |
| 6932.52 |   0.0259682 |
| 6933.19 |   0.0265217 |
| 6933.86 |   0.0270811 |
| 6934.54 |   0.0276409 |
| 6935.21 |   0.0281973 |
| 6935.89 |    0.028757 |
| 6936.57 |   0.0293132 |
| 6937.25 |   0.0298731 |
| 6937.92 |   0.0304324 |
| 6938.59 |   0.0309857 |
| 6939.27 |   0.0315453 |
| 6939.95 |   0.0321048 |
| 6940.63 |   0.0327554 |
|  6941.3 |   0.0334106 |
| 6941.98 |   0.0340653 |
| 6942.65 |   0.0347239 |
| 6943.33 |   0.0353829 |
| 6944.01 |   0.0360381 |
| 6944.69 |   0.0366972 |
| 6945.37 |   0.0373558 |
| 6946.04 |   0.0380115 |
| 6946.72 |   0.0386706 |
| 6947.39 |   0.0393221 |
| 6948.07 |   0.0399816 |
| 6948.75 |   0.0406408 |
| 6949.43 |   0.0413003 |
| 6950.11 |   0.0419841 |
| 6950.78 |    0.042794 |
| 6951.46 |   0.0436037 |
| 6952.14 |   0.0444184 |
| 6952.81 |   0.0452278 |
| 6953.49 |   0.0460422 |
| 6954.17 |   0.0468559 |
| 6954.85 |   0.0476653 |
| 6955.53 |   0.0484792 |
| 6956.21 |   0.0492929 |
| 6956.88 |   0.0500977 |
| 6957.56 |   0.0509112 |
| 6958.24 |   0.0517251 |
| 6958.92 |   0.0525381 |
|  6959.6 |   0.0533515 |
| 6960.27 |   0.0541743 |
| 6960.95 |   0.0550349 |
| 6961.63 |   0.0558954 |
| 6962.31 |   0.0567514 |
| 6962.99 |   0.0576116 |
| 6963.66 |   0.0584673 |
| 6964.35 |   0.0593277 |
| 6965.02 |   0.0601874 |
|  6965.7 |   0.0610383 |
| 6966.38 |   0.0618983 |
| 6967.06 |   0.0627581 |
| 6967.74 |   0.0636177 |
| 6968.42 |   0.0644779 |
|  6969.1 |    0.065328 |
| 6969.78 |   0.0661878 |
| 6970.46 |   0.0671393 |
| 6971.13 |     0.06813 |
| 6971.81 |   0.0691264 |
| 6972.49 |    0.070117 |
| 6973.17 |    0.071114 |
| 6973.85 |   0.0721102 |
| 6974.53 |   0.0730962 |
| 6975.21 |   0.0740923 |
| 6975.89 |   0.0750891 |
| 6976.58 |   0.0760862 |
| 6977.26 |   0.0770827 |
| 6977.93 |   0.0780685 |
| 6978.61 |   0.0790648 |
| 6979.29 |   0.0800617 |
| 6979.97 |   0.0810528 |
| 6980.65 |   0.0821833 |
| 6981.34 |   0.0833194 |
| 6982.02 |    0.084449 |
|  6982.7 |   0.0855851 |
| 6983.37 |   0.0867092 |
| 6984.06 |   0.0878464 |
| 6984.74 |   0.0889836 |
| 6985.42 |   0.0901208 |
|  6986.1 |   0.0912581 |
| 6986.78 |    0.092389 |
| 6987.46 |     0.09352 |
| 6988.14 |   0.0946584 |
| 6988.82 |   0.0957903 |
|  6989.5 |    0.096928 |
| 6990.19 |   0.0978078 |
| 6990.87 |   0.0980052 |
| 6991.55 |   0.0982035 |
| 6992.23 |   0.0984019 |
| 6992.91 |   0.0985978 |
| 6993.59 |   0.0987963 |
| 6994.28 |   0.0989947 |
| 6994.96 |   0.0991928 |
| 6995.64 |   0.0993912 |
| 6996.32 |   0.0995874 |
|  6997.0 |   0.0997856 |
| 6997.69 |    0.099984 |
| 6998.37 |    0.100181 |
| 6999.05 |    0.100379 |
| 6999.73 |    0.100577 |
| 7000.42 |     0.10152 |
|  7001.1 |    0.102947 |
| 7001.77 |    0.104358 |
| 7002.46 |    0.105784 |
| 7003.14 |    0.107212 |
| 7003.83 |    0.108637 |
| 7004.51 |    0.110064 |
| 7005.19 |    0.111474 |
| 7005.87 |      0.1129 |
| 7006.56 |    0.114325 |
| 7007.24 |    0.115742 |
| 7007.92 |    0.117168 |
| 7008.61 |    0.118593 |
| 7009.29 |     0.12001 |
| 7009.98 |    0.121435 |
| 7010.65 |    0.122561 |
| 7011.34 |    0.123689 |
| 7012.02 |    0.124818 |
| 7012.71 |    0.125946 |
| 7013.39 |    0.127073 |
| 7014.08 |    0.128201 |
| 7014.76 |    0.129316 |
| 7015.44 |    0.130443 |
| 7016.12 |    0.131564 |
| 7016.81 |    0.132692 |
|  7017.5 |     0.13382 |
| 7018.18 |     0.13494 |
| 7018.86 |    0.136068 |
| 7019.55 |    0.137195 |
| 7020.23 |    0.138444 |
| 7020.91 |    0.139977 |
|  7021.6 |    0.141509 |
| 7022.29 |    0.143042 |
| 7022.97 |    0.144566 |
| 7023.65 |     0.14609 |
| 7024.34 |    0.147623 |
| 7025.02 |    0.149156 |
| 7025.71 |     0.15068 |
| 7026.39 |    0.152213 |
| 7027.08 |    0.153737 |
| 7027.76 |    0.155271 |
| 7028.45 |    0.156803 |
| 7029.13 |    0.158319 |
| 7029.81 |    0.159852 |
|  7030.5 |    0.161239 |
| 7031.19 |     0.16257 |
| 7031.88 |    0.163902 |
| 7032.56 |    0.165219 |
| 7033.24 |    0.166551 |
| 7033.93 |    0.167883 |
| 7034.61 |    0.169207 |
|  7035.3 |    0.170539 |
| 7035.98 |    0.171864 |
| 7036.67 |    0.173196 |
| 7037.36 |    0.174527 |
| 7038.04 |    0.175844 |
| 7038.73 |    0.177176 |
| 7039.42 |    0.178509 |
|  7040.1 |    0.179839 |
| 7040.79 |    0.181163 |
| 7041.47 |    0.182471 |
| 7042.16 |    0.183795 |
| 7042.85 |    0.185119 |
| 7043.53 |    0.186434 |
| 7044.22 |    0.187757 |
| 7044.91 |     0.18908 |
| 7045.59 |    0.190395 |
| 7046.28 |    0.191718 |
| 7046.96 |    0.193025 |
| 7047.65 |    0.194347 |
| 7048.34 |     0.19567 |
| 7049.03 |    0.196992 |
| 7049.72 |    0.198314 |
| 7050.41 |    0.199578 |
| 7051.09 |     0.20079 |
| 7051.78 |    0.202016 |
| 7052.46 |    0.203234 |
| 7053.15 |    0.204459 |
| 7053.84 |    0.205684 |
| 7054.53 |    0.206903 |
| 7055.21 |    0.208128 |
|  7055.9 |    0.209353 |
| 7056.59 |    0.210564 |
| 7057.28 |    0.211788 |
| 7057.97 |    0.213013 |
| 7058.65 |    0.214237 |
| 7059.34 |    0.215455 |
| 7060.03 |    0.216679 |
| 7060.72 |    0.218059 |
| 7061.41 |    0.219438 |
| 7062.09 |    0.220809 |
| 7062.78 |    0.222189 |
| 7063.47 |    0.223559 |
| 7064.16 |    0.224938 |
| 7064.85 |    0.226316 |
| 7065.53 |    0.227679 |
| 7066.22 |    0.229056 |
| 7066.91 |    0.230434 |
|  7067.6 |    0.231811 |
| 7068.29 |    0.233188 |
| 7068.98 |     0.23455 |
| 7069.67 |    0.235925 |
| 7070.36 |     0.23726 |
| 7071.05 |    0.238547 |
| 7071.74 |    0.239843 |
| 7072.43 |    0.241138 |
| 7073.12 |    0.242426 |
| 7073.81 |    0.243721 |
| 7074.49 |    0.245002 |
| 7075.18 |    0.246297 |
| 7075.87 |    0.247592 |
| 7076.56 |    0.248887 |
| 7077.26 |    0.250182 |
| 7077.94 |     0.25147 |
| 7078.63 |    0.252757 |
| 7079.32 |    0.254052 |
| 7080.01 |    0.255338 |
|  7080.7 |    0.256498 |
|  7081.4 |    0.257659 |
| 7082.08 |    0.258813 |
| 7082.78 |    0.259973 |
| 7083.47 |    0.261134 |
| 7084.15 |    0.262281 |
| 7084.85 |    0.263442 |
| 7085.54 |    0.264601 |
| 7086.23 |    0.265762 |
| 7086.92 |    0.266923 |
| 7087.61 |    0.268069 |
|  7088.3 |     0.26923 |
| 7088.99 |     0.27039 |
| 7089.68 |    0.271544 |
| 7090.37 |     0.27251 |
| 7091.06 |    0.273308 |
| 7091.76 |    0.274109 |
| 7092.45 |    0.274911 |
| 7093.13 |    0.275703 |
| 7093.83 |    0.276504 |
| 7094.52 |    0.277305 |
| 7095.21 |    0.278106 |
|  7095.9 |    0.278902 |
| 7096.59 |    0.279699 |
| 7097.29 |    0.280499 |
| 7097.98 |    0.281298 |
| 7098.67 |    0.282094 |
| 7099.36 |    0.282894 |
| 7100.06 |    0.283721 |
| 7100.75 |    0.284858 |
| 7101.44 |    0.286001 |
| 7102.13 |    0.287131 |
| 7102.82 |    0.288274 |
| 7103.52 |    0.289416 |
| 7104.21 |    0.290558 |
|  7104.9 |    0.291699 |
| 7105.59 |    0.292829 |
| 7106.29 |     0.29397 |
| 7106.98 |    0.295111 |
| 7107.67 |    0.296246 |
| 7108.36 |    0.297387 |
| 7109.06 |    0.298529 |
| 7109.75 |    0.299663 |
| 7110.44 |    0.300448 |
| 7111.13 |    0.301028 |
| 7111.83 |    0.301614 |
| 7112.52 |      0.3022 |
| 7113.22 |    0.302785 |
| 7113.91 |    0.303371 |
| 7114.61 |    0.303957 |
| 7115.29 |    0.304536 |
| 7115.99 |    0.305122 |
| 7116.68 |    0.305705 |
| 7117.38 |    0.306291 |
| 7118.07 |    0.306876 |
| 7118.76 |    0.307458 |
| 7119.46 |    0.308044 |
| 7120.15 |    0.308713 |
| 7120.84 |    0.309666 |
| 7121.54 |    0.310629 |
| 7122.23 |    0.311593 |
| 7122.93 |    0.312556 |
| 7123.63 |     0.31352 |
| 7124.31 |    0.314472 |
| 7125.01 |    0.315436 |
| 7125.71 |    0.316399 |
|  7126.4 |    0.317357 |
|  7127.1 |    0.318321 |
| 7127.79 |    0.319279 |
| 7128.49 |    0.320242 |
| 7129.18 |    0.321205 |
| 7129.87 |    0.322158 |
| 7130.57 |    0.322752 |
| 7131.27 |    0.323261 |
| 7131.96 |    0.323771 |
| 7132.66 |    0.324281 |
| 7133.35 |    0.324784 |
| 7134.04 |    0.325294 |
| 7134.74 |    0.325803 |
| 7135.44 |    0.326309 |
| 7136.13 |    0.326818 |
| 7136.83 |    0.327327 |
| 7137.52 |    0.327834 |
| 7138.22 |    0.328343 |
| 7138.91 |    0.328846 |
| 7139.61 |    0.329354 |
| 7140.31 |    0.330098 |
|  7141.0 |    0.331142 |
|  7141.7 |    0.332185 |
|  7142.4 |    0.333229 |
| 7143.09 |    0.334261 |
| 7143.79 |    0.335304 |
| 7144.48 |    0.336342 |
| 7145.18 |    0.337384 |
| 7145.88 |    0.338427 |
| 7146.57 |    0.339464 |
| 7147.27 |    0.340506 |
| 7147.97 |    0.341549 |
| 7148.66 |     0.34258 |
| 7149.36 |    0.343622 |
| 7150.06 |    0.344591 |
| 7150.76 |    0.344749 |
| 7151.46 |    0.344906 |
| 7152.15 |    0.345062 |
| 7152.85 |    0.345219 |
| 7153.54 |    0.345376 |
| 7154.24 |    0.345533 |
| 7154.94 |     0.34569 |
| 7155.63 |    0.345846 |
| 7156.33 |    0.346004 |
| 7157.03 |    0.346161 |
| 7157.72 |    0.346316 |
| 7158.42 |    0.346472 |
| 7159.12 |    0.346629 |
| 7159.82 |    0.346786 |
| 7160.52 |    0.347246 |
| 7161.21 |    0.347801 |
| 7161.91 |    0.348363 |
| 7162.61 |    0.348924 |
| 7163.31 |    0.349483 |
| 7164.01 |    0.350044 |
| 7164.71 |    0.350607 |
| 7165.41 |    0.351165 |
| 7166.11 |    0.351727 |
|  7166.8 |    0.352282 |
|  7167.5 |    0.352844 |
|  7168.2 |    0.353405 |
|  7168.9 |    0.353968 |
|  7169.6 |    0.354529 |
| 7170.29 |    0.355203 |
| 7170.99 |    0.356048 |
| 7171.69 |    0.356891 |
| 7172.39 |    0.357731 |
| 7173.09 |    0.358575 |
| 7173.79 |    0.359419 |
| 7174.49 |    0.360258 |
| 7175.19 |    0.361101 |
| 7175.88 |    0.361935 |
| 7176.59 |    0.362779 |
| 7177.29 |    0.363623 |
| 7177.99 |    0.364466 |
| 7178.69 |     0.36531 |
| 7179.39 |    0.366152 |
| 7180.09 |    0.366945 |
| 7180.79 |    0.367456 |
| 7181.48 |    0.367964 |
| 7182.19 |    0.368475 |
| 7182.89 |    0.368986 |
| 7183.59 |    0.369493 |
| 7184.29 |    0.370004 |
| 7184.99 |    0.370515 |
| 7185.69 |     0.37102 |
| 7186.39 |    0.371531 |
| 7187.09 |    0.372042 |
| 7187.79 |    0.372552 |
|  7188.5 |    0.373063 |
| 7189.19 |    0.373568 |
| 7189.89 |    0.374079 |
| 7190.59 |    0.374954 |
| 7191.29 |     0.37589 |
|  7192.0 |    0.376832 |
| 7192.69 |    0.377768 |
|  7193.4 |    0.378709 |
|  7194.1 |    0.379651 |
|  7194.8 |    0.380582 |
|  7195.5 |    0.381523 |
|  7196.2 |    0.382464 |
|  7196.9 |    0.383405 |
| 7197.61 |    0.384346 |
|  7198.3 |    0.385277 |
| 7199.01 |    0.386218 |
| 7199.71 |    0.387159 |
| 7200.41 |    0.387737 |
| 7201.11 |    0.388066 |
| 7201.82 |    0.388395 |
| 7202.52 |    0.388721 |
| 7203.22 |     0.38905 |
| 7203.92 |    0.389374 |
| 7204.62 |    0.389702 |
| 7205.33 |    0.390031 |
| 7206.03 |    0.390359 |
| 7206.73 |    0.390688 |
| 7207.44 |    0.391016 |
| 7208.13 |    0.391341 |
| 7208.84 |    0.391669 |
| 7209.54 |    0.391995 |
| 7210.24 |    0.392351 |
| 7210.95 |    0.392761 |
| 7211.65 |    0.393169 |
| 7212.35 |    0.393578 |
| 7213.06 |    0.393988 |
| 7213.76 |    0.394392 |
| 7214.46 |    0.394801 |
| 7215.17 |     0.39521 |
| 7215.87 |    0.395619 |
| 7216.58 |    0.396028 |
| 7217.27 |    0.396431 |
| 7217.98 |     0.39684 |
| 7218.68 |    0.397249 |
| 7219.39 |    0.397654 |
| 7220.09 |     0.39805 |
| 7220.79 |    0.398355 |
|  7221.5 |    0.398662 |
|  7222.2 |    0.398969 |
|  7222.9 |    0.399272 |
| 7223.61 |    0.399579 |
| 7224.31 |    0.399886 |
| 7225.02 |    0.400192 |
| 7225.73 |    0.400499 |
| 7226.42 |    0.400802 |
| 7227.13 |    0.401108 |
| 7227.84 |    0.401414 |
| 7228.54 |    0.401718 |
| 7229.25 |    0.402025 |
| 7229.95 |    0.402329 |
| 7230.65 |    0.402966 |
| 7231.36 |     0.40363 |
| 7232.06 |    0.404287 |
| 7232.77 |     0.40495 |
| 7233.47 |    0.405614 |
| 7234.18 |    0.406277 |
| 7234.89 |    0.406941 |
| 7235.59 |    0.407598 |
| 7236.29 |    0.408261 |
|  7237.0 |    0.408924 |
|  7237.7 |    0.409584 |
| 7238.41 |    0.410247 |
| 7239.12 |     0.41091 |
| 7239.82 |    0.411569 |
| 7240.53 |    0.411779 |
| 7241.23 |    0.411835 |
| 7241.94 |    0.411893 |
| 7242.64 |     0.41195 |
| 7243.35 |    0.412007 |
| 7244.06 |    0.412065 |
| 7244.77 |    0.412122 |
| 7245.47 |    0.412178 |
| 7246.18 |    0.412236 |
| 7246.88 |    0.412293 |
| 7247.59 |     0.41235 |
|  7248.3 |    0.412407 |
|  7249.0 |    0.412464 |
| 7249.71 |    0.412521 |
| 7250.42 |    0.413101 |
| 7251.12 |    0.414033 |
| 7251.83 |    0.414975 |
| 7252.54 |    0.415917 |
| 7253.24 |     0.41686 |
| 7253.95 |    0.417802 |
| 7254.65 |    0.418733 |
| 7255.36 |    0.419675 |
| 7256.07 |    0.420617 |
| 7256.78 |    0.421552 |
| 7257.49 |    0.422493 |
| 7258.19 |    0.423429 |
|  7258.9 |     0.42437 |
| 7259.61 |     0.42531 |
| 7260.31 |    0.425735 |
| 7261.02 |    0.425523 |
| 7261.73 |    0.425312 |
| 7262.44 |    0.425101 |
| 7263.15 |     0.42489 |
| 7263.85 |    0.424682 |
| 7264.56 |    0.424471 |
| 7265.27 |     0.42426 |
| 7265.98 |    0.424051 |
| 7266.69 |    0.423839 |
|  7267.4 |    0.423628 |
|  7268.1 |    0.423419 |
| 7268.81 |    0.423208 |
| 7269.52 |       0.423 |
| 7270.23 |    0.422858 |
| 7270.94 |    0.422865 |
| 7271.65 |    0.422872 |
| 7272.36 |    0.422879 |
| 7273.07 |    0.422886 |
| 7273.77 |    0.422892 |
| 7274.48 |    0.422899 |
| 7275.19 |    0.422906 |
|  7275.9 |    0.422912 |
| 7276.61 |    0.422919 |
| 7277.32 |    0.422925 |
| 7278.03 |    0.422932 |
| 7278.74 |     0.42294 |
| 7279.44 |    0.422946 |
| 7280.15 |    0.422974 |
| 7280.87 |    0.423078 |
| 7281.58 |    0.423181 |
| 7282.29 |    0.423285 |
| 7282.99 |    0.423387 |
| 7283.71 |    0.423491 |
| 7284.42 |    0.423595 |
| 7285.12 |    0.423697 |
| 7285.84 |    0.423801 |
| 7286.54 |    0.423904 |
| 7287.26 |    0.424007 |
| 7287.97 |    0.424111 |
| 7288.67 |    0.424213 |
| 7289.39 |    0.424316 |
|  7290.1 |    0.424411 |
| 7290.81 |     0.42445 |
| 7291.52 |    0.424489 |
| 7292.23 |    0.424528 |
| 7292.94 |    0.424567 |
| 7293.65 |    0.424607 |
| 7294.36 |    0.424646 |
| 7295.07 |    0.424685 |
| 7295.79 |    0.424724 |
|  7296.5 |    0.424762 |
| 7297.21 |    0.424801 |
| 7297.91 |     0.42484 |
| 7298.63 |    0.424879 |
| 7299.34 |    0.424919 |
| 7300.05 |    0.424946 |
| 7300.77 |    0.424827 |
| 7301.47 |    0.424709 |
| 7302.19 |     0.42459 |
|  7302.9 |    0.424471 |
| 7303.61 |    0.424352 |
| 7304.32 |    0.424233 |
| 7305.04 |    0.424115 |
| 7305.75 |    0.423996 |
| 7306.46 |    0.423877 |
| 7307.17 |    0.423759 |
| 7307.88 |     0.42364 |
|  7308.6 |    0.423521 |
| 7309.31 |    0.423402 |
| 7310.02 |    0.423301 |
| 7310.74 |     0.42372 |
| 7311.44 |    0.424134 |
| 7312.16 |    0.424552 |
| 7312.87 |    0.424968 |
| 7313.58 |    0.425386 |
|  7314.3 |    0.425805 |
| 7315.01 |    0.426221 |
| 7315.73 |     0.42664 |
| 7316.44 |    0.427058 |
| 7317.15 |    0.427471 |
| 7317.86 |     0.42789 |
| 7318.58 |    0.428307 |
| 7319.29 |    0.428725 |
| 7320.01 |    0.429135 |
| 7320.71 |    0.428769 |
| 7321.43 |    0.428399 |
| 7322.15 |    0.428029 |
| 7322.86 |    0.427661 |
| 7323.57 |    0.427291 |
| 7324.28 |    0.426923 |
|  7325.0 |    0.426553 |
| 7325.71 |    0.426183 |
| 7326.42 |    0.425817 |
| 7327.14 |    0.425447 |
| 7327.85 |    0.425076 |
| 7328.57 |    0.424707 |
| 7329.29 |    0.424337 |
|  7330.0 |    0.423971 |
| 7330.71 |    0.424544 |
| 7331.43 |    0.425123 |
| 7332.14 |    0.425699 |
| 7332.86 |    0.426277 |
| 7333.57 |    0.426855 |
| 7334.29 |     0.42743 |
|  7335.0 |    0.428009 |
| 7335.71 |     0.42858 |
| 7336.43 |    0.429159 |
| 7337.15 |    0.429737 |
| 7337.86 |    0.430314 |
| 7338.58 |    0.430892 |
|  7339.3 |    0.431469 |
| 7340.01 |    0.432034 |
| 7340.72 |    0.431835 |
| 7341.44 |    0.431638 |
| 7342.15 |     0.43144 |
| 7342.87 |    0.431241 |
| 7343.58 |    0.431044 |
|  7344.3 |    0.430846 |
| 7345.02 |    0.430646 |
| 7345.73 |    0.430451 |
| 7346.45 |    0.430253 |
| 7347.17 |    0.430055 |
| 7347.88 |    0.429856 |
|  7348.6 |    0.429657 |
| 7349.31 |    0.429462 |
| 7350.03 |    0.429267 |
| 7350.75 |    0.429119 |
| 7351.46 |    0.428972 |
| 7352.18 |    0.428824 |
|  7352.9 |    0.428678 |
| 7353.61 |    0.428531 |
| 7354.33 |    0.428383 |
| 7355.04 |    0.428237 |
| 7355.76 |    0.428091 |
| 7356.48 |    0.427943 |
|  7357.2 |    0.427796 |
| 7357.92 |    0.427649 |
| 7358.63 |    0.427503 |
| 7359.35 |    0.427355 |
| 7360.07 |    0.427259 |
| 7360.78 |    0.427645 |
|  7361.5 |    0.428034 |
| 7362.22 |    0.428422 |
| 7362.94 |    0.428809 |
| 7363.66 |    0.429197 |
| 7364.37 |    0.429581 |
| 7365.09 |    0.429968 |
| 7365.81 |    0.430357 |
| 7366.53 |    0.430745 |
| 7367.25 |    0.431133 |
| 7367.96 |    0.431517 |
| 7368.68 |    0.431904 |
|  7369.4 |    0.432292 |
| 7370.12 |    0.432503 |
| 7370.84 |    0.431798 |
| 7371.56 |    0.431093 |
| 7372.27 |    0.430393 |
| 7372.99 |    0.429689 |
| 7373.71 |    0.428992 |
| 7374.43 |    0.428288 |
| 7375.15 |    0.427583 |
| 7375.87 |    0.426879 |
| 7376.59 |    0.426175 |
| 7377.31 |    0.425471 |
| 7378.02 |    0.424775 |
| 7378.74 |    0.424071 |
| 7379.46 |    0.423371 |
| 7380.18 |    0.423167 |
|  7380.9 |    0.424451 |
| 7381.62 |    0.425728 |
| 7382.34 |    0.427011 |
| 7383.06 |    0.428295 |
| 7383.78 |    0.429564 |
|  7384.5 |    0.430847 |
| 7385.22 |     0.43213 |
| 7385.94 |    0.433411 |
| 7386.66 |    0.434692 |
| 7387.38 |    0.435959 |
|  7388.1 |    0.437239 |
| 7388.82 |    0.438519 |
| 7389.54 |    0.439791 |
| 7390.26 |    0.440426 |
| 7390.98 |     0.43992 |
|  7391.7 |     0.43941 |
| 7392.42 |    0.438901 |
| 7393.14 |    0.438398 |
| 7393.86 |    0.437887 |
| 7394.58 |    0.437378 |
| 7395.31 |    0.436869 |
| 7396.03 |    0.436359 |
| 7396.74 |    0.435855 |
| 7397.46 |    0.435345 |
| 7398.19 |    0.434836 |
| 7398.91 |    0.434329 |
| 7399.63 |    0.433819 |
| 7400.35 |    0.433482 |
| 7401.07 |    0.433325 |
| 7401.79 |    0.433168 |
| 7402.51 |    0.433013 |
| 7403.23 |    0.432856 |
| 7403.96 |    0.432699 |
| 7404.68 |    0.432542 |
|  7405.4 |    0.432385 |
| 7406.13 |    0.432228 |
| 7406.84 |    0.432074 |
| 7407.57 |    0.431917 |
| 7408.29 |    0.431761 |
| 7409.01 |    0.431604 |
| 7409.74 |    0.431448 |
| 7410.46 |     0.43135 |
| 7411.18 |    0.431286 |
|  7411.9 |    0.431222 |
| 7412.62 |    0.431159 |
| 7413.35 |    0.431095 |
| 7414.07 |    0.431031 |
| 7414.79 |    0.430967 |
| 7415.52 |    0.430903 |
| 7416.23 |     0.43084 |
| 7416.96 |    0.430775 |
| 7417.68 |    0.430711 |
|  7418.4 |    0.430647 |
| 7419.13 |    0.430584 |
| 7419.85 |     0.43052 |
| 7420.58 |    0.430699 |
|  7421.3 |    0.430942 |
| 7422.02 |    0.431181 |
| 7422.74 |    0.431424 |
| 7423.47 |    0.431666 |
| 7424.19 |    0.431908 |
| 7424.92 |    0.432149 |
| 7425.64 |    0.432389 |
| 7426.36 |     0.43263 |
| 7427.09 |    0.432871 |
| 7427.81 |    0.433111 |
| 7428.54 |    0.433353 |
| 7429.26 |    0.433595 |
| 7429.98 |    0.433835 |
| 7430.71 |    0.434157 |
| 7431.43 |    0.434478 |
| 7432.15 |    0.434802 |
| 7432.88 |    0.435127 |
| 7433.61 |    0.435451 |
| 7434.33 |    0.435774 |
| 7435.05 |    0.436095 |
| 7435.78 |    0.436419 |
|  7436.5 |    0.436743 |
| 7437.23 |    0.437065 |
| 7437.96 |    0.437388 |
| 7438.68 |    0.437711 |
|  7439.4 |    0.438033 |
| 7440.13 |    0.438254 |
| 7440.85 |    0.438013 |
| 7441.58 |    0.437771 |
| 7442.31 |    0.437528 |
| 7443.03 |    0.437285 |
| 7443.76 |    0.437042 |
| 7444.49 |    0.436799 |
| 7445.21 |    0.436559 |
| 7445.93 |    0.436317 |
| 7446.66 |    0.436075 |
| 7447.38 |    0.435832 |
| 7448.11 |     0.43559 |
| 7448.84 |    0.435349 |
| 7449.56 |    0.435107 |
| 7450.29 |    0.435292 |
| 7451.01 |    0.436105 |
| 7451.74 |    0.436925 |
| 7452.47 |    0.437745 |
|  7453.2 |    0.438566 |
| 7453.92 |    0.439387 |
| 7454.65 |    0.440198 |
| 7455.37 |    0.441018 |
|  7456.1 |    0.441838 |
| 7456.83 |    0.442654 |
| 7457.56 |    0.443473 |
| 7458.28 |    0.444287 |
| 7459.01 |    0.445106 |
| 7459.74 |    0.445925 |
| 7460.46 |    0.445194 |
| 7461.19 |    0.443567 |
| 7461.92 |     0.44194 |
| 7462.65 |    0.440313 |
| 7463.38 |    0.438687 |
|  7464.1 |     0.43708 |
| 7464.83 |    0.435453 |
| 7465.56 |    0.433829 |
| 7466.28 |    0.432213 |
| 7467.01 |    0.430588 |
| 7467.74 |    0.428965 |
| 7468.47 |     0.42735 |
|  7469.2 |    0.425725 |
| 7469.92 |    0.424121 |
| 7470.65 |    0.424168 |
| 7471.38 |    0.424429 |
| 7472.11 |    0.424689 |
| 7472.84 |    0.424949 |
| 7473.57 |    0.425209 |
| 7474.29 |    0.425466 |
| 7475.02 |    0.425726 |
| 7475.75 |    0.425984 |
| 7476.48 |    0.426244 |
| 7477.21 |    0.426504 |
| 7477.94 |    0.426761 |
| 7478.67 |    0.427021 |
|  7479.4 |    0.427281 |
| 7480.12 |    0.427642 |
| 7480.85 |    0.428545 |
| 7481.58 |    0.429448 |
| 7482.31 |    0.430351 |
| 7483.04 |    0.431253 |
| 7483.77 |    0.432146 |
|  7484.5 |    0.433048 |
| 7485.23 |    0.433951 |
| 7485.96 |    0.434848 |
| 7486.69 |    0.435749 |
| 7487.42 |    0.436646 |
| 7488.15 |    0.437547 |
| 7488.88 |    0.438448 |
|  7489.6 |    0.439339 |
| 7490.33 |    0.439475 |
| 7491.07 |    0.438702 |
|  7491.8 |     0.43793 |
| 7492.53 |    0.437158 |
| 7493.25 |    0.436395 |
| 7493.99 |    0.435623 |
| 7494.72 |    0.434851 |
| 7495.45 |    0.434084 |
| 7496.18 |    0.433313 |
| 7496.91 |    0.432542 |
| 7497.64 |    0.431776 |
| 7498.37 |    0.431005 |
|  7499.1 |    0.430243 |
| 7499.83 |    0.429473 |
| 7500.56 |    0.428665 |
|  7501.3 |    0.427845 |
| 7502.03 |    0.427026 |
| 7502.75 |    0.426216 |
| 7503.49 |    0.425398 |
| 7504.22 |    0.424579 |
| 7504.95 |    0.423765 |
| 7505.68 |    0.422947 |
| 7506.42 |    0.422128 |
| 7507.15 |    0.421315 |
| 7507.88 |    0.420497 |
| 7508.61 |    0.419687 |
| 7509.34 |    0.418869 |
| 7510.07 |    0.418226 |
| 7510.81 |    0.419128 |
| 7511.54 |    0.420031 |
| 7512.28 |    0.420934 |
|  7513.0 |    0.421826 |
| 7513.74 |    0.422728 |
| 7514.47 |    0.423624 |
|  7515.2 |    0.424525 |
| 7515.94 |    0.425426 |
| 7516.67 |    0.426322 |
|  7517.4 |    0.427223 |
| 7518.13 |    0.428123 |
| 7518.86 |    0.429012 |
|  7519.6 |    0.429912 |
| 7520.33 |    0.430088 |
| 7521.06 |    0.429379 |
|  7521.8 |     0.42867 |
| 7522.53 |    0.427968 |
| 7523.26 |    0.427257 |
|  7524.0 |    0.426549 |
| 7524.73 |    0.425843 |
| 7525.46 |    0.425134 |
| 7526.19 |    0.424428 |
| 7526.93 |    0.423718 |
| 7527.67 |    0.423008 |
| 7528.39 |    0.422306 |
| 7529.13 |    0.421597 |
| 7529.87 |    0.420887 |
|  7530.6 |    0.420562 |
| 7531.34 |    0.420323 |
| 7532.06 |    0.420087 |
|  7532.8 |    0.419849 |
| 7533.54 |     0.41961 |
| 7534.27 |    0.419373 |
|  7535.0 |    0.419134 |
| 7535.74 |    0.418896 |
| 7536.47 |    0.418659 |
| 7537.21 |     0.41842 |
| 7537.94 |    0.418185 |
| 7538.67 |    0.417947 |
| 7539.41 |    0.417709 |
| 7540.15 |    0.417488 |
| 7540.88 |    0.417331 |
| 7541.62 |    0.417175 |
| 7542.35 |     0.41702 |
| 7543.09 |    0.416864 |
| 7543.82 |    0.416708 |
| 7544.56 |    0.416551 |
| 7545.29 |    0.416395 |
| 7546.03 |     0.41624 |
| 7546.77 |    0.416083 |
|  7547.5 |    0.415926 |
| 7548.23 |    0.415772 |
| 7548.97 |    0.415615 |
| 7549.71 |    0.415459 |
| 7550.45 |    0.414941 |
| 7551.18 |    0.414186 |
| 7551.91 |     0.41344 |
| 7552.65 |    0.412687 |
| 7553.39 |    0.411933 |
| 7554.12 |    0.411183 |
| 7554.86 |     0.41043 |
|  7555.6 |    0.409682 |
| 7556.33 |    0.408928 |
| 7557.07 |    0.408175 |
|  7557.8 |     0.40743 |
| 7558.54 |    0.406678 |
| 7559.28 |    0.405925 |
| 7560.02 |    0.405198 |
| 7560.76 |    0.405474 |
| 7561.49 |    0.405747 |
| 7562.23 |    0.406023 |
| 7562.97 |    0.406298 |
|  7563.7 |    0.406572 |
| 7564.44 |    0.406848 |
| 7565.18 |    0.407123 |
| 7565.92 |    0.407397 |
| 7566.65 |    0.407672 |
| 7567.38 |    0.407943 |
| 7568.12 |    0.408218 |
| 7568.86 |    0.408493 |
|  7569.6 |    0.408767 |
| 7570.34 |    0.409164 |
| 7571.08 |    0.409696 |
| 7571.81 |    0.410234 |
| 7572.56 |    0.410771 |
| 7573.29 |    0.411305 |
| 7574.03 |    0.411842 |
| 7574.77 |     0.41238 |
| 7575.51 |    0.412913 |
| 7576.25 |    0.413448 |
| 7576.98 |    0.413978 |
| 7577.72 |    0.414515 |
| 7578.46 |    0.415051 |
|  7579.2 |    0.415586 |
| 7579.94 |    0.416121 |
| 7580.68 |    0.415684 |
| 7581.42 |    0.415169 |
| 7582.16 |    0.414648 |
| 7582.89 |     0.41413 |
| 7583.63 |     0.41361 |
| 7584.38 |    0.413089 |
| 7585.11 |    0.412571 |
| 7585.85 |     0.41205 |
| 7586.59 |     0.41153 |
| 7587.33 |    0.411016 |
| 7588.07 |    0.410496 |
| 7588.81 |    0.409975 |
| 7589.55 |    0.409455 |
| 7590.29 |    0.408965 |
| 7591.03 |    0.408525 |
| 7591.77 |     0.40808 |
| 7592.51 |    0.407636 |
| 7593.25 |    0.407194 |
| 7593.99 |    0.406748 |
| 7594.73 |    0.406307 |
| 7595.47 |    0.405863 |
| 7596.21 |    0.405418 |
| 7596.95 |    0.404979 |
| 7597.69 |    0.404535 |
| 7598.43 |    0.404092 |
| 7599.17 |    0.403648 |
| 7599.92 |    0.403204 |
| 7600.65 |    0.404033 |
| 7601.39 |    0.405036 |
| 7602.14 |    0.406039 |
| 7602.88 |    0.407035 |
| 7603.62 |    0.408038 |
| 7604.36 |     0.40904 |
|  7605.1 |    0.410036 |
| 7605.84 |    0.411038 |
| 7606.58 |    0.412034 |
| 7607.32 |     0.41303 |
| 7608.06 |    0.414032 |
| 7608.81 |    0.415033 |
| 7609.55 |    0.416034 |
|  7610.3 |    0.416025 |
| 7611.03 |    0.414504 |
| 7611.77 |    0.412967 |
| 7612.52 |     0.41144 |
| 7613.26 |    0.409905 |
|  7614.0 |    0.408369 |
| 7614.74 |    0.406844 |
| 7615.49 |    0.405309 |
| 7616.23 |    0.403774 |
| 7616.97 |    0.402258 |
| 7617.71 |    0.400726 |
| 7618.46 |    0.399194 |
|  7619.2 |    0.397663 |
| 7619.94 |    0.396131 |
| 7620.68 |    0.397415 |
| 7621.42 |    0.398944 |
| 7622.17 |    0.400473 |
| 7622.91 |    0.401993 |
| 7623.66 |    0.403521 |
|  7624.4 |    0.405039 |
| 7625.14 |    0.406566 |
| 7625.89 |    0.408094 |
| 7626.62 |    0.409603 |
| 7627.37 |    0.411128 |
| 7628.11 |    0.412653 |
| 7628.86 |    0.414178 |
|  7629.6 |    0.415703 |
| 7630.34 |    0.416569 |
| 7631.09 |      0.4167 |
| 7631.83 |     0.41683 |
| 7632.58 |     0.41696 |
| 7633.32 |    0.417091 |
| 7634.07 |    0.417221 |
| 7634.81 |     0.41735 |
| 7635.56 |     0.41748 |
| 7636.29 |    0.417609 |
| 7637.04 |    0.417739 |
| 7637.79 |    0.417869 |
| 7638.53 |    0.417998 |
| 7639.28 |    0.418128 |
| 7640.02 |    0.418256 |
| 7640.76 |     0.41837 |
| 7641.51 |    0.418483 |
| 7642.25 |    0.418595 |
|  7643.0 |    0.418709 |
| 7643.75 |    0.418821 |
| 7644.49 |    0.418933 |
| 7645.24 |    0.419046 |
| 7645.98 |    0.419158 |
| 7646.72 |     0.41927 |
| 7647.47 |    0.419382 |
| 7648.22 |    0.419495 |
| 7648.96 |    0.419606 |
| 7649.71 |    0.419719 |
| 7650.45 |    0.420084 |
|  7651.2 |    0.420619 |
| 7651.94 |    0.421153 |
| 7652.69 |    0.421688 |
| 7653.44 |    0.422222 |
| 7654.18 |    0.422754 |
| 7654.93 |    0.423289 |
| 7655.68 |    0.423822 |
| 7656.42 |     0.42435 |
| 7657.17 |    0.424884 |
| 7657.91 |    0.425418 |
| 7658.66 |    0.425951 |
| 7659.41 |    0.426485 |
| 7660.15 |    0.426828 |
|  7660.9 |    0.426442 |
| 7661.65 |    0.426057 |
| 7662.39 |    0.425673 |
| 7663.14 |    0.425287 |
| 7663.88 |    0.424904 |
| 7664.63 |    0.424519 |
| 7665.38 |    0.424134 |
| 7666.13 |    0.423751 |
| 7666.87 |    0.423368 |
| 7667.62 |    0.422983 |
| 7668.37 |    0.422598 |
| 7669.12 |    0.422213 |
| 7669.86 |    0.421833 |
| 7670.61 |    0.421598 |
| 7671.36 |    0.421396 |
| 7672.11 |    0.421194 |
| 7672.86 |    0.420992 |
| 7673.61 |     0.42079 |
| 7674.35 |    0.420588 |
|  7675.1 |    0.420386 |
| 7675.84 |    0.420186 |
| 7676.59 |    0.419984 |
| 7677.34 |    0.419782 |
| 7678.09 |     0.41958 |
| 7678.84 |    0.419378 |
|  7679.6 |    0.419176 |
| 7680.34 |    0.419049 |
| 7681.09 |    0.419008 |
| 7681.83 |     0.41897 |
| 7682.58 |     0.41893 |
| 7683.33 |     0.41889 |
| 7684.08 |    0.418851 |
| 7684.83 |     0.41881 |
| 7685.58 |    0.418771 |
| 7686.33 |    0.418732 |
| 7687.08 |    0.418692 |
| 7687.83 |    0.418652 |
| 7688.58 |    0.418612 |
| 7689.33 |    0.418572 |
| 7690.07 |    0.418451 |
| 7690.83 |    0.417584 |
| 7691.58 |    0.416717 |
| 7692.33 |    0.415856 |
| 7693.08 |    0.414991 |
| 7693.82 |    0.414129 |
| 7694.58 |    0.413263 |
| 7695.33 |    0.412398 |
| 7696.07 |    0.411543 |
| 7696.82 |    0.410677 |
| 7697.58 |    0.409813 |
| 7698.33 |    0.408949 |
| 7699.08 |    0.408085 |
| 7699.82 |    0.407232 |
| 7700.58 |    0.407261 |
| 7701.33 |    0.407562 |
| 7702.08 |    0.407861 |
| 7702.83 |    0.408161 |
| 7703.58 |    0.408462 |
| 7704.33 |    0.408762 |
| 7705.08 |    0.409062 |
| 7705.83 |     0.40936 |
| 7706.58 |    0.409658 |
| 7707.33 |    0.409958 |
| 7708.09 |    0.410258 |
| 7708.84 |    0.410558 |
| 7709.59 |    0.410854 |
| 7710.34 |    0.410693 |
| 7711.09 |    0.409972 |
| 7711.84 |    0.409255 |
|  7712.6 |    0.408534 |
| 7713.35 |    0.407813 |
|  7714.1 |    0.407096 |
| 7714.85 |    0.406377 |
|  7715.6 |    0.405665 |
| 7716.35 |    0.404946 |
| 7717.11 |    0.404227 |
| 7717.86 |    0.403507 |
| 7718.62 |    0.402788 |
| 7719.37 |     0.40207 |
| 7720.12 |    0.401518 |
| 7720.87 |    0.401833 |
| 7721.62 |    0.402146 |
| 7722.38 |     0.40246 |
| 7723.13 |    0.402774 |
| 7723.88 |    0.403087 |
| 7724.63 |      0.4034 |
| 7725.39 |    0.403713 |
| 7726.14 |    0.404023 |
| 7726.89 |    0.404337 |
| 7727.65 |     0.40465 |
|  7728.4 |    0.404963 |
| 7729.16 |    0.405275 |
|  7729.9 |    0.405585 |
| 7730.66 |    0.404811 |
| 7731.41 |    0.403879 |
| 7732.17 |    0.402951 |
| 7732.92 |    0.402019 |
| 7733.67 |    0.401092 |
| 7734.43 |     0.40016 |
| 7735.18 |    0.399229 |
| 7735.93 |    0.398309 |
| 7736.69 |    0.397378 |
| 7737.44 |    0.396448 |
|  7738.2 |    0.395518 |
| 7738.96 |    0.394589 |
|  7739.7 |     0.39367 |
| 7740.46 |    0.393391 |
| 7741.22 |     0.39353 |
| 7741.97 |    0.393667 |
| 7742.73 |    0.393807 |
| 7743.48 |    0.393946 |
| 7744.23 |    0.394084 |
| 7744.99 |    0.394223 |
| 7745.74 |    0.394361 |
|  7746.5 |    0.394499 |
| 7747.25 |    0.394638 |
| 7748.01 |    0.394776 |
| 7748.77 |    0.394915 |
| 7749.52 |    0.395054 |
| 7750.27 |    0.395201 |
| 7751.03 |    0.395368 |
| 7751.78 |    0.395536 |
| 7752.54 |    0.395703 |
|  7753.3 |     0.39587 |
| 7754.05 |    0.396037 |
| 7754.81 |    0.396203 |
| 7755.57 |    0.396371 |
| 7756.32 |    0.396537 |
| 7757.08 |    0.396703 |
| 7757.83 |    0.396869 |
| 7758.59 |    0.397036 |
| 7759.35 |    0.397203 |
|  7760.1 |    0.397246 |
| 7760.86 |    0.396488 |
| 7761.62 |    0.395731 |
| 7762.37 |     0.39498 |
| 7763.13 |    0.394223 |
| 7763.88 |    0.393472 |
| 7764.64 |    0.392717 |
|  7765.4 |    0.391962 |
| 7766.15 |    0.391217 |
| 7766.91 |    0.390464 |
| 7767.67 |    0.389711 |
| 7768.43 |    0.388958 |
| 7769.19 |    0.388207 |
| 7769.94 |    0.387464 |
|  7770.7 |     0.38715 |
| 7771.46 |    0.386874 |
| 7772.21 |      0.3866 |
| 7772.97 |    0.386324 |
| 7773.73 |    0.386048 |
| 7774.49 |    0.385773 |
| 7775.25 |    0.385497 |
|  7776.0 |    0.385223 |
| 7776.76 |    0.384949 |
| 7777.52 |    0.384674 |
| 7778.28 |    0.384398 |
| 7779.04 |    0.384122 |
| 7779.79 |     0.38385 |
| 7780.55 |    0.383453 |
| 7781.31 |    0.383011 |
| 7782.07 |    0.382571 |
| 7782.83 |    0.382129 |
| 7783.59 |    0.381687 |
| 7784.34 |    0.381247 |
|  7785.1 |    0.380804 |
| 7785.86 |    0.380365 |
| 7786.62 |    0.379925 |
| 7787.38 |    0.379484 |
| 7788.14 |    0.379042 |
|  7788.9 |      0.3786 |
| 7789.66 |    0.378159 |
| 7790.41 |    0.378194 |
| 7791.18 |    0.378621 |
| 7791.93 |    0.379045 |
| 7792.69 |    0.379471 |
| 7793.46 |    0.379897 |
| 7794.21 |     0.38032 |
| 7794.98 |    0.380746 |
| 7795.74 |    0.381171 |
| 7796.49 |    0.381594 |
| 7797.25 |    0.382017 |
| 7798.01 |    0.382442 |
| 7798.77 |    0.382867 |
| 7799.54 |    0.383291 |
| 7800.29 |    0.383517 |
| 7801.05 |    0.383435 |
| 7801.82 |    0.383352 |
| 7802.57 |    0.383271 |
| 7803.34 |    0.383188 |
|  7804.1 |    0.383107 |
| 7804.86 |    0.383025 |
| 7805.62 |    0.382942 |
| 7806.38 |    0.382861 |
| 7807.14 |    0.382778 |
|  7807.9 |    0.382696 |
| 7808.66 |    0.382614 |
| 7809.43 |    0.382531 |
| 7810.18 |    0.382467 |
| 7810.94 |    0.382458 |
| 7811.71 |     0.38245 |
| 7812.47 |    0.382441 |
| 7813.23 |    0.382432 |
| 7813.99 |    0.382423 |
| 7814.75 |    0.382415 |
| 7815.52 |    0.382406 |
| 7816.28 |    0.382397 |
| 7817.04 |    0.382387 |
|  7817.8 |    0.382379 |
| 7818.56 |     0.38237 |
| 7819.33 |     0.38236 |
| 7820.09 |    0.382365 |
| 7820.85 |    0.382475 |
| 7821.61 |    0.382587 |
| 7822.37 |    0.382697 |
| 7823.14 |    0.382808 |
|  7823.9 |    0.382919 |
| 7824.66 |     0.38303 |
| 7825.42 |    0.383141 |
| 7826.19 |    0.383251 |
| 7826.95 |    0.383361 |
| 7827.71 |    0.383471 |
| 7828.48 |    0.383581 |
| 7829.24 |    0.383691 |
| 7830.01 |      0.3838 |
| 7830.76 |    0.383848 |
| 7831.53 |    0.383897 |
| 7832.29 |    0.383945 |
| 7833.06 |    0.383992 |
| 7833.82 |     0.38404 |
| 7834.58 |    0.384086 |
| 7835.35 |    0.384133 |
| 7836.11 |    0.384181 |
| 7836.87 |    0.384227 |
| 7837.64 |    0.384274 |
|  7838.4 |    0.384321 |
| 7839.17 |    0.384368 |
| 7839.93 |    0.384414 |
| 7840.69 |    0.384559 |
| 7841.46 |    0.384714 |
| 7842.22 |    0.384868 |
| 7842.99 |    0.385022 |
| 7843.75 |    0.385177 |
| 7844.52 |    0.385332 |
| 7845.28 |    0.385486 |
| 7846.05 |     0.38564 |
| 7846.81 |    0.385792 |
| 7847.57 |    0.385947 |
| 7848.34 |    0.386101 |
| 7849.11 |    0.386255 |
| 7849.87 |    0.386409 |
| 7850.63 |    0.386352 |
|  7851.4 |    0.386253 |
| 7852.17 |    0.386153 |
| 7852.93 |    0.386054 |
|  7853.7 |    0.385955 |
| 7854.46 |    0.385855 |
| 7855.23 |    0.385755 |
|  7856.0 |    0.385656 |
| 7856.76 |    0.385556 |
| 7857.53 |    0.385457 |
| 7858.29 |    0.385357 |
| 7859.06 |    0.385257 |
| 7859.83 |    0.385157 |
| 7860.59 |    0.385549 |
| 7861.35 |     0.38608 |
| 7862.12 |    0.386616 |
| 7862.89 |    0.387149 |
| 7863.65 |    0.387684 |
| 7864.42 |    0.388219 |
| 7865.19 |    0.388752 |
| 7865.96 |    0.389286 |
| 7866.72 |    0.389821 |
| 7867.48 |    0.390349 |
| 7868.25 |    0.390883 |
| 7869.02 |    0.391417 |
| 7869.79 |     0.39195 |
| 7870.56 |    0.391825 |
| 7871.32 |    0.391459 |
| 7872.09 |    0.391088 |
| 7872.86 |    0.390718 |
| 7873.62 |     0.39035 |
| 7874.39 |    0.389979 |
| 7875.16 |    0.389611 |
| 7875.93 |    0.389242 |
|  7876.7 |    0.388872 |
| 7877.46 |    0.388504 |
| 7878.23 |    0.388137 |
|  7879.0 |    0.387767 |
| 7879.77 |    0.387398 |
| 7880.54 |    0.387255 |
|  7881.3 |     0.38721 |
| 7882.07 |    0.387164 |
| 7882.84 |    0.387117 |
| 7883.61 |    0.387071 |
| 7884.38 |    0.387025 |
| 7885.15 |    0.386979 |
| 7885.91 |    0.386933 |
| 7886.68 |    0.386887 |
| 7887.45 |     0.38684 |
| 7888.22 |    0.386794 |
| 7888.99 |    0.386748 |
| 7889.76 |    0.386702 |
| 7890.53 |    0.386735 |
|  7891.3 |    0.386804 |
| 7892.06 |    0.386872 |
| 7892.83 |    0.386941 |
|  7893.6 |     0.38701 |
| 7894.37 |    0.387079 |
| 7895.15 |    0.387148 |
| 7895.91 |    0.387216 |
| 7896.68 |    0.387285 |
| 7897.46 |    0.387354 |
| 7898.22 |    0.387422 |
| 7898.99 |    0.387489 |
| 7899.76 |    0.387558 |
| 7900.53 |    0.387492 |
| 7901.31 |    0.387367 |
| 7902.07 |    0.387244 |
| 7902.84 |    0.387118 |
| 7903.61 |    0.386993 |
| 7904.38 |    0.386869 |
| 7905.15 |    0.386744 |
| 7905.92 |     0.38662 |
| 7906.69 |    0.386495 |
| 7907.47 |     0.38637 |
| 7908.23 |    0.386246 |
|  7909.0 |    0.386121 |
| 7909.78 |    0.385996 |
| 7910.55 |    0.386104 |
| 7911.32 |    0.386305 |
| 7912.09 |    0.386503 |
| 7912.86 |    0.386703 |
| 7913.63 |    0.386904 |
|  7914.4 |    0.387104 |
| 7915.18 |    0.387304 |
| 7915.95 |    0.387503 |
| 7916.72 |    0.387702 |
| 7917.49 |    0.387902 |
| 7918.26 |      0.3881 |
| 7919.03 |    0.388297 |
| 7919.81 |    0.388496 |
| 7920.58 |    0.388094 |
| 7921.35 |    0.387491 |
| 7922.12 |    0.386895 |
| 7922.89 |    0.386291 |
| 7923.67 |    0.385689 |
| 7924.44 |     0.38509 |
| 7925.21 |    0.384488 |
| 7925.99 |    0.383885 |
| 7926.76 |    0.383287 |
| 7927.53 |    0.382686 |
|  7928.3 |    0.382087 |
| 7929.08 |    0.381486 |
| 7929.85 |    0.380889 |
| 7930.62 |    0.380692 |
|  7931.4 |    0.380595 |
| 7932.17 |    0.380498 |
| 7932.94 |    0.380402 |
| 7933.71 |    0.380305 |
| 7934.48 |    0.380208 |
| 7935.26 |    0.380112 |
| 7936.04 |    0.380015 |
| 7936.81 |    0.379918 |
| 7937.58 |    0.379821 |
| 7938.36 |    0.379724 |
| 7939.13 |    0.379627 |
|  7939.9 |     0.37953 |
| 7940.68 |    0.379759 |
| 7941.45 |    0.380035 |
| 7942.23 |     0.38031 |
|  7943.0 |     0.38058 |
| 7943.77 |    0.380856 |
| 7944.55 |    0.381131 |
| 7945.32 |    0.381403 |
|  7946.1 |    0.381677 |
| 7946.87 |     0.38195 |
| 7947.65 |    0.382223 |
| 7948.42 |    0.382495 |
| 7949.19 |    0.382766 |
| 7949.97 |    0.383038 |
| 7950.74 |    0.381915 |
| 7951.52 |    0.380731 |
|  7952.3 |    0.379548 |
| 7953.07 |     0.37838 |
| 7953.84 |      0.3772 |
| 7954.62 |    0.376018 |
| 7955.39 |    0.374846 |
| 7956.17 |    0.373667 |
| 7956.95 |    0.372489 |
| 7957.72 |    0.371318 |
|  7958.5 |    0.370141 |
| 7959.27 |    0.368971 |
| 7960.05 |    0.367908 |
| 7960.83 |    0.368478 |
|  7961.6 |    0.369047 |
| 7962.38 |    0.369616 |
| 7963.16 |    0.370184 |
| 7963.93 |    0.370745 |
| 7964.71 |    0.371313 |
| 7965.48 |    0.371878 |
| 7966.26 |    0.372445 |
| 7967.04 |    0.373011 |
| 7967.81 |    0.373574 |
| 7968.59 |     0.37414 |
| 7969.37 |    0.374705 |
| 7970.14 |    0.375107 |
| 7970.92 |    0.374805 |
|  7971.7 |    0.374501 |
| 7972.48 |    0.374198 |
| 7973.25 |    0.373894 |
| 7974.02 |    0.373595 |
| 7974.81 |    0.373292 |
| 7975.58 |    0.372989 |
| 7976.36 |    0.372688 |
| 7977.14 |    0.372385 |
| 7977.91 |    0.372084 |
| 7978.69 |    0.371781 |
| 7979.47 |    0.371478 |
| 7980.25 |     0.37144 |
| 7981.02 |    0.371959 |
|  7981.8 |    0.372481 |
| 7982.58 |    0.373004 |
| 7983.36 |    0.373526 |
| 7984.13 |    0.374043 |
| 7984.92 |    0.374565 |
|  7985.7 |    0.375087 |
| 7986.47 |    0.375606 |
| 7987.25 |    0.376128 |
| 7988.03 |    0.376651 |
| 7988.81 |     0.37717 |
| 7989.59 |    0.377692 |
| 7990.37 |    0.377653 |
| 7991.15 |    0.376988 |
| 7991.92 |    0.376326 |
|  7992.7 |     0.37566 |
| 7993.48 |    0.374993 |
| 7994.26 |    0.374335 |
| 7995.04 |    0.373669 |
| 7995.82 |    0.373004 |
|  7996.6 |    0.372342 |
| 7997.38 |    0.371676 |
| 7998.16 |    0.371011 |
| 7998.94 |     0.37035 |
| 7999.72 |    0.369684 |
|  8000.5 |    0.369458 |
| 8001.27 |    0.369479 |
| 8002.06 |    0.369499 |
| 8002.84 |    0.369519 |
| 8003.62 |    0.369539 |
|  8004.4 |    0.369558 |
| 8005.17 |    0.369578 |
| 8005.96 |    0.369598 |
| 8006.74 |    0.369617 |
| 8007.52 |    0.369636 |
|  8008.3 |    0.369655 |
| 8009.08 |    0.369674 |
| 8009.86 |    0.369693 |
| 8010.65 |     0.36948 |
| 8011.42 |    0.369217 |
|  8012.2 |    0.368955 |
| 8012.98 |    0.368692 |
| 8013.77 |    0.368428 |
| 8014.55 |    0.368165 |
| 8015.33 |    0.367905 |
| 8016.11 |    0.367642 |
| 8016.89 |    0.367379 |
| 8017.67 |    0.367117 |
| 8018.45 |    0.366854 |
| 8019.23 |    0.366592 |
| 8020.02 |    0.366324 |
|  8020.8 |    0.365826 |
| 8021.58 |     0.36533 |
| 8022.36 |    0.364835 |
| 8023.14 |    0.364336 |
| 8023.93 |    0.363839 |
| 8024.71 |    0.363341 |
| 8025.49 |    0.362848 |
| 8026.27 |     0.36235 |
| 8027.06 |    0.361853 |
| 8027.83 |    0.361359 |
| 8028.62 |    0.360861 |
|  8029.4 |    0.360364 |
| 8030.19 |    0.360144 |
| 8030.97 |    0.360808 |
| 8031.75 |    0.361467 |
| 8032.54 |    0.362131 |
| 8033.31 |     0.36279 |
|  8034.1 |    0.363453 |
| 8034.89 |    0.364114 |
| 8035.67 |    0.364776 |
| 8036.45 |     0.36543 |
| 8037.23 |    0.366091 |
| 8038.01 |    0.366747 |
|  8038.8 |    0.367407 |
| 8039.58 |    0.368066 |
| 8040.37 |    0.368151 |
| 8041.15 |    0.367586 |
| 8041.94 |    0.367023 |
| 8042.71 |    0.366465 |
|  8043.5 |    0.365902 |
| 8044.29 |    0.365338 |
| 8045.07 |    0.364774 |
| 8045.86 |    0.364212 |
| 8046.64 |    0.363656 |
| 8047.42 |    0.363093 |
| 8048.21 |     0.36253 |
| 8048.99 |    0.361971 |
| 8049.78 |    0.361409 |
| 8050.56 |    0.361456 |
| 8051.35 |    0.361744 |
| 8052.13 |    0.362033 |
| 8052.92 |     0.36232 |
|  8053.7 |    0.362606 |
| 8054.48 |    0.362895 |
| 8055.27 |    0.363183 |
| 8056.06 |    0.363471 |
| 8056.84 |    0.363756 |
| 8057.62 |    0.364043 |
| 8058.41 |    0.364332 |
|  8059.2 |    0.364618 |
| 8059.98 |    0.364905 |
| 8060.77 |    0.364374 |
| 8061.56 |    0.363829 |
| 8062.34 |    0.363282 |
| 8063.13 |    0.362738 |
| 8063.91 |    0.362195 |
|  8064.7 |    0.361648 |
| 8065.48 |    0.361102 |
| 8066.27 |    0.360556 |
| 8067.05 |    0.360018 |
| 8067.84 |    0.359473 |
| 8068.63 |    0.358928 |
| 8069.42 |    0.358384 |
|  8070.2 |    0.357981 |
| 8070.99 |     0.35797 |
| 8071.77 |     0.35796 |
| 8072.56 |     0.35795 |
| 8073.35 |     0.35794 |
| 8074.14 |     0.35793 |
| 8074.92 |     0.35792 |
| 8075.71 |    0.357909 |
|  8076.5 |    0.357899 |
| 8077.29 |    0.357888 |
| 8078.07 |    0.357878 |
| 8078.86 |    0.357868 |
| 8079.65 |    0.357858 |
| 8080.43 |    0.357982 |
| 8081.22 |    0.358218 |
| 8082.01 |    0.358452 |
|  8082.8 |    0.358688 |
| 8083.59 |    0.358923 |
| 8084.37 |    0.359156 |
| 8085.16 |    0.359391 |
| 8085.95 |    0.359626 |
| 8086.74 |    0.359861 |
| 8087.53 |    0.360095 |
| 8088.31 |    0.360327 |
|  8089.1 |    0.360562 |
| 8089.89 |    0.360796 |
| 8090.68 |    0.360254 |
| 8091.47 |    0.359587 |
| 8092.26 |    0.358925 |
| 8093.05 |    0.358259 |
| 8093.84 |    0.357594 |
| 8094.62 |    0.356933 |
| 8095.42 |    0.356268 |
| 8096.21 |    0.355603 |
| 8096.99 |    0.354944 |
| 8097.78 |    0.354281 |
| 8098.57 |    0.353625 |
| 8099.36 |    0.352963 |
| 8100.15 |    0.352513 |
| 8100.94 |    0.352971 |
| 8101.73 |    0.353431 |
| 8102.52 |    0.353891 |
| 8103.31 |    0.354348 |
|  8104.1 |    0.354808 |
| 8104.89 |    0.355265 |
| 8105.68 |    0.355725 |
| 8106.47 |    0.356184 |
| 8107.26 |    0.356641 |
| 8108.05 |      0.3571 |
| 8108.84 |     0.35756 |
| 8109.63 |    0.358013 |
| 8110.42 |    0.358238 |
| 8111.21 |    0.358254 |
|  8112.0 |    0.358268 |
| 8112.79 |    0.358283 |
| 8113.58 |    0.358299 |
| 8114.37 |    0.358314 |
| 8115.17 |    0.358328 |
| 8115.96 |    0.358344 |
| 8116.75 |    0.358358 |
| 8117.54 |    0.358373 |
| 8118.33 |    0.358388 |
| 8119.12 |    0.358403 |
| 8119.91 |    0.358417 |
|  8120.7 |    0.358695 |
|  8121.5 |    0.359008 |
| 8122.29 |    0.359319 |
| 8123.08 |     0.35963 |
| 8123.87 |     0.35994 |
| 8124.66 |    0.360251 |
| 8125.46 |    0.360563 |
| 8126.25 |    0.360872 |
| 8127.04 |    0.361182 |
| 8127.83 |    0.361493 |
| 8128.62 |    0.361801 |
| 8129.42 |    0.362111 |
|  8130.2 |    0.362112 |
|  8131.0 |    0.361236 |
| 8131.79 |    0.360361 |
| 8132.58 |     0.35949 |
| 8133.38 |    0.358615 |
| 8134.17 |    0.357739 |
| 8134.96 |     0.35687 |
| 8135.76 |    0.355995 |
| 8136.55 |    0.355127 |
| 8137.34 |    0.354254 |
| 8138.14 |    0.353381 |
| 8138.93 |    0.352514 |
| 8139.73 |    0.351642 |
| 8140.52 |    0.350988 |
| 8141.31 |    0.350456 |
|  8142.1 |    0.349917 |
| 8142.89 |    0.349381 |
| 8143.69 |    0.348843 |
| 8144.48 |    0.348306 |
| 8145.28 |    0.347771 |
| 8146.07 |    0.347235 |
| 8146.86 |    0.346701 |
| 8147.66 |    0.346165 |
| 8148.46 |    0.345628 |
| 8149.25 |    0.345095 |
| 8150.04 |    0.344624 |
| 8150.84 |    0.345255 |
| 8151.63 |    0.345876 |
| 8152.42 |    0.346505 |
| 8153.22 |    0.347132 |
| 8154.01 |     0.34776 |
| 8154.81 |    0.348389 |
|  8155.6 |    0.349014 |
|  8156.4 |    0.349641 |
|  8157.2 |    0.350269 |
| 8157.99 |    0.350893 |
| 8158.79 |     0.35152 |
| 8159.58 |    0.352144 |
| 8160.38 |    0.352262 |
| 8161.17 |    0.351816 |
| 8161.96 |    0.351374 |
| 8162.76 |    0.350929 |
| 8163.56 |    0.350483 |
| 8164.35 |     0.35004 |
| 8165.15 |    0.349595 |
| 8165.94 |    0.349153 |
| 8166.74 |    0.348709 |
| 8167.54 |    0.348264 |
| 8168.33 |    0.347823 |
| 8169.13 |     0.34738 |
| 8169.93 |    0.346936 |
| 8170.72 |    0.346512 |
| 8171.52 |    0.346087 |
| 8172.31 |    0.345666 |
| 8173.11 |    0.345242 |
| 8173.91 |    0.344817 |
|  8174.7 |    0.344394 |
|  8175.5 |    0.343969 |
|  8176.3 |    0.343544 |
|  8177.1 |    0.343121 |
|  8177.9 |    0.342696 |
| 8178.69 |    0.342274 |
| 8179.49 |    0.341849 |
| 8180.29 |    0.341661 |
| 8181.08 |    0.341892 |
| 8181.88 |    0.342123 |
| 8182.68 |    0.342355 |
| 8183.47 |    0.342584 |
| 8184.27 |    0.342815 |
| 8185.07 |    0.343046 |
| 8185.87 |    0.343277 |
| 8186.67 |    0.343508 |
| 8187.46 |    0.343738 |
| 8188.26 |    0.343969 |
| 8189.06 |      0.3442 |
| 8189.86 |     0.34443 |
| 8190.66 |    0.344134 |
| 8191.46 |    0.343729 |
| 8192.26 |    0.343321 |
| 8193.06 |    0.342914 |
| 8193.85 |    0.342512 |
| 8194.65 |    0.342104 |
| 8195.45 |    0.341698 |
| 8196.25 |    0.341293 |
| 8197.05 |    0.340887 |
| 8197.84 |    0.340483 |
| 8198.64 |    0.340078 |
| 8199.45 |    0.339672 |
| 8200.24 |    0.339523 |
| 8201.04 |    0.339959 |
| 8201.85 |    0.340395 |
| 8202.64 |    0.340828 |
| 8203.44 |    0.341263 |
| 8204.24 |    0.341693 |
| 8205.04 |    0.342128 |
| 8205.84 |    0.342561 |
| 8206.64 |    0.342993 |
| 8207.44 |    0.343427 |
| 8208.24 |     0.34386 |
| 8209.04 |    0.344291 |
| 8209.84 |    0.344723 |
| 8210.64 |    0.344437 |
| 8211.44 |    0.343971 |
| 8212.24 |    0.343504 |
| 8213.04 |     0.34304 |
| 8213.84 |    0.342574 |
| 8214.64 |    0.342113 |
| 8215.44 |    0.341647 |
| 8216.24 |    0.341181 |
| 8217.04 |    0.340719 |
| 8217.85 |    0.340252 |
| 8218.65 |    0.339787 |
| 8219.45 |    0.339324 |
| 8220.25 |    0.338879 |
| 8221.05 |    0.338483 |
| 8221.85 |    0.338084 |
| 8222.66 |    0.337686 |
| 8223.46 |     0.33729 |
| 8224.26 |    0.336892 |
| 8225.06 |    0.336496 |
| 8225.86 |    0.336103 |
| 8226.66 |    0.335706 |
| 8227.46 |    0.335313 |
| 8228.26 |    0.334916 |
| 8229.07 |     0.33452 |
| 8229.87 |    0.334127 |
| 8230.67 |    0.334158 |
| 8231.48 |    0.334273 |
| 8232.28 |    0.334388 |
| 8233.08 |    0.334503 |
| 8233.88 |    0.334617 |
| 8234.69 |    0.334731 |
| 8235.49 |    0.334847 |
| 8236.29 |     0.33496 |
| 8237.09 |    0.335074 |
|  8237.9 |    0.335189 |
|  8238.7 |    0.335302 |
|  8239.5 |    0.335417 |
|  8240.3 |    0.335459 |
| 8241.11 |    0.335385 |
| 8241.91 |     0.33531 |
| 8242.71 |    0.335236 |
| 8243.52 |    0.335161 |
| 8244.33 |    0.335086 |
| 8245.13 |    0.335011 |
| 8245.93 |    0.334936 |
| 8246.73 |    0.334862 |
| 8247.53 |    0.334787 |
| 8248.34 |    0.334712 |
| 8249.14 |    0.334637 |
| 8249.95 |    0.334563 |
| 8250.75 |    0.334574 |
| 8251.56 |     0.33459 |
| 8252.36 |    0.334607 |
| 8253.16 |    0.334625 |
| 8253.97 |    0.334641 |
| 8254.78 |    0.334658 |
| 8255.58 |    0.334675 |
| 8256.39 |    0.334691 |
| 8257.19 |    0.334708 |
| 8257.99 |    0.334724 |
|  8258.8 |     0.33474 |
|  8259.6 |    0.334755 |
| 8260.41 |    0.334558 |
| 8261.21 |    0.334152 |
| 8262.02 |    0.333747 |
| 8262.83 |    0.333341 |
| 8263.63 |    0.332935 |
| 8264.44 |    0.332531 |
| 8265.24 |    0.332126 |
| 8266.05 |    0.331722 |
| 8266.85 |    0.331317 |
| 8267.66 |    0.330911 |
| 8268.46 |    0.330511 |
| 8269.27 |    0.330106 |
| 8270.08 |     0.32977 |
| 8270.88 |    0.330085 |
| 8271.69 |    0.330402 |
| 8272.49 |    0.330718 |
|  8273.3 |    0.331034 |
| 8274.11 |    0.331349 |
| 8274.91 |    0.331665 |
| 8275.72 |     0.33198 |
| 8276.53 |    0.332295 |
| 8277.33 |    0.332609 |
| 8278.14 |    0.332924 |
| 8278.94 |    0.333234 |
| 8279.75 |    0.333549 |
| 8280.56 |    0.333473 |
| 8281.37 |    0.333226 |
| 8282.18 |    0.332977 |
| 8282.99 |    0.332729 |
| 8283.79 |    0.332483 |
|  8284.6 |    0.332234 |
| 8285.41 |    0.331987 |
| 8286.21 |    0.331739 |
| 8287.02 |    0.331492 |
| 8287.83 |    0.331245 |
| 8288.64 |    0.330997 |
| 8289.44 |    0.330752 |
| 8290.25 |    0.330462 |
| 8291.06 |    0.330081 |
| 8291.87 |    0.329702 |
| 8292.68 |    0.329321 |
| 8293.49 |    0.328941 |
| 8294.29 |    0.328563 |
|  8295.1 |    0.328183 |
| 8295.91 |    0.327805 |
| 8296.72 |    0.327425 |
| 8297.53 |    0.327046 |
| 8298.34 |    0.326668 |
| 8299.15 |    0.326289 |
| 8299.96 |    0.325911 |
| 8300.76 |    0.325535 |
| 8301.57 |    0.325156 |
| 8302.38 |    0.324779 |
| 8303.19 |      0.3244 |
|  8304.0 |    0.324022 |
| 8304.81 |    0.323644 |
| 8305.62 |    0.323266 |
| 8306.43 |    0.322888 |
| 8307.24 |    0.322512 |
| 8308.05 |    0.322134 |
| 8308.86 |    0.321759 |
| 8309.67 |    0.321381 |
| 8310.48 |     0.32128 |
| 8311.29 |    0.321368 |
|  8312.1 |    0.321456 |
| 8312.91 |    0.321546 |
| 8313.72 |    0.321633 |
| 8314.53 |    0.321721 |
| 8315.34 |    0.321808 |
| 8316.15 |    0.321896 |
| 8316.96 |    0.321984 |
| 8317.77 |     0.32207 |
| 8318.58 |    0.322157 |
|  8319.4 |    0.322245 |
| 8320.21 |    0.322295 |
| 8321.02 |    0.322241 |
| 8321.82 |    0.322186 |
| 8322.64 |    0.322131 |
| 8323.45 |    0.322075 |
| 8324.26 |     0.32202 |
| 8325.07 |    0.321966 |
| 8325.89 |     0.32191 |
| 8326.69 |    0.321855 |
| 8327.51 |    0.321799 |
| 8328.32 |    0.321744 |
| 8329.13 |    0.321689 |
| 8329.95 |    0.321633 |
| 8330.75 |    0.321388 |
| 8331.57 |    0.321128 |
| 8332.38 |    0.320868 |
| 8333.19 |    0.320611 |
|  8334.0 |     0.32035 |
| 8334.81 |    0.320092 |
| 8335.63 |    0.319833 |
| 8336.44 |    0.319573 |
| 8337.25 |    0.319315 |
| 8338.07 |    0.319055 |
| 8338.88 |    0.318796 |
| 8339.69 |    0.318537 |
| 8340.51 |    0.318419 |
| 8341.32 |    0.318386 |
| 8342.13 |    0.318353 |
| 8342.95 |     0.31832 |
| 8343.75 |    0.318288 |
| 8344.57 |    0.318254 |
| 8345.38 |    0.318221 |
|  8346.2 |    0.318187 |
| 8347.01 |    0.318154 |
| 8347.82 |     0.31812 |
| 8348.64 |    0.318087 |
| 8349.45 |    0.318053 |
| 8350.26 |    0.317995 |
| 8351.08 |    0.317883 |
|  8351.9 |    0.317771 |
| 8352.71 |    0.317659 |
| 8353.52 |    0.317546 |
| 8354.33 |    0.317435 |
| 8355.15 |    0.317322 |
| 8355.96 |     0.31721 |
| 8356.78 |    0.317098 |
| 8357.59 |    0.316986 |
| 8358.41 |    0.316873 |
| 8359.22 |    0.316762 |
| 8360.04 |    0.316646 |
| 8360.85 |     0.31648 |
| 8361.67 |    0.316312 |
| 8362.49 |    0.316145 |
|  8363.3 |    0.315979 |
| 8364.12 |    0.315812 |
| 8364.93 |    0.315644 |
| 8365.74 |    0.315479 |
| 8366.56 |    0.315311 |
| 8367.37 |    0.315145 |
| 8368.19 |    0.314978 |
| 8369.01 |     0.31481 |
| 8369.82 |    0.314644 |
| 8370.64 |     0.31458 |
| 8371.45 |    0.314544 |
| 8372.27 |    0.314508 |
| 8373.09 |    0.314473 |
|  8373.9 |    0.314437 |
| 8374.72 |    0.314401 |
| 8375.54 |    0.314365 |
| 8376.35 |     0.31433 |
| 8377.17 |    0.314293 |
| 8377.98 |    0.314257 |
|  8378.8 |     0.31422 |
| 8379.62 |    0.314184 |
| 8380.43 |    0.313942 |
| 8381.25 |    0.313516 |
| 8382.07 |     0.31309 |
| 8382.88 |    0.312667 |
|  8383.7 |    0.312242 |
| 8384.52 |    0.311819 |
| 8385.34 |    0.311394 |
| 8386.16 |    0.310968 |
| 8386.97 |    0.310548 |
| 8387.79 |    0.310124 |
| 8388.61 |    0.309699 |
| 8389.42 |    0.309276 |
| 8390.24 |    0.309108 |
| 8391.06 |    0.309551 |
| 8391.88 |    0.309996 |
|  8392.7 |    0.310441 |
| 8393.51 |    0.310883 |
| 8394.33 |    0.311327 |
| 8395.15 |    0.311771 |
| 8395.97 |    0.312212 |
| 8396.79 |    0.312656 |
|  8397.6 |    0.313095 |
| 8398.42 |    0.313539 |
| 8399.24 |    0.313982 |
| 8400.06 |    0.314351 |
| 8400.88 |    0.313789 |
|  8401.7 |    0.313227 |
| 8402.52 |    0.312669 |
| 8403.34 |    0.312107 |
| 8404.15 |    0.311549 |
| 8404.98 |    0.310989 |
|  8405.8 |    0.310429 |
| 8406.61 |    0.309873 |
| 8407.44 |    0.309314 |
| 8408.26 |    0.308756 |
| 8409.07 |    0.308204 |
| 8409.89 |    0.307646 |
| 8410.71 |     0.30763 |
| 8411.53 |    0.307696 |
| 8412.35 |    0.307762 |
| 8413.17 |    0.307828 |
| 8413.99 |    0.307894 |
| 8414.81 |     0.30796 |
| 8415.63 |    0.308025 |
| 8416.45 |     0.30809 |
| 8417.27 |    0.308155 |
| 8418.09 |     0.30822 |
| 8418.92 |    0.308284 |
| 8419.73 |    0.308347 |
| 8420.55 |    0.308387 |
| 8421.38 |    0.308415 |
|  8422.2 |    0.308442 |
| 8423.02 |    0.308469 |
| 8423.84 |    0.308496 |
| 8424.66 |    0.308523 |
| 8425.48 |     0.30855 |
|  8426.3 |    0.308577 |
| 8427.12 |    0.308603 |
| 8427.95 |     0.30863 |
| 8428.77 |    0.308655 |
| 8429.59 |    0.308681 |
| 8430.41 |    0.308596 |
| 8431.23 |    0.308395 |
| 8432.05 |    0.308193 |
| 8432.87 |    0.307992 |
|  8433.7 |    0.307791 |
| 8434.52 |     0.30759 |
| 8435.34 |    0.307389 |
| 8436.17 |    0.307189 |
| 8436.99 |    0.306988 |
| 8437.81 |    0.306787 |
| 8438.63 |    0.306586 |
| 8439.45 |    0.306386 |
| 8440.28 |    0.306237 |
| 8441.09 |    0.306192 |
| 8441.92 |    0.306148 |
| 8442.74 |    0.306103 |
| 8443.56 |    0.306058 |
| 8444.39 |    0.306012 |
| 8445.21 |    0.305966 |
| 8446.04 |     0.30592 |
| 8446.86 |    0.305874 |
| 8447.68 |    0.305829 |
| 8448.51 |    0.305782 |
| 8449.33 |    0.305737 |
| 8450.15 |    0.305561 |
| 8450.98 |    0.304816 |
| 8451.81 |    0.304071 |
| 8452.62 |    0.303335 |
| 8453.45 |    0.302591 |
| 8454.27 |    0.301853 |
|  8455.1 |     0.30111 |
| 8455.92 |    0.300368 |
| 8456.74 |    0.299631 |
| 8457.57 |    0.298889 |
|  8458.4 |    0.298149 |
| 8459.22 |    0.297412 |
| 8460.04 |    0.296729 |
| 8460.87 |    0.297014 |
| 8461.69 |    0.297301 |
| 8462.52 |    0.297587 |
| 8463.34 |    0.297869 |
| 8464.17 |    0.298155 |
| 8464.99 |     0.29844 |
| 8465.82 |    0.298723 |
| 8466.64 |    0.299006 |
| 8467.47 |    0.299289 |
| 8468.29 |    0.299572 |
| 8469.12 |    0.299854 |
| 8469.94 |    0.300135 |
| 8470.77 |      0.3001 |
|  8471.6 |    0.300042 |
| 8472.42 |    0.299984 |
| 8473.25 |    0.299925 |
| 8474.07 |    0.299867 |
|  8474.9 |    0.299809 |
| 8475.73 |     0.29975 |
| 8476.55 |    0.299691 |
| 8477.38 |    0.299633 |
| 8478.21 |    0.299574 |
| 8479.03 |    0.299514 |
| 8479.86 |    0.299455 |
| 8480.68 |    0.299323 |
| 8481.51 |    0.299176 |
| 8482.34 |    0.299029 |
| 8483.16 |    0.298881 |
| 8483.99 |    0.298732 |
| 8484.82 |    0.298585 |
| 8485.64 |    0.298438 |
| 8486.47 |    0.298289 |
|  8487.3 |    0.298141 |
| 8488.12 |    0.297993 |
| 8488.96 |    0.297844 |
| 8489.78 |    0.297696 |
| 8490.61 |    0.297298 |
| 8491.44 |    0.296809 |
| 8492.26 |    0.296324 |
| 8493.09 |    0.295836 |
| 8493.92 |    0.295352 |
| 8494.75 |    0.294865 |
| 8495.58 |    0.294378 |
|  8496.4 |    0.293898 |
| 8497.23 |    0.293412 |
| 8498.06 |    0.292926 |
| 8498.89 |    0.292444 |
| 8499.72 |    0.291959 |
| 8500.54 |    0.291855 |
| 8501.37 |    0.291948 |
| 8502.21 |     0.29204 |
| 8503.03 |    0.292132 |
| 8503.86 |    0.292224 |
| 8504.69 |    0.292316 |
| 8505.52 |    0.292407 |
| 8506.35 |    0.292498 |
| 8507.17 |    0.292588 |
|  8508.0 |    0.292679 |
| 8508.84 |     0.29277 |
| 8509.66 |    0.292859 |
| 8510.49 |    0.292756 |
| 8511.33 |     0.29252 |
| 8512.15 |    0.292286 |
| 8512.98 |     0.29205 |
| 8513.81 |    0.291816 |
| 8514.64 |     0.29158 |
| 8515.48 |    0.291345 |
|  8516.3 |    0.291111 |
| 8517.14 |    0.290875 |
| 8517.97 |    0.290641 |
| 8518.79 |    0.290407 |
| 8519.62 |    0.290172 |
| 8520.45 |     0.29041 |
| 8521.28 |    0.291046 |
| 8522.12 |     0.29168 |
| 8522.94 |    0.292311 |
| 8523.78 |    0.292945 |
| 8524.61 |    0.293575 |
| 8525.44 |    0.294208 |
| 8526.27 |    0.294839 |
|  8527.1 |    0.295466 |
| 8527.93 |    0.296097 |
| 8528.77 |    0.296727 |
| 8529.59 |     0.29735 |
| 8530.42 |    0.297119 |
| 8531.25 |    0.296069 |
| 8532.09 |    0.295015 |
| 8532.92 |     0.29396 |
| 8533.75 |    0.292913 |
| 8534.58 |    0.291861 |
| 8535.42 |    0.290811 |
| 8536.25 |    0.289768 |
| 8537.08 |    0.288719 |
| 8537.91 |    0.287678 |
| 8538.75 |    0.286632 |
| 8539.58 |    0.285587 |
| 8540.41 |    0.285201 |
| 8541.24 |    0.285488 |
| 8542.08 |    0.285774 |
| 8542.91 |    0.286059 |
| 8543.74 |    0.286345 |
| 8544.57 |    0.286629 |
| 8545.41 |    0.286914 |
| 8546.24 |    0.287199 |
| 8547.07 |    0.287481 |
| 8547.91 |    0.287765 |
| 8548.74 |    0.288049 |
| 8549.57 |    0.288332 |
| 8550.41 |    0.288627 |
| 8551.23 |    0.288932 |
| 8552.07 |     0.28924 |
| 8552.91 |    0.289547 |
| 8553.74 |    0.289853 |
| 8554.57 |     0.29016 |
| 8555.41 |    0.290467 |
| 8556.24 |     0.29077 |
| 8557.08 |    0.291076 |
| 8557.91 |    0.291379 |
| 8558.74 |    0.291684 |
| 8559.58 |    0.291988 |
| 8560.41 |    0.292198 |
| 8561.25 |    0.292315 |
| 8562.08 |    0.292432 |
| 8562.91 |    0.292547 |
| 8563.75 |    0.292662 |
| 8564.58 |    0.292778 |
| 8565.42 |    0.292893 |
| 8566.25 |    0.293009 |
| 8567.09 |    0.293124 |
| 8567.92 |    0.293238 |
| 8568.76 |    0.293353 |
| 8569.59 |    0.293467 |
| 8570.43 |    0.292932 |
| 8571.26 |    0.291795 |
|  8572.1 |    0.290653 |
| 8572.94 |    0.289512 |
| 8573.77 |    0.288385 |
| 8574.61 |    0.287244 |
| 8575.44 |    0.286106 |
| 8576.28 |    0.284975 |
| 8577.12 |    0.283839 |
| 8577.95 |    0.282709 |
| 8578.79 |    0.281575 |
| 8579.63 |     0.28044 |
| 8580.46 |    0.280282 |
|  8581.3 |    0.280918 |
| 8582.14 |    0.281552 |
| 8582.97 |    0.282183 |
| 8583.81 |    0.282814 |
| 8584.64 |    0.283439 |
| 8585.48 |     0.28407 |
| 8586.32 |      0.2847 |
| 8587.15 |    0.285326 |
| 8587.99 |    0.285954 |
| 8588.83 |    0.286582 |
| 8589.66 |    0.287206 |
|  8590.5 |    0.287045 |
| 8591.34 |    0.286361 |
| 8592.18 |    0.285674 |
| 8593.02 |    0.284988 |
| 8593.85 |    0.284306 |
| 8594.69 |    0.283621 |
| 8595.53 |    0.282936 |
| 8596.36 |    0.282259 |
|  8597.2 |    0.281575 |
| 8598.04 |    0.280896 |
| 8598.88 |    0.280213 |
| 8599.72 |     0.27953 |
| 8600.55 |    0.279244 |
| 8601.39 |    0.279157 |
| 8602.23 |     0.27907 |
| 8603.07 |    0.278982 |
| 8603.91 |    0.278895 |
| 8604.75 |    0.278807 |
| 8605.59 |     0.27872 |
| 8606.43 |    0.278632 |
| 8607.26 |    0.278545 |
|  8608.1 |    0.278456 |
| 8608.94 |    0.278368 |
| 8609.78 |     0.27828 |
| 8610.62 |    0.278124 |
| 8611.46 |    0.277945 |
|  8612.3 |    0.277764 |
| 8613.14 |    0.277584 |
| 8613.98 |    0.277405 |
| 8614.82 |    0.277225 |
| 8615.66 |    0.277045 |
|  8616.5 |    0.276865 |
| 8617.34 |    0.276684 |
| 8618.17 |    0.276505 |
| 8619.02 |    0.276325 |
| 8619.86 |    0.276145 |
|  8620.7 |    0.276233 |
| 8621.54 |    0.276375 |
| 8622.38 |    0.276516 |
| 8623.22 |    0.276657 |
| 8624.06 |    0.276798 |
|  8624.9 |    0.276938 |
| 8625.74 |    0.277078 |
| 8626.59 |    0.277218 |
| 8627.42 |    0.277358 |
| 8628.27 |    0.277497 |
|  8629.1 |    0.277634 |
| 8629.94 |    0.277772 |
| 8630.79 |    0.277655 |
| 8631.63 |    0.277521 |
| 8632.47 |    0.277385 |
| 8633.31 |     0.27725 |
| 8634.15 |    0.277115 |
|  8635.0 |     0.27698 |
| 8635.83 |    0.276845 |
| 8636.68 |    0.276709 |
| 8637.52 |    0.276574 |
| 8638.36 |    0.276439 |
| 8639.21 |    0.276303 |
| 8640.05 |    0.276145 |
| 8640.89 |    0.275641 |
| 8641.73 |    0.275133 |
| 8642.57 |    0.274624 |
| 8643.41 |    0.274118 |
| 8644.26 |    0.273609 |
|  8645.1 |    0.273104 |
| 8645.94 |    0.272596 |
| 8646.79 |    0.272089 |
| 8647.63 |    0.271585 |
| 8648.47 |    0.271078 |
| 8649.31 |    0.270574 |
| 8650.16 |    0.270186 |
|  8651.0 |     0.27031 |
| 8651.84 |    0.270431 |
| 8652.69 |    0.270554 |
| 8653.53 |    0.270676 |
| 8654.37 |    0.270797 |
| 8655.22 |    0.270919 |
| 8656.06 |     0.27104 |
| 8656.91 |    0.271162 |
| 8657.75 |    0.271283 |
| 8658.59 |    0.271403 |
| 8659.44 |    0.271523 |
| 8660.29 |    0.271558 |
| 8661.13 |    0.271424 |
| 8661.97 |    0.271289 |
| 8662.81 |    0.271156 |
| 8663.66 |    0.271021 |
|  8664.5 |    0.270886 |
| 8665.34 |    0.270752 |
| 8666.19 |    0.270617 |
| 8667.04 |    0.270482 |
| 8667.88 |    0.270348 |
| 8668.73 |    0.270213 |
| 8669.57 |    0.270079 |
| 8670.42 |    0.269771 |
| 8671.26 |    0.269287 |
| 8672.11 |    0.268804 |
| 8672.96 |     0.26832 |
|  8673.8 |    0.267836 |
| 8674.64 |    0.267358 |
| 8675.49 |    0.266874 |
| 8676.33 |    0.266394 |
| 8677.18 |    0.265911 |
| 8678.03 |    0.265429 |
| 8678.87 |    0.264951 |
| 8679.72 |    0.264469 |
| 8680.56 |    0.264333 |
| 8681.41 |    0.264369 |
| 8682.26 |    0.264405 |
|  8683.1 |     0.26444 |
| 8683.95 |    0.264475 |
|  8684.8 |    0.264511 |
| 8685.64 |    0.264545 |
| 8686.49 |     0.26458 |
| 8687.34 |    0.264615 |
| 8688.18 |    0.264649 |
| 8689.03 |    0.264683 |
| 8689.87 |    0.264717 |
| 8690.72 |    0.264536 |
| 8691.57 |    0.264317 |
| 8692.42 |    0.264099 |
| 8693.27 |    0.263881 |
| 8694.11 |    0.263664 |
| 8694.96 |    0.263446 |
| 8695.81 |    0.263228 |
| 8696.65 |    0.263011 |
|  8697.5 |    0.262792 |
| 8698.35 |    0.262574 |
|  8699.2 |    0.262357 |
| 8700.05 |     0.26213 |
| 8700.89 |    0.261745 |
| 8701.74 |    0.261358 |
| 8702.59 |    0.260972 |
| 8703.44 |    0.260588 |
| 8704.29 |    0.260203 |
| 8705.14 |    0.259817 |
| 8705.98 |    0.259434 |
| 8706.84 |     0.25905 |
| 8707.68 |    0.258669 |
| 8708.53 |    0.258285 |
| 8709.38 |    0.257901 |
| 8710.23 |    0.257681 |
| 8711.08 |     0.25791 |
| 8711.93 |    0.258139 |
| 8712.77 |    0.258366 |
| 8713.63 |    0.258594 |
| 8714.47 |    0.258821 |
| 8715.32 |    0.259048 |
| 8716.18 |    0.259275 |
| 8717.02 |      0.2595 |
| 8717.88 |    0.259726 |
| 8718.73 |    0.259952 |
| 8719.57 |    0.260175 |
| 8720.42 |    0.260055 |
| 8721.27 |    0.259586 |
| 8722.12 |    0.259115 |
| 8722.97 |    0.258645 |
| 8723.82 |    0.258177 |
| 8724.67 |    0.257707 |
| 8725.53 |    0.257237 |
| 8726.37 |     0.25677 |
| 8727.23 |      0.2563 |
| 8728.07 |    0.255835 |
| 8728.93 |    0.255366 |
| 8729.78 |    0.254898 |
| 8730.62 |    0.254697 |
| 8731.48 |    0.254588 |
| 8732.33 |    0.254479 |
| 8733.18 |     0.25437 |
| 8734.03 |    0.254259 |
| 8734.88 |     0.25415 |
| 8735.73 |    0.254041 |
| 8736.59 |    0.253931 |
| 8737.44 |    0.253821 |
| 8738.29 |    0.253712 |
| 8739.15 |    0.253602 |
| 8739.99 |    0.253493 |
| 8740.85 |    0.253403 |
| 8741.69 |    0.253314 |
| 8742.55 |    0.253224 |
|  8743.4 |    0.253135 |
| 8744.25 |    0.253046 |
| 8745.11 |    0.252956 |
| 8745.96 |    0.252866 |
| 8746.81 |    0.252777 |
| 8747.67 |    0.252687 |
| 8748.51 |    0.252597 |
| 8749.37 |    0.252507 |
| 8750.22 |    0.252325 |
| 8751.08 |    0.251886 |
| 8751.93 |    0.251445 |
| 8752.79 |    0.251004 |
| 8753.63 |    0.250569 |
| 8754.49 |    0.250129 |
| 8755.34 |    0.249692 |
| 8756.19 |    0.249253 |
| 8757.05 |    0.248815 |
|  8757.9 |    0.248378 |
| 8758.76 |     0.24794 |
| 8759.61 |    0.247505 |
| 8760.46 |    0.247416 |
| 8761.32 |    0.247623 |
| 8762.17 |    0.247828 |
| 8763.03 |    0.248035 |
| 8763.88 |     0.24824 |
| 8764.73 |    0.248443 |
| 8765.59 |    0.248647 |
| 8766.44 |    0.248853 |
| 8767.29 |    0.249057 |
| 8768.15 |    0.249261 |
|  8769.0 |    0.249463 |
| 8769.86 |    0.249666 |
| 8770.72 |    0.249589 |
| 8771.57 |    0.249457 |
| 8772.43 |    0.249325 |
| 8773.28 |    0.249193 |
| 8774.14 |    0.249061 |
| 8774.99 |    0.248929 |
| 8775.84 |    0.248798 |
|  8776.7 |    0.248666 |
| 8777.56 |    0.248533 |
| 8778.41 |    0.248402 |
| 8779.27 |    0.248269 |
| 8780.12 |    0.248133 |
| 8780.98 |    0.247964 |
| 8781.84 |    0.247796 |
| 8782.69 |    0.247628 |
| 8783.55 |    0.247459 |
| 8784.41 |     0.24729 |
| 8785.26 |    0.247122 |
| 8786.12 |    0.246954 |
| 8786.97 |    0.246787 |
| 8787.83 |    0.246619 |
| 8788.69 |     0.24645 |
| 8789.54 |    0.246282 |
|  8790.4 |    0.246109 |
| 8791.26 |    0.245927 |
| 8792.11 |    0.245747 |
| 8792.97 |    0.245566 |
| 8793.83 |    0.245386 |
| 8794.69 |    0.245206 |
| 8795.54 |    0.245025 |
|  8796.4 |    0.244845 |
| 8797.26 |    0.244664 |
| 8798.12 |    0.244483 |
| 8798.97 |    0.244305 |
| 8799.83 |    0.244124 |
| 8800.68 |    0.244131 |
| 8801.54 |    0.244184 |
|  8802.4 |    0.244237 |
| 8803.26 |    0.244289 |
| 8804.12 |    0.244342 |
| 8804.98 |    0.244393 |
| 8805.84 |    0.244445 |
|  8806.7 |    0.244497 |
| 8807.55 |    0.244548 |
| 8808.41 |      0.2446 |
| 8809.27 |     0.24465 |
| 8810.12 |    0.244669 |
| 8810.99 |    0.244493 |
| 8811.85 |    0.244317 |
|  8812.7 |    0.244142 |
| 8813.56 |    0.243966 |
| 8814.42 |    0.243791 |
| 8815.28 |    0.243615 |
| 8816.14 |    0.243439 |
|  8817.0 |    0.243265 |
| 8817.86 |    0.243089 |
| 8818.72 |    0.242914 |
| 8819.58 |    0.242739 |
| 8820.44 |    0.242599 |
|  8821.3 |    0.242493 |
| 8822.16 |    0.242387 |
| 8823.02 |    0.242279 |
| 8823.88 |    0.242173 |
| 8824.74 |    0.242067 |
|  8825.6 |     0.24196 |
| 8826.46 |    0.241854 |
| 8827.32 |    0.241747 |
| 8828.18 |     0.24164 |
| 8829.04 |    0.241534 |
|  8829.9 |    0.241426 |
| 8830.76 |    0.241308 |
| 8831.62 |    0.241188 |
| 8832.49 |    0.241067 |
| 8833.34 |    0.240947 |
| 8834.21 |    0.240827 |
| 8835.07 |    0.240705 |
| 8835.93 |    0.240586 |
| 8836.79 |    0.240465 |
| 8837.65 |    0.240345 |
| 8838.51 |    0.240223 |
| 8839.37 |    0.240103 |
| 8840.24 |    0.240014 |
|  8841.1 |    0.240007 |
| 8841.96 |    0.239999 |
| 8842.82 |    0.239991 |
| 8843.69 |    0.239984 |
| 8844.54 |    0.239976 |
| 8845.41 |    0.239968 |
| 8846.26 |    0.239959 |
| 8847.13 |     0.23995 |
| 8847.99 |    0.239942 |
| 8848.85 |    0.239933 |
| 8849.72 |    0.239925 |
| 8850.58 |    0.239741 |
| 8851.44 |    0.239474 |
| 8852.31 |    0.239206 |
| 8853.17 |    0.238939 |
| 8854.03 |    0.238672 |
|  8854.9 |    0.238404 |
| 8855.75 |     0.23814 |
| 8856.62 |    0.237873 |
| 8857.49 |    0.237606 |
| 8858.35 |     0.23734 |
| 8859.21 |    0.237073 |
| 8860.07 |    0.236817 |
| 8860.94 |    0.236673 |
|  8861.8 |    0.236528 |
| 8862.67 |    0.236384 |
| 8863.53 |    0.236239 |
|  8864.4 |    0.236094 |
| 8865.26 |     0.23595 |
| 8866.13 |    0.235806 |
| 8866.99 |    0.235662 |
| 8867.85 |    0.235517 |
| 8868.72 |    0.235372 |
| 8869.58 |    0.235227 |
| 8870.44 |    0.235004 |
| 8871.31 |    0.234707 |
| 8872.17 |    0.234412 |
| 8873.04 |    0.234115 |
|  8873.9 |     0.23382 |
| 8874.77 |    0.233523 |
| 8875.64 |    0.233227 |
|  8876.5 |    0.232933 |
| 8877.37 |    0.232637 |
| 8878.23 |    0.232341 |
| 8879.09 |    0.232049 |
| 8879.96 |    0.231754 |
| 8880.83 |    0.231626 |
| 8881.69 |    0.231507 |
| 8882.56 |    0.231387 |
| 8883.42 |    0.231269 |
| 8884.29 |    0.231149 |
| 8885.16 |    0.231029 |
| 8886.02 |    0.230909 |
| 8886.89 |    0.230789 |
| 8887.75 |    0.230671 |
| 8888.62 |    0.230551 |
| 8889.49 |    0.230431 |
| 8890.35 |    0.230277 |
| 8891.22 |    0.230068 |
| 8892.09 |    0.229859 |
| 8892.95 |    0.229652 |
| 8893.82 |    0.229443 |
| 8894.68 |    0.229236 |
| 8895.55 |    0.229028 |
| 8896.42 |    0.228819 |
| 8897.29 |    0.228612 |
| 8898.16 |    0.228404 |
| 8899.03 |    0.228195 |
| 8899.89 |    0.227988 |
| 8900.76 |    0.227956 |
| 8901.62 |     0.22795 |
| 8902.49 |    0.227944 |
| 8903.36 |    0.227937 |
| 8904.23 |    0.227929 |
|  8905.1 |    0.227921 |
| 8905.97 |    0.227915 |
| 8906.83 |    0.227907 |
|  8907.7 |      0.2279 |
| 8908.57 |    0.227892 |
| 8909.44 |    0.227884 |
| 8910.31 |    0.227636 |
| 8911.17 |    0.226958 |
| 8912.05 |    0.226277 |
| 8912.92 |    0.225598 |
| 8913.78 |    0.224925 |
| 8914.65 |    0.224246 |
| 8915.51 |    0.223571 |
| 8916.39 |    0.222893 |
| 8917.26 |    0.222216 |
| 8918.12 |    0.221543 |
|  8919.0 |    0.220867 |
| 8919.86 |    0.220196 |
| 8920.73 |    0.219971 |
| 8921.61 |     0.21983 |
| 8922.47 |    0.219691 |
| 8923.34 |    0.219551 |
| 8924.22 |     0.21941 |
| 8925.08 |     0.21927 |
| 8925.95 |    0.219131 |
| 8926.82 |     0.21899 |
| 8927.69 |     0.21885 |
| 8928.56 |    0.218709 |
| 8929.43 |     0.21857 |
|  8930.3 |    0.218509 |
| 8931.18 |    0.218595 |
| 8932.04 |    0.218681 |
| 8932.92 |    0.218767 |
| 8933.79 |    0.218853 |
| 8934.66 |    0.218938 |
| 8935.53 |    0.219023 |
| 8936.39 |    0.219106 |
| 8937.27 |    0.219191 |
| 8938.14 |    0.219276 |
| 8939.01 |    0.219359 |
| 8939.88 |    0.219443 |
| 8940.75 |    0.219232 |
| 8941.63 |    0.218975 |
|  8942.5 |    0.218718 |
| 8943.37 |    0.218463 |
| 8944.24 |    0.218206 |
| 8945.12 |     0.21795 |
| 8945.99 |    0.217695 |
| 8946.86 |    0.217438 |
| 8947.72 |    0.217185 |
|  8948.6 |     0.21693 |
| 8949.47 |    0.216674 |
| 8950.35 |      0.2164 |
| 8951.22 |    0.216099 |
| 8952.09 |    0.215799 |
| 8952.96 |    0.215499 |
| 8953.84 |    0.215199 |
| 8954.71 |      0.2149 |
| 8955.58 |      0.2146 |
| 8956.46 |      0.2143 |
| 8957.33 |    0.214002 |
|  8958.2 |    0.213702 |
| 8959.08 |    0.213402 |
| 8959.94 |    0.213106 |
| 8960.82 |    0.212683 |
|  8961.7 |    0.212252 |
| 8962.57 |    0.211824 |
| 8963.44 |    0.211394 |
| 8964.31 |    0.210967 |
| 8965.19 |    0.210538 |
| 8966.07 |    0.210109 |
| 8966.94 |    0.209682 |
| 8967.81 |    0.209253 |
| 8968.68 |    0.208828 |
| 8969.56 |    0.208401 |
| 8970.44 |    0.208227 |
|  8971.3 |    0.208305 |
| 8972.18 |    0.208384 |
| 8973.06 |    0.208463 |
| 8973.93 |    0.208541 |
| 8974.81 |    0.208619 |
| 8975.68 |    0.208697 |
| 8976.56 |    0.208775 |
| 8977.43 |    0.208852 |
| 8978.31 |    0.208929 |
| 8979.18 |    0.209006 |
| 8980.06 |    0.209065 |
| 8980.93 |    0.208881 |
| 8981.81 |    0.208698 |
| 8982.68 |    0.208515 |
| 8983.56 |    0.208332 |
| 8984.43 |    0.208148 |
| 8985.31 |    0.207964 |
| 8986.19 |    0.207781 |
| 8987.06 |    0.207598 |
| 8987.94 |    0.207415 |
| 8988.82 |    0.207232 |
| 8989.69 |    0.207049 |
| 8990.57 |    0.206977 |
| 8991.45 |    0.206966 |
| 8992.32 |    0.206955 |
|  8993.2 |    0.206943 |
| 8994.08 |    0.206932 |
| 8994.95 |    0.206921 |
| 8995.83 |    0.206909 |
|  8996.7 |    0.206896 |
| 8997.58 |    0.206885 |
| 8998.46 |    0.206873 |
| 8999.33 |     0.20686 |
| 9000.21 |    0.206854 |
| 9001.09 |    0.206866 |
| 9001.97 |    0.206878 |
| 9002.85 |     0.20689 |
| 9003.72 |    0.206902 |
|  9004.6 |    0.206914 |
| 9005.48 |    0.206924 |
| 9006.35 |    0.206935 |
| 9007.23 |    0.206946 |
| 9008.11 |    0.206956 |
| 9008.99 |    0.206966 |
| 9009.87 |    0.206977 |
| 9010.74 |    0.206866 |
| 9011.62 |    0.206733 |
|  9012.5 |      0.2066 |
| 9013.38 |    0.206468 |
| 9014.26 |    0.206335 |
| 9015.14 |    0.206202 |
| 9016.02 |    0.206069 |
|  9016.9 |    0.205936 |
| 9017.77 |    0.205803 |
| 9018.65 |    0.205671 |
| 9019.53 |    0.205538 |
| 9020.41 |    0.205375 |
| 9021.29 |    0.205174 |
| 9022.17 |    0.204976 |
| 9023.05 |    0.204776 |
| 9023.93 |    0.204576 |
| 9024.81 |    0.204377 |
| 9025.69 |    0.204178 |
| 9026.57 |    0.203978 |
| 9027.45 |     0.20378 |
| 9028.33 |     0.20358 |
|  9029.2 |    0.203383 |
| 9030.08 |    0.203183 |
| 9030.97 |    0.202983 |
| 9031.85 |    0.202781 |
| 9032.73 |    0.202581 |
| 9033.61 |     0.20238 |
| 9034.49 |    0.202181 |
| 9035.37 |     0.20198 |
| 9036.25 |     0.20178 |
| 9037.13 |     0.20158 |
| 9038.01 |    0.201379 |
| 9038.89 |     0.20118 |
| 9039.78 |    0.200979 |
| 9040.66 |    0.200839 |
| 9041.53 |    0.200722 |
| 9042.42 |    0.200603 |
|  9043.3 |    0.200485 |
| 9044.18 |    0.200367 |
| 9045.06 |    0.200247 |
| 9045.94 |    0.200129 |
| 9046.83 |     0.20001 |
| 9047.71 |    0.199892 |
| 9048.59 |    0.199774 |
| 9049.47 |    0.199655 |
| 9050.35 |     0.19946 |
| 9051.24 |     0.19915 |
| 9052.12 |     0.19884 |
|  9053.0 |    0.198535 |
| 9053.88 |    0.198226 |
| 9054.77 |    0.197917 |
| 9055.65 |    0.197608 |
| 9056.53 |    0.197301 |
| 9057.41 |    0.196995 |
|  9058.3 |    0.196687 |
| 9059.18 |    0.196379 |
| 9060.06 |    0.196089 |
| 9060.95 |    0.196009 |
| 9061.83 |    0.195929 |
| 9062.71 |    0.195849 |
|  9063.6 |    0.195769 |
| 9064.48 |     0.19569 |
| 9065.36 |    0.195611 |
| 9066.25 |    0.195531 |
| 9067.13 |    0.195451 |
| 9068.01 |     0.19537 |
|  9068.9 |    0.195289 |
| 9069.78 |    0.195209 |
| 9070.67 |    0.195244 |
| 9071.55 |    0.195316 |
| 9072.43 |     0.19539 |
| 9073.32 |    0.195462 |
|  9074.2 |    0.195534 |
| 9075.09 |    0.195605 |
| 9075.98 |    0.195676 |
| 9076.85 |    0.195747 |
| 9077.74 |    0.195818 |
| 9078.63 |    0.195888 |
| 9079.51 |    0.195958 |
|  9080.4 |    0.195766 |
| 9081.28 |    0.195255 |
| 9082.17 |    0.194741 |
| 9083.05 |     0.19423 |
| 9083.94 |    0.193716 |
| 9084.83 |    0.193203 |
| 9085.71 |    0.192694 |
|  9086.6 |    0.192182 |
| 9087.48 |    0.191672 |
| 9088.37 |    0.191163 |
| 9089.25 |    0.190656 |
| 9090.14 |    0.190215 |
| 9091.02 |    0.190148 |
| 9091.91 |     0.19008 |
| 9092.79 |    0.190012 |
| 9093.68 |    0.189944 |
| 9094.57 |    0.189875 |
| 9095.45 |    0.189807 |
| 9096.34 |    0.189738 |
| 9097.23 |    0.189671 |
| 9098.12 |    0.189602 |
|  9099.0 |    0.189532 |
| 9099.88 |    0.189464 |
| 9100.77 |     0.18916 |
| 9101.66 |    0.188819 |
| 9102.55 |    0.188479 |
| 9103.44 |    0.188142 |
| 9104.32 |    0.187804 |
| 9105.21 |    0.187464 |
|  9106.1 |    0.187125 |
| 9106.99 |    0.186788 |
| 9107.88 |     0.18645 |
| 9108.77 |    0.186112 |
| 9109.65 |    0.185776 |
| 9110.54 |    0.185809 |
| 9111.43 |    0.186081 |
| 9112.31 |    0.186351 |
|  9113.2 |    0.186623 |
| 9114.09 |    0.186892 |
| 9114.98 |    0.187164 |
| 9115.87 |    0.187433 |
| 9116.75 |    0.187701 |
| 9117.65 |    0.187969 |
| 9118.53 |    0.188236 |
| 9119.42 |    0.188503 |
| 9120.31 |    0.188582 |
|  9121.2 |    0.188317 |
| 9122.09 |    0.188051 |
| 9122.98 |    0.187784 |
| 9123.87 |    0.187521 |
| 9124.76 |    0.187255 |
| 9125.65 |     0.18699 |
| 9126.54 |    0.186724 |
| 9127.43 |     0.18646 |
| 9128.31 |    0.186195 |
| 9129.21 |    0.185931 |
|  9130.1 |    0.185652 |
| 9130.99 |     0.18527 |
| 9131.88 |    0.184885 |
| 9132.76 |    0.184503 |
| 9133.66 |     0.18412 |
| 9134.55 |    0.183736 |
| 9135.44 |    0.183354 |
| 9136.33 |    0.182974 |
| 9137.22 |    0.182592 |
| 9138.11 |    0.182212 |
|  9139.0 |     0.18183 |
| 9139.89 |    0.181451 |
| 9140.78 |    0.181376 |
| 9141.67 |    0.181344 |
| 9142.56 |    0.181313 |
| 9143.46 |    0.181281 |
| 9144.35 |    0.181249 |
| 9145.24 |    0.181217 |
| 9146.13 |    0.181185 |
| 9147.01 |    0.181152 |
| 9147.91 |     0.18112 |
|  9148.8 |    0.181087 |
|  9149.7 |    0.181054 |
| 9150.59 |    0.181027 |
| 9151.48 |    0.181002 |
| 9152.37 |    0.180977 |
| 9153.26 |    0.180951 |
| 9154.15 |    0.180925 |
| 9155.05 |      0.1809 |
| 9155.94 |    0.180873 |
| 9156.83 |    0.180848 |
| 9157.73 |    0.180822 |
| 9158.62 |    0.180794 |
| 9159.51 |    0.180767 |
|  9160.4 |     0.18064 |
|  9161.3 |     0.18039 |
| 9162.19 |     0.18014 |
| 9163.08 |     0.17989 |
| 9163.97 |    0.179641 |
| 9164.87 |    0.179391 |
| 9165.76 |    0.179142 |
| 9166.66 |    0.178892 |
| 9167.55 |    0.178643 |
| 9168.44 |    0.178394 |
| 9169.34 |    0.178145 |
| 9170.23 |    0.177943 |
| 9171.12 |    0.177874 |
| 9172.02 |    0.177804 |
| 9172.91 |    0.177734 |
| 9173.81 |    0.177664 |
|  9174.7 |    0.177594 |
| 9175.59 |    0.177525 |
| 9176.49 |    0.177455 |
| 9177.39 |    0.177384 |
| 9178.28 |    0.177313 |
| 9179.17 |    0.177243 |
| 9180.07 |    0.177167 |
| 9180.96 |    0.177023 |
| 9181.86 |    0.176878 |
| 9182.75 |    0.176734 |
| 9183.64 |     0.17659 |
| 9184.54 |    0.176445 |
| 9185.44 |    0.176301 |
| 9186.33 |    0.176157 |
| 9187.22 |    0.176013 |
| 9188.12 |    0.175868 |
| 9189.02 |    0.175724 |
| 9189.91 |     0.17558 |
| 9190.81 |    0.175521 |
| 9191.71 |     0.17547 |
|  9192.6 |     0.17542 |
|  9193.5 |    0.175369 |
| 9194.39 |    0.175318 |
| 9195.29 |    0.175268 |
| 9196.19 |    0.175217 |
| 9197.09 |    0.175165 |
| 9197.98 |    0.175113 |
| 9198.88 |    0.175062 |
| 9199.77 |    0.175011 |
| 9200.67 |    0.175007 |
| 9201.57 |     0.17502 |
| 9202.46 |    0.175033 |
| 9203.36 |    0.175046 |
| 9204.26 |    0.175058 |
| 9205.16 |     0.17507 |
| 9206.06 |    0.175083 |
| 9206.95 |    0.175093 |
| 9207.85 |    0.175105 |
| 9208.75 |    0.175116 |
| 9209.65 |    0.175127 |
| 9210.54 |    0.174998 |
| 9211.44 |    0.174778 |
| 9212.34 |    0.174558 |
| 9213.24 |    0.174337 |
| 9214.13 |    0.174117 |
| 9215.03 |    0.173896 |
| 9215.93 |    0.173677 |
| 9216.83 |    0.173457 |
| 9217.73 |    0.173236 |
| 9218.62 |    0.173017 |
| 9219.52 |    0.172798 |
| 9220.42 |    0.172651 |
| 9221.32 |    0.172585 |
| 9222.22 |     0.17252 |
| 9223.11 |    0.172456 |
| 9224.02 |     0.17239 |
| 9224.92 |    0.172325 |
| 9225.81 |     0.17226 |
| 9226.71 |    0.172194 |
| 9227.62 |    0.172128 |
| 9228.51 |    0.172063 |
| 9229.42 |    0.171998 |
| 9230.31 |    0.171895 |
| 9231.21 |    0.171725 |
| 9232.11 |    0.171554 |
| 9233.01 |    0.171384 |
| 9233.92 |    0.171212 |
| 9234.81 |    0.171043 |
| 9235.71 |    0.170872 |
| 9236.61 |    0.170701 |
| 9237.51 |    0.170531 |
| 9238.41 |    0.170361 |
| 9239.32 |     0.17019 |
| 9240.21 |     0.17002 |
| 9241.12 |    0.169844 |
| 9242.02 |    0.169669 |
| 9242.92 |    0.169497 |
| 9243.82 |    0.169322 |
| 9244.72 |    0.169148 |
| 9245.62 |    0.168975 |
| 9246.52 |      0.1688 |
| 9247.42 |    0.168627 |
| 9248.32 |    0.168452 |
| 9249.22 |    0.168278 |
| 9250.13 |    0.168133 |
| 9251.03 |    0.168179 |
| 9251.93 |    0.168222 |
| 9252.83 |    0.168265 |
| 9253.74 |    0.168309 |
| 9254.63 |    0.168352 |
| 9255.54 |    0.168395 |
| 9256.44 |    0.168437 |
| 9257.34 |    0.168479 |
| 9258.25 |    0.168521 |
| 9259.14 |    0.168563 |
| 9260.05 |    0.168599 |
| 9260.95 |    0.168545 |
| 9261.85 |    0.168492 |
| 9262.76 |    0.168439 |
| 9263.66 |    0.168386 |
| 9264.56 |    0.168332 |
| 9265.47 |    0.168278 |
| 9266.37 |    0.168224 |
| 9267.28 |     0.16817 |
| 9268.18 |    0.168116 |
| 9269.08 |    0.168061 |
| 9269.98 |    0.168006 |
| 9270.88 |    0.167797 |
| 9271.79 |    0.167584 |
|  9272.7 |     0.16737 |
|  9273.6 |    0.167158 |
|  9274.5 |    0.166945 |
| 9275.41 |    0.166733 |
| 9276.31 |    0.166521 |
| 9277.22 |    0.166307 |
| 9278.12 |    0.166096 |
| 9279.03 |    0.165883 |
| 9279.93 |    0.165672 |
| 9280.83 |    0.165434 |
| 9281.74 |    0.165195 |
| 9282.64 |    0.164955 |
| 9283.54 |    0.164716 |
| 9284.45 |    0.164476 |
| 9285.35 |    0.164238 |
| 9286.26 |    0.163999 |
| 9287.17 |    0.163759 |
| 9288.07 |    0.163522 |
| 9288.98 |    0.163283 |
| 9289.89 |    0.163043 |
| 9290.79 |     0.16298 |
|  9291.7 |    0.162942 |
|  9292.6 |    0.162904 |
|  9293.5 |    0.162865 |
| 9294.41 |    0.162825 |
| 9295.31 |    0.162786 |
| 9296.22 |    0.162747 |
| 9297.13 |    0.162707 |
| 9298.04 |    0.162669 |
| 9298.94 |    0.162628 |
| 9299.85 |    0.162587 |
| 9300.76 |    0.162414 |
| 9301.67 |    0.162213 |
| 9302.57 |    0.162014 |
| 9303.47 |    0.161815 |
| 9304.38 |    0.161615 |
| 9305.29 |    0.161416 |
|  9306.2 |    0.161216 |
|  9307.1 |    0.161017 |
| 9308.01 |    0.160817 |
| 9308.92 |    0.160616 |
| 9309.82 |    0.160418 |
| 9310.73 |    0.160336 |
| 9311.64 |    0.160283 |
| 9312.55 |     0.16023 |
| 9313.46 |    0.160175 |
| 9314.36 |    0.160121 |
| 9315.27 |    0.160067 |
| 9316.18 |    0.160013 |
| 9317.08 |    0.159958 |
| 9317.99 |    0.159904 |
| 9318.91 |    0.159848 |
| 9319.81 |    0.159794 |
| 9320.72 |    0.159573 |
| 9321.63 |     0.15931 |
| 9322.54 |    0.159045 |
| 9323.45 |    0.158781 |
| 9324.35 |    0.158519 |
| 9325.27 |    0.158255 |
| 9326.18 |    0.157991 |
| 9327.08 |     0.15773 |
| 9327.99 |    0.157468 |
|  9328.9 |    0.157206 |
| 9329.81 |    0.156945 |
| 9330.72 |    0.156756 |
| 9331.63 |    0.156587 |
| 9332.54 |    0.156419 |
| 9333.45 |    0.156252 |
| 9334.36 |    0.156083 |
| 9335.27 |    0.155914 |
| 9336.18 |    0.155746 |
| 9337.09 |    0.155576 |
|  9338.0 |    0.155408 |
| 9338.91 |    0.155241 |
| 9339.82 |    0.155072 |
| 9340.73 |    0.154945 |
| 9341.64 |    0.154829 |
| 9342.55 |    0.154712 |
| 9343.46 |    0.154595 |
| 9344.37 |    0.154477 |
| 9345.28 |     0.15436 |
| 9346.19 |    0.154243 |
| 9347.11 |    0.154125 |
| 9348.01 |    0.154008 |
| 9348.93 |     0.15389 |
| 9349.84 |    0.153773 |
| 9350.75 |      0.1536 |
| 9351.66 |    0.153417 |
| 9352.57 |    0.153233 |
| 9353.48 |     0.15305 |
| 9354.39 |    0.152866 |
|  9355.3 |    0.152682 |
| 9356.22 |    0.152498 |
| 9357.13 |    0.152314 |
| 9358.04 |     0.15213 |
| 9358.96 |    0.151946 |
| 9359.87 |    0.151762 |
| 9360.78 |    0.151584 |
|  9361.7 |    0.151406 |
|  9362.6 |    0.151229 |
| 9363.52 |    0.151051 |
| 9364.43 |    0.150873 |
| 9365.34 |    0.150696 |
| 9366.25 |     0.15052 |
| 9367.17 |    0.150343 |
| 9368.08 |    0.150166 |
|  9369.0 |    0.149988 |
| 9369.91 |    0.149812 |
| 9370.82 |     0.14964 |
| 9371.74 |    0.149467 |
| 9372.65 |    0.149297 |
| 9373.56 |    0.149125 |
| 9374.48 |    0.148954 |
| 9375.39 |    0.148783 |
|  9376.3 |    0.148612 |
| 9377.22 |    0.148441 |
| 9378.13 |    0.148271 |
| 9379.05 |      0.1481 |
| 9379.96 |    0.147929 |
| 9380.87 |    0.147702 |
| 9381.79 |    0.147473 |
|  9382.7 |    0.147244 |
| 9383.62 |    0.147016 |
| 9384.53 |    0.146788 |
| 9385.45 |    0.146558 |
| 9386.37 |     0.14633 |
| 9387.28 |    0.146103 |
|  9388.2 |    0.145874 |
| 9389.11 |    0.145647 |
| 9390.02 |    0.145422 |
| 9390.94 |    0.145299 |
| 9391.85 |    0.145175 |
| 9392.77 |    0.145051 |
| 9393.69 |    0.144927 |
|  9394.6 |    0.144803 |
| 9395.52 |    0.144679 |
| 9396.43 |    0.144555 |
| 9397.35 |    0.144431 |
| 9398.27 |    0.144306 |
| 9399.18 |    0.144182 |
|  9400.1 |     0.14404 |
| 9401.01 |    0.143754 |
| 9401.93 |    0.143466 |
| 9402.84 |     0.14318 |
| 9403.76 |    0.142893 |
| 9404.68 |    0.142607 |
|  9405.6 |     0.14232 |
| 9406.51 |    0.142036 |
| 9407.43 |    0.141749 |
| 9408.35 |    0.141463 |
| 9409.26 |    0.141179 |
| 9410.18 |    0.140834 |
|  9411.1 |    0.140247 |
| 9412.02 |    0.139663 |
| 9412.94 |    0.139077 |
| 9413.85 |    0.138496 |
| 9414.77 |    0.137912 |
| 9415.68 |    0.137333 |
|  9416.6 |    0.136754 |
| 9417.52 |    0.136173 |
| 9418.44 |    0.135596 |
| 9419.36 |    0.135018 |
| 9420.28 |    0.134625 |
| 9421.19 |    0.134666 |
| 9422.11 |    0.134706 |
| 9423.03 |    0.134745 |
| 9423.95 |    0.134784 |
| 9424.86 |    0.134822 |
| 9425.79 |    0.134861 |
|  9426.7 |    0.134898 |
| 9427.62 |    0.134935 |
| 9428.54 |    0.134972 |
| 9429.46 |    0.135008 |
| 9430.38 |    0.134924 |
|  9431.3 |    0.134672 |
| 9432.22 |    0.134419 |
| 9433.14 |    0.134168 |
| 9434.06 |    0.133915 |
| 9434.98 |    0.133663 |
|  9435.9 |    0.133412 |
| 9436.82 |    0.133159 |
| 9437.74 |    0.132909 |
| 9438.66 |    0.132658 |
| 9439.58 |    0.132408 |
| 9440.49 |     0.13214 |
| 9441.42 |    0.131854 |
| 9442.34 |    0.131568 |
| 9443.26 |    0.131285 |
| 9444.18 |    0.130999 |
|  9445.1 |    0.130714 |
| 9446.02 |    0.130432 |
| 9446.94 |    0.130147 |
| 9447.86 |    0.129865 |
| 9448.78 |    0.129582 |
|  9449.7 |    0.129301 |
| 9450.62 |     0.12903 |
| 9451.54 |    0.128768 |
| 9452.47 |    0.128504 |
| 9453.39 |    0.128242 |
| 9454.31 |    0.127978 |
| 9455.23 |    0.127717 |
| 9456.15 |    0.127455 |
| 9457.08 |    0.127192 |
|  9458.0 |    0.126931 |
| 9458.92 |    0.126671 |
| 9459.84 |    0.126409 |
| 9460.76 |     0.12611 |
| 9461.69 |    0.125801 |
| 9462.61 |    0.125495 |
| 9463.53 |    0.125189 |
| 9464.45 |    0.124883 |
| 9465.37 |    0.124578 |
|  9466.3 |    0.124273 |
| 9467.22 |    0.123967 |
| 9468.14 |    0.123663 |
| 9469.07 |    0.123358 |
| 9469.99 |    0.123055 |
| 9470.91 |    0.122904 |
| 9471.84 |    0.122756 |
| 9472.76 |    0.122607 |
| 9473.68 |    0.122458 |
|  9474.6 |     0.12231 |
| 9475.52 |    0.122162 |
| 9476.45 |    0.122013 |
| 9477.37 |    0.121865 |
|  9478.3 |    0.121716 |
| 9479.22 |    0.121567 |
| 9480.15 |      0.1214 |
| 9481.07 |    0.121136 |
|  9482.0 |     0.12087 |
| 9482.92 |    0.120607 |
| 9483.85 |    0.120342 |
| 9484.77 |     0.12008 |
| 9485.69 |    0.119815 |
| 9486.62 |    0.119553 |
| 9487.54 |     0.11929 |
| 9488.47 |    0.119029 |
| 9489.39 |    0.118766 |
| 9490.31 |    0.118558 |
| 9491.24 |    0.118453 |
| 9492.16 |    0.118348 |
| 9493.09 |    0.118243 |
| 9494.02 |    0.118137 |
| 9494.94 |    0.118031 |
| 9495.87 |    0.117926 |
|  9496.8 |    0.117821 |
| 9497.72 |    0.117715 |
| 9498.65 |    0.117609 |
| 9499.57 |    0.117503 |
|  9500.5 |    0.117407 |
| 9501.42 |    0.117321 |
| 9502.35 |    0.117233 |
| 9503.28 |    0.117146 |
|  9504.2 |    0.117059 |
| 9505.13 |    0.116971 |
| 9506.06 |    0.116884 |
| 9506.98 |    0.116795 |
| 9507.91 |    0.116707 |
| 9508.84 |    0.116619 |
| 9509.76 |    0.116531 |
| 9510.69 |     0.11649 |
| 9511.62 |    0.116466 |
| 9512.55 |    0.116441 |
| 9513.47 |    0.116416 |
| 9514.39 |     0.11639 |
| 9515.32 |    0.116364 |
| 9516.25 |    0.116338 |
| 9517.18 |    0.116311 |
| 9518.11 |    0.116284 |
| 9519.03 |    0.116257 |
| 9519.96 |     0.11623 |
| 9520.89 |    0.116139 |
| 9521.82 |    0.116046 |
| 9522.75 |    0.115952 |
| 9523.68 |    0.115858 |
|  9524.6 |    0.115767 |
| 9525.53 |    0.115673 |
| 9526.46 |    0.115579 |
| 9527.39 |    0.115484 |
| 9528.32 |     0.11539 |
| 9529.25 |    0.115297 |
| 9530.18 |    0.115191 |
| 9531.11 |    0.115041 |
| 9532.03 |    0.114891 |
| 9532.97 |     0.11474 |
| 9533.89 |    0.114592 |
| 9534.82 |    0.114442 |
| 9535.75 |    0.114293 |
| 9536.68 |    0.114143 |
| 9537.61 |    0.113994 |
| 9538.54 |    0.113843 |
| 9539.47 |    0.113694 |
|  9540.4 |     0.11337 |
| 9541.33 |    0.112817 |
| 9542.26 |    0.112264 |
| 9543.19 |     0.11171 |
| 9544.12 |    0.111161 |
| 9545.05 |    0.110611 |
| 9545.98 |    0.110061 |
| 9546.91 |    0.109516 |
| 9547.84 |     0.10897 |
| 9548.77 |    0.108426 |
|  9549.7 |    0.107884 |
| 9550.63 |    0.107088 |
| 9551.56 |    0.106178 |
|  9552.5 |    0.105266 |
| 9553.43 |    0.104356 |
| 9554.36 |    0.103453 |
| 9555.29 |    0.102547 |
| 9556.22 |    0.101648 |
| 9557.15 |    0.100747 |
| 9558.09 |    0.099847 |
| 9559.02 |   0.0989553 |
| 9559.95 |   0.0980593 |
| 9560.88 |   0.0966753 |
| 9561.81 |   0.0952589 |
| 9562.74 |    0.093853 |
| 9563.67 |   0.0924525 |
| 9564.61 |   0.0910471 |
| 9565.54 |   0.0896455 |
| 9566.47 |   0.0882545 |
| 9567.41 |   0.0868604 |
| 9568.34 |   0.0854692 |
| 9569.27 |   0.0840901 |
| 9570.21 |   0.0826401 |
| 9571.14 |   0.0809694 |
| 9572.07 |   0.0792943 |
| 9573.01 |   0.0776245 |
| 9573.94 |   0.0759666 |
| 9574.87 |   0.0743133 |
|  9575.8 |   0.0726566 |
| 9576.73 |   0.0710127 |
| 9577.67 |   0.0693651 |
|  9578.6 |   0.0677304 |
| 9579.54 |   0.0660901 |
| 9580.47 |   0.0643919 |
|  9581.4 |   0.0626431 |
| 9582.34 |    0.060892 |
| 9583.28 |   0.0591445 |
| 9584.21 |    0.057412 |
| 9585.14 |   0.0556861 |
| 9586.08 |   0.0539527 |
| 9587.01 |   0.0522356 |
| 9587.94 |   0.0505154 |
| 9588.88 |   0.0488089 |
| 9589.81 |    0.047099 |
| 9590.75 |   0.0455973 |
| 9591.68 |   0.0441604 |
| 9592.62 |   0.0427185 |
| 9593.55 |   0.0412882 |
| 9594.49 |   0.0398546 |
| 9595.43 |   0.0384252 |
| 9596.36 |   0.0370074 |
|  9597.3 |   0.0355862 |
| 9598.23 |   0.0341765 |
| 9599.17 |   0.0327636 |
|  9600.1 |   0.0313927 |
| 9601.03 |   0.0302936 |
| 9601.97 |   0.0291911 |
| 9602.91 |    0.028092 |
| 9603.84 |   0.0270025 |
| 9604.78 |   0.0259096 |
| 9605.71 |   0.0248252 |
| 9606.65 |   0.0237385 |
| 9607.59 |    0.022655 |
| 9608.52 |   0.0215802 |
| 9609.46 |   0.0205018 |
|  9610.4 |   0.0195756 |
| 9611.34 |   0.0188393 |
| 9612.27 |   0.0181099 |
| 9613.21 |   0.0173819 |
| 9614.14 |   0.0166521 |
| 9615.08 |   0.0159248 |
| 9616.02 |   0.0152033 |
| 9616.96 |   0.0144804 |
|  9617.9 |   0.0137595 |
| 9618.83 |   0.0130447 |
| 9619.77 |   0.0123276 |
| 9620.71 |   0.0118182 |
| 9621.65 |   0.0113722 |
| 9622.59 |   0.0109281 |
| 9623.52 |   0.0104871 |
| 9624.46 |   0.0100452 |
|  9625.4 |  0.00960709 |
| 9626.33 |  0.00917076 |
| 9627.27 |  0.00873259 |
| 9628.21 |  0.00829854 |
| 9629.15 |  0.00786366 |
| 9630.09 |  0.00744598 |
| 9631.03 |  0.00718279 |
| 9631.97 |  0.00691872 |
| 9632.91 |  0.00665551 |
| 9633.85 |  0.00639472 |
| 9634.79 |  0.00613305 |
| 9635.72 |  0.00587358 |
| 9636.66 |   0.0056149 |
|  9637.6 |  0.00535563 |
| 9638.54 |  0.00509852 |
| 9639.48 |   0.0048406 |
| 9640.42 |  0.00462724 |
| 9641.36 |  0.00446874 |
|  9642.3 |   0.0043101 |
| 9643.24 |   0.0041526 |
| 9644.18 |  0.00399481 |
| 9645.12 |  0.00383753 |
| 9646.06 |  0.00368154 |
|  9647.0 |  0.00352528 |
| 9647.95 |  0.00336954 |
| 9648.88 |  0.00321505 |
| 9649.83 |  0.00306014 |
| 9650.76 |  0.00294983 |
|  9651.7 |  0.00284852 |
| 9652.64 |  0.00274742 |
| 9653.58 |  0.00264713 |
| 9654.53 |  0.00254664 |
| 9655.47 |  0.00244647 |
| 9656.41 |  0.00234712 |
| 9657.35 |  0.00224754 |
| 9658.29 |  0.00214882 |
| 9659.23 |  0.00204988 |
| 9660.17 |  0.00195864 |
| 9661.12 |    0.001898 |
| 9662.06 |  0.00183788 |
|  9663.0 |   0.0017777 |
| 9663.94 |  0.00171796 |
| 9664.88 |   0.0016581 |
| 9665.82 |  0.00159875 |
| 9666.77 |  0.00153928 |
| 9667.71 |     0.00148 |
| 9668.65 |  0.00142123 |
|  9669.6 |  0.00136228 |
| 9670.54 |  0.00131473 |
| 9671.48 |  0.00127582 |
| 9672.42 |  0.00123689 |
| 9673.37 |  0.00119823 |
| 9674.31 |   0.0011595 |
| 9675.25 |  0.00112111 |
| 9676.19 |  0.00108287 |
| 9677.14 |  0.00104448 |
| 9678.08 |  0.00100645 |
| 9679.02 |  0.00096835 |
| 9679.97 | 0.000930345 |
| 9680.91 | 0.000903379 |
| 9681.86 | 0.000876682 |
|  9682.8 | 0.000850117 |
| 9683.74 | 0.000823744 |
| 9684.69 | 0.000797313 |
| 9685.63 | 0.000771106 |
| 9686.58 | 0.000744856 |
| 9687.52 | 0.000718822 |
| 9688.46 | 0.000692876 |
| 9689.41 | 0.000666881 |
| 9690.35 | 0.000643975 |
| 9691.29 |  0.00062637 |
| 9692.24 | 0.000608714 |
| 9693.18 |  0.00059122 |
| 9694.13 | 0.000573675 |
| 9695.08 | 0.000556191 |
| 9696.02 | 0.000538844 |
| 9696.97 | 0.000521474 |
| 9697.92 | 0.000504139 |
| 9698.86 | 0.000486967 |
|  9699.8 | 0.000469763 |
| 9700.74 | 0.000457413 |
| 9701.69 | 0.000446187 |
| 9702.64 | 0.000434999 |
| 9703.58 | 0.000423916 |
| 9704.53 | 0.000412802 |
| 9705.48 | 0.000401724 |
| 9706.42 | 0.000390739 |
| 9707.37 | 0.000379733 |
| 9708.31 | 0.000368819 |
| 9709.26 | 0.000357876 |
| 9710.21 |  0.00034994 |
| 9711.15 | 0.000352412 |
|  9712.1 | 0.000354872 |
| 9713.05 | 0.000357335 |
| 9713.99 | 0.000359774 |
| 9714.94 | 0.000362211 |
| 9715.88 | 0.000364633 |
| 9716.83 | 0.000367049 |
| 9717.78 | 0.000369461 |
| 9718.73 | 0.000371846 |
| 9719.68 | 0.000374233 |
| 9720.63 | 0.000372093 |
| 9721.57 | 0.000367662 |
| 9722.52 | 0.000363215 |
| 9723.47 | 0.000358812 |
| 9724.42 | 0.000354397 |
| 9725.36 | 0.000350015 |
| 9726.31 | 0.000345648 |
| 9727.26 | 0.000341275 |
| 9728.21 | 0.000336914 |
| 9729.15 | 0.000332588 |
|  9730.1 | 0.000328252 |
| 9731.05 | 0.000323947 |
|  9732.0 | 0.000319636 |
| 9732.95 | 0.000315338 |
|  9733.9 | 0.000311079 |
| 9734.85 | 0.000306808 |
|  9735.8 |  0.00030255 |
| 9736.75 | 0.000298328 |
| 9737.69 |  0.00029412 |
| 9738.64 | 0.000289926 |
| 9739.59 |  0.00028572 |
| 9740.54 | 0.000281532 |
| 9741.49 | 0.000277377 |
| 9742.44 | 0.000273209 |
| 9743.39 | 0.000269058 |
| 9744.34 |  0.00026494 |
| 9745.29 | 0.000260814 |
| 9746.24 | 0.000256723 |
| 9747.19 | 0.000252626 |
| 9748.14 | 0.000248544 |
| 9749.09 | 0.000244496 |
| 9750.04 | 0.000240436 |
| 9750.99 | 0.000236422 |
| 9751.94 | 0.000232421 |
| 9752.89 | 0.000228409 |
| 9753.84 | 0.000224428 |
| 9754.79 | 0.000220443 |
| 9755.75 | 0.000216473 |
| 9756.69 | 0.000212535 |
| 9757.65 | 0.000208591 |
|  9758.6 | 0.000204661 |
| 9759.55 | 0.000200764 |
|  9760.5 | 0.000197187 |
| 9761.45 | 0.000193937 |
|  9762.4 | 0.000190693 |
| 9763.35 | 0.000187449 |
|  9764.3 | 0.000184229 |
| 9765.26 | 0.000181002 |
| 9766.21 | 0.000177805 |
| 9767.16 | 0.000174603 |
| 9768.11 | 0.000171411 |
| 9769.06 | 0.000168245 |
| 9770.02 | 0.000165073 |
| 9770.97 | 0.000161896 |
| 9771.92 |  0.00015875 |
| 9772.88 | 0.000155595 |
| 9773.83 | 0.000152473 |
| 9774.78 | 0.000149342 |
| 9775.73 | 0.000146239 |
| 9776.68 | 0.000143148 |
| 9777.64 | 0.000140053 |
| 9778.59 |  0.00013697 |
| 9779.54 | 0.000133915 |
|  9780.5 |  0.00013086 |
| 9781.45 | 0.000127843 |
|  9782.4 | 0.000124819 |
| 9783.36 | 0.000121805 |
| 9784.31 | 0.000118818 |
| 9785.27 | 0.000115826 |
| 9786.22 | 0.000112846 |
| 9787.17 | 0.000109891 |
| 9788.13 | 0.000106948 |
| 9789.08 | 0.000104014 |
| 9790.03 |  0.00010108 |
