# Units:
#  "lambda" is in Angstroms
#  "pass" is the contribution to the detector signal per photon
#         entering the atmosphere of Earth
# 
# Bandpass Name(s): F218W
# 
# Instrument: WFC3_UVIS_F218W
# 
# Determined by: 
# 
# Date of determination: 2010-May-02
# 
# Meaning of/Reason for default column: Only column available
# 
# Notes:
# 
# 
# Obtained from Leonidas Moustakas on 2011-Apr-02 for the CLASH team.
# 
# J. Moustakas, UCSD 2011-Apr-07
|  lambda |        pass |
| 1989.68 |  0.00206746 |
| 1990.02 |   0.0145014 |
| 1990.36 |   0.0145854 |
|  1990.7 |   0.0146688 |
| 1991.04 |   0.0147439 |
| 1991.38 |   0.0148193 |
| 1991.72 |   0.0148953 |
| 1992.06 |   0.0149712 |
| 1992.39 |   0.0150472 |
| 1992.73 |   0.0151236 |
| 1993.07 |   0.0152001 |
| 1993.41 |    0.015277 |
| 1993.76 |   0.0153544 |
| 1994.09 |   0.0154315 |
| 1994.43 |   0.0155088 |
| 1994.77 |   0.0155864 |
| 1995.11 |   0.0156647 |
| 1995.45 |   0.0157426 |
|  1995.8 |   0.0158209 |
| 1996.14 |   0.0158995 |
| 1996.48 |   0.0159784 |
| 1996.82 |   0.0160576 |
| 1997.16 |   0.0161369 |
|  1997.5 |   0.0162163 |
| 1997.84 |   0.0162958 |
| 1998.18 |   0.0163758 |
| 1998.52 |   0.0164561 |
| 1998.86 |   0.0165363 |
|  1999.2 |    0.016617 |
| 1999.54 |   0.0166977 |
| 1999.88 |   0.0167788 |
| 2000.23 |   0.0168461 |
| 2000.57 |   0.0169056 |
| 2000.91 |   0.0169628 |
| 2001.25 |   0.0170195 |
| 2001.59 |   0.0170762 |
| 2001.93 |   0.0171329 |
| 2002.27 |   0.0171898 |
| 2002.61 |   0.0172466 |
| 2002.95 |   0.0173036 |
|  2003.3 |   0.0173607 |
| 2003.64 |   0.0174179 |
| 2003.98 |    0.017475 |
| 2004.32 |   0.0175323 |
| 2004.66 |   0.0175894 |
| 2005.01 |   0.0176469 |
| 2005.35 |   0.0177042 |
| 2005.69 |   0.0177618 |
| 2006.03 |   0.0178194 |
| 2006.37 |   0.0178769 |
| 2006.72 |   0.0179349 |
| 2007.06 |   0.0179926 |
|  2007.4 |   0.0180503 |
| 2007.74 |   0.0181083 |
| 2008.08 |   0.0181662 |
| 2008.43 |   0.0182243 |
| 2008.77 |   0.0182825 |
| 2009.11 |   0.0183407 |
| 2009.46 |   0.0183988 |
|  2009.8 |   0.0184573 |
| 2010.14 |   0.0185157 |
| 2010.48 |    0.018574 |
| 2010.83 |   0.0186327 |
| 2011.17 |   0.0186914 |
| 2011.51 |   0.0187501 |
| 2011.86 |   0.0188093 |
|  2012.2 |   0.0188684 |
| 2012.54 |   0.0189274 |
| 2012.89 |   0.0189866 |
| 2013.23 |   0.0190457 |
| 2013.57 |    0.019105 |
| 2013.92 |   0.0191644 |
| 2014.26 |   0.0192237 |
|  2014.6 |   0.0192831 |
| 2014.95 |   0.0193429 |
| 2015.29 |   0.0194026 |
| 2015.63 |   0.0194622 |
| 2015.98 |   0.0195218 |
| 2016.32 |   0.0195818 |
| 2016.66 |   0.0196415 |
| 2017.01 |   0.0197016 |
| 2017.35 |   0.0197617 |
|  2017.7 |   0.0198217 |
| 2018.04 |   0.0198818 |
| 2018.39 |   0.0199423 |
| 2018.73 |   0.0200027 |
| 2019.07 |    0.020063 |
| 2019.42 |   0.0201235 |
| 2019.76 |   0.0201839 |
| 2020.11 |   0.0202444 |
| 2020.45 |   0.0203045 |
|  2020.8 |   0.0203665 |
| 2021.14 |   0.0204314 |
| 2021.49 |   0.0204968 |
| 2021.83 |   0.0205619 |
| 2022.18 |   0.0206273 |
| 2022.52 |   0.0206927 |
| 2022.86 |    0.020758 |
| 2023.21 |   0.0208234 |
| 2023.56 |   0.0208892 |
|  2023.9 |   0.0209547 |
| 2024.24 |   0.0210203 |
| 2024.59 |   0.0210864 |
| 2024.94 |   0.0211522 |
| 2025.28 |   0.0212182 |
| 2025.63 |   0.0212843 |
| 2025.97 |   0.0213502 |
| 2026.32 |   0.0214163 |
| 2026.66 |   0.0214824 |
| 2027.01 |    0.021549 |
| 2027.35 |   0.0216152 |
|  2027.7 |   0.0216816 |
| 2028.05 |   0.0217484 |
| 2028.39 |   0.0218149 |
| 2028.74 |   0.0218816 |
| 2029.08 |   0.0219485 |
| 2029.43 |   0.0220152 |
| 2029.78 |   0.0220819 |
| 2030.12 |   0.0221492 |
| 2030.47 |   0.0222171 |
| 2030.81 |   0.0222864 |
| 2031.16 |   0.0223576 |
| 2031.51 |   0.0224286 |
| 2031.85 |   0.0224997 |
|  2032.2 |   0.0225713 |
| 2032.55 |   0.0226426 |
| 2032.89 |   0.0227139 |
| 2033.24 |   0.0227856 |
| 2033.59 |   0.0228571 |
| 2033.93 |   0.0229289 |
| 2034.28 |   0.0230011 |
| 2034.63 |   0.0230728 |
| 2034.97 |   0.0231447 |
| 2035.32 |   0.0232168 |
| 2035.67 |   0.0232891 |
| 2036.02 |   0.0233612 |
| 2036.36 |   0.0234336 |
| 2036.71 |   0.0235059 |
| 2037.06 |   0.0235784 |
| 2037.41 |   0.0236513 |
| 2037.75 |   0.0237239 |
|  2038.1 |   0.0237964 |
| 2038.45 |   0.0238691 |
|  2038.8 |   0.0239421 |
| 2039.14 |   0.0240152 |
| 2039.49 |   0.0240882 |
| 2039.84 |   0.0241614 |
| 2040.19 |   0.0242345 |
| 2040.53 |   0.0243079 |
| 2040.88 |   0.0243842 |
| 2041.23 |   0.0244614 |
| 2041.58 |   0.0245387 |
| 2041.93 |   0.0246164 |
| 2042.28 |   0.0246941 |
| 2042.62 |   0.0247717 |
| 2042.97 |   0.0248496 |
| 2043.32 |   0.0249274 |
| 2043.67 |   0.0250055 |
| 2044.02 |   0.0250837 |
| 2044.37 |    0.025162 |
| 2044.71 |   0.0252402 |
| 2045.06 |   0.0253186 |
| 2045.41 |    0.025397 |
| 2045.76 |   0.0254756 |
| 2046.11 |   0.0255544 |
| 2046.46 |    0.025633 |
| 2046.81 |   0.0257119 |
| 2047.16 |   0.0257909 |
| 2047.51 |     0.02587 |
| 2047.86 |    0.025949 |
|  2048.2 |    0.026028 |
| 2048.55 |   0.0261075 |
|  2048.9 |   0.0261867 |
| 2049.25 |   0.0262663 |
|  2049.6 |   0.0263459 |
| 2049.95 |   0.0264257 |
|  2050.3 |   0.0265069 |
| 2050.65 |   0.0265887 |
|  2051.0 |   0.0266717 |
| 2051.35 |   0.0267546 |
|  2051.7 |   0.0268379 |
| 2052.05 |    0.026921 |
|  2052.4 |   0.0270042 |
| 2052.75 |   0.0270881 |
|  2053.1 |   0.0271717 |
| 2053.45 |   0.0272553 |
|  2053.8 |   0.0273392 |
| 2054.15 |    0.027423 |
|  2054.5 |    0.027507 |
| 2054.85 |   0.0275913 |
|  2055.2 |   0.0276754 |
| 2055.55 |   0.0277595 |
|  2055.9 |   0.0278444 |
| 2056.25 |    0.027929 |
|  2056.6 |   0.0280135 |
| 2056.96 |   0.0280984 |
| 2057.31 |   0.0281831 |
| 2057.66 |   0.0282679 |
| 2058.01 |   0.0283534 |
| 2058.36 |   0.0284384 |
| 2058.71 |   0.0285235 |
| 2059.06 |   0.0286088 |
| 2059.41 |   0.0286947 |
| 2059.76 |   0.0287804 |
| 2060.11 |    0.028866 |
| 2060.47 |   0.0289518 |
| 2060.82 |   0.0290359 |
| 2061.17 |   0.0291185 |
| 2061.52 |   0.0292012 |
| 2061.87 |   0.0292837 |
| 2062.22 |   0.0293663 |
| 2062.58 |   0.0294496 |
| 2062.93 |   0.0295323 |
| 2063.28 |   0.0296155 |
| 2063.63 |   0.0296988 |
| 2063.98 |    0.029782 |
| 2064.33 |   0.0298652 |
| 2064.69 |   0.0299491 |
| 2065.04 |   0.0300325 |
| 2065.39 |    0.030116 |
| 2065.74 |   0.0302002 |
|  2066.1 |    0.030284 |
| 2066.45 |   0.0303681 |
|  2066.8 |   0.0304523 |
| 2067.15 |   0.0305364 |
|  2067.5 |   0.0306206 |
| 2067.86 |   0.0307051 |
| 2068.21 |   0.0307898 |
| 2068.56 |   0.0308743 |
| 2068.92 |   0.0309595 |
| 2069.27 |   0.0310441 |
| 2069.62 |    0.031129 |
| 2069.98 |   0.0312141 |
| 2070.33 |   0.0312984 |
| 2070.68 |   0.0313821 |
| 2071.03 |   0.0314621 |
| 2071.39 |   0.0315424 |
| 2071.74 |   0.0316228 |
| 2072.09 |   0.0317034 |
| 2072.45 |    0.031784 |
|  2072.8 |   0.0318645 |
| 2073.15 |    0.031945 |
| 2073.51 |   0.0320262 |
| 2073.86 |    0.032107 |
| 2074.22 |   0.0321878 |
| 2074.57 |    0.032269 |
| 2074.92 |     0.03235 |
| 2075.28 |   0.0324317 |
| 2075.63 |   0.0325132 |
| 2075.99 |   0.0325945 |
| 2076.34 |   0.0326759 |
| 2076.69 |   0.0327577 |
| 2077.05 |   0.0328396 |
|  2077.4 |   0.0329213 |
| 2077.76 |   0.0330033 |
| 2078.11 |   0.0330853 |
| 2078.46 |   0.0331675 |
| 2078.82 |   0.0332501 |
| 2079.17 |   0.0333323 |
| 2079.53 |   0.0334146 |
| 2079.88 |   0.0334972 |
| 2080.24 |   0.0335804 |
| 2080.59 |   0.0336642 |
| 2080.95 |   0.0337397 |
|  2081.3 |   0.0338129 |
| 2081.66 |   0.0338864 |
| 2082.01 |   0.0339598 |
| 2082.37 |   0.0340338 |
| 2082.72 |   0.0341073 |
| 2083.08 |    0.034181 |
| 2083.43 |   0.0342549 |
| 2083.79 |    0.034329 |
| 2084.14 |    0.034403 |
|  2084.5 |   0.0344772 |
| 2084.85 |   0.0345515 |
| 2085.21 |   0.0346257 |
| 2085.57 |   0.0347002 |
| 2085.92 |   0.0347748 |
| 2086.28 |   0.0348492 |
| 2086.63 |    0.034924 |
| 2086.99 |   0.0349987 |
| 2087.34 |   0.0350736 |
|  2087.7 |   0.0351486 |
| 2088.06 |   0.0352238 |
| 2088.41 |   0.0352987 |
| 2088.77 |   0.0353741 |
| 2089.13 |   0.0354494 |
| 2089.48 |   0.0355247 |
| 2089.84 |   0.0356003 |
| 2090.19 |   0.0356756 |
| 2090.55 |    0.035751 |
| 2090.91 |   0.0358221 |
| 2091.26 |   0.0358908 |
| 2091.62 |   0.0359594 |
| 2091.98 |   0.0360283 |
| 2092.33 |    0.036097 |
| 2092.69 |   0.0361661 |
| 2093.05 |    0.036235 |
| 2093.41 |   0.0363042 |
| 2093.76 |   0.0363733 |
| 2094.12 |   0.0364424 |
| 2094.48 |   0.0365123 |
| 2094.83 |   0.0365816 |
| 2095.19 |    0.036651 |
| 2095.55 |   0.0367206 |
| 2095.91 |   0.0367902 |
| 2096.26 |   0.0368601 |
| 2096.62 |     0.03693 |
| 2096.98 |   0.0369998 |
| 2097.33 |   0.0370697 |
| 2097.69 |     0.03714 |
| 2098.05 |   0.0372103 |
| 2098.41 |   0.0372804 |
| 2098.77 |   0.0373508 |
| 2099.12 |   0.0374211 |
| 2099.48 |   0.0374914 |
| 2099.84 |   0.0375623 |
|  2100.2 |    0.037645 |
| 2100.56 |   0.0377375 |
| 2100.92 |   0.0378238 |
| 2101.27 |   0.0379066 |
| 2101.63 |   0.0379899 |
| 2101.99 |   0.0380733 |
| 2102.35 |   0.0381566 |
| 2102.71 |   0.0382401 |
| 2103.07 |   0.0383241 |
| 2103.43 |   0.0384079 |
| 2103.78 |   0.0384917 |
| 2104.14 |   0.0385757 |
|  2104.5 |   0.0386604 |
| 2104.86 |   0.0387447 |
| 2105.22 |   0.0388294 |
| 2105.58 |   0.0389142 |
| 2105.94 |   0.0389989 |
| 2106.29 |   0.0390837 |
| 2106.66 |   0.0391693 |
| 2107.01 |   0.0392544 |
| 2107.37 |   0.0393399 |
| 2107.73 |   0.0394256 |
| 2108.09 |   0.0395112 |
| 2108.45 |   0.0395972 |
| 2108.81 |   0.0396833 |
| 2109.17 |   0.0397693 |
| 2109.53 |   0.0398554 |
| 2109.89 |    0.039942 |
| 2110.25 |   0.0400286 |
| 2110.61 |   0.0401149 |
| 2110.97 |   0.0401943 |
| 2111.33 |   0.0402718 |
| 2111.69 |   0.0403495 |
| 2112.05 |   0.0404279 |
| 2112.41 |   0.0405058 |
| 2112.77 |   0.0405838 |
| 2113.13 |   0.0406622 |
| 2113.49 |   0.0407405 |
| 2113.85 |   0.0408192 |
| 2114.22 |   0.0408982 |
| 2114.57 |   0.0409769 |
| 2114.93 |   0.0410556 |
| 2115.29 |   0.0411346 |
| 2115.66 |   0.0412141 |
| 2116.02 |   0.0412932 |
| 2116.38 |   0.0413725 |
| 2116.74 |   0.0414522 |
|  2117.1 |    0.041532 |
| 2117.46 |   0.0416119 |
| 2117.82 |   0.0416919 |
| 2118.18 |   0.0417718 |
| 2118.54 |   0.0418518 |
| 2118.91 |   0.0419322 |
| 2119.27 |   0.0420127 |
| 2119.63 |   0.0420932 |
| 2119.99 |   0.0421739 |
| 2120.35 |   0.0422532 |
| 2120.71 |   0.0423313 |
| 2121.08 |   0.0424025 |
| 2121.44 |   0.0424734 |
|  2121.8 |   0.0425443 |
| 2122.16 |   0.0426156 |
| 2122.52 |   0.0426868 |
| 2122.88 |   0.0427583 |
| 2123.25 |     0.04283 |
| 2123.61 |   0.0429014 |
| 2123.97 |   0.0429732 |
| 2124.33 |   0.0430451 |
|  2124.7 |   0.0431171 |
| 2125.06 |    0.043189 |
| 2125.42 |   0.0432612 |
| 2125.78 |   0.0433333 |
| 2126.15 |   0.0434057 |
| 2126.51 |    0.043478 |
| 2126.87 |   0.0435508 |
| 2127.23 |   0.0436233 |
| 2127.59 |   0.0436958 |
| 2127.96 |   0.0437688 |
| 2128.32 |   0.0438418 |
| 2128.68 |   0.0439146 |
| 2129.05 |   0.0439879 |
| 2129.41 |    0.044061 |
| 2129.77 |   0.0441344 |
| 2130.14 |   0.0442084 |
|  2130.5 |   0.0442833 |
| 2130.86 |   0.0443536 |
| 2131.23 |   0.0444202 |
| 2131.59 |   0.0444869 |
| 2131.95 |   0.0445534 |
| 2132.32 |   0.0446203 |
| 2132.68 |    0.044687 |
| 2133.04 |   0.0447539 |
| 2133.41 |   0.0448212 |
| 2133.77 |   0.0448884 |
| 2134.14 |   0.0449555 |
|  2134.5 |   0.0450229 |
| 2134.86 |   0.0450902 |
| 2135.23 |   0.0451577 |
| 2135.59 |   0.0452254 |
| 2135.96 |   0.0452929 |
| 2136.32 |   0.0453605 |
| 2136.69 |   0.0454284 |
| 2137.05 |   0.0454966 |
| 2137.42 |   0.0455645 |
| 2137.78 |   0.0456324 |
| 2138.14 |   0.0457007 |
| 2138.51 |   0.0457688 |
| 2138.87 |   0.0458373 |
| 2139.24 |   0.0459058 |
|  2139.6 |   0.0459742 |
| 2139.97 |   0.0460427 |
| 2140.33 |   0.0461114 |
|  2140.7 |   0.0461796 |
| 2141.06 |   0.0462413 |
| 2141.43 |   0.0463033 |
| 2141.79 |   0.0463653 |
| 2142.16 |   0.0464272 |
| 2142.52 |   0.0464897 |
| 2142.89 |   0.0465518 |
| 2143.25 |    0.046614 |
| 2143.62 |   0.0466767 |
| 2143.99 |    0.046739 |
| 2144.35 |   0.0468017 |
| 2144.72 |   0.0468643 |
| 2145.08 |   0.0469269 |
| 2145.45 |   0.0469895 |
| 2145.81 |   0.0470526 |
| 2146.18 |   0.0471154 |
| 2146.55 |   0.0471782 |
| 2146.91 |   0.0472414 |
| 2147.28 |   0.0473045 |
| 2147.64 |   0.0473676 |
| 2148.01 |    0.047431 |
| 2148.38 |   0.0474944 |
| 2148.74 |   0.0475576 |
| 2149.11 |   0.0476212 |
| 2149.48 |   0.0476849 |
| 2149.84 |   0.0477483 |
| 2150.21 |   0.0478119 |
| 2150.58 |   0.0478754 |
| 2150.94 |   0.0479341 |
| 2151.31 |   0.0479912 |
| 2151.68 |   0.0480484 |
| 2152.04 |   0.0481055 |
| 2152.41 |   0.0481626 |
| 2152.78 |     0.04822 |
| 2153.15 |   0.0482774 |
| 2153.51 |   0.0483349 |
| 2153.88 |   0.0483924 |
| 2154.25 |   0.0484498 |
| 2154.61 |   0.0485073 |
| 2154.98 |   0.0485652 |
| 2155.35 |   0.0486227 |
| 2155.72 |   0.0486804 |
| 2156.08 |   0.0487383 |
| 2156.45 |    0.048796 |
| 2156.82 |    0.048854 |
| 2157.19 |   0.0489123 |
| 2157.56 |   0.0489702 |
| 2157.92 |   0.0490282 |
| 2158.29 |   0.0490864 |
| 2158.66 |   0.0491447 |
| 2159.03 |   0.0492029 |
|  2159.4 |   0.0492613 |
| 2159.76 |   0.0493196 |
| 2160.13 |   0.0493773 |
|  2160.5 |   0.0494338 |
| 2160.87 |    0.049485 |
| 2161.24 |   0.0495312 |
| 2161.61 |   0.0495773 |
| 2161.98 |   0.0496238 |
| 2162.34 |   0.0496702 |
| 2162.71 |   0.0497165 |
| 2163.08 |   0.0497629 |
| 2163.45 |   0.0498094 |
| 2163.82 |   0.0498558 |
| 2164.19 |   0.0499025 |
| 2164.56 |   0.0499489 |
| 2164.93 |   0.0499954 |
|  2165.3 |    0.050042 |
| 2165.67 |   0.0500886 |
| 2166.03 |   0.0501353 |
| 2166.41 |    0.050182 |
| 2166.77 |   0.0502287 |
| 2167.14 |   0.0502754 |
| 2167.51 |   0.0503222 |
| 2167.88 |   0.0503691 |
| 2168.25 |   0.0504158 |
| 2168.62 |   0.0504627 |
| 2168.99 |   0.0505095 |
| 2169.36 |   0.0505565 |
| 2169.73 |   0.0506035 |
|  2170.1 |   0.0506508 |
| 2170.47 |   0.0506992 |
| 2170.84 |   0.0507454 |
| 2171.21 |   0.0507888 |
| 2171.58 |   0.0508322 |
| 2171.95 |   0.0508757 |
| 2172.32 |    0.050919 |
| 2172.69 |   0.0509624 |
| 2173.06 |   0.0510059 |
| 2173.44 |   0.0510497 |
| 2173.81 |   0.0510931 |
| 2174.18 |   0.0511366 |
| 2174.55 |   0.0511802 |
| 2174.92 |   0.0512238 |
| 2175.29 |   0.0512674 |
| 2175.66 |    0.051311 |
| 2176.03 |   0.0513546 |
|  2176.4 |   0.0513982 |
| 2176.77 |   0.0514421 |
| 2177.15 |   0.0514859 |
| 2177.52 |   0.0515295 |
| 2177.89 |   0.0515733 |
| 2178.26 |    0.051617 |
| 2178.63 |   0.0516609 |
|  2179.0 |   0.0517047 |
| 2179.37 |   0.0517485 |
| 2179.75 |   0.0517923 |
| 2180.12 |   0.0518362 |
| 2180.49 |   0.0518797 |
| 2180.86 |   0.0519186 |
| 2181.23 |   0.0519527 |
|  2181.6 |   0.0519866 |
| 2181.98 |   0.0520206 |
| 2182.35 |   0.0520548 |
| 2182.72 |   0.0520887 |
| 2183.09 |   0.0521227 |
| 2183.47 |   0.0521566 |
| 2183.84 |   0.0521908 |
| 2184.21 |   0.0522248 |
| 2184.58 |   0.0522589 |
| 2184.96 |   0.0522928 |
| 2185.33 |   0.0523268 |
|  2185.7 |   0.0523607 |
| 2186.07 |   0.0523948 |
| 2186.45 |   0.0524288 |
| 2186.82 |   0.0524628 |
| 2187.19 |   0.0524968 |
| 2187.56 |   0.0525308 |
| 2187.94 |   0.0525648 |
| 2188.31 |   0.0525988 |
| 2188.69 |   0.0526327 |
| 2189.06 |   0.0526666 |
| 2189.43 |   0.0527008 |
|  2189.8 |   0.0527347 |
| 2190.18 |   0.0527683 |
| 2190.55 |    0.052802 |
| 2190.93 |   0.0528294 |
|  2191.3 |   0.0528536 |
| 2191.67 |   0.0528779 |
| 2192.05 |   0.0529019 |
| 2192.42 |    0.052926 |
| 2192.79 |   0.0529501 |
| 2193.17 |   0.0529742 |
| 2193.54 |   0.0529983 |
| 2193.92 |   0.0530224 |
| 2194.29 |   0.0530463 |
| 2194.67 |   0.0530702 |
| 2195.04 |   0.0530943 |
| 2195.41 |   0.0531181 |
| 2195.79 |    0.053142 |
| 2196.16 |   0.0531658 |
| 2196.54 |   0.0531896 |
| 2196.91 |   0.0532135 |
| 2197.29 |   0.0532373 |
| 2197.66 |   0.0532611 |
| 2198.04 |   0.0532848 |
| 2198.41 |   0.0533084 |
| 2198.79 |   0.0533322 |
| 2199.16 |   0.0533558 |
| 2199.53 |   0.0533794 |
| 2199.91 |    0.053403 |
| 2200.29 |    0.053421 |
| 2200.66 |   0.0534371 |
| 2201.04 |   0.0534459 |
| 2201.41 |   0.0534541 |
| 2201.79 |   0.0534622 |
| 2202.16 |   0.0534703 |
| 2202.54 |   0.0534784 |
| 2202.91 |   0.0534863 |
| 2203.29 |   0.0534943 |
| 2203.67 |   0.0535022 |
| 2204.04 |   0.0535101 |
| 2204.42 |   0.0535179 |
| 2204.79 |   0.0535257 |
| 2205.17 |   0.0535334 |
| 2205.55 |   0.0535411 |
| 2205.92 |   0.0535487 |
|  2206.3 |   0.0535563 |
| 2206.67 |   0.0535638 |
| 2207.05 |   0.0535713 |
| 2207.43 |   0.0535788 |
|  2207.8 |   0.0535862 |
| 2208.18 |   0.0535936 |
| 2208.56 |   0.0536009 |
| 2208.93 |   0.0536081 |
| 2209.31 |   0.0536154 |
| 2209.69 |   0.0536225 |
| 2210.06 |   0.0536299 |
| 2210.44 |   0.0536384 |
| 2210.82 |   0.0536432 |
| 2211.19 |   0.0536411 |
| 2211.57 |   0.0536389 |
| 2211.95 |   0.0536367 |
| 2212.33 |   0.0536344 |
|  2212.7 |    0.053632 |
| 2213.08 |   0.0536296 |
| 2213.46 |   0.0536271 |
| 2213.84 |   0.0536245 |
| 2214.21 |   0.0536218 |
| 2214.59 |   0.0536191 |
| 2214.97 |   0.0536163 |
| 2215.35 |   0.0536135 |
| 2215.72 |   0.0536106 |
|  2216.1 |   0.0536076 |
| 2216.48 |   0.0536045 |
| 2216.86 |   0.0536014 |
| 2217.24 |   0.0535982 |
| 2217.61 |   0.0535949 |
| 2217.99 |   0.0535916 |
| 2218.37 |   0.0535882 |
| 2218.75 |   0.0535847 |
| 2219.13 |   0.0535811 |
| 2219.51 |   0.0535775 |
| 2219.89 |   0.0535739 |
| 2220.26 |   0.0535697 |
| 2220.64 |   0.0535653 |
| 2221.02 |   0.0535542 |
|  2221.4 |   0.0535421 |
| 2221.78 |     0.05353 |
| 2222.16 |   0.0535177 |
| 2222.54 |   0.0535054 |
| 2222.92 |   0.0534929 |
| 2223.29 |   0.0534804 |
| 2223.67 |   0.0534678 |
| 2224.05 |   0.0534551 |
| 2224.43 |   0.0534423 |
| 2224.81 |   0.0534293 |
| 2225.19 |   0.0534164 |
| 2225.57 |   0.0534033 |
| 2225.95 |   0.0533902 |
| 2226.33 |    0.053377 |
| 2226.71 |   0.0533637 |
| 2227.09 |   0.0533503 |
| 2227.47 |   0.0533367 |
| 2227.85 |   0.0533231 |
| 2228.23 |   0.0533095 |
| 2228.61 |   0.0532957 |
| 2228.99 |   0.0532819 |
| 2229.37 |   0.0532679 |
| 2229.75 |   0.0532539 |
| 2230.13 |    0.053236 |
| 2230.51 |   0.0532105 |
| 2230.89 |   0.0531809 |
| 2231.27 |    0.053147 |
| 2231.65 |   0.0531131 |
| 2232.03 |   0.0530791 |
| 2232.41 |    0.053045 |
| 2232.79 |   0.0530108 |
| 2233.17 |   0.0529765 |
| 2233.55 |   0.0529422 |
| 2233.94 |   0.0529076 |
| 2234.32 |   0.0528731 |
|  2234.7 |   0.0528384 |
| 2235.08 |   0.0528035 |
| 2235.46 |   0.0527687 |
| 2235.84 |   0.0527338 |
| 2236.22 |   0.0526986 |
|  2236.6 |   0.0526636 |
| 2236.99 |   0.0526284 |
| 2237.37 |    0.052593 |
| 2237.75 |   0.0525575 |
| 2238.13 |    0.052522 |
| 2238.51 |   0.0524862 |
| 2238.89 |   0.0524505 |
| 2239.27 |   0.0524147 |
| 2239.66 |   0.0523787 |
| 2240.04 |   0.0523424 |
| 2240.42 |   0.0523039 |
|  2240.8 |   0.0522638 |
| 2241.19 |   0.0522204 |
| 2241.57 |   0.0521768 |
| 2241.95 |    0.052133 |
| 2242.33 |   0.0520892 |
| 2242.72 |   0.0520454 |
|  2243.1 |   0.0520015 |
| 2243.48 |   0.0519572 |
| 2243.86 |   0.0519131 |
| 2244.24 |   0.0518689 |
| 2244.63 |   0.0518245 |
| 2245.01 |   0.0517801 |
| 2245.39 |   0.0517354 |
| 2245.78 |   0.0516905 |
| 2246.16 |   0.0516458 |
| 2246.54 |    0.051601 |
| 2246.93 |   0.0515559 |
| 2247.31 |   0.0515107 |
| 2247.69 |   0.0514656 |
| 2248.08 |   0.0514202 |
| 2248.46 |   0.0513747 |
| 2248.84 |   0.0513293 |
| 2249.23 |   0.0512834 |
| 2249.61 |   0.0512378 |
| 2249.99 |    0.051192 |
| 2250.38 |   0.0511472 |
| 2250.76 |   0.0511021 |
| 2251.15 |   0.0510548 |
| 2251.53 |   0.0510073 |
| 2251.91 |   0.0509599 |
|  2252.3 |   0.0509122 |
| 2252.68 |   0.0508644 |
| 2253.07 |   0.0508166 |
| 2253.45 |   0.0507687 |
| 2253.83 |   0.0507206 |
| 2254.22 |   0.0506725 |
|  2254.6 |   0.0506243 |
| 2254.99 |   0.0505758 |
| 2255.37 |   0.0505272 |
| 2255.76 |   0.0504786 |
| 2256.14 |     0.05043 |
| 2256.53 |   0.0503811 |
| 2256.91 |   0.0503321 |
| 2257.29 |   0.0502831 |
| 2257.68 |   0.0502339 |
| 2258.06 |   0.0501847 |
| 2258.45 |   0.0501352 |
| 2258.84 |   0.0500857 |
| 2259.22 |    0.050036 |
| 2259.61 |   0.0499863 |
| 2259.99 |   0.0499364 |
| 2260.38 |    0.049886 |
| 2260.76 |   0.0498347 |
| 2261.15 |   0.0497803 |
| 2261.53 |    0.049726 |
| 2261.92 |   0.0496715 |
| 2262.31 |   0.0496166 |
| 2262.69 |   0.0495618 |
| 2263.08 |    0.049507 |
| 2263.46 |   0.0494519 |
| 2263.85 |   0.0493969 |
| 2264.24 |   0.0493416 |
| 2264.62 |   0.0492861 |
| 2265.01 |   0.0492307 |
| 2265.39 |   0.0491752 |
| 2265.78 |   0.0491196 |
| 2266.17 |   0.0490635 |
| 2266.55 |   0.0490075 |
| 2266.94 |   0.0489515 |
| 2267.33 |   0.0488953 |
| 2267.71 |    0.048839 |
|  2268.1 |   0.0487823 |
| 2268.49 |   0.0487259 |
| 2268.87 |   0.0486693 |
| 2269.26 |   0.0486124 |
| 2269.65 |   0.0485554 |
| 2270.03 |   0.0484982 |
| 2270.42 |   0.0484407 |
| 2270.81 |   0.0483825 |
|  2271.2 |   0.0483238 |
| 2271.58 |    0.048265 |
| 2271.97 |   0.0482057 |
| 2272.36 |   0.0481467 |
| 2272.75 |   0.0480875 |
| 2273.13 |   0.0480278 |
| 2273.52 |   0.0479684 |
| 2273.91 |   0.0479087 |
|  2274.3 |   0.0478489 |
| 2274.69 |   0.0477891 |
| 2275.07 |   0.0477292 |
| 2275.46 |    0.047669 |
| 2275.85 |   0.0476086 |
| 2276.24 |   0.0475482 |
| 2276.63 |   0.0474876 |
| 2277.01 |   0.0474271 |
|  2277.4 |   0.0473665 |
| 2277.79 |   0.0473053 |
| 2278.18 |   0.0472444 |
| 2278.57 |   0.0471834 |
| 2278.95 |   0.0471223 |
| 2279.34 |   0.0470607 |
| 2279.73 |   0.0469993 |
| 2280.12 |   0.0469369 |
| 2280.51 |   0.0468729 |
|  2280.9 |   0.0468094 |
| 2281.29 |   0.0467462 |
| 2281.68 |   0.0466824 |
| 2282.07 |    0.046619 |
| 2282.46 |   0.0465554 |
| 2282.84 |   0.0464915 |
| 2283.24 |   0.0464275 |
| 2283.62 |   0.0463634 |
| 2284.01 |   0.0462991 |
|  2284.4 |    0.046235 |
| 2284.79 |   0.0461707 |
| 2285.18 |   0.0461059 |
| 2285.57 |   0.0460414 |
| 2285.96 |   0.0459768 |
| 2286.35 |   0.0459118 |
| 2286.74 |   0.0458469 |
| 2287.13 |   0.0457817 |
| 2287.52 |   0.0457162 |
| 2287.91 |   0.0456509 |
|  2288.3 |   0.0455856 |
| 2288.69 |   0.0455201 |
| 2289.08 |   0.0454541 |
| 2289.47 |   0.0453884 |
| 2289.86 |   0.0453226 |
| 2290.25 |   0.0452571 |
| 2290.65 |   0.0451922 |
| 2291.03 |   0.0451287 |
| 2291.43 |    0.045065 |
| 2291.82 |   0.0450015 |
| 2292.21 |    0.044938 |
|  2292.6 |   0.0448742 |
| 2292.99 |   0.0448101 |
| 2293.38 |   0.0447462 |
| 2293.77 |    0.044682 |
| 2294.16 |   0.0446176 |
| 2294.55 |   0.0445533 |
| 2294.95 |   0.0444885 |
| 2295.34 |   0.0444239 |
| 2295.73 |   0.0443593 |
| 2296.12 |   0.0442943 |
| 2296.51 |   0.0442294 |
|  2296.9 |   0.0441642 |
|  2297.3 |   0.0440987 |
| 2297.69 |   0.0440334 |
| 2298.08 |    0.043968 |
| 2298.47 |   0.0439023 |
| 2298.86 |   0.0438365 |
| 2299.25 |   0.0437707 |
| 2299.65 |   0.0437046 |
| 2300.04 |   0.0436374 |
| 2300.43 |   0.0435593 |
| 2300.82 |   0.0434809 |
| 2301.22 |   0.0434022 |
| 2301.61 |   0.0433238 |
|  2302.0 |   0.0432455 |
| 2302.39 |   0.0431668 |
| 2302.79 |   0.0430881 |
| 2303.18 |   0.0430094 |
| 2303.57 |   0.0429306 |
| 2303.96 |   0.0428518 |
| 2304.36 |   0.0427727 |
| 2304.75 |   0.0426933 |
| 2305.14 |   0.0426143 |
| 2305.54 |   0.0425352 |
| 2305.93 |   0.0424558 |
| 2306.32 |   0.0423766 |
| 2306.72 |   0.0422971 |
| 2307.11 |   0.0422175 |
|  2307.5 |    0.042138 |
|  2307.9 |   0.0420585 |
| 2308.29 |   0.0419783 |
| 2308.69 |   0.0418984 |
| 2309.08 |   0.0418186 |
| 2309.47 |   0.0417385 |
| 2309.86 |   0.0416586 |
| 2310.26 |    0.041578 |
| 2310.65 |   0.0414973 |
| 2311.05 |   0.0414185 |
| 2311.44 |   0.0413397 |
| 2311.84 |   0.0412608 |
| 2312.23 |   0.0411821 |
| 2312.62 |    0.041103 |
| 2313.02 |   0.0410242 |
| 2313.41 |   0.0409449 |
| 2313.81 |   0.0408659 |
|  2314.2 |   0.0407865 |
|  2314.6 |   0.0407071 |
| 2314.99 |   0.0406279 |
| 2315.39 |   0.0405483 |
| 2315.78 |   0.0404686 |
| 2316.18 |   0.0403889 |
| 2316.57 |   0.0403093 |
| 2316.97 |   0.0402294 |
| 2317.36 |   0.0401497 |
| 2317.76 |   0.0400698 |
| 2318.15 |   0.0399895 |
| 2318.55 |   0.0399093 |
| 2318.94 |   0.0398292 |
| 2319.34 |   0.0397489 |
| 2319.73 |   0.0396687 |
| 2320.13 |   0.0395875 |
| 2320.53 |   0.0395052 |
| 2320.92 |   0.0394243 |
| 2321.32 |   0.0393447 |
| 2321.71 |   0.0392648 |
| 2322.11 |   0.0391848 |
|  2322.5 |    0.039105 |
|  2322.9 |   0.0390245 |
|  2323.3 |   0.0389446 |
| 2323.69 |   0.0388645 |
| 2324.09 |   0.0387842 |
| 2324.49 |   0.0387038 |
| 2324.88 |   0.0386235 |
| 2325.28 |    0.038543 |
| 2325.68 |   0.0384623 |
| 2326.07 |   0.0383817 |
| 2326.47 |   0.0383011 |
| 2326.87 |   0.0382203 |
| 2327.26 |   0.0381396 |
| 2327.66 |   0.0380586 |
| 2328.06 |   0.0379776 |
| 2328.45 |   0.0378967 |
| 2328.85 |   0.0378158 |
| 2329.25 |   0.0377345 |
| 2329.65 |   0.0376532 |
| 2330.04 |   0.0375719 |
| 2330.44 |   0.0374916 |
| 2330.84 |   0.0374109 |
| 2331.23 |   0.0373291 |
| 2331.63 |   0.0372466 |
| 2332.03 |   0.0371647 |
| 2332.43 |   0.0370826 |
| 2332.82 |   0.0370003 |
| 2333.22 |   0.0369178 |
| 2333.62 |   0.0368355 |
| 2334.02 |   0.0367526 |
| 2334.42 |   0.0366702 |
| 2334.81 |   0.0365877 |
| 2335.21 |   0.0365048 |
| 2335.61 |   0.0364219 |
| 2336.01 |   0.0363392 |
| 2336.41 |   0.0362561 |
| 2336.81 |   0.0361732 |
| 2337.21 |     0.03609 |
|  2337.6 |   0.0360067 |
|  2338.0 |   0.0359233 |
|  2338.4 |     0.03584 |
|  2338.8 |   0.0357565 |
|  2339.2 |   0.0356732 |
|  2339.6 |   0.0355895 |
|  2340.0 |   0.0355057 |
|  2340.4 |   0.0354216 |
|  2340.8 |    0.035338 |
| 2341.19 |   0.0352556 |
| 2341.59 |   0.0351727 |
| 2341.99 |   0.0350901 |
| 2342.39 |   0.0350075 |
| 2342.79 |   0.0349245 |
| 2343.19 |   0.0348418 |
| 2343.59 |   0.0347587 |
| 2343.99 |   0.0346755 |
| 2344.39 |   0.0345923 |
| 2344.79 |   0.0345092 |
| 2345.19 |   0.0344258 |
| 2345.59 |   0.0343423 |
| 2345.99 |    0.034259 |
| 2346.39 |   0.0341754 |
| 2346.79 |    0.034092 |
| 2347.19 |   0.0340085 |
| 2347.59 |   0.0339241 |
| 2347.99 |   0.0338404 |
| 2348.39 |   0.0337566 |
| 2348.79 |   0.0336726 |
| 2349.19 |   0.0335887 |
| 2349.59 |   0.0335044 |
|  2350.0 |   0.0334201 |
|  2350.4 |   0.0333358 |
|  2350.8 |   0.0332517 |
|  2351.2 |   0.0331687 |
|  2351.6 |   0.0330858 |
|  2352.0 |   0.0330031 |
|  2352.4 |   0.0329203 |
|  2352.8 |   0.0328372 |
|  2353.2 |   0.0327543 |
|  2353.6 |   0.0326708 |
| 2354.01 |   0.0325877 |
| 2354.41 |   0.0325046 |
| 2354.81 |   0.0324211 |
| 2355.21 |   0.0323376 |
| 2355.61 |   0.0322539 |
| 2356.01 |   0.0321705 |
| 2356.42 |   0.0320867 |
| 2356.82 |   0.0320031 |
| 2357.22 |   0.0319192 |
| 2357.62 |   0.0318352 |
| 2358.02 |   0.0317514 |
| 2358.43 |   0.0316675 |
| 2358.83 |   0.0315831 |
| 2359.23 |    0.031499 |
| 2359.63 |   0.0314146 |
| 2360.04 |   0.0313301 |
| 2360.44 |   0.0312445 |
| 2360.84 |    0.031158 |
| 2361.24 |   0.0310691 |
| 2361.65 |   0.0309807 |
| 2362.05 |   0.0308919 |
| 2362.45 |    0.030803 |
| 2362.85 |   0.0307144 |
| 2363.26 |   0.0306254 |
| 2363.66 |   0.0305363 |
| 2364.06 |   0.0304475 |
| 2364.47 |   0.0303585 |
| 2364.87 |   0.0302696 |
| 2365.27 |   0.0301799 |
| 2365.68 |   0.0300908 |
| 2366.08 |   0.0300013 |
| 2366.48 |   0.0299118 |
| 2366.89 |   0.0298224 |
| 2367.29 |   0.0297324 |
|  2367.7 |   0.0296429 |
|  2368.1 |   0.0295534 |
|  2368.5 |   0.0294638 |
| 2368.91 |   0.0293738 |
| 2369.31 |   0.0292834 |
| 2369.71 |   0.0291937 |
| 2370.12 |   0.0291037 |
| 2370.52 |   0.0290147 |
| 2370.93 |   0.0289249 |
| 2371.33 |    0.028834 |
| 2371.74 |   0.0287435 |
| 2372.14 |   0.0286529 |
| 2372.54 |    0.028562 |
| 2372.95 |    0.028471 |
| 2373.35 |   0.0283799 |
| 2373.76 |   0.0282888 |
| 2374.16 |   0.0281979 |
| 2374.57 |   0.0281069 |
| 2374.97 |   0.0280155 |
| 2375.38 |    0.027924 |
| 2375.78 |   0.0278328 |
| 2376.19 |   0.0277414 |
| 2376.59 |   0.0276495 |
|  2377.0 |    0.027558 |
| 2377.41 |   0.0274661 |
| 2377.81 |   0.0273742 |
| 2378.22 |   0.0272825 |
| 2378.62 |   0.0271907 |
| 2379.03 |   0.0270982 |
| 2379.43 |   0.0270063 |
| 2379.84 |   0.0269142 |
| 2380.24 |   0.0268217 |
| 2380.65 |   0.0267291 |
| 2381.06 |   0.0266359 |
| 2381.46 |   0.0265419 |
| 2381.87 |   0.0264483 |
| 2382.27 |   0.0263547 |
| 2382.68 |   0.0262607 |
| 2383.09 |   0.0261666 |
| 2383.49 |   0.0260727 |
|  2383.9 |   0.0259782 |
| 2384.31 |   0.0258842 |
| 2384.71 |   0.0257901 |
| 2385.12 |   0.0256953 |
| 2385.53 |   0.0256011 |
| 2385.93 |   0.0255067 |
| 2386.34 |    0.025412 |
| 2386.75 |   0.0253175 |
| 2387.16 |   0.0252226 |
| 2387.56 |    0.025128 |
| 2387.97 |   0.0250327 |
| 2388.38 |   0.0249378 |
| 2388.78 |   0.0248429 |
| 2389.19 |   0.0247474 |
|  2389.6 |   0.0246523 |
|  2390.0 |   0.0245572 |
| 2390.41 |   0.0244606 |
| 2390.82 |   0.0243644 |
| 2391.23 |    0.024268 |
| 2391.64 |   0.0241712 |
| 2392.04 |    0.024075 |
| 2392.45 |   0.0239786 |
| 2392.86 |   0.0238819 |
| 2393.27 |   0.0237851 |
| 2393.68 |   0.0236886 |
| 2394.08 |   0.0235917 |
| 2394.49 |    0.023495 |
|  2394.9 |   0.0233982 |
| 2395.31 |   0.0233005 |
| 2395.72 |   0.0232036 |
| 2396.13 |   0.0231067 |
| 2396.54 |   0.0230093 |
| 2396.95 |   0.0229122 |
| 2397.35 |   0.0228147 |
| 2397.76 |   0.0227171 |
| 2398.17 |   0.0226198 |
| 2398.58 |   0.0225221 |
| 2398.99 |   0.0224243 |
|  2399.4 |   0.0223264 |
| 2399.81 |   0.0222288 |
| 2400.22 |   0.0221248 |
| 2400.63 |    0.022015 |
| 2401.03 |   0.0219061 |
| 2401.45 |   0.0217972 |
| 2401.85 |   0.0216882 |
| 2402.26 |   0.0215797 |
| 2402.67 |   0.0214709 |
| 2403.08 |   0.0213621 |
|  2403.5 |   0.0212533 |
|  2403.9 |   0.0211449 |
| 2404.31 |   0.0210362 |
| 2404.72 |   0.0209278 |
| 2405.13 |   0.0208192 |
| 2405.54 |   0.0207106 |
| 2405.96 |    0.020602 |
| 2406.36 |   0.0204938 |
| 2406.78 |   0.0203853 |
| 2407.19 |   0.0202772 |
|  2407.6 |   0.0201687 |
| 2408.01 |   0.0200603 |
| 2408.42 |   0.0199523 |
| 2408.83 |   0.0198444 |
| 2409.24 |   0.0197357 |
| 2409.65 |   0.0196278 |
| 2410.06 |   0.0195199 |
| 2410.47 |   0.0194113 |
| 2410.88 |   0.0193047 |
| 2411.29 |   0.0191999 |
| 2411.71 |   0.0190952 |
| 2412.12 |   0.0189908 |
| 2412.53 |   0.0188865 |
| 2412.94 |   0.0187819 |
| 2413.35 |   0.0186773 |
| 2413.76 |   0.0185728 |
| 2414.17 |   0.0184686 |
| 2414.59 |   0.0183641 |
|  2415.0 |     0.01826 |
| 2415.41 |   0.0181556 |
| 2415.82 |   0.0180512 |
| 2416.23 |   0.0179472 |
| 2416.65 |   0.0178432 |
| 2417.06 |    0.017739 |
| 2417.47 |   0.0176348 |
| 2417.88 |   0.0175306 |
|  2418.3 |   0.0174264 |
| 2418.71 |   0.0173226 |
| 2419.12 |   0.0172189 |
| 2419.53 |   0.0171145 |
| 2419.95 |   0.0170108 |
| 2420.36 |   0.0169071 |
| 2420.77 |   0.0168035 |
| 2421.18 |   0.0167046 |
|  2421.6 |   0.0166057 |
| 2422.01 |   0.0165068 |
| 2422.42 |   0.0164083 |
| 2422.83 |   0.0163098 |
| 2423.25 |    0.016211 |
| 2423.66 |   0.0161123 |
| 2424.07 |   0.0160139 |
| 2424.49 |   0.0159153 |
|  2424.9 |    0.015817 |
| 2425.31 |   0.0157184 |
| 2425.73 |   0.0156198 |
| 2426.14 |   0.0155213 |
| 2426.56 |   0.0154232 |
| 2426.97 |   0.0153247 |
| 2427.39 |   0.0152263 |
|  2427.8 |   0.0151282 |
| 2428.21 |   0.0150299 |
| 2428.63 |   0.0149316 |
| 2429.04 |   0.0148336 |
| 2429.46 |   0.0147354 |
| 2429.87 |   0.0146372 |
| 2430.28 |   0.0145383 |
|  2430.7 |   0.0144391 |
| 2431.11 |   0.0143451 |
| 2431.53 |   0.0142517 |
| 2431.94 |   0.0141587 |
| 2432.36 |   0.0140654 |
| 2432.77 |   0.0139722 |
| 2433.19 |   0.0138794 |
|  2433.6 |   0.0137859 |
| 2434.02 |   0.0136932 |
| 2434.43 |   0.0136005 |
| 2434.85 |   0.0135075 |
| 2435.26 |   0.0134149 |
| 2435.68 |    0.013322 |
| 2436.09 |    0.013229 |
| 2436.51 |   0.0131365 |
| 2436.92 |   0.0130441 |
| 2437.34 |   0.0129515 |
| 2437.76 |   0.0128589 |
| 2438.17 |   0.0127666 |
| 2438.59 |   0.0126742 |
|  2439.0 |    0.012582 |
| 2439.42 |     0.01249 |
| 2439.84 |   0.0123973 |
| 2440.25 |   0.0123053 |
| 2440.67 |   0.0122138 |
| 2441.08 |    0.012129 |
|  2441.5 |   0.0120459 |
| 2441.92 |   0.0119626 |
| 2442.33 |   0.0118794 |
| 2442.75 |   0.0117964 |
| 2443.17 |   0.0117135 |
| 2443.58 |   0.0116303 |
|  2444.0 |    0.011547 |
| 2444.42 |   0.0114642 |
| 2444.83 |   0.0113815 |
| 2445.25 |   0.0112985 |
| 2445.67 |   0.0112158 |
| 2446.08 |   0.0111329 |
|  2446.5 |   0.0110501 |
| 2446.92 |   0.0109676 |
| 2447.33 |   0.0108851 |
| 2447.75 |   0.0108021 |
| 2448.17 |   0.0107194 |
| 2448.59 |    0.010637 |
| 2449.01 |   0.0105545 |
| 2449.42 |   0.0104721 |
| 2449.84 |   0.0103899 |
| 2450.26 |   0.0103072 |
| 2450.68 |    0.010225 |
| 2451.09 |   0.0101508 |
| 2451.51 |   0.0100781 |
| 2451.93 |   0.0100056 |
| 2452.35 |    0.009933 |
| 2452.77 |  0.00986041 |
| 2453.19 |  0.00978809 |
|  2453.6 |  0.00971581 |
| 2454.02 |  0.00964308 |
| 2454.44 |  0.00957086 |
| 2454.86 |  0.00949869 |
| 2455.28 |  0.00942632 |
|  2455.7 |    0.009354 |
| 2456.11 |  0.00928194 |
| 2456.54 |  0.00920946 |
| 2456.95 |  0.00913746 |
| 2457.37 |  0.00906554 |
| 2457.79 |   0.0089936 |
| 2458.21 |  0.00892128 |
| 2458.63 |  0.00884922 |
| 2459.05 |  0.00877742 |
| 2459.47 |  0.00870543 |
| 2459.89 |  0.00863369 |
| 2460.31 |  0.00856128 |
| 2460.73 |  0.00848931 |
| 2461.15 |  0.00842643 |
| 2461.57 |  0.00836392 |
| 2461.99 |  0.00830127 |
| 2462.41 |  0.00823864 |
| 2462.83 |  0.00817623 |
| 2463.25 |  0.00811348 |
| 2463.67 |  0.00805117 |
| 2464.09 |  0.00798887 |
| 2464.51 |  0.00792623 |
| 2464.93 |  0.00786403 |
| 2465.35 |  0.00780188 |
| 2465.77 |  0.00773956 |
| 2466.19 |  0.00767725 |
| 2466.61 |  0.00761499 |
| 2467.03 |  0.00755278 |
| 2467.45 |  0.00749084 |
| 2467.87 |  0.00742887 |
| 2468.29 |  0.00736698 |
| 2468.71 |  0.00730471 |
| 2469.14 |  0.00724289 |
| 2469.55 |  0.00718111 |
| 2469.98 |  0.00711917 |
|  2470.4 |   0.0070575 |
| 2470.82 |  0.00699737 |
| 2471.24 |   0.0069443 |
| 2471.66 |  0.00689145 |
| 2472.08 |   0.0068386 |
|  2472.5 |  0.00678576 |
| 2472.93 |  0.00673262 |
| 2473.35 |  0.00667986 |
| 2473.77 |   0.0066268 |
| 2474.19 |  0.00657411 |
| 2474.61 |  0.00652143 |
| 2475.04 |  0.00646843 |
| 2475.46 |  0.00641582 |
| 2475.88 |  0.00636322 |
|  2476.3 |  0.00631066 |
| 2476.73 |   0.0062578 |
| 2477.15 |  0.00620529 |
| 2477.57 |  0.00615281 |
| 2477.99 |  0.00610022 |
| 2478.42 |  0.00604764 |
| 2478.84 |  0.00599524 |
| 2479.26 |  0.00594255 |
| 2479.68 |   0.0058902 |
| 2480.11 |  0.00583789 |
| 2480.53 |  0.00578547 |
| 2480.95 |  0.00573695 |
| 2481.38 |  0.00569252 |
|  2481.8 |  0.00564842 |
| 2482.22 |  0.00560431 |
| 2482.65 |  0.00556025 |
| 2483.07 |  0.00551592 |
| 2483.49 |  0.00547191 |
| 2483.92 |  0.00542792 |
| 2484.34 |  0.00538381 |
| 2484.76 |  0.00533986 |
| 2485.19 |  0.00529579 |
| 2485.61 |  0.00525176 |
| 2486.04 |  0.00520773 |
| 2486.46 |  0.00516388 |
| 2486.88 |  0.00512007 |
| 2487.31 |  0.00507598 |
| 2487.73 |  0.00503221 |
| 2488.16 |  0.00498847 |
| 2488.58 |  0.00494461 |
|  2489.0 |  0.00490075 |
| 2489.43 |  0.00485693 |
| 2489.85 |  0.00481314 |
| 2490.28 |  0.00476941 |
|  2490.7 |  0.00472563 |
| 2491.13 |  0.00468745 |
| 2491.55 |  0.00465002 |
| 2491.98 |  0.00461276 |
|  2492.4 |  0.00457542 |
| 2492.83 |  0.00453819 |
| 2493.25 |  0.00450089 |
| 2493.68 |  0.00446347 |
|  2494.1 |  0.00442633 |
| 2494.53 |  0.00438921 |
| 2494.95 |  0.00435199 |
| 2495.38 |  0.00431492 |
|  2495.8 |  0.00427776 |
| 2496.23 |   0.0042406 |
| 2496.66 |   0.0042035 |
| 2497.08 |  0.00416651 |
| 2497.51 |  0.00412945 |
| 2497.94 |   0.0040924 |
| 2498.36 |   0.0040555 |
| 2498.79 |  0.00401849 |
| 2499.21 |  0.00398163 |
| 2499.64 |   0.0039448 |
| 2500.06 |  0.00390772 |
| 2500.49 |  0.00387071 |
| 2500.92 |  0.00383632 |
| 2501.34 |  0.00380605 |
| 2501.77 |  0.00377581 |
|  2502.2 |  0.00374558 |
| 2502.62 |  0.00371548 |
| 2503.05 |  0.00368528 |
| 2503.48 |  0.00365522 |
| 2503.91 |    0.003625 |
| 2504.33 |  0.00359488 |
| 2504.76 |  0.00356489 |
| 2505.19 |  0.00353492 |
| 2505.61 |  0.00350487 |
| 2506.04 |  0.00347494 |
| 2506.47 |  0.00344494 |
|  2506.9 |  0.00341496 |
| 2507.32 |  0.00338511 |
| 2507.75 |  0.00335517 |
| 2508.18 |  0.00332526 |
| 2508.61 |  0.00329548 |
| 2509.03 |  0.00326561 |
| 2509.46 |  0.00323576 |
| 2509.89 |  0.00320605 |
| 2510.32 |  0.00317626 |
| 2510.75 |  0.00314649 |
| 2511.17 |  0.00312142 |
|  2511.6 |  0.00309637 |
| 2512.03 |  0.00307143 |
| 2512.46 |  0.00304644 |
| 2512.89 |  0.00302145 |
| 2513.32 |  0.00299649 |
| 2513.75 |  0.00297163 |
| 2514.17 |  0.00294678 |
|  2514.6 |   0.0029218 |
| 2515.03 |  0.00289699 |
| 2515.46 |  0.00287221 |
| 2515.89 |  0.00284737 |
| 2516.32 |  0.00282262 |
| 2516.75 |  0.00279772 |
| 2517.18 |  0.00277302 |
| 2517.61 |  0.00274825 |
| 2518.03 |  0.00272358 |
| 2518.47 |  0.00269885 |
|  2518.9 |  0.00267414 |
| 2519.32 |  0.00264953 |
| 2519.75 |  0.00262485 |
| 2520.18 |  0.00260016 |
| 2520.61 |  0.00257551 |
| 2521.04 |  0.00255314 |
| 2521.47 |    0.002532 |
|  2521.9 |  0.00251093 |
| 2522.33 |  0.00248982 |
| 2522.76 |  0.00246879 |
| 2523.19 |  0.00244771 |
| 2523.62 |  0.00242672 |
| 2524.05 |  0.00240568 |
| 2524.49 |  0.00238466 |
| 2524.92 |  0.00236372 |
| 2525.35 |  0.00234268 |
| 2525.78 |  0.00232177 |
| 2526.21 |  0.00230083 |
| 2526.64 |  0.00227996 |
| 2527.07 |  0.00225905 |
|  2527.5 |  0.00223815 |
| 2527.93 |  0.00221728 |
| 2528.36 |  0.00219648 |
| 2528.79 |  0.00217572 |
| 2529.23 |  0.00215489 |
| 2529.66 |  0.00213409 |
| 2530.09 |  0.00211339 |
| 2530.52 |  0.00209271 |
| 2530.95 |  0.00207416 |
| 2531.38 |  0.00205818 |
| 2531.81 |  0.00204222 |
| 2532.25 |  0.00202627 |
| 2532.68 |  0.00201038 |
| 2533.11 |  0.00199445 |
| 2533.54 |  0.00197854 |
| 2533.97 |  0.00196269 |
| 2534.41 |   0.0019468 |
| 2534.84 |  0.00193097 |
| 2535.27 |  0.00191511 |
|  2535.7 |  0.00189926 |
| 2536.14 |  0.00188342 |
| 2536.57 |  0.00186765 |
|  2537.0 |  0.00185184 |
| 2537.43 |  0.00183608 |
| 2537.87 |   0.0018203 |
|  2538.3 |  0.00180458 |
| 2538.73 |  0.00178881 |
| 2539.16 |  0.00177311 |
|  2539.6 |  0.00175743 |
| 2540.03 |  0.00174166 |
| 2540.47 |  0.00172595 |
|  2540.9 |    0.001711 |
| 2541.33 |  0.00169776 |
| 2541.76 |  0.00168452 |
|  2542.2 |  0.00167126 |
| 2542.63 |    0.001658 |
| 2543.07 |  0.00164475 |
|  2543.5 |  0.00163156 |
| 2543.93 |  0.00161834 |
| 2544.37 |  0.00160513 |
|  2544.8 |  0.00159196 |
| 2545.24 |  0.00157877 |
| 2545.67 |  0.00156563 |
|  2546.1 |   0.0015525 |
| 2546.54 |   0.0015393 |
| 2546.97 |  0.00152619 |
|  2547.4 |   0.0015131 |
| 2547.84 |  0.00150002 |
| 2548.27 |  0.00148685 |
| 2548.71 |  0.00147375 |
| 2549.14 |   0.0014607 |
| 2549.58 |  0.00144761 |
| 2550.01 |  0.00143458 |
| 2550.45 |   0.0014215 |
| 2550.88 |  0.00140892 |
| 2551.32 |  0.00139789 |
| 2551.75 |  0.00138687 |
| 2552.19 |   0.0013759 |
| 2552.62 |  0.00136494 |
| 2553.06 |  0.00135395 |
|  2553.5 |  0.00134297 |
| 2553.93 |  0.00133204 |
| 2554.36 |  0.00132112 |
|  2554.8 |  0.00131013 |
| 2555.24 |  0.00129923 |
| 2555.67 |  0.00128833 |
| 2556.11 |  0.00127738 |
| 2556.54 |  0.00126651 |
| 2556.98 |  0.00125564 |
| 2557.42 |  0.00124472 |
| 2557.85 |  0.00123388 |
| 2558.29 |  0.00122305 |
| 2558.73 |  0.00121219 |
| 2559.16 |  0.00120134 |
|  2559.6 |   0.0011905 |
| 2560.04 |  0.00117967 |
| 2560.47 |  0.00116894 |
| 2560.91 |  0.00115877 |
| 2561.35 |  0.00114974 |
| 2561.78 |  0.00114077 |
| 2562.22 |  0.00113181 |
| 2562.65 |  0.00112286 |
| 2563.09 |  0.00111388 |
| 2563.53 |  0.00110492 |
| 2563.97 |  0.00109596 |
| 2564.41 |  0.00108701 |
| 2564.84 |  0.00107809 |
| 2565.28 |  0.00106918 |
| 2565.72 |  0.00106023 |
| 2566.15 |  0.00105134 |
| 2566.59 |  0.00104245 |
| 2567.03 |  0.00103352 |
| 2567.47 |  0.00102465 |
| 2567.91 |  0.00101576 |
| 2568.34 |  0.00100687 |
| 2568.78 |  0.00099803 |
| 2569.22 | 0.000989191 |
| 2569.66 |  0.00098036 |
|  2570.1 |  0.00097148 |
| 2570.53 | 0.000962663 |
| 2570.97 | 0.000954701 |
| 2571.41 |  0.00094772 |
| 2571.85 | 0.000940747 |
| 2572.29 | 0.000933753 |
| 2572.73 | 0.000926813 |
| 2573.17 | 0.000919876 |
|  2573.6 | 0.000912951 |
| 2574.04 | 0.000906005 |
| 2574.48 | 0.000899063 |
| 2574.92 | 0.000892108 |
| 2575.36 | 0.000885204 |
|  2575.8 | 0.000878306 |
| 2576.24 | 0.000871412 |
| 2576.68 | 0.000864478 |
| 2577.12 | 0.000857598 |
| 2577.56 | 0.000850725 |
|  2578.0 | 0.000843833 |
| 2578.44 | 0.000836948 |
| 2578.88 | 0.000830089 |
| 2579.32 | 0.000823218 |
| 2579.76 |  0.00081635 |
|  2580.2 | 0.000809495 |
| 2580.63 | 0.000802633 |
| 2581.08 | 0.000796472 |
| 2581.52 | 0.000790694 |
| 2581.96 | 0.000784919 |
|  2582.4 | 0.000779131 |
| 2582.84 | 0.000773351 |
| 2583.28 | 0.000767557 |
| 2583.72 | 0.000761805 |
| 2584.16 | 0.000756059 |
|  2584.6 | 0.000750316 |
| 2585.04 | 0.000744545 |
| 2585.48 | 0.000738816 |
| 2585.92 |  0.00073309 |
| 2586.36 | 0.000727354 |
|  2586.8 |  0.00072164 |
| 2587.25 | 0.000715914 |
| 2587.69 | 0.000710173 |
| 2588.13 | 0.000704476 |
| 2588.57 | 0.000698785 |
| 2589.01 | 0.000693082 |
| 2589.45 | 0.000687382 |
| 2589.89 | 0.000681708 |
| 2590.34 | 0.000676043 |
| 2590.78 | 0.000670391 |
| 2591.22 | 0.000665267 |
| 2591.66 |  0.00066013 |
|  2592.1 | 0.000654997 |
| 2592.54 | 0.000649886 |
| 2592.99 | 0.000644764 |
| 2593.43 | 0.000639661 |
| 2593.87 | 0.000634547 |
| 2594.31 | 0.000629438 |
| 2594.76 | 0.000624351 |
|  2595.2 | 0.000619267 |
| 2595.64 | 0.000614172 |
| 2596.09 | 0.000609066 |
| 2596.53 | 0.000603995 |
| 2596.97 | 0.000598931 |
| 2597.41 | 0.000593852 |
| 2597.85 | 0.000588798 |
|  2598.3 | 0.000583714 |
| 2598.74 | 0.000578652 |
| 2599.19 | 0.000573609 |
| 2599.63 | 0.000568572 |
| 2600.07 | 0.000563517 |
| 2600.52 | 0.000558439 |
| 2600.96 | 0.000553859 |
|  2601.4 | 0.000549959 |
| 2601.85 | 0.000546075 |
| 2602.29 | 0.000542182 |
| 2602.73 | 0.000538295 |
| 2603.18 | 0.000534424 |
| 2603.62 | 0.000530543 |
| 2604.07 | 0.000526667 |
| 2604.51 | 0.000522808 |
| 2604.95 | 0.000518941 |
|  2605.4 | 0.000515076 |
| 2605.84 | 0.000511226 |
| 2606.29 | 0.000507371 |
| 2606.73 | 0.000503531 |
| 2607.18 |  0.00049967 |
| 2607.62 | 0.000495837 |
| 2608.07 | 0.000491998 |
| 2608.51 | 0.000488175 |
| 2608.95 | 0.000484353 |
|  2609.4 | 0.000480513 |
| 2609.84 | 0.000476702 |
| 2610.29 |  0.00047288 |
| 2610.74 | 0.000469046 |
| 2611.18 | 0.000465641 |
| 2611.63 | 0.000462285 |
| 2612.07 | 0.000458947 |
| 2612.52 |   0.0004556 |
| 2612.96 | 0.000452269 |
| 2613.41 | 0.000448929 |
| 2613.85 | 0.000445593 |
|  2614.3 | 0.000442273 |
| 2614.75 | 0.000438946 |
| 2615.19 | 0.000435621 |
| 2615.64 | 0.000432312 |
| 2616.08 | 0.000428996 |
| 2616.53 | 0.000425682 |
| 2616.98 | 0.000422384 |
| 2617.42 | 0.000419079 |
| 2617.87 | 0.000415777 |
| 2618.31 | 0.000412489 |
| 2618.76 | 0.000409206 |
| 2619.21 | 0.000405915 |
| 2619.66 |  0.00040263 |
|  2620.1 | 0.000399349 |
| 2620.55 | 0.000396088 |
|  2621.0 | 0.000393274 |
| 2621.44 | 0.000390927 |
| 2621.89 | 0.000388591 |
| 2622.34 | 0.000386248 |
| 2622.78 | 0.000383909 |
| 2623.23 | 0.000381571 |
| 2623.68 | 0.000379244 |
| 2624.13 |  0.00037692 |
| 2624.57 | 0.000374582 |
| 2625.02 | 0.000372262 |
| 2625.47 | 0.000369944 |
| 2625.92 | 0.000367622 |
| 2626.36 | 0.000365309 |
| 2626.81 | 0.000362991 |
| 2627.26 | 0.000360675 |
| 2627.71 | 0.000358363 |
| 2628.16 |  0.00035606 |
|  2628.6 | 0.000353752 |
| 2629.05 | 0.000351445 |
|  2629.5 | 0.000349151 |
| 2629.95 |  0.00034685 |
|  2630.4 | 0.000344565 |
| 2630.85 | 0.000342234 |
|  2631.3 | 0.000339647 |
| 2631.75 | 0.000337064 |
| 2632.19 | 0.000334493 |
| 2632.64 | 0.000331915 |
| 2633.09 | 0.000329347 |
| 2633.54 | 0.000326775 |
| 2633.99 | 0.000324213 |
| 2634.44 | 0.000321647 |
| 2634.89 |  0.00031909 |
| 2635.34 | 0.000316528 |
| 2635.79 | 0.000313969 |
| 2636.24 | 0.000311414 |
| 2636.69 |  0.00030886 |
| 2637.14 | 0.000306318 |
| 2637.59 | 0.000303771 |
| 2638.03 | 0.000301233 |
| 2638.49 | 0.000298691 |
| 2638.94 | 0.000296152 |
| 2639.39 | 0.000293623 |
| 2639.84 | 0.000291089 |
| 2640.29 |  0.00028855 |
| 2640.74 | 0.000286018 |
| 2641.19 | 0.000284045 |
| 2641.64 | 0.000282151 |
| 2642.09 | 0.000280253 |
| 2642.54 | 0.000278358 |
| 2642.99 | 0.000276469 |
| 2643.44 | 0.000274584 |
| 2643.89 | 0.000272701 |
| 2644.34 | 0.000270808 |
| 2644.79 | 0.000268923 |
| 2645.24 |  0.00026704 |
|  2645.7 | 0.000265165 |
| 2646.15 | 0.000263293 |
|  2646.6 |  0.00026141 |
| 2647.05 | 0.000259542 |
|  2647.5 | 0.000257671 |
| 2647.95 |   0.0002558 |
|  2648.4 | 0.000253939 |
| 2648.85 | 0.000252074 |
| 2649.31 | 0.000250216 |
| 2649.76 | 0.000248355 |
| 2650.21 | 0.000246507 |
| 2650.66 | 0.000244667 |
| 2651.11 |  0.00024289 |
| 2651.57 | 0.000241156 |
| 2652.02 | 0.000239423 |
| 2652.47 | 0.000237681 |
| 2652.92 | 0.000235953 |
| 2653.38 | 0.000234221 |
| 2653.83 | 0.000232491 |
| 2654.28 | 0.000230768 |
| 2654.73 | 0.000229048 |
| 2655.19 | 0.000227317 |
| 2655.64 | 0.000225595 |
| 2656.09 |  0.00022388 |
| 2656.55 | 0.000222161 |
|  2657.0 |  0.00022045 |
| 2657.45 | 0.000218741 |
| 2657.91 | 0.000217022 |
| 2658.36 | 0.000215316 |
| 2658.81 | 0.000213613 |
| 2659.26 | 0.000211912 |
| 2659.72 | 0.000210201 |
| 2660.17 | 0.000208504 |
| 2660.62 | 0.000206802 |
| 2661.08 | 0.000205378 |
| 2661.53 | 0.000204119 |
| 2661.99 | 0.000202862 |
| 2662.44 | 0.000201598 |
|  2662.9 | 0.000200343 |
| 2663.35 | 0.000199089 |
|  2663.8 | 0.000197829 |
| 2664.26 | 0.000196578 |
| 2664.71 | 0.000195325 |
| 2665.17 | 0.000194073 |
| 2665.62 | 0.000192826 |
| 2666.07 | 0.000191581 |
| 2666.53 | 0.000190329 |
| 2666.99 | 0.000189087 |
| 2667.44 | 0.000187846 |
| 2667.89 | 0.000186606 |
| 2668.35 | 0.000185364 |
|  2668.8 | 0.000184123 |
| 2669.26 |  0.00018288 |
| 2669.72 | 0.000181646 |
| 2670.17 |  0.00018041 |
| 2670.62 | 0.000179172 |
| 2671.08 | 0.000178142 |
| 2671.54 | 0.000177246 |
| 2671.99 | 0.000176344 |
| 2672.45 |  0.00017545 |
|  2672.9 | 0.000174556 |
| 2673.36 | 0.000173658 |
| 2673.82 | 0.000172766 |
| 2674.27 | 0.000171876 |
| 2674.73 | 0.000170987 |
| 2675.18 | 0.000170095 |
| 2675.64 | 0.000169205 |
|  2676.1 | 0.000168319 |
| 2676.55 | 0.000167431 |
| 2677.01 | 0.000166544 |
| 2677.47 | 0.000165661 |
| 2677.92 | 0.000164773 |
| 2678.38 | 0.000163892 |
| 2678.84 | 0.000163012 |
| 2679.29 |  0.00016213 |
| 2679.75 | 0.000161252 |
| 2680.21 | 0.000160372 |
| 2680.67 | 0.000159501 |
| 2681.12 | 0.000158219 |
| 2681.58 | 0.000156775 |
| 2682.03 | 0.000155332 |
| 2682.49 | 0.000153882 |
| 2682.95 | 0.000152443 |
| 2683.41 | 0.000151005 |
| 2683.87 | 0.000149564 |
| 2684.32 | 0.000148126 |
| 2684.78 | 0.000146694 |
| 2685.24 | 0.000145254 |
|  2685.7 | 0.000143825 |
| 2686.16 | 0.000142398 |
| 2686.61 | 0.000140969 |
| 2687.07 | 0.000139541 |
| 2687.53 | 0.000138119 |
| 2687.99 | 0.000136695 |
| 2688.45 | 0.000135273 |
| 2688.91 | 0.000133857 |
| 2689.36 | 0.000132433 |
| 2689.82 | 0.000131021 |
| 2690.28 |  0.00012961 |
| 2690.74 | 0.000128196 |
|  2691.2 | 0.000127457 |
| 2691.66 | 0.000126818 |
| 2692.12 | 0.000126178 |
| 2692.58 |  0.00012554 |
| 2693.03 | 0.000124903 |
| 2693.49 | 0.000124265 |
| 2693.96 | 0.000123625 |
| 2694.41 |  0.00012299 |
| 2694.87 | 0.000122356 |
| 2695.33 | 0.000121721 |
| 2695.79 | 0.000121086 |
| 2696.25 | 0.000120452 |
| 2696.71 | 0.000119819 |
| 2697.17 | 0.000119189 |
| 2697.63 | 0.000118559 |
| 2698.09 | 0.000117928 |
| 2698.55 | 0.000117298 |
| 2699.01 |  0.00011667 |
| 2699.47 | 0.000116041 |
| 2699.93 | 0.000115415 |
| 2700.39 | 0.000114856 |
| 2700.85 | 0.000114333 |
| 2701.31 | 0.000114006 |
| 2701.77 | 0.000113677 |
| 2702.24 | 0.000113348 |
|  2702.7 |  0.00011302 |
| 2703.16 | 0.000112692 |
| 2703.62 | 0.000112364 |
| 2704.08 | 0.000112036 |
| 2704.54 | 0.000111707 |
|  2705.0 | 0.000111379 |
| 2705.47 |  0.00011105 |
| 2705.93 | 0.000110723 |
| 2706.39 | 0.000110394 |
| 2706.85 | 0.000110067 |
| 2707.31 | 0.000109739 |
| 2707.77 |  0.00010941 |
| 2708.23 | 0.000109083 |
| 2708.69 | 0.000108755 |
| 2709.16 | 0.000108427 |
| 2709.62 | 0.000108099 |
| 2710.08 | 0.000107771 |
| 2710.54 | 0.000107448 |
| 2711.01 | 0.000106945 |
| 2711.47 | 0.000106215 |
| 2711.93 | 0.000105479 |
| 2712.39 | 0.000104748 |
| 2712.85 | 0.000104018 |
| 2713.32 | 0.000103285 |
| 2713.78 | 0.000102552 |
| 2714.25 | 0.000101818 |
| 2714.71 | 0.000101088 |
| 2715.17 | 0.000100354 |
