# Units:
#  "lambda" is in Angstroms
#  "pass" is the contribution to the detector signal per photon
#         entering the atmosphere of Earth
# 
# Bandpass Name(s): F775W
# 
# Instrument: ACS_WFC_F775W
# 
# Determined by: 
# 
# Date of determination: 2010-May-02
# 
# Meaning of/Reason for default column: Only column available
# 
# Notes:
# 
# 
# Obtained from Leonidas Moustakas on 2011-Apr-02 for the CLASH team.
# 
# J. Moustakas, UCSD 2011-Apr-07
|  lambda |        pass |
| 6507.38 |  0.00010656 |
| 6508.01 | 0.000115299 |
| 6508.63 |  0.00012408 |
| 6509.26 | 0.000132821 |
| 6509.89 | 0.000141611 |
| 6510.52 | 0.000150348 |
| 6511.14 | 0.000159037 |
| 6511.77 | 0.000167822 |
|  6512.4 | 0.000176614 |
| 6513.02 | 0.000185304 |
| 6513.65 | 0.000194097 |
| 6514.28 | 0.000202889 |
|  6514.9 | 0.000211635 |
| 6515.53 | 0.000220373 |
| 6516.15 | 0.000229119 |
| 6516.78 |  0.00023792 |
| 6517.41 | 0.000246666 |
| 6518.04 | 0.000255419 |
| 6518.67 | 0.000264213 |
| 6519.29 | 0.000272967 |
| 6519.91 | 0.000281666 |
| 6520.54 | 0.000290465 |
| 6521.17 | 0.000299254 |
|  6521.8 | 0.000308043 |
| 6522.43 | 0.000316736 |
| 6523.06 | 0.000325531 |
| 6523.69 | 0.000334324 |
| 6524.31 | 0.000343016 |
| 6524.94 | 0.000351761 |
| 6525.57 | 0.000360554 |
| 6526.19 | 0.000369299 |
| 6526.82 | 0.000378042 |
| 6527.45 |  0.00038684 |
| 6528.08 | 0.000395583 |
| 6528.71 |  0.00040438 |
| 6529.33 | 0.000413075 |
| 6529.96 | 0.000421871 |
|  6530.6 | 0.000430686 |
| 6531.22 | 0.000439393 |
| 6531.85 | 0.000448155 |
| 6532.48 | 0.000456971 |
| 6533.11 | 0.000465733 |
| 6533.74 |  0.00047455 |
| 6534.37 | 0.000483318 |
| 6534.99 | 0.000492081 |
| 6535.62 | 0.000500904 |
| 6536.25 | 0.000509673 |
| 6536.88 | 0.000518442 |
| 6537.51 | 0.000527259 |
| 6538.14 | 0.000535981 |
| 6538.77 | 0.000544805 |
|  6539.4 | 0.000553629 |
| 6540.02 | 0.000562353 |
| 6540.66 | 0.000571245 |
| 6541.29 | 0.000580085 |
| 6541.91 | 0.000588926 |
| 6542.55 | 0.000597817 |
| 6543.17 |  0.00060667 |
|  6543.8 | 0.000615516 |
| 6544.44 | 0.000624421 |
| 6545.06 | 0.000633224 |
| 6545.69 | 0.000642132 |
| 6546.33 | 0.000651048 |
| 6546.95 | 0.000659858 |
| 6547.58 | 0.000668779 |
| 6548.22 | 0.000677702 |
| 6548.84 | 0.000686524 |
| 6549.48 |  0.00069545 |
|  6550.1 | 0.000704308 |
| 6550.73 | 0.000713101 |
| 6551.37 | 0.000721948 |
|  6552.0 | 0.000730738 |
| 6552.63 | 0.000739577 |
| 6553.26 | 0.000748375 |
| 6553.88 | 0.000757119 |
| 6554.52 | 0.000765964 |
| 6555.15 | 0.000774809 |
| 6555.78 |  0.00078355 |
| 6556.41 | 0.000792394 |
| 6557.04 | 0.000801246 |
| 6557.67 | 0.000809993 |
|  6558.3 | 0.000818837 |
| 6558.93 |  0.00082764 |
| 6559.57 | 0.000836489 |
|  6560.2 | 0.000845304 |
| 6560.83 | 0.000854173 |
| 6561.46 | 0.000863041 |
| 6562.09 | 0.000871965 |
| 6562.72 | 0.000880782 |
| 6563.35 | 0.000889709 |
| 6563.99 | 0.000898638 |
| 6564.62 | 0.000907567 |
| 6565.25 | 0.000916395 |
| 6565.88 | 0.000925278 |
| 6566.51 |  0.00093421 |
| 6567.15 | 0.000943096 |
| 6567.78 | 0.000951982 |
| 6568.41 | 0.000960924 |
| 6569.04 | 0.000969813 |
| 6569.67 | 0.000978711 |
|  6570.3 | 0.000987574 |
| 6570.94 | 0.000996447 |
| 6571.57 |  0.00100532 |
|  6572.2 |  0.00101409 |
| 6572.84 |  0.00102296 |
| 6573.47 |  0.00103184 |
|  6574.1 |  0.00104062 |
| 6574.73 |  0.00104945 |
| 6575.37 |  0.00105833 |
|  6576.0 |  0.00106716 |
| 6576.63 |  0.00107598 |
| 6577.27 |  0.00108486 |
|  6577.9 |  0.00109369 |
| 6578.53 |  0.00110258 |
| 6579.16 |  0.00111136 |
|  6579.8 |  0.00112024 |
| 6580.43 |  0.00112915 |
| 6581.06 |  0.00113798 |
|  6581.7 |  0.00114691 |
| 6582.33 |   0.0011558 |
| 6582.96 |  0.00116469 |
|  6583.6 |  0.00117362 |
| 6584.23 |  0.00118251 |
| 6584.86 |   0.0011914 |
|  6585.5 |  0.00120034 |
| 6586.13 |  0.00120923 |
| 6586.77 |  0.00121812 |
|  6587.4 |  0.00122707 |
| 6588.03 |  0.00123591 |
| 6588.67 |  0.00124486 |
|  6589.3 |  0.00125381 |
| 6589.93 |  0.00126266 |
| 6590.57 |   0.0012716 |
|  6591.2 |  0.00128048 |
| 6591.84 |  0.00128937 |
| 6592.47 |   0.0012983 |
| 6593.11 |  0.00130719 |
| 6593.74 |  0.00131608 |
| 6594.38 |  0.00132502 |
| 6595.01 |  0.00133386 |
| 6595.65 |  0.00134281 |
| 6596.28 |  0.00135175 |
| 6596.91 |  0.00136059 |
| 6597.55 |  0.00136954 |
| 6598.19 |  0.00137849 |
| 6598.82 |  0.00138734 |
| 6599.46 |  0.00139629 |
| 6600.09 |  0.00140519 |
| 6600.72 |  0.00141414 |
| 6601.36 |  0.00142313 |
|  6602.0 |  0.00143208 |
| 6602.63 |  0.00144109 |
| 6603.27 |  0.00145004 |
|  6603.9 |  0.00145894 |
| 6604.54 |  0.00146795 |
| 6605.17 |  0.00147696 |
| 6605.81 |  0.00148586 |
| 6606.44 |  0.00149487 |
| 6607.08 |  0.00150389 |
| 6607.71 |   0.0015128 |
| 6608.35 |  0.00152181 |
| 6608.99 |  0.00153078 |
| 6609.62 |   0.0015398 |
| 6610.26 |  0.00154874 |
|  6610.9 |  0.00155763 |
| 6611.53 |  0.00156653 |
| 6612.17 |  0.00157547 |
|  6612.8 |  0.00158431 |
| 6613.44 |  0.00159325 |
| 6614.08 |   0.0016022 |
| 6614.72 |  0.00161115 |
| 6615.35 |     0.00162 |
| 6615.99 |  0.00162895 |
| 6616.62 |  0.00163785 |
| 6617.26 |  0.00164675 |
|  6617.9 |  0.00165564 |
| 6618.54 |  0.00166459 |
| 6619.17 |   0.0016735 |
| 6619.81 |   0.0016824 |
| 6620.45 |  0.00169137 |
| 6621.08 |  0.00170029 |
| 6621.72 |  0.00170927 |
| 6622.35 |  0.00171814 |
|  6623.0 |  0.00172712 |
| 6623.63 |   0.0017361 |
| 6624.27 |  0.00174498 |
|  6624.9 |  0.00175391 |
| 6625.54 |   0.0017629 |
| 6626.18 |  0.00177182 |
| 6626.82 |  0.00178076 |
| 6627.46 |  0.00178974 |
|  6628.1 |  0.00179868 |
| 6628.73 |  0.00180767 |
| 6629.37 |  0.00181655 |
| 6630.01 |  0.00182554 |
| 6630.65 |  0.00183456 |
| 6631.28 |  0.00184348 |
| 6631.92 |   0.0018525 |
| 6632.56 |  0.00186153 |
|  6633.2 |  0.00187044 |
| 6633.84 |  0.00187947 |
| 6634.48 |  0.00188844 |
| 6635.11 |  0.00189742 |
| 6635.75 |  0.00190645 |
| 6636.39 |  0.00191543 |
| 6637.03 |  0.00192441 |
| 6637.67 |  0.00193344 |
| 6638.31 |  0.00194238 |
| 6638.95 |  0.00195141 |
| 6639.59 |  0.00196045 |
| 6640.22 |  0.00196938 |
| 6640.86 |   0.0019784 |
|  6641.5 |  0.00198737 |
| 6642.14 |  0.00199634 |
| 6642.78 |  0.00200536 |
| 6643.42 |  0.00201433 |
| 6644.06 |  0.00202331 |
|  6644.7 |  0.00203233 |
| 6645.34 |  0.00204132 |
| 6645.98 |  0.00205029 |
| 6646.62 |  0.00205932 |
| 6647.25 |  0.00206825 |
|  6647.9 |  0.00207728 |
| 6648.54 |  0.00208632 |
| 6649.17 |  0.00209525 |
| 6649.82 |  0.00210428 |
| 6650.46 |  0.00211322 |
|  6651.1 |  0.00212213 |
| 6651.74 |   0.0021311 |
| 6652.38 |  0.00214002 |
| 6653.02 |  0.00214899 |
| 6653.66 |  0.00215791 |
|  6654.3 |  0.00216683 |
| 6654.94 |  0.00217575 |
| 6655.58 |  0.00218472 |
| 6656.22 |  0.00219359 |
| 6656.86 |  0.00220257 |
|  6657.5 |  0.00221154 |
| 6658.14 |  0.00222041 |
| 6658.78 |  0.00222938 |
| 6659.42 |   0.0022383 |
| 6660.06 |   0.0022473 |
| 6660.71 |  0.00225641 |
| 6661.35 |  0.00226554 |
| 6661.99 |  0.00227471 |
| 6662.63 |  0.00228383 |
| 6663.27 |   0.0022929 |
| 6663.91 |  0.00230208 |
| 6664.55 |  0.00231126 |
| 6665.19 |  0.00232034 |
| 6665.83 |  0.00232953 |
| 6666.48 |  0.00233872 |
| 6667.12 |   0.0023479 |
| 6667.76 |  0.00235699 |
|  6668.4 |  0.00236613 |
| 6669.04 |  0.00237532 |
| 6669.68 |  0.00238447 |
| 6670.33 |  0.00239349 |
| 6670.97 |  0.00240244 |
| 6671.61 |  0.00241134 |
| 6672.25 |  0.00242029 |
| 6672.89 |  0.00242913 |
| 6673.54 |  0.00243809 |
| 6674.18 |  0.00244704 |
| 6674.82 |  0.00245588 |
| 6675.46 |  0.00246479 |
| 6676.11 |  0.00247374 |
| 6676.75 |  0.00248263 |
| 6677.39 |  0.00249153 |
| 6678.03 |  0.00250048 |
| 6678.67 |  0.00250938 |
| 6679.32 |  0.00251834 |
| 6679.96 |  0.00252724 |
|  6680.6 |  0.00253637 |
| 6681.25 |  0.00254556 |
| 6681.89 |  0.00255465 |
| 6682.53 |  0.00256385 |
| 6683.18 |  0.00257305 |
| 6683.82 |  0.00258215 |
| 6684.46 |  0.00259136 |
| 6685.11 |  0.00260051 |
| 6685.75 |  0.00260966 |
| 6686.39 |  0.00261887 |
| 6687.04 |  0.00262803 |
| 6687.68 |  0.00263719 |
| 6688.33 |  0.00264641 |
| 6688.96 |  0.00265552 |
| 6689.61 |  0.00266474 |
| 6690.26 |  0.00267391 |
|  6690.9 |  0.00268292 |
| 6691.54 |  0.00269203 |
| 6692.19 |  0.00270114 |
| 6692.83 |  0.00271015 |
| 6693.48 |  0.00271926 |
| 6694.12 |  0.00272833 |
| 6694.76 |  0.00273739 |
| 6695.41 |  0.00274651 |
| 6696.05 |  0.00275558 |
| 6696.69 |  0.00276465 |
| 6697.34 |  0.00277377 |
| 6697.98 |  0.00278279 |
| 6698.63 |  0.00279192 |
| 6699.28 |  0.00280103 |
| 6699.92 |  0.00281006 |
| 6700.56 |  0.00281909 |
| 6701.21 |  0.00282811 |
| 6701.85 |  0.00283703 |
|  6702.5 |  0.00284605 |
| 6703.14 |  0.00285502 |
| 6703.79 |  0.00286404 |
| 6704.43 |  0.00287301 |
| 6705.08 |  0.00288198 |
| 6705.72 |  0.00289095 |
| 6706.37 |  0.00289998 |
| 6707.01 |   0.0029089 |
| 6707.66 |  0.00291793 |
| 6708.31 |  0.00292695 |
| 6708.95 |  0.00293587 |
|  6709.6 |   0.0029449 |
| 6710.24 |  0.00295399 |
| 6710.89 |  0.00296329 |
| 6711.53 |  0.00297256 |
| 6712.18 |  0.00298182 |
| 6712.83 |  0.00299115 |
| 6713.47 |  0.00300042 |
| 6714.12 |  0.00300969 |
| 6714.76 |  0.00301897 |
| 6715.41 |  0.00302829 |
| 6716.05 |  0.00303752 |
|  6716.7 |  0.00304685 |
| 6717.35 |  0.00305619 |
|  6718.0 |  0.00306553 |
| 6718.64 |  0.00307476 |
| 6719.29 |  0.00308406 |
| 6719.94 |  0.00309341 |
| 6720.58 |  0.00310254 |
| 6721.23 |  0.00311166 |
| 6721.88 |  0.00312083 |
| 6722.52 |  0.00312996 |
| 6723.17 |  0.00313913 |
| 6723.81 |  0.00314821 |
| 6724.46 |  0.00315738 |
| 6725.11 |  0.00316656 |
| 6725.76 |  0.00317564 |
| 6726.41 |  0.00318481 |
| 6727.05 |  0.00319395 |
|  6727.7 |  0.00320308 |
| 6728.35 |  0.00321221 |
|  6729.0 |   0.0032214 |
| 6729.64 |  0.00323054 |
| 6730.29 |  0.00323965 |
| 6730.94 |  0.00324861 |
| 6731.58 |  0.00325758 |
| 6732.24 |   0.0032666 |
| 6732.88 |  0.00327552 |
| 6733.53 |  0.00328454 |
| 6734.18 |  0.00329356 |
| 6734.82 |  0.00330248 |
| 6735.47 |  0.00331149 |
| 6736.12 |  0.00332046 |
| 6736.77 |  0.00332943 |
| 6737.42 |  0.00333845 |
| 6738.07 |  0.00334743 |
| 6738.71 |  0.00335639 |
| 6739.37 |  0.00336541 |
| 6740.01 |  0.00337434 |
| 6740.66 |  0.00338347 |
| 6741.31 |   0.0033926 |
| 6741.96 |  0.00340163 |
| 6742.61 |  0.00341076 |
| 6743.26 |   0.0034199 |
|  6743.9 |  0.00342894 |
| 6744.56 |  0.00343808 |
|  6745.2 |  0.00344717 |
| 6745.85 |  0.00345625 |
|  6746.5 |  0.00346539 |
| 6747.15 |  0.00347448 |
|  6747.8 |  0.00348358 |
| 6748.45 |  0.00349272 |
|  6749.1 |  0.00350175 |
| 6749.75 |   0.0035109 |
|  6750.4 |  0.00352019 |
| 6751.04 |  0.00352945 |
|  6751.7 |  0.00353882 |
| 6752.35 |  0.00354819 |
| 6752.99 |  0.00355745 |
| 6753.65 |  0.00356683 |
|  6754.3 |  0.00357616 |
| 6754.95 |  0.00358553 |
|  6755.6 |  0.00359486 |
| 6756.25 |  0.00360419 |
|  6756.9 |  0.00361358 |
| 6757.55 |  0.00362291 |
| 6758.19 |  0.00363219 |
| 6758.85 |  0.00364158 |
|  6759.5 |  0.00365098 |
| 6760.15 |  0.00366015 |
|  6760.8 |  0.00366905 |
| 6761.45 |  0.00367793 |
|  6762.1 |  0.00368682 |
| 6762.75 |   0.0036956 |
|  6763.4 |  0.00370444 |
| 6764.06 |  0.00371332 |
| 6764.71 |  0.00372216 |
| 6765.35 |  0.00373099 |
| 6766.01 |  0.00373988 |
| 6766.66 |  0.00374871 |
| 6767.31 |  0.00375749 |
| 6767.96 |  0.00376637 |
| 6768.61 |  0.00377525 |
| 6769.27 |  0.00378413 |
| 6769.91 |  0.00379291 |
| 6770.56 |  0.00380207 |
| 6771.22 |  0.00381134 |
| 6771.87 |  0.00382056 |
| 6772.52 |  0.00382979 |
| 6773.17 |  0.00383906 |
| 6773.82 |  0.00384828 |
| 6774.48 |  0.00385756 |
| 6775.12 |  0.00386673 |
| 6775.78 |  0.00387601 |
| 6776.44 |  0.00388529 |
| 6777.08 |  0.00389447 |
| 6777.74 |  0.00390375 |
| 6778.39 |  0.00391303 |
| 6779.04 |  0.00392221 |
| 6779.69 |  0.00393144 |
| 6780.35 |  0.00394072 |
|  6781.0 |  0.00394992 |
| 6781.65 |  0.00395918 |
|  6782.3 |  0.00396838 |
| 6782.96 |  0.00397759 |
| 6783.61 |  0.00398685 |
| 6784.26 |    0.003996 |
| 6784.92 |  0.00400527 |
| 6785.57 |  0.00401453 |
| 6786.22 |  0.00402369 |
| 6786.88 |  0.00403296 |
| 6787.53 |  0.00404222 |
| 6788.18 |  0.00405138 |
| 6788.83 |  0.00406065 |
| 6789.49 |  0.00406987 |
| 6790.14 |  0.00407906 |
| 6790.79 |  0.00408819 |
| 6791.45 |  0.00409726 |
|  6792.1 |  0.00410635 |
| 6792.76 |  0.00411547 |
|  6793.4 |   0.0041245 |
| 6794.06 |  0.00413363 |
| 6794.72 |  0.00414276 |
| 6795.37 |  0.00415179 |
| 6796.02 |  0.00416093 |
| 6796.68 |  0.00417005 |
| 6797.33 |  0.00417908 |
| 6797.99 |  0.00418821 |
| 6798.64 |  0.00419731 |
| 6799.29 |  0.00420639 |
| 6799.95 |  0.00421552 |
|  6800.6 |  0.00429711 |
| 6801.26 |  0.00438474 |
| 6801.91 |  0.00447289 |
| 6802.56 |  0.00456005 |
| 6803.22 |  0.00464819 |
| 6803.88 |  0.00473633 |
| 6804.53 |  0.00482348 |
| 6805.19 |  0.00491167 |
| 6805.84 |  0.00499933 |
|  6806.5 |  0.00508751 |
| 6807.15 |  0.00517517 |
| 6807.81 |  0.00526282 |
| 6808.46 |  0.00535099 |
| 6809.12 |   0.0054387 |
| 6809.77 |  0.00552588 |
| 6810.42 |  0.00563222 |
| 6811.08 |  0.00574847 |
| 6811.73 |  0.00586333 |
| 6812.39 |  0.00597956 |
| 6813.05 |  0.00609579 |
| 6813.71 |    0.006212 |
| 6814.36 |  0.00632691 |
| 6815.01 |  0.00644249 |
| 6815.67 |  0.00655875 |
| 6816.33 |  0.00667432 |
| 6816.98 |  0.00678988 |
| 6817.64 |  0.00690609 |
|  6818.3 |  0.00702171 |
| 6818.95 |  0.00713654 |
| 6819.61 |  0.00725284 |
| 6820.27 |  0.00739004 |
| 6820.92 |  0.00755854 |
| 6821.58 |  0.00772506 |
| 6822.23 |  0.00789359 |
| 6822.89 |  0.00806123 |
| 6823.55 |  0.00822876 |
|  6824.2 |  0.00839642 |
| 6824.86 |  0.00856495 |
| 6825.52 |  0.00873261 |
| 6826.18 |  0.00890127 |
| 6826.83 |  0.00906893 |
| 6827.49 |   0.0092366 |
| 6828.15 |  0.00940527 |
|  6828.8 |  0.00957208 |
| 6829.46 |  0.00974088 |
| 6830.12 |  0.00991482 |
| 6830.77 |   0.0101103 |
| 6831.43 |   0.0103082 |
| 6832.09 |   0.0105049 |
| 6832.75 |   0.0107015 |
|  6833.4 |   0.0108995 |
| 6834.06 |   0.0110962 |
| 6834.72 |    0.011293 |
| 6835.38 |   0.0114909 |
| 6836.03 |   0.0116867 |
| 6836.69 |   0.0118845 |
| 6837.35 |   0.0120825 |
| 6838.01 |   0.0122783 |
| 6838.67 |   0.0124762 |
| 6839.33 |   0.0126742 |
| 6839.98 |     0.01287 |
| 6840.64 |   0.0131241 |
|  6841.3 |   0.0133784 |
| 6841.96 |   0.0136326 |
| 6842.62 |   0.0138883 |
| 6843.27 |   0.0141424 |
| 6843.93 |   0.0143968 |
| 6844.59 |   0.0146524 |
| 6845.25 |   0.0149051 |
| 6845.91 |   0.0151609 |
| 6846.57 |   0.0154165 |
| 6847.22 |   0.0156692 |
| 6847.89 |   0.0159248 |
| 6848.55 |   0.0161804 |
|  6849.2 |   0.0164332 |
| 6849.86 |   0.0166887 |
| 6850.52 |   0.0169947 |
| 6851.18 |   0.0173144 |
| 6851.84 |   0.0176359 |
|  6852.5 |   0.0179556 |
| 6853.16 |   0.0182771 |
| 6853.82 |    0.018597 |
| 6854.48 |   0.0189147 |
| 6855.14 |   0.0192364 |
|  6855.8 |   0.0195579 |
| 6856.46 |    0.019876 |
| 6857.12 |   0.0201975 |
| 6857.78 |   0.0205175 |
| 6858.44 |   0.0208392 |
|  6859.1 |    0.021159 |
| 6859.76 |    0.021479 |
| 6860.42 |   0.0218424 |
| 6861.08 |   0.0222281 |
| 6861.74 |   0.0226137 |
|  6862.4 |   0.0230017 |
| 6863.06 |   0.0233874 |
| 6863.72 |   0.0237711 |
| 6864.38 |   0.0241591 |
| 6865.04 |   0.0245475 |
| 6865.71 |   0.0249355 |
| 6866.36 |   0.0253193 |
| 6867.02 |   0.0257054 |
| 6867.69 |   0.0260938 |
| 6868.35 |   0.0264803 |
|  6869.0 |   0.0268664 |
| 6869.67 |   0.0272549 |
| 6870.33 |   0.0277132 |
| 6870.98 |   0.0282411 |
| 6871.65 |   0.0287751 |
| 6872.31 |   0.0293092 |
| 6872.98 |   0.0298432 |
| 6873.63 |    0.030371 |
|  6874.3 |    0.030905 |
| 6874.96 |   0.0314362 |
| 6875.62 |   0.0319674 |
| 6876.28 |   0.0324986 |
| 6876.94 |   0.0330325 |
|  6877.6 |    0.033564 |
| 6878.27 |   0.0340982 |
| 6878.93 |   0.0346293 |
| 6879.59 |   0.0351603 |
| 6880.25 |   0.0357402 |
| 6880.91 |   0.0363852 |
| 6881.58 |   0.0370379 |
| 6882.24 |   0.0376901 |
|  6882.9 |   0.0383356 |
| 6883.56 |   0.0389883 |
| 6884.23 |   0.0396409 |
| 6884.89 |   0.0402864 |
| 6885.55 |   0.0409391 |
| 6886.21 |   0.0415884 |
| 6886.88 |   0.0422376 |
| 6887.54 |   0.0428907 |
|  6888.2 |   0.0435399 |
| 6888.86 |   0.0441891 |
| 6889.53 |   0.0448427 |
| 6890.19 |   0.0454761 |
| 6890.85 |    0.046085 |
| 6891.52 |   0.0466942 |
| 6892.18 |   0.0472962 |
| 6892.84 |   0.0479054 |
| 6893.51 |   0.0485109 |
| 6894.17 |   0.0491163 |
| 6894.83 |   0.0497257 |
|  6895.5 |    0.050331 |
| 6896.16 |   0.0509368 |
| 6896.83 |   0.0515461 |
| 6897.49 |   0.0521516 |
| 6898.15 |   0.0527572 |
| 6898.82 |   0.0533663 |
| 6899.48 |   0.0539686 |
| 6900.14 |   0.0546363 |
| 6900.81 |   0.0555181 |
| 6901.47 |   0.0563895 |
| 6902.14 |   0.0572706 |
|  6902.8 |   0.0581471 |
| 6903.46 |   0.0590241 |
| 6904.13 |   0.0599056 |
| 6904.79 |   0.0607821 |
| 6905.46 |   0.0616641 |
| 6906.12 |   0.0625403 |
| 6906.78 |    0.063412 |
| 6907.45 |    0.064294 |
| 6908.12 |   0.0651759 |
| 6908.78 |   0.0660481 |
| 6909.45 |     0.06693 |
| 6910.11 |   0.0677851 |
| 6910.78 |     0.06851 |
| 6911.44 |    0.069227 |
|  6912.1 |   0.0699482 |
| 6912.77 |   0.0706739 |
| 6913.44 |   0.0713955 |
|  6914.1 |   0.0721177 |
| 6914.77 |   0.0728435 |
| 6915.43 |   0.0735658 |
| 6916.09 |   0.0742835 |
| 6916.76 |   0.0750103 |
| 6917.43 |   0.0757372 |
|  6918.1 |   0.0764641 |
| 6918.76 |   0.0771826 |
| 6919.43 |   0.0779097 |
| 6920.09 |   0.0786688 |
| 6920.76 |   0.0796443 |
| 6921.42 |   0.0806204 |
| 6922.09 |   0.0816021 |
| 6922.76 |    0.082578 |
| 6923.42 |   0.0835539 |
| 6924.09 |   0.0845296 |
| 6924.76 |   0.0855109 |
| 6925.43 |    0.086493 |
| 6926.09 |   0.0874635 |
| 6926.76 |   0.0884446 |
| 6927.43 |   0.0894263 |
| 6928.09 |   0.0903965 |
| 6928.76 |   0.0913782 |
| 6929.42 |   0.0923546 |
| 6930.09 |   0.0933429 |
| 6930.76 |   0.0944203 |
| 6931.42 |   0.0954921 |
| 6932.09 |   0.0965638 |
| 6932.76 |   0.0976415 |
| 6933.42 |   0.0987065 |
| 6934.09 |   0.0997839 |
| 6934.76 |    0.100861 |
| 6935.42 |    0.101927 |
| 6936.09 |    0.103004 |
| 6936.77 |    0.104081 |
| 6937.43 |    0.105146 |
|  6938.1 |    0.106223 |
| 6938.76 |    0.107294 |
| 6939.43 |    0.108365 |
|  6940.1 |    0.109444 |
| 6940.77 |    0.110523 |
| 6941.44 |    0.111603 |
|  6942.1 |    0.112688 |
| 6942.77 |    0.113763 |
| 6943.44 |     0.11485 |
| 6944.11 |    0.115936 |
| 6944.77 |     0.11701 |
| 6945.44 |    0.118096 |
| 6946.12 |    0.119183 |
| 6946.78 |    0.120258 |
| 6947.45 |    0.121345 |
| 6948.12 |    0.122425 |
| 6948.79 |    0.123507 |
| 6949.46 |    0.124595 |
| 6950.12 |     0.12571 |
| 6950.79 |    0.126974 |
| 6951.46 |    0.128244 |
| 6952.13 |      0.1295 |
|  6952.8 |    0.130771 |
| 6953.47 |    0.132041 |
| 6954.14 |    0.133296 |
| 6954.81 |    0.134566 |
| 6955.48 |    0.135829 |
| 6956.15 |    0.137091 |
| 6956.82 |    0.138361 |
| 6957.48 |    0.139623 |
| 6958.16 |    0.140892 |
| 6958.83 |    0.142154 |
| 6959.49 |    0.143409 |
| 6960.16 |    0.144717 |
| 6960.83 |    0.146153 |
|  6961.5 |    0.147572 |
| 6962.17 |    0.149007 |
| 6962.85 |    0.150443 |
| 6963.51 |    0.151862 |
| 6964.18 |    0.153296 |
| 6964.85 |    0.154723 |
| 6965.53 |    0.156157 |
| 6966.19 |    0.157584 |
| 6966.87 |     0.15901 |
| 6967.54 |    0.160444 |
| 6968.21 |     0.16187 |
| 6968.87 |    0.163287 |
| 6969.55 |    0.164722 |
| 6970.22 |    0.166019 |
| 6970.89 |    0.167034 |
| 6971.56 |    0.168037 |
| 6972.23 |    0.169052 |
|  6972.9 |    0.170061 |
| 6973.57 |    0.171071 |
| 6974.24 |     0.17208 |
| 6974.92 |    0.173095 |
| 6975.59 |    0.174104 |
| 6976.26 |    0.175114 |
| 6976.93 |    0.176128 |
|  6977.6 |    0.177138 |
| 6978.27 |    0.178153 |
| 6978.94 |    0.179156 |
| 6979.62 |    0.180171 |
| 6980.29 |    0.181277 |
| 6980.96 |    0.182489 |
| 6981.63 |    0.183715 |
|  6982.3 |    0.184934 |
| 6982.97 |    0.186153 |
| 6983.65 |     0.18738 |
| 6984.32 |      0.1886 |
| 6984.99 |    0.189819 |
| 6985.67 |    0.191046 |
| 6986.34 |    0.192266 |
| 6987.01 |    0.193486 |
| 6987.68 |    0.194714 |
| 6988.35 |    0.195928 |
| 6989.02 |    0.197156 |
|  6989.7 |    0.198383 |
| 6990.37 |    0.199683 |
| 6991.04 |    0.201065 |
| 6991.71 |    0.202439 |
| 6992.39 |    0.203814 |
| 6993.06 |    0.205197 |
| 6993.73 |    0.206572 |
| 6994.41 |    0.207947 |
| 6995.08 |    0.209329 |
| 6995.75 |    0.210697 |
| 6996.43 |    0.212079 |
|  6997.1 |    0.213462 |
| 6997.77 |    0.214829 |
| 6998.45 |    0.216213 |
| 6999.12 |    0.217596 |
| 6999.79 |    0.218963 |
| 7000.47 |     0.22038 |
| 7001.14 |    0.221805 |
| 7001.81 |    0.223228 |
| 7002.49 |    0.224661 |
| 7003.16 |    0.226085 |
| 7003.84 |    0.227517 |
| 7004.51 |     0.22894 |
| 7005.18 |    0.230354 |
| 7005.86 |    0.231785 |
| 7006.54 |    0.233217 |
| 7007.21 |    0.234631 |
| 7007.88 |    0.236061 |
| 7008.56 |    0.237484 |
| 7009.23 |    0.238906 |
| 7009.91 |    0.240336 |
| 7010.58 |    0.241481 |
| 7011.26 |    0.242589 |
| 7011.93 |    0.243691 |
|  7012.6 |    0.244791 |
| 7013.28 |    0.245899 |
| 7013.96 |    0.246999 |
| 7014.62 |    0.248093 |
|  7015.3 |      0.2492 |
| 7015.98 |    0.250306 |
| 7016.65 |      0.2514 |
| 7017.33 |    0.252506 |
|  7018.0 |    0.253607 |
| 7018.68 |    0.254713 |
| 7019.36 |    0.255814 |
| 7020.03 |    0.256909 |
| 7020.71 |    0.257924 |
| 7021.38 |    0.258934 |
| 7022.06 |    0.259943 |
| 7022.73 |    0.260953 |
| 7023.41 |    0.261968 |
| 7024.09 |    0.262983 |
| 7024.76 |    0.263987 |
| 7025.44 |    0.265002 |
| 7026.12 |    0.266017 |
| 7026.79 |     0.26702 |
| 7027.46 |    0.268029 |
| 7028.14 |    0.269045 |
| 7028.82 |    0.270054 |
| 7029.49 |    0.271063 |
| 7030.17 |    0.272129 |
| 7030.85 |    0.273335 |
| 7031.53 |    0.274548 |
|  7032.2 |    0.275747 |
| 7032.88 |    0.276961 |
| 7033.56 |    0.278173 |
| 7034.23 |    0.279373 |
| 7034.91 |    0.280586 |
| 7035.59 |      0.2818 |
| 7036.26 |    0.282999 |
| 7036.94 |     0.28421 |
| 7037.62 |    0.285417 |
| 7038.29 |    0.286623 |
| 7038.98 |    0.287837 |
| 7039.65 |    0.289043 |
| 7040.33 |    0.290035 |
| 7041.01 |    0.290804 |
| 7041.68 |    0.291564 |
| 7042.36 |    0.292334 |
| 7043.04 |    0.293103 |
| 7043.71 |    0.293863 |
| 7044.39 |    0.294632 |
| 7045.07 |    0.295396 |
| 7045.75 |     0.29616 |
| 7046.43 |    0.296929 |
|  7047.1 |    0.297693 |
| 7047.78 |    0.298457 |
| 7048.46 |    0.299226 |
| 7049.14 |    0.299989 |
| 7049.82 |    0.300753 |
|  7050.5 |    0.301598 |
| 7051.17 |    0.302462 |
| 7051.85 |    0.303335 |
| 7052.54 |    0.304209 |
| 7053.21 |    0.305071 |
| 7053.89 |    0.305944 |
| 7054.57 |    0.306813 |
| 7055.25 |    0.307681 |
| 7055.93 |    0.308554 |
| 7056.61 |    0.309422 |
| 7057.29 |    0.310295 |
| 7057.97 |    0.311163 |
| 7058.64 |    0.312025 |
| 7059.32 |    0.312898 |
|  7060.0 |    0.313771 |
| 7060.68 |    0.314748 |
| 7061.36 |    0.315735 |
| 7062.04 |    0.316721 |
| 7062.72 |    0.317698 |
|  7063.4 |    0.318684 |
| 7064.08 |    0.319665 |
| 7064.76 |    0.320652 |
| 7065.44 |    0.321633 |
| 7066.12 |    0.322613 |
|  7066.8 |    0.323599 |
| 7067.48 |    0.324579 |
| 7068.16 |    0.325554 |
| 7068.84 |    0.326539 |
| 7069.52 |    0.327523 |
|  7070.2 |    0.328409 |
| 7070.88 |     0.32909 |
| 7071.56 |     0.32977 |
| 7072.24 |    0.330446 |
| 7072.92 |    0.331123 |
|  7073.6 |    0.331799 |
| 7074.29 |    0.332479 |
| 7074.96 |    0.333155 |
| 7075.65 |    0.333832 |
| 7076.33 |    0.334508 |
| 7077.01 |    0.335188 |
| 7077.69 |    0.335868 |
| 7078.37 |     0.33654 |
| 7079.05 |     0.33722 |
| 7079.74 |      0.3379 |
| 7080.41 |    0.338672 |
|  7081.1 |    0.339517 |
| 7081.78 |    0.340357 |
| 7082.46 |    0.341198 |
| 7083.14 |    0.342038 |
| 7083.82 |    0.342883 |
|  7084.5 |    0.343723 |
| 7085.19 |    0.344568 |
| 7085.86 |    0.345404 |
| 7086.55 |    0.346249 |
| 7087.23 |    0.347093 |
| 7087.91 |    0.347928 |
|  7088.6 |    0.348773 |
| 7089.28 |    0.349618 |
| 7089.96 |    0.350453 |
| 7090.64 |    0.350897 |
| 7091.32 |    0.351312 |
|  7092.0 |    0.351728 |
| 7092.69 |    0.352145 |
| 7093.37 |     0.35256 |
| 7094.05 |    0.352974 |
| 7094.74 |    0.353392 |
| 7095.42 |    0.353804 |
|  7096.1 |    0.354221 |
| 7096.79 |    0.354638 |
| 7097.47 |     0.35505 |
| 7098.15 |    0.355466 |
| 7098.84 |    0.355882 |
| 7099.52 |    0.356294 |
|  7100.2 |    0.356801 |
| 7100.88 |    0.357521 |
| 7101.57 |    0.358241 |
| 7102.25 |    0.358966 |
| 7102.94 |    0.359687 |
| 7103.62 |    0.360406 |
|  7104.3 |     0.36113 |
| 7104.98 |    0.361846 |
| 7105.67 |     0.36257 |
| 7106.35 |    0.363293 |
| 7107.03 |    0.364008 |
| 7107.72 |    0.364732 |
|  7108.4 |    0.365451 |
| 7109.09 |     0.36617 |
| 7109.77 |    0.366893 |
| 7110.46 |    0.367712 |
| 7111.14 |    0.368586 |
| 7111.83 |    0.369455 |
| 7112.51 |    0.370318 |
| 7113.19 |    0.371192 |
| 7113.88 |    0.372065 |
| 7114.56 |    0.372929 |
| 7115.25 |    0.373803 |
| 7115.94 |    0.374677 |
| 7116.62 |     0.37554 |
|  7117.3 |    0.376414 |
| 7117.99 |    0.377282 |
| 7118.67 |    0.378156 |
| 7119.36 |    0.379024 |
| 7120.04 |     0.37983 |
| 7120.73 |    0.379686 |
| 7121.41 |    0.379543 |
| 7122.09 |      0.3794 |
| 7122.78 |    0.379256 |
| 7123.47 |    0.379113 |
| 7124.15 |    0.378971 |
| 7124.84 |    0.378826 |
| 7125.53 |    0.378682 |
| 7126.22 |    0.378538 |
|  7126.9 |    0.378395 |
| 7127.58 |    0.378252 |
| 7128.27 |    0.378108 |
| 7128.96 |    0.377964 |
| 7129.64 |     0.37782 |
| 7130.33 |    0.378095 |
| 7131.02 |    0.378823 |
|  7131.7 |    0.379554 |
| 7132.38 |    0.380278 |
| 7133.07 |    0.381009 |
| 7133.76 |     0.38174 |
| 7134.44 |    0.382463 |
| 7135.13 |    0.383195 |
| 7135.82 |    0.383925 |
|  7136.5 |    0.384647 |
| 7137.19 |    0.385374 |
| 7137.88 |    0.386105 |
| 7138.57 |    0.386832 |
| 7139.26 |    0.387562 |
| 7139.94 |    0.388288 |
| 7140.63 |    0.388709 |
| 7141.32 |    0.389105 |
|  7142.0 |    0.389497 |
| 7142.69 |    0.389892 |
| 7143.38 |    0.390288 |
| 7144.06 |     0.39068 |
| 7144.75 |    0.391073 |
| 7145.44 |    0.391468 |
| 7146.13 |    0.391861 |
| 7146.82 |    0.392256 |
|  7147.5 |    0.392649 |
| 7148.19 |    0.393043 |
| 7148.88 |    0.393438 |
| 7149.56 |    0.393828 |
| 7150.25 |    0.394304 |
| 7150.94 |    0.394918 |
| 7151.63 |    0.395525 |
| 7152.32 |     0.39614 |
| 7153.01 |    0.396753 |
| 7153.69 |     0.39736 |
| 7154.38 |    0.397974 |
| 7155.07 |    0.398584 |
| 7155.76 |    0.399193 |
| 7156.45 |    0.399807 |
| 7157.14 |    0.400417 |
| 7157.83 |    0.401026 |
| 7158.52 |    0.401639 |
|  7159.2 |    0.402244 |
| 7159.89 |    0.402857 |
| 7160.58 |    0.402859 |
| 7161.27 |     0.40275 |
| 7161.96 |     0.40264 |
| 7162.65 |     0.40253 |
| 7163.34 |    0.402422 |
| 7164.03 |    0.402312 |
| 7164.72 |    0.402203 |
| 7165.41 |    0.402093 |
|  7166.1 |    0.401984 |
| 7166.79 |    0.401874 |
| 7167.48 |    0.401764 |
| 7168.17 |    0.401654 |
| 7168.85 |    0.401546 |
| 7169.55 |    0.401436 |
| 7170.24 |    0.401467 |
| 7170.92 |    0.401763 |
| 7171.62 |    0.402062 |
| 7172.31 |    0.402361 |
|  7173.0 |    0.402659 |
| 7173.69 |    0.402957 |
| 7174.38 |    0.403255 |
| 7175.07 |    0.403553 |
| 7175.76 |     0.40385 |
| 7176.45 |    0.404148 |
| 7177.14 |    0.404446 |
| 7177.83 |    0.404744 |
| 7178.52 |     0.40504 |
| 7179.21 |    0.405339 |
|  7179.9 |    0.405637 |
|  7180.6 |    0.405883 |
| 7181.28 |    0.406116 |
| 7181.97 |    0.406352 |
| 7182.67 |    0.406588 |
| 7183.36 |    0.406823 |
| 7184.05 |    0.407057 |
| 7184.74 |    0.407294 |
| 7185.43 |     0.40753 |
| 7186.13 |    0.407767 |
| 7186.81 |       0.408 |
| 7187.51 |    0.408237 |
|  7188.2 |    0.408473 |
| 7188.89 |    0.408706 |
| 7189.58 |    0.408944 |
| 7190.28 |    0.409231 |
| 7190.96 |     0.40959 |
| 7191.66 |    0.409951 |
| 7192.35 |    0.410313 |
| 7193.04 |    0.410674 |
| 7193.74 |    0.411037 |
| 7194.43 |    0.411398 |
| 7195.12 |    0.411759 |
| 7195.81 |    0.412122 |
|  7196.5 |    0.412481 |
|  7197.2 |    0.412843 |
| 7197.89 |    0.413207 |
| 7198.58 |    0.413565 |
| 7199.28 |    0.413928 |
| 7199.97 |    0.414289 |
| 7200.66 |    0.414737 |
| 7201.35 |    0.415193 |
| 7202.05 |    0.415645 |
| 7202.74 |    0.416097 |
| 7203.44 |    0.416552 |
| 7204.13 |    0.417004 |
| 7204.82 |    0.417456 |
| 7205.52 |    0.417911 |
|  7206.2 |    0.418361 |
|  7206.9 |    0.418815 |
|  7207.6 |     0.41927 |
| 7208.29 |    0.419719 |
| 7208.98 |    0.420174 |
| 7209.67 |    0.420625 |
| 7210.37 |    0.420874 |
| 7211.06 |    0.420943 |
| 7211.76 |     0.42101 |
| 7212.45 |    0.421079 |
| 7213.15 |    0.421147 |
| 7213.83 |    0.421214 |
| 7214.53 |    0.421282 |
| 7215.23 |     0.42135 |
| 7215.92 |    0.421417 |
| 7216.62 |    0.421485 |
| 7217.31 |    0.421553 |
|  7218.0 |     0.42162 |
|  7218.7 |    0.421688 |
| 7219.39 |    0.421755 |
| 7220.09 |    0.421849 |
| 7220.79 |    0.422115 |
| 7221.48 |     0.42238 |
| 7222.18 |    0.422646 |
| 7222.87 |    0.422911 |
| 7223.56 |    0.423175 |
| 7224.26 |    0.423441 |
| 7224.96 |    0.423707 |
| 7225.65 |     0.42397 |
| 7226.35 |    0.424237 |
| 7227.04 |    0.424503 |
| 7227.74 |    0.424767 |
| 7228.43 |    0.425031 |
| 7229.13 |    0.425296 |
| 7229.83 |    0.425561 |
| 7230.52 |    0.425547 |
| 7231.21 |    0.425438 |
| 7231.91 |     0.42533 |
| 7232.61 |    0.425222 |
|  7233.3 |    0.425114 |
|  7234.0 |    0.425005 |
|  7234.7 |    0.424895 |
|  7235.4 |    0.424787 |
| 7236.09 |    0.424679 |
| 7236.79 |     0.42457 |
| 7237.48 |    0.424462 |
| 7238.18 |    0.424353 |
| 7238.87 |    0.424246 |
| 7239.57 |    0.424137 |
| 7240.27 |    0.424179 |
| 7240.97 |    0.424466 |
| 7241.66 |    0.424753 |
| 7242.36 |    0.425039 |
| 7243.06 |    0.425326 |
| 7243.75 |     0.42561 |
| 7244.45 |    0.425897 |
| 7245.15 |    0.426185 |
| 7245.84 |    0.426469 |
| 7246.54 |    0.426755 |
| 7247.24 |    0.427043 |
| 7247.93 |    0.427328 |
| 7248.63 |    0.427615 |
| 7249.33 |      0.4279 |
| 7250.03 |    0.428162 |
| 7250.73 |    0.427832 |
| 7251.42 |    0.427505 |
| 7252.12 |    0.427174 |
| 7252.82 |    0.426843 |
| 7253.52 |    0.426517 |
| 7254.22 |    0.426187 |
| 7254.92 |    0.425856 |
| 7255.61 |     0.42553 |
| 7256.31 |      0.4252 |
| 7257.01 |    0.424872 |
| 7257.71 |    0.424543 |
| 7258.41 |    0.424214 |
|  7259.1 |    0.423886 |
|  7259.8 |    0.423558 |
|  7260.5 |    0.423695 |
|  7261.2 |    0.424013 |
|  7261.9 |    0.424334 |
|  7262.6 |    0.424656 |
| 7263.29 |    0.424975 |
|  7264.0 |    0.425297 |
| 7264.69 |    0.425616 |
| 7265.39 |    0.425936 |
| 7266.09 |    0.426259 |
| 7266.79 |    0.426578 |
| 7267.49 |    0.426897 |
| 7268.19 |    0.427219 |
| 7268.89 |     0.42754 |
| 7269.59 |    0.427859 |
| 7270.29 |    0.428036 |
| 7270.98 |    0.428009 |
| 7271.69 |    0.427982 |
| 7272.39 |    0.427955 |
| 7273.08 |    0.427929 |
| 7273.79 |    0.427901 |
| 7274.49 |    0.427874 |
| 7275.19 |    0.427847 |
| 7275.89 |     0.42782 |
| 7276.59 |    0.427792 |
| 7277.29 |    0.427765 |
| 7277.99 |    0.427738 |
| 7278.69 |    0.427712 |
| 7279.39 |    0.427685 |
| 7280.09 |    0.427597 |
| 7280.79 |    0.427108 |
| 7281.49 |    0.426614 |
| 7282.19 |    0.426119 |
|  7282.9 |    0.425625 |
| 7283.59 |    0.425137 |
| 7284.29 |    0.424646 |
|  7285.0 |    0.424152 |
|  7285.7 |    0.423661 |
|  7286.4 |     0.42317 |
|  7287.1 |    0.422677 |
|  7287.8 |    0.422186 |
|  7288.5 |    0.421698 |
|  7289.2 |    0.421204 |
| 7289.91 |    0.420712 |
| 7290.61 |    0.420794 |
| 7291.31 |    0.420964 |
| 7292.01 |    0.421136 |
| 7292.72 |    0.421308 |
| 7293.41 |    0.421477 |
| 7294.11 |    0.421648 |
| 7294.82 |     0.42182 |
| 7295.52 |     0.42199 |
| 7296.22 |    0.422161 |
| 7296.92 |    0.422331 |
| 7297.63 |    0.422502 |
| 7298.33 |    0.422673 |
| 7299.03 |    0.422842 |
| 7299.73 |    0.423014 |
| 7300.44 |    0.423356 |
| 7301.14 |    0.423795 |
| 7301.84 |     0.42424 |
| 7302.54 |    0.424682 |
| 7303.25 |    0.425124 |
| 7303.95 |    0.425568 |
| 7304.65 |    0.426011 |
| 7305.35 |    0.426452 |
| 7306.06 |    0.426897 |
| 7306.76 |    0.427336 |
| 7307.46 |     0.42778 |
| 7308.17 |    0.428224 |
| 7308.87 |    0.428662 |
| 7309.57 |    0.429107 |
| 7310.28 |    0.429473 |
| 7310.98 |    0.429718 |
| 7311.69 |    0.429966 |
| 7312.39 |    0.430212 |
| 7313.09 |    0.430458 |
|  7313.8 |    0.430706 |
|  7314.5 |    0.430953 |
|  7315.2 |    0.431199 |
| 7315.91 |    0.431447 |
| 7316.61 |    0.431692 |
| 7317.31 |    0.431939 |
| 7318.02 |    0.432187 |
| 7318.72 |    0.432431 |
| 7319.43 |    0.432678 |
| 7320.13 |     0.43284 |
| 7320.83 |    0.432641 |
| 7321.54 |     0.43244 |
| 7322.25 |    0.432241 |
| 7322.95 |    0.432041 |
| 7323.66 |    0.431839 |
| 7324.36 |     0.43164 |
| 7325.07 |    0.431439 |
| 7325.77 |    0.431239 |
| 7326.47 |     0.43104 |
| 7327.18 |    0.430839 |
| 7327.89 |    0.430638 |
| 7328.59 |    0.430439 |
| 7329.29 |    0.430239 |
|  7330.0 |    0.430036 |
|  7330.7 |    0.429621 |
| 7331.41 |    0.429201 |
| 7332.12 |    0.428783 |
| 7332.83 |    0.428363 |
| 7333.53 |    0.427945 |
| 7334.23 |    0.427527 |
| 7334.94 |    0.427109 |
| 7335.65 |    0.426689 |
| 7336.35 |    0.426275 |
| 7337.06 |    0.425855 |
| 7337.77 |    0.425435 |
| 7338.48 |    0.425015 |
| 7339.18 |      0.4246 |
| 7339.88 |    0.424183 |
| 7340.59 |      0.4245 |
|  7341.3 |    0.424964 |
|  7342.0 |    0.425427 |
| 7342.71 |    0.425892 |
| 7343.42 |    0.426355 |
| 7344.12 |    0.426818 |
| 7344.83 |     0.42728 |
| 7345.54 |    0.427745 |
| 7346.25 |    0.428211 |
| 7346.95 |    0.428671 |
| 7347.66 |    0.429135 |
| 7348.37 |      0.4296 |
| 7349.07 |    0.430059 |
| 7349.78 |    0.430521 |
| 7350.49 |    0.430658 |
| 7351.19 |    0.430645 |
|  7351.9 |     0.43063 |
| 7352.61 |    0.430617 |
| 7353.32 |    0.430603 |
| 7354.03 |     0.43059 |
| 7354.73 |    0.430575 |
| 7355.44 |    0.430562 |
| 7356.15 |    0.430548 |
| 7356.85 |    0.430534 |
| 7357.56 |     0.43052 |
| 7358.27 |    0.430507 |
| 7358.98 |    0.430493 |
| 7359.69 |    0.430478 |
|  7360.4 |    0.430337 |
|  7361.1 |    0.430095 |
| 7361.81 |    0.429851 |
| 7362.52 |    0.429609 |
| 7363.23 |    0.429367 |
| 7363.94 |    0.429124 |
| 7364.64 |    0.428883 |
| 7365.35 |    0.428639 |
| 7366.07 |    0.428396 |
| 7366.77 |    0.428155 |
| 7367.48 |    0.427912 |
| 7368.19 |     0.42767 |
|  7368.9 |    0.427428 |
| 7369.61 |    0.427185 |
| 7370.32 |    0.427257 |
| 7371.03 |    0.427713 |
| 7371.74 |    0.428173 |
| 7372.44 |    0.428627 |
| 7373.15 |    0.429087 |
| 7373.87 |    0.429546 |
| 7374.57 |        0.43 |
| 7375.29 |    0.430459 |
|  7376.0 |    0.430918 |
|  7376.7 |    0.431372 |
| 7377.42 |    0.431831 |
| 7378.12 |    0.432288 |
| 7378.83 |    0.432744 |
| 7379.54 |    0.433203 |
| 7380.25 |     0.43336 |
| 7380.97 |    0.432977 |
| 7381.68 |    0.432596 |
| 7382.39 |    0.432216 |
|  7383.1 |    0.431835 |
| 7383.81 |    0.431453 |
| 7384.51 |    0.431075 |
| 7385.23 |    0.430693 |
| 7385.94 |    0.430311 |
| 7386.65 |    0.429933 |
| 7387.36 |    0.429551 |
| 7388.07 |    0.429171 |
| 7388.78 |    0.428789 |
| 7389.49 |     0.42841 |
|  7390.2 |    0.428156 |
| 7390.92 |    0.428213 |
| 7391.63 |     0.42827 |
| 7392.33 |    0.428327 |
| 7393.05 |    0.428385 |
| 7393.76 |    0.428441 |
| 7394.48 |    0.428498 |
| 7395.18 |    0.428555 |
|  7395.9 |    0.428613 |
| 7396.61 |     0.42867 |
| 7397.32 |    0.428726 |
| 7398.03 |    0.428784 |
| 7398.75 |     0.42884 |
| 7399.46 |    0.428897 |
| 7400.17 |    0.428959 |
| 7400.88 |    0.429036 |
| 7401.59 |    0.429112 |
| 7402.31 |    0.429189 |
| 7403.02 |    0.429265 |
| 7403.73 |    0.429342 |
| 7404.44 |    0.429419 |
| 7405.15 |    0.429494 |
| 7405.86 |     0.42957 |
| 7406.58 |    0.429647 |
| 7407.29 |    0.429723 |
| 7408.01 |    0.429799 |
| 7408.72 |    0.429874 |
| 7409.43 |     0.42995 |
| 7410.15 |    0.429931 |
| 7410.85 |    0.429543 |
| 7411.57 |     0.42915 |
| 7412.29 |    0.428758 |
|  7413.0 |    0.428369 |
| 7413.71 |    0.427977 |
| 7414.43 |    0.427585 |
| 7415.14 |    0.427197 |
| 7415.85 |    0.426805 |
| 7416.56 |    0.426414 |
| 7417.28 |    0.426024 |
| 7417.99 |    0.425631 |
| 7418.71 |    0.425242 |
| 7419.42 |    0.424851 |
| 7420.14 |    0.424492 |
| 7420.85 |    0.424274 |
| 7421.56 |    0.424054 |
| 7422.28 |    0.423835 |
| 7422.99 |    0.423617 |
| 7423.71 |    0.423397 |
| 7424.42 |    0.423177 |
| 7425.13 |    0.422959 |
| 7425.85 |    0.422741 |
| 7426.56 |    0.422522 |
| 7427.28 |    0.422303 |
| 7427.99 |    0.422083 |
| 7428.71 |    0.421866 |
| 7429.42 |    0.421648 |
| 7430.14 |    0.421476 |
| 7430.85 |    0.421503 |
| 7431.57 |     0.42153 |
| 7432.29 |    0.421557 |
|  7433.0 |    0.421584 |
| 7433.71 |     0.42161 |
| 7434.43 |    0.421637 |
| 7435.14 |    0.421663 |
| 7435.86 |    0.421691 |
| 7436.58 |    0.421717 |
| 7437.29 |    0.421744 |
| 7438.01 |    0.421771 |
| 7438.72 |    0.421797 |
| 7439.44 |    0.421823 |
| 7440.16 |    0.421765 |
| 7440.87 |      0.4214 |
| 7441.58 |    0.421032 |
| 7442.31 |    0.420663 |
| 7443.02 |    0.420298 |
| 7443.73 |    0.419929 |
| 7444.45 |    0.419563 |
| 7445.17 |    0.419195 |
| 7445.88 |    0.418829 |
|  7446.6 |    0.418463 |
| 7447.32 |    0.418094 |
| 7448.04 |    0.417729 |
| 7448.75 |    0.417365 |
| 7449.47 |    0.416997 |
| 7450.19 |    0.416741 |
| 7450.91 |    0.416801 |
| 7451.62 |    0.416861 |
| 7452.34 |    0.416921 |
| 7453.06 |    0.416981 |
| 7453.77 |    0.417041 |
| 7454.49 |    0.417101 |
| 7455.21 |    0.417162 |
| 7455.92 |    0.417221 |
| 7456.64 |    0.417282 |
| 7457.36 |    0.417342 |
| 7458.08 |    0.417402 |
|  7458.8 |    0.417462 |
| 7459.51 |    0.417522 |
| 7460.23 |    0.417521 |
| 7460.95 |    0.417391 |
| 7461.66 |    0.417263 |
| 7462.38 |    0.417134 |
|  7463.1 |    0.417005 |
| 7463.82 |    0.416877 |
| 7464.54 |    0.416748 |
| 7465.26 |    0.416618 |
| 7465.97 |     0.41649 |
| 7466.69 |     0.41636 |
| 7467.41 |    0.416232 |
| 7468.13 |    0.416103 |
| 7468.85 |    0.415973 |
| 7469.56 |    0.415845 |
| 7470.29 |    0.415766 |
| 7471.01 |    0.415763 |
| 7471.72 |     0.41576 |
| 7472.44 |    0.415756 |
| 7473.16 |    0.415753 |
| 7473.88 |    0.415749 |
|  7474.6 |    0.415746 |
| 7475.32 |    0.415743 |
| 7476.04 |    0.415739 |
| 7476.76 |    0.415736 |
| 7477.48 |    0.415733 |
|  7478.2 |    0.415729 |
| 7478.92 |    0.415726 |
| 7479.63 |    0.415722 |
| 7480.36 |    0.415726 |
| 7481.08 |    0.415736 |
| 7481.79 |    0.415748 |
| 7482.52 |    0.415759 |
| 7483.24 |    0.415769 |
| 7483.96 |     0.41578 |
| 7484.68 |    0.415791 |
|  7485.4 |    0.415802 |
| 7486.12 |    0.415813 |
| 7486.84 |    0.415823 |
| 7487.56 |    0.415834 |
| 7488.28 |    0.415845 |
|  7489.0 |    0.415855 |
| 7489.72 |    0.415866 |
| 7490.44 |    0.415926 |
| 7491.17 |    0.416016 |
| 7491.88 |    0.416106 |
|  7492.6 |    0.416196 |
| 7493.33 |    0.416287 |
| 7494.05 |    0.416378 |
| 7494.77 |    0.416467 |
| 7495.49 |    0.416557 |
| 7496.21 |    0.416647 |
| 7496.93 |    0.416737 |
| 7497.65 |    0.416827 |
| 7498.37 |    0.416917 |
|  7499.1 |    0.417008 |
| 7499.81 |    0.417097 |
| 7500.54 |    0.417053 |
| 7501.26 |    0.416964 |
| 7501.98 |    0.416874 |
| 7502.71 |    0.416785 |
| 7503.43 |    0.416696 |
| 7504.15 |    0.416606 |
| 7504.87 |    0.416517 |
| 7505.59 |    0.416428 |
| 7506.31 |     0.41634 |
| 7507.04 |     0.41625 |
| 7507.77 |     0.41616 |
| 7508.48 |    0.416071 |
| 7509.21 |    0.415981 |
| 7509.93 |    0.415892 |
| 7510.65 |    0.416011 |
| 7511.37 |    0.416153 |
|  7512.1 |    0.416296 |
| 7512.82 |    0.416437 |
| 7513.54 |    0.416579 |
| 7514.27 |     0.41672 |
| 7514.99 |    0.416861 |
| 7515.72 |    0.417004 |
| 7516.43 |    0.417144 |
| 7517.16 |    0.417286 |
| 7517.89 |    0.417428 |
|  7518.6 |    0.417568 |
| 7519.33 |    0.417709 |
| 7520.06 |    0.417867 |
| 7520.78 |    0.418206 |
|  7521.5 |    0.418547 |
| 7522.23 |     0.41889 |
| 7522.95 |    0.419229 |
| 7523.67 |    0.419572 |
|  7524.4 |    0.419913 |
| 7525.12 |    0.420254 |
| 7525.85 |    0.420597 |
| 7526.57 |    0.420935 |
| 7527.29 |    0.421277 |
| 7528.02 |    0.421619 |
| 7528.74 |    0.421958 |
| 7529.47 |    0.422301 |
|  7530.2 |    0.422514 |
| 7530.92 |    0.422376 |
| 7531.64 |    0.422237 |
| 7532.37 |      0.4221 |
| 7533.09 |    0.421962 |
| 7533.82 |    0.421823 |
| 7534.54 |    0.421685 |
| 7535.27 |    0.421547 |
| 7535.99 |    0.421409 |
| 7536.71 |     0.42127 |
| 7537.44 |    0.421131 |
| 7538.17 |    0.420993 |
| 7538.89 |    0.420856 |
| 7539.62 |    0.420718 |
| 7540.34 |    0.420679 |
| 7541.07 |    0.420752 |
|  7541.8 |    0.420825 |
| 7542.52 |    0.420897 |
| 7543.25 |     0.42097 |
| 7543.97 |    0.421042 |
|  7544.7 |    0.421114 |
| 7545.42 |    0.421187 |
| 7546.15 |     0.42126 |
| 7546.87 |    0.421331 |
|  7547.6 |    0.421404 |
| 7548.33 |    0.421477 |
| 7549.05 |    0.421549 |
| 7549.78 |    0.421622 |
| 7550.51 |    0.421485 |
| 7551.24 |    0.421259 |
| 7551.96 |    0.421035 |
| 7552.69 |     0.42081 |
| 7553.42 |    0.420584 |
| 7554.14 |     0.42036 |
| 7554.87 |    0.420137 |
|  7555.6 |    0.419911 |
| 7556.33 |    0.419685 |
| 7557.05 |    0.419462 |
| 7557.78 |    0.419236 |
| 7558.51 |     0.41901 |
| 7559.23 |    0.418786 |
| 7559.96 |    0.418561 |
| 7560.69 |    0.418528 |
| 7561.42 |    0.418505 |
| 7562.14 |    0.418483 |
| 7562.87 |     0.41846 |
|  7563.6 |    0.418438 |
| 7564.33 |    0.418415 |
| 7565.06 |    0.418393 |
| 7565.78 |     0.41837 |
| 7566.51 |    0.418347 |
| 7567.24 |    0.418324 |
| 7567.97 |    0.418302 |
|  7568.7 |    0.418279 |
| 7569.42 |    0.418256 |
| 7570.15 |    0.418234 |
| 7570.88 |    0.418211 |
| 7571.61 |     0.41819 |
| 7572.34 |    0.418168 |
| 7573.07 |    0.418145 |
| 7573.79 |    0.418123 |
| 7574.52 |    0.418102 |
| 7575.26 |     0.41808 |
| 7575.98 |    0.418057 |
| 7576.71 |    0.418035 |
| 7577.44 |    0.418013 |
| 7578.17 |    0.417991 |
|  7578.9 |    0.417968 |
| 7579.63 |    0.417946 |
| 7580.36 |    0.417826 |
| 7581.09 |    0.417602 |
| 7581.82 |     0.41738 |
| 7582.55 |    0.417157 |
| 7583.28 |    0.416934 |
|  7584.0 |    0.416713 |
| 7584.74 |    0.416489 |
| 7585.47 |    0.416265 |
| 7586.19 |    0.416044 |
| 7586.93 |    0.415822 |
| 7587.66 |    0.415598 |
| 7588.38 |    0.415377 |
| 7589.12 |    0.415153 |
| 7589.85 |    0.414931 |
| 7590.58 |    0.414717 |
| 7591.31 |    0.414502 |
| 7592.04 |    0.414289 |
| 7592.77 |    0.414076 |
|  7593.5 |    0.413861 |
| 7594.23 |    0.413649 |
| 7594.96 |    0.413436 |
|  7595.7 |    0.413222 |
| 7596.42 |    0.413009 |
| 7597.15 |    0.412795 |
| 7597.89 |    0.412582 |
| 7598.62 |     0.41237 |
| 7599.35 |    0.412155 |
| 7600.08 |    0.411961 |
| 7600.81 |    0.411917 |
| 7601.54 |    0.411872 |
| 7602.27 |    0.411828 |
| 7603.01 |    0.411783 |
| 7603.74 |    0.411739 |
| 7604.47 |    0.411695 |
|  7605.2 |    0.411649 |
| 7605.94 |    0.411605 |
| 7606.66 |    0.411561 |
|  7607.4 |    0.411516 |
| 7608.13 |    0.411472 |
| 7608.86 |    0.411427 |
| 7609.59 |    0.411382 |
| 7610.33 |    0.411401 |
| 7611.06 |    0.411498 |
| 7611.79 |    0.411595 |
| 7612.52 |    0.411692 |
| 7613.25 |     0.41179 |
| 7613.99 |    0.411888 |
| 7614.72 |    0.411985 |
| 7615.45 |    0.412082 |
| 7616.19 |    0.412179 |
| 7616.92 |    0.412276 |
| 7617.65 |    0.412372 |
| 7618.38 |    0.412469 |
| 7619.12 |    0.412567 |
| 7619.85 |    0.412662 |
| 7620.58 |    0.412675 |
| 7621.32 |    0.412668 |
| 7622.05 |     0.41266 |
| 7622.79 |    0.412652 |
| 7623.52 |    0.412644 |
| 7624.25 |    0.412636 |
| 7624.99 |    0.412627 |
| 7625.72 |     0.41262 |
| 7626.46 |    0.412612 |
| 7627.19 |    0.412604 |
| 7627.92 |    0.412595 |
| 7628.65 |    0.412587 |
| 7629.39 |    0.412579 |
| 7630.12 |    0.412533 |
| 7630.86 |    0.412309 |
|  7631.6 |    0.412085 |
| 7632.33 |    0.411861 |
| 7633.07 |    0.411636 |
| 7633.79 |    0.411414 |
| 7634.53 |    0.411189 |
| 7635.27 |    0.410963 |
|  7636.0 |    0.410741 |
| 7636.74 |    0.410516 |
| 7637.47 |    0.410293 |
| 7638.21 |    0.410069 |
| 7638.94 |    0.409843 |
| 7639.68 |     0.40962 |
| 7640.41 |    0.409388 |
| 7641.15 |    0.409148 |
| 7641.88 |     0.40891 |
| 7642.62 |    0.408672 |
| 7643.36 |    0.408432 |
| 7644.09 |    0.408194 |
| 7644.83 |    0.407955 |
| 7645.56 |    0.407715 |
| 7646.29 |    0.407478 |
| 7647.03 |    0.407239 |
| 7647.77 |    0.407001 |
|  7648.5 |    0.406762 |
| 7649.24 |    0.406522 |
| 7649.98 |    0.406285 |
| 7650.71 |    0.406325 |
| 7651.45 |    0.406375 |
| 7652.18 |    0.406425 |
| 7652.92 |    0.406474 |
| 7653.66 |    0.406524 |
| 7654.39 |    0.406573 |
| 7655.13 |    0.406623 |
| 7655.87 |    0.406672 |
|  7656.6 |    0.406721 |
| 7657.34 |     0.40677 |
| 7658.08 |     0.40682 |
| 7658.81 |    0.406869 |
| 7659.55 |    0.406918 |
| 7660.29 |    0.407027 |
| 7661.03 |    0.407228 |
| 7661.77 |    0.407427 |
|  7662.5 |    0.407625 |
| 7663.24 |    0.407825 |
| 7663.98 |    0.408025 |
| 7664.71 |    0.408223 |
| 7665.45 |    0.408424 |
| 7666.19 |    0.408623 |
| 7666.93 |    0.408823 |
| 7667.67 |    0.409021 |
|  7668.4 |     0.40922 |
| 7669.14 |    0.409419 |
| 7669.88 |    0.409618 |
| 7670.62 |    0.409301 |
| 7671.35 |    0.408882 |
| 7672.09 |     0.40846 |
| 7672.83 |    0.408044 |
| 7673.57 |    0.407623 |
| 7674.31 |    0.407202 |
| 7675.05 |    0.406781 |
| 7675.79 |    0.406364 |
| 7676.52 |    0.405946 |
| 7677.26 |    0.405526 |
|  7678.0 |    0.405109 |
| 7678.74 |     0.40469 |
| 7679.48 |     0.40427 |
| 7680.22 |    0.403872 |
| 7680.96 |    0.403516 |
| 7681.69 |    0.403165 |
| 7682.44 |     0.40281 |
| 7683.18 |    0.402455 |
| 7683.91 |    0.402105 |
| 7684.66 |    0.401749 |
|  7685.4 |    0.401395 |
| 7686.13 |    0.401044 |
| 7686.87 |    0.400692 |
| 7687.61 |    0.400337 |
| 7688.35 |    0.399985 |
|  7689.1 |    0.399631 |
| 7689.83 |    0.399279 |
| 7690.57 |    0.398985 |
| 7691.31 |    0.398707 |
| 7692.05 |    0.398432 |
| 7692.79 |    0.398154 |
| 7693.54 |    0.397876 |
| 7694.27 |    0.397601 |
| 7695.02 |    0.397323 |
| 7695.76 |    0.397045 |
| 7696.49 |     0.39677 |
| 7697.24 |    0.396492 |
| 7697.98 |    0.396216 |
| 7698.72 |     0.39594 |
| 7699.46 |    0.395663 |
|  7700.2 |     0.39538 |
| 7700.94 |    0.395076 |
| 7701.68 |    0.394771 |
| 7702.42 |    0.394469 |
| 7703.16 |    0.394163 |
| 7703.91 |    0.393859 |
| 7704.65 |    0.393557 |
| 7705.39 |    0.393252 |
| 7706.13 |    0.392949 |
| 7706.87 |    0.392645 |
| 7707.61 |     0.39234 |
| 7708.35 |    0.392037 |
|  7709.1 |    0.391735 |
| 7709.84 |     0.39143 |
| 7710.58 |     0.39111 |
| 7711.32 |    0.390786 |
| 7712.07 |     0.39046 |
|  7712.8 |    0.390138 |
| 7713.55 |    0.389811 |
| 7714.29 |    0.389485 |
| 7715.03 |    0.389163 |
| 7715.78 |    0.388837 |
| 7716.52 |    0.388514 |
| 7717.26 |     0.38819 |
|  7718.0 |    0.387864 |
| 7718.75 |    0.387541 |
| 7719.49 |    0.387216 |
| 7720.23 |    0.386934 |
| 7720.97 |    0.386743 |
| 7721.72 |     0.38655 |
| 7722.46 |    0.386357 |
|  7723.2 |    0.386167 |
| 7723.95 |    0.385974 |
| 7724.69 |     0.38578 |
| 7725.44 |    0.385588 |
| 7726.18 |    0.385397 |
| 7726.92 |    0.385205 |
| 7727.67 |    0.385012 |
| 7728.41 |    0.384821 |
| 7729.15 |    0.384629 |
|  7729.9 |    0.384436 |
| 7730.64 |    0.384085 |
| 7731.38 |     0.38371 |
| 7732.13 |    0.383332 |
| 7732.88 |    0.382953 |
| 7733.62 |    0.382574 |
| 7734.36 |      0.3822 |
| 7735.11 |    0.381822 |
| 7735.85 |    0.381446 |
| 7736.59 |     0.38107 |
| 7737.34 |    0.380694 |
| 7738.08 |    0.380317 |
| 7738.83 |    0.379941 |
| 7739.58 |    0.379564 |
| 7740.31 |    0.379329 |
| 7741.06 |    0.379278 |
| 7741.81 |    0.379227 |
| 7742.55 |    0.379178 |
|  7743.3 |    0.379128 |
| 7744.05 |    0.379078 |
| 7744.79 |    0.379028 |
| 7745.53 |    0.378978 |
| 7746.28 |    0.378927 |
| 7747.02 |    0.378877 |
| 7747.77 |    0.378827 |
| 7748.52 |    0.378776 |
| 7749.26 |    0.378727 |
| 7750.01 |    0.378677 |
| 7750.75 |    0.378719 |
|  7751.5 |    0.378762 |
| 7752.25 |    0.378806 |
| 7752.99 |    0.378848 |
| 7753.74 |    0.378891 |
| 7754.49 |    0.378933 |
| 7755.23 |    0.378975 |
| 7755.98 |    0.379019 |
| 7756.72 |    0.379061 |
| 7757.47 |    0.379103 |
| 7758.22 |    0.379145 |
| 7758.96 |    0.379188 |
| 7759.71 |    0.379229 |
| 7760.46 |    0.379121 |
|  7761.2 |    0.378919 |
| 7761.95 |    0.378715 |
|  7762.7 |    0.378511 |
| 7763.44 |    0.378308 |
| 7764.19 |    0.378104 |
| 7764.94 |      0.3779 |
| 7765.68 |    0.377698 |
| 7766.43 |    0.377494 |
| 7767.18 |    0.377292 |
| 7767.92 |    0.377089 |
| 7768.68 |    0.376885 |
| 7769.42 |    0.376682 |
| 7770.17 |     0.37655 |
| 7770.92 |    0.376655 |
| 7771.66 |    0.376759 |
| 7772.41 |    0.376865 |
| 7773.16 |     0.37697 |
| 7773.91 |    0.377074 |
| 7774.66 |    0.377179 |
|  7775.4 |    0.377284 |
| 7776.15 |    0.377389 |
|  7776.9 |    0.377494 |
| 7777.65 |    0.377599 |
|  7778.4 |    0.377704 |
| 7779.15 |    0.377808 |
| 7779.89 |    0.377912 |
| 7780.64 |    0.378117 |
|  7781.4 |     0.37834 |
| 7782.14 |     0.37856 |
| 7782.89 |    0.378783 |
| 7783.64 |    0.379005 |
|  7784.4 |    0.379227 |
| 7785.14 |    0.379446 |
| 7785.89 |    0.379667 |
| 7786.64 |    0.379889 |
| 7787.39 |    0.380109 |
| 7788.13 |     0.38033 |
| 7788.89 |    0.380552 |
| 7789.64 |    0.380772 |
| 7790.38 |    0.380902 |
| 7791.13 |    0.380947 |
| 7791.89 |    0.380991 |
| 7792.64 |    0.381036 |
| 7793.38 |     0.38108 |
| 7794.14 |    0.381125 |
| 7794.89 |    0.381169 |
| 7795.63 |    0.381213 |
| 7796.38 |    0.381258 |
| 7797.14 |    0.381302 |
| 7797.88 |    0.381347 |
| 7798.64 |    0.381391 |
| 7799.39 |    0.381435 |
| 7800.14 |    0.381502 |
| 7800.89 |    0.381671 |
| 7801.64 |    0.381839 |
| 7802.39 |    0.382008 |
| 7803.14 |    0.382178 |
| 7803.89 |    0.382345 |
| 7804.64 |    0.382515 |
|  7805.4 |    0.382683 |
| 7806.14 |     0.38285 |
|  7806.9 |    0.383019 |
| 7807.65 |    0.383187 |
|  7808.4 |    0.383355 |
| 7809.15 |    0.383523 |
|  7809.9 |     0.38369 |
| 7810.65 |    0.383677 |
| 7811.41 |    0.383637 |
| 7812.15 |    0.383597 |
| 7812.91 |    0.383557 |
| 7813.66 |    0.383517 |
| 7814.41 |    0.383477 |
| 7815.17 |    0.383437 |
| 7815.92 |    0.383397 |
| 7816.67 |    0.383356 |
| 7817.42 |    0.383316 |
| 7818.17 |    0.383276 |
| 7818.92 |    0.383235 |
| 7819.68 |    0.383194 |
| 7820.43 |    0.383256 |
| 7821.18 |    0.383397 |
| 7821.94 |    0.383538 |
| 7822.69 |    0.383678 |
| 7823.44 |    0.383818 |
|  7824.2 |    0.383958 |
| 7824.94 |    0.384099 |
|  7825.7 |    0.384238 |
| 7826.45 |    0.384377 |
|  7827.2 |    0.384517 |
| 7827.96 |    0.384656 |
| 7828.71 |    0.384795 |
| 7829.47 |    0.384935 |
| 7830.22 |    0.384992 |
| 7830.97 |    0.384855 |
| 7831.73 |    0.384716 |
| 7832.48 |    0.384576 |
| 7833.23 |    0.384438 |
| 7833.99 |    0.384299 |
| 7834.75 |    0.384159 |
| 7835.49 |    0.384021 |
| 7836.25 |    0.383882 |
|  7837.0 |    0.383743 |
| 7837.76 |    0.383604 |
| 7838.51 |    0.383465 |
| 7839.27 |    0.383327 |
| 7840.02 |    0.383197 |
| 7840.78 |    0.383413 |
| 7841.53 |    0.383626 |
| 7842.28 |    0.383841 |
| 7843.04 |    0.384056 |
|  7843.8 |    0.384271 |
| 7844.55 |    0.384484 |
| 7845.31 |    0.384699 |
| 7846.06 |    0.384912 |
| 7846.81 |    0.385126 |
| 7847.57 |    0.385339 |
| 7848.33 |    0.385554 |
| 7849.08 |    0.385767 |
| 7849.83 |    0.385979 |
| 7850.59 |    0.385446 |
| 7851.35 |    0.384698 |
| 7852.11 |    0.383951 |
| 7852.86 |    0.383213 |
| 7853.62 |    0.382467 |
| 7854.37 |    0.381721 |
| 7855.12 |    0.380983 |
| 7855.88 |    0.380243 |
| 7856.64 |    0.379498 |
| 7857.39 |    0.378758 |
| 7858.15 |    0.378019 |
| 7858.91 |    0.377275 |
| 7859.66 |    0.376537 |
| 7860.42 |    0.376279 |
| 7861.17 |     0.37641 |
| 7861.93 |    0.376541 |
| 7862.69 |    0.376673 |
| 7863.44 |    0.376803 |
|  7864.2 |    0.376934 |
| 7864.96 |    0.377066 |
| 7865.71 |    0.377195 |
| 7866.47 |    0.377326 |
| 7867.23 |    0.377457 |
| 7867.98 |    0.377587 |
| 7868.75 |    0.377718 |
|  7869.5 |    0.377847 |
| 7870.26 |    0.377821 |
| 7871.02 |     0.37749 |
| 7871.77 |    0.377162 |
| 7872.53 |     0.37683 |
| 7873.29 |    0.376499 |
| 7874.04 |    0.376172 |
|  7874.8 |    0.375841 |
| 7875.56 |    0.375512 |
| 7876.32 |    0.375183 |
| 7877.08 |    0.374853 |
| 7877.83 |    0.374524 |
| 7878.59 |    0.374196 |
| 7879.35 |    0.373865 |
| 7880.11 |    0.373561 |
| 7880.87 |    0.373397 |
| 7881.63 |    0.373233 |
| 7882.38 |    0.373071 |
| 7883.14 |    0.372906 |
|  7883.9 |    0.372742 |
| 7884.66 |    0.372579 |
| 7885.42 |    0.372415 |
| 7886.18 |    0.372252 |
| 7886.94 |    0.372088 |
|  7887.7 |    0.371924 |
| 7888.46 |    0.371761 |
| 7889.22 |    0.371597 |
| 7889.98 |    0.371434 |
| 7890.73 |    0.371235 |
| 7891.49 |    0.371032 |
| 7892.25 |     0.37083 |
| 7893.01 |     0.37063 |
| 7893.77 |    0.370428 |
| 7894.53 |    0.370226 |
| 7895.29 |    0.370027 |
| 7896.05 |    0.369824 |
| 7896.81 |    0.369624 |
| 7897.57 |    0.369422 |
| 7898.33 |    0.369221 |
| 7899.09 |     0.36902 |
| 7899.85 |    0.368819 |
| 7900.61 |    0.368636 |
| 7901.37 |     0.36846 |
| 7902.13 |    0.368281 |
| 7902.89 |    0.368102 |
| 7903.66 |    0.367924 |
| 7904.41 |    0.367747 |
| 7905.18 |    0.367569 |
| 7905.94 |    0.367391 |
| 7906.69 |    0.367214 |
| 7907.46 |    0.367037 |
| 7908.22 |    0.366859 |
| 7908.98 |    0.366682 |
| 7909.74 |    0.366504 |
|  7910.5 |    0.366298 |
| 7911.26 |    0.366079 |
| 7912.03 |    0.365859 |
| 7912.78 |    0.365641 |
| 7913.55 |    0.365421 |
| 7914.31 |    0.365202 |
| 7915.07 |    0.364985 |
| 7915.83 |    0.364766 |
| 7916.59 |    0.364546 |
| 7917.35 |    0.364328 |
| 7918.12 |     0.36411 |
| 7918.88 |    0.363889 |
| 7919.64 |    0.363671 |
| 7920.41 |    0.363545 |
| 7921.17 |    0.363502 |
| 7921.93 |    0.363459 |
| 7922.69 |    0.363415 |
| 7923.45 |    0.363372 |
| 7924.22 |    0.363328 |
| 7924.98 |    0.363284 |
| 7925.74 |    0.363241 |
|  7926.5 |    0.363196 |
| 7927.27 |    0.363153 |
| 7928.03 |    0.363109 |
| 7928.79 |    0.363065 |
| 7929.56 |    0.363021 |
| 7930.32 |    0.362895 |
| 7931.08 |    0.362652 |
| 7931.84 |    0.362413 |
| 7932.61 |     0.36217 |
| 7933.37 |    0.361927 |
| 7934.13 |    0.361687 |
|  7934.9 |    0.361445 |
| 7935.67 |    0.361203 |
| 7936.42 |    0.360963 |
| 7937.19 |     0.36072 |
| 7937.95 |     0.36048 |
| 7938.71 |    0.360239 |
| 7939.48 |    0.359997 |
| 7940.25 |    0.359797 |
| 7941.01 |    0.359686 |
| 7941.77 |    0.359575 |
| 7942.53 |    0.359463 |
|  7943.3 |    0.359351 |
| 7944.07 |     0.35924 |
| 7944.83 |    0.359129 |
|  7945.6 |    0.359017 |
| 7946.36 |    0.358905 |
| 7947.12 |    0.358794 |
| 7947.89 |    0.358682 |
| 7948.65 |     0.35857 |
| 7949.42 |    0.358458 |
| 7950.19 |    0.358275 |
| 7950.95 |    0.357868 |
| 7951.71 |    0.357461 |
| 7952.48 |    0.357052 |
| 7953.24 |    0.356649 |
| 7954.01 |     0.35624 |
| 7954.78 |    0.355832 |
| 7955.54 |    0.355428 |
| 7956.31 |    0.355021 |
| 7957.07 |    0.354616 |
| 7957.84 |    0.354208 |
|  7958.6 |    0.353803 |
| 7959.37 |    0.353398 |
| 7960.14 |    0.353065 |
|  7960.9 |    0.353064 |
| 7961.67 |    0.353063 |
| 7962.43 |    0.353062 |
|  7963.2 |    0.353061 |
| 7963.97 |    0.353059 |
| 7964.73 |    0.353058 |
|  7965.5 |    0.353057 |
| 7966.27 |    0.353056 |
| 7967.03 |    0.353055 |
|  7967.8 |    0.353053 |
| 7968.57 |    0.353052 |
| 7969.33 |     0.35305 |
|  7970.1 |    0.353014 |
| 7970.87 |    0.352752 |
| 7971.63 |     0.35249 |
| 7972.41 |    0.352226 |
| 7973.17 |    0.351966 |
| 7973.94 |    0.351704 |
| 7974.71 |    0.351441 |
| 7975.47 |    0.351181 |
| 7976.24 |    0.350919 |
| 7977.01 |    0.350656 |
| 7977.77 |    0.350397 |
| 7978.54 |    0.350136 |
| 7979.31 |    0.349873 |
| 7980.08 |    0.349625 |
| 7980.85 |    0.349485 |
| 7981.62 |    0.349346 |
| 7982.38 |    0.349207 |
| 7983.15 |    0.349067 |
| 7983.92 |    0.348929 |
| 7984.69 |    0.348789 |
| 7985.46 |    0.348649 |
| 7986.22 |     0.34851 |
| 7986.99 |    0.348369 |
| 7987.76 |     0.34823 |
| 7988.53 |     0.34809 |
|  7989.3 |     0.34795 |
| 7990.07 |      0.3478 |
| 7990.83 |    0.347566 |
| 7991.61 |     0.34733 |
| 7992.37 |    0.347097 |
| 7993.14 |     0.34686 |
| 7993.92 |    0.346624 |
| 7994.68 |     0.34639 |
| 7995.45 |    0.346155 |
| 7996.22 |    0.345919 |
| 7996.99 |    0.345684 |
| 7997.76 |    0.345448 |
| 7998.53 |    0.345214 |
|  7999.3 |    0.344979 |
| 8000.07 |    0.344748 |
| 8000.84 |    0.344571 |
| 8001.61 |    0.344395 |
| 8002.38 |    0.344217 |
| 8003.15 |    0.344042 |
| 8003.92 |    0.343863 |
| 8004.69 |    0.343686 |
| 8005.46 |    0.343511 |
| 8006.23 |    0.343333 |
|  8007.0 |    0.343156 |
| 8007.77 |     0.34298 |
| 8008.54 |    0.342802 |
| 8009.31 |    0.342626 |
| 8010.09 |    0.342417 |
| 8010.85 |     0.34196 |
| 8011.62 |    0.341502 |
|  8012.4 |    0.341045 |
| 8013.17 |    0.340585 |
| 8013.94 |    0.340131 |
| 8014.71 |    0.339671 |
| 8015.48 |    0.339213 |
| 8016.25 |    0.338759 |
| 8017.02 |      0.3383 |
| 8017.79 |    0.337844 |
| 8018.57 |    0.337386 |
| 8019.34 |     0.33693 |
| 8020.11 |     0.33655 |
| 8020.88 |    0.336626 |
| 8021.65 |    0.336701 |
| 8022.43 |    0.336776 |
|  8023.2 |    0.336852 |
| 8023.97 |    0.336927 |
| 8024.75 |    0.337002 |
| 8025.51 |    0.337077 |
| 8026.29 |    0.337152 |
| 8027.06 |    0.337227 |
| 8027.83 |    0.337302 |
|  8028.6 |    0.337377 |
| 8029.38 |    0.337451 |
| 8030.15 |     0.33748 |
| 8030.92 |    0.337318 |
|  8031.7 |    0.337153 |
| 8032.47 |    0.336991 |
| 8033.25 |    0.336827 |
| 8034.02 |    0.336665 |
| 8034.79 |    0.336502 |
| 8035.56 |    0.336339 |
| 8036.33 |    0.336177 |
| 8037.11 |    0.336014 |
| 8037.88 |    0.335851 |
| 8038.65 |    0.335688 |
| 8039.43 |    0.335526 |
|  8040.2 |    0.335431 |
| 8040.98 |    0.335531 |
| 8041.75 |    0.335631 |
| 8042.52 |    0.335732 |
|  8043.3 |    0.335831 |
| 8044.08 |     0.33593 |
| 8044.85 |     0.33603 |
| 8045.62 |     0.33613 |
|  8046.4 |    0.336229 |
| 8047.17 |    0.336327 |
| 8047.94 |    0.336427 |
| 8048.72 |    0.336525 |
| 8049.49 |    0.336623 |
| 8050.27 |    0.336666 |
| 8051.04 |    0.336602 |
| 8051.81 |    0.336537 |
| 8052.59 |    0.336473 |
| 8053.37 |    0.336408 |
| 8054.14 |    0.336343 |
| 8054.92 |    0.336279 |
| 8055.69 |    0.336215 |
| 8056.47 |     0.33615 |
| 8057.25 |    0.336084 |
| 8058.02 |     0.33602 |
| 8058.79 |    0.335955 |
| 8059.57 |     0.33589 |
| 8060.34 |    0.335868 |
| 8061.12 |    0.335899 |
|  8061.9 |     0.33593 |
| 8062.67 |     0.33596 |
| 8063.45 |    0.335991 |
| 8064.22 |    0.336022 |
|  8065.0 |    0.336051 |
| 8065.78 |    0.336081 |
| 8066.55 |    0.336111 |
| 8067.33 |    0.336141 |
| 8068.11 |     0.33617 |
| 8068.88 |      0.3362 |
| 8069.66 |    0.336229 |
| 8070.43 |    0.336254 |
| 8071.21 |    0.336275 |
| 8071.99 |    0.336297 |
| 8072.76 |    0.336318 |
| 8073.54 |     0.33634 |
| 8074.32 |    0.336362 |
|  8075.1 |    0.336383 |
| 8075.87 |    0.336404 |
| 8076.65 |    0.336425 |
| 8077.42 |    0.336446 |
|  8078.2 |    0.336467 |
| 8078.98 |    0.336489 |
| 8079.76 |     0.33651 |
| 8080.54 |      0.3366 |
| 8081.31 |     0.33672 |
| 8082.09 |    0.336842 |
| 8082.87 |    0.336963 |
| 8083.65 |    0.337083 |
| 8084.43 |    0.337205 |
| 8085.21 |    0.337325 |
| 8085.99 |    0.337445 |
| 8086.76 |    0.337565 |
| 8087.54 |    0.337686 |
| 8088.32 |    0.337806 |
| 8089.09 |    0.337926 |
| 8089.87 |    0.338046 |
| 8090.65 |     0.33801 |
| 8091.43 |    0.337944 |
| 8092.21 |    0.337878 |
| 8092.99 |    0.337812 |
| 8093.77 |    0.337746 |
| 8094.55 |     0.33768 |
| 8095.33 |    0.337614 |
|  8096.1 |    0.337548 |
| 8096.89 |    0.337482 |
| 8097.66 |    0.337416 |
| 8098.44 |    0.337349 |
| 8099.23 |    0.337282 |
|  8100.0 |    0.337216 |
| 8100.78 |    0.337353 |
| 8101.56 |     0.33749 |
| 8102.34 |    0.337626 |
| 8103.12 |    0.337763 |
|  8103.9 |      0.3379 |
| 8104.68 |    0.338036 |
| 8105.46 |    0.338173 |
| 8106.24 |    0.338309 |
| 8107.02 |    0.338445 |
|  8107.8 |    0.338582 |
| 8108.58 |    0.338717 |
| 8109.36 |    0.338854 |
| 8110.14 |    0.338932 |
| 8110.92 |    0.338753 |
|  8111.7 |     0.33857 |
| 8112.48 |    0.338388 |
| 8113.26 |    0.338207 |
| 8114.04 |    0.338025 |
| 8114.82 |    0.337843 |
|  8115.6 |    0.337662 |
| 8116.39 |     0.33748 |
| 8117.17 |    0.337298 |
| 8117.95 |    0.337117 |
| 8118.73 |    0.336935 |
| 8119.51 |    0.336755 |
| 8120.29 |     0.33665 |
| 8121.07 |    0.336677 |
| 8121.85 |    0.336705 |
| 8122.64 |    0.336732 |
| 8123.42 |    0.336759 |
|  8124.2 |    0.336785 |
| 8124.98 |    0.336812 |
| 8125.76 |    0.336839 |
| 8126.55 |    0.336865 |
| 8127.33 |    0.336892 |
| 8128.11 |    0.336918 |
| 8128.89 |    0.336944 |
| 8129.68 |    0.336971 |
| 8130.45 |    0.336885 |
| 8131.24 |    0.336719 |
| 8132.02 |    0.336555 |
| 8132.81 |    0.336389 |
| 8133.59 |    0.336224 |
| 8134.37 |    0.336059 |
| 8135.15 |    0.335893 |
| 8135.94 |    0.335727 |
| 8136.72 |    0.335563 |
|  8137.5 |    0.335397 |
| 8138.29 |    0.335232 |
| 8139.06 |    0.335069 |
| 8139.85 |    0.334903 |
| 8140.64 |    0.334771 |
| 8141.42 |    0.334648 |
|  8142.2 |    0.334525 |
| 8142.98 |    0.334401 |
| 8143.77 |    0.334278 |
| 8144.55 |    0.334154 |
| 8145.33 |    0.334031 |
| 8146.12 |    0.333908 |
|  8146.9 |    0.333784 |
| 8147.69 |    0.333661 |
| 8148.48 |    0.333537 |
| 8149.26 |    0.333414 |
| 8150.04 |    0.333288 |
| 8150.82 |    0.333141 |
| 8151.61 |    0.332991 |
| 8152.39 |    0.332842 |
| 8153.18 |    0.332694 |
| 8153.96 |    0.332545 |
| 8154.75 |    0.332395 |
| 8155.53 |    0.332247 |
| 8156.32 |    0.332097 |
|  8157.1 |    0.331948 |
| 8157.89 |    0.331799 |
| 8158.68 |     0.33165 |
| 8159.46 |    0.331501 |
| 8160.24 |    0.331434 |
| 8161.03 |    0.331549 |
| 8161.81 |    0.331662 |
|  8162.6 |    0.331776 |
| 8163.38 |     0.33189 |
| 8164.17 |    0.332003 |
| 8164.96 |    0.332117 |
| 8165.74 |    0.332229 |
| 8166.53 |    0.332341 |
| 8167.31 |    0.332454 |
|  8168.1 |    0.332565 |
| 8168.88 |    0.332677 |
| 8169.67 |    0.332788 |
| 8170.46 |    0.332691 |
| 8171.24 |    0.332444 |
| 8172.03 |    0.332196 |
| 8172.81 |    0.331952 |
|  8173.6 |    0.331704 |
| 8174.39 |    0.331458 |
| 8175.17 |    0.331211 |
| 8175.96 |    0.330964 |
| 8176.75 |    0.330718 |
| 8177.54 |    0.330472 |
| 8178.33 |    0.330224 |
| 8179.11 |    0.329977 |
|  8179.9 |     0.32973 |
| 8180.69 |    0.329777 |
| 8181.47 |    0.329865 |
| 8182.26 |    0.329953 |
| 8183.05 |    0.330042 |
| 8183.83 |     0.33013 |
| 8184.62 |    0.330219 |
| 8185.41 |    0.330308 |
|  8186.2 |    0.330395 |
| 8186.99 |    0.330484 |
| 8187.77 |    0.330572 |
| 8188.56 |    0.330661 |
| 8189.35 |    0.330748 |
| 8190.14 |    0.330786 |
| 8190.92 |    0.330589 |
| 8191.72 |     0.33039 |
|  8192.5 |    0.330194 |
| 8193.29 |    0.329996 |
| 8194.08 |    0.329799 |
| 8194.87 |    0.329599 |
| 8195.66 |    0.329403 |
| 8196.44 |    0.329205 |
| 8197.24 |    0.329007 |
| 8198.02 |    0.328811 |
| 8198.81 |    0.328613 |
|  8199.6 |    0.328416 |
| 8200.39 |    0.328392 |
| 8201.18 |    0.328542 |
| 8201.97 |    0.328693 |
| 8202.76 |    0.328844 |
| 8203.55 |    0.328994 |
| 8204.34 |    0.329144 |
| 8205.12 |    0.329295 |
| 8205.92 |    0.329445 |
| 8206.71 |    0.329595 |
| 8207.49 |    0.329745 |
| 8208.29 |    0.329895 |
| 8209.08 |    0.330045 |
| 8209.87 |    0.330194 |
| 8210.66 |    0.330003 |
| 8211.45 |    0.329744 |
| 8212.24 |    0.329483 |
| 8213.02 |    0.329224 |
| 8213.82 |    0.328964 |
| 8214.61 |    0.328705 |
|  8215.4 |    0.328445 |
| 8216.19 |    0.328186 |
| 8216.98 |    0.327926 |
| 8217.77 |    0.327667 |
| 8218.56 |    0.327406 |
| 8219.35 |    0.327147 |
| 8220.14 |    0.326911 |
| 8220.94 |    0.326778 |
| 8221.73 |    0.326646 |
| 8222.52 |    0.326514 |
| 8223.31 |    0.326381 |
|  8224.1 |    0.326249 |
| 8224.89 |    0.326118 |
| 8225.68 |    0.325984 |
| 8226.47 |    0.325852 |
| 8227.27 |    0.325719 |
| 8228.06 |    0.325588 |
| 8228.85 |    0.325454 |
| 8229.64 |    0.325321 |
| 8230.43 |    0.325051 |
| 8231.22 |    0.324665 |
| 8232.02 |    0.324278 |
| 8232.81 |    0.323895 |
|  8233.6 |    0.323507 |
|  8234.4 |     0.32312 |
| 8235.18 |    0.322738 |
| 8235.98 |    0.322351 |
| 8236.77 |    0.321965 |
| 8237.56 |    0.321581 |
| 8238.36 |    0.321195 |
| 8239.15 |    0.320811 |
| 8239.94 |    0.320426 |
| 8240.74 |    0.319896 |
| 8241.53 |    0.319356 |
| 8242.32 |    0.318814 |
| 8243.12 |    0.318275 |
|  8243.9 |    0.317739 |
|  8244.7 |    0.317198 |
|  8245.5 |    0.316656 |
| 8246.29 |    0.316121 |
| 8247.08 |     0.31558 |
| 8247.87 |    0.315044 |
| 8248.67 |    0.314507 |
| 8249.46 |    0.313967 |
| 8250.26 |    0.313629 |
| 8251.05 |    0.313708 |
| 8251.85 |    0.313785 |
| 8252.64 |    0.313864 |
| 8253.43 |    0.313941 |
| 8254.23 |    0.314019 |
| 8255.02 |    0.314097 |
| 8255.82 |    0.314174 |
| 8256.61 |    0.314252 |
| 8257.41 |     0.31433 |
|  8258.2 |    0.314406 |
| 8258.99 |    0.314483 |
| 8259.79 |     0.31456 |
| 8260.58 |    0.314433 |
| 8261.38 |    0.314234 |
| 8262.18 |    0.314034 |
| 8262.97 |    0.313835 |
| 8263.76 |    0.313636 |
| 8264.56 |    0.313436 |
| 8265.36 |    0.313237 |
| 8266.16 |    0.313037 |
| 8266.95 |     0.31284 |
| 8267.74 |     0.31264 |
| 8268.54 |    0.312441 |
| 8269.33 |    0.312242 |
| 8270.13 |     0.31202 |
| 8270.93 |    0.311675 |
| 8271.72 |    0.311332 |
| 8272.52 |     0.31099 |
| 8273.31 |    0.310645 |
| 8274.11 |    0.310302 |
| 8274.91 |    0.309958 |
|  8275.7 |    0.309618 |
|  8276.5 |    0.309273 |
|  8277.3 |    0.308929 |
| 8278.09 |    0.308589 |
| 8278.88 |    0.308247 |
| 8279.68 |    0.307904 |
| 8280.48 |    0.307576 |
| 8281.28 |    0.307256 |
| 8282.08 |    0.306937 |
| 8282.87 |     0.30662 |
| 8283.67 |      0.3063 |
| 8284.47 |    0.305982 |
| 8285.26 |    0.305664 |
| 8286.06 |    0.305345 |
| 8286.86 |     0.30503 |
| 8287.66 |     0.30471 |
| 8288.46 |    0.304391 |
| 8289.25 |    0.304076 |
| 8290.05 |    0.303744 |
| 8290.85 |    0.303219 |
| 8291.64 |    0.302695 |
| 8292.44 |    0.302169 |
| 8293.24 |    0.301646 |
| 8294.04 |    0.301123 |
| 8294.84 |    0.300599 |
| 8295.64 |    0.300076 |
| 8296.43 |    0.299555 |
| 8297.24 |    0.299031 |
| 8298.03 |    0.298514 |
| 8298.83 |     0.29799 |
| 8299.63 |     0.29747 |
| 8300.42 |    0.297309 |
| 8301.23 |    0.297465 |
| 8302.02 |    0.297619 |
| 8302.82 |    0.297774 |
| 8303.62 |     0.29793 |
| 8304.42 |    0.298084 |
| 8305.22 |    0.298238 |
| 8306.02 |    0.298392 |
| 8306.82 |    0.298546 |
| 8307.62 |    0.298699 |
| 8308.42 |    0.298854 |
| 8309.21 |    0.299006 |
| 8310.02 |    0.299144 |
| 8310.82 |    0.298618 |
| 8311.61 |     0.29809 |
| 8312.42 |    0.297561 |
| 8313.22 |    0.297035 |
| 8314.02 |    0.296506 |
| 8314.82 |    0.295981 |
| 8315.62 |    0.295455 |
| 8316.42 |    0.294928 |
| 8317.22 |    0.294403 |
| 8318.01 |     0.29388 |
| 8318.82 |    0.293353 |
| 8319.62 |    0.292827 |
| 8320.42 |    0.292625 |
| 8321.22 |    0.292714 |
| 8322.02 |    0.292802 |
| 8322.82 |     0.29289 |
| 8323.62 |    0.292978 |
| 8324.42 |    0.293066 |
| 8325.23 |    0.293155 |
| 8326.03 |    0.293242 |
| 8326.83 |     0.29333 |
| 8327.63 |    0.293418 |
| 8328.43 |    0.293505 |
| 8329.24 |    0.293593 |
| 8330.03 |    0.293655 |
| 8330.84 |     0.29314 |
| 8331.64 |    0.292628 |
| 8332.44 |    0.292117 |
| 8333.24 |    0.291605 |
| 8334.04 |    0.291091 |
| 8334.84 |    0.290581 |
| 8335.64 |     0.29007 |
| 8336.45 |    0.289556 |
| 8337.25 |    0.289046 |
| 8338.06 |    0.288534 |
| 8338.86 |    0.288024 |
| 8339.66 |    0.287515 |
| 8340.46 |    0.287362 |
| 8341.26 |    0.287472 |
| 8342.06 |    0.287582 |
| 8342.87 |    0.287693 |
| 8343.67 |    0.287803 |
| 8344.48 |    0.287913 |
| 8345.28 |    0.288022 |
| 8346.08 |    0.288131 |
| 8346.89 |    0.288241 |
| 8347.69 |     0.28835 |
| 8348.49 |    0.288459 |
|  8349.3 |    0.288569 |
| 8350.09 |    0.288642 |
|  8350.9 |    0.288462 |
| 8351.71 |     0.28828 |
| 8352.51 |    0.288101 |
| 8353.31 |    0.287919 |
| 8354.12 |    0.287739 |
| 8354.92 |    0.287558 |
| 8355.73 |    0.287376 |
| 8356.53 |    0.287196 |
| 8357.33 |    0.287016 |
| 8358.14 |    0.286835 |
| 8358.94 |    0.286655 |
| 8359.75 |    0.286474 |
| 8360.55 |    0.286165 |
| 8361.35 |      0.2858 |
| 8362.16 |     0.28543 |
| 8362.96 |    0.285064 |
| 8363.77 |    0.284697 |
| 8364.58 |    0.284328 |
| 8365.38 |    0.283961 |
| 8366.18 |    0.283595 |
| 8366.99 |    0.283226 |
| 8367.79 |     0.28286 |
|  8368.6 |    0.282492 |
| 8369.41 |    0.282126 |
| 8370.21 |    0.281886 |
| 8371.02 |    0.282003 |
| 8371.82 |    0.282118 |
| 8372.62 |    0.282232 |
| 8373.43 |    0.282348 |
| 8374.24 |    0.282463 |
| 8375.04 |    0.282577 |
| 8375.85 |    0.282692 |
| 8376.66 |    0.282805 |
| 8377.46 |     0.28292 |
| 8378.27 |    0.283033 |
| 8379.08 |    0.283145 |
| 8379.88 |     0.28326 |
| 8380.69 |    0.283286 |
|  8381.5 |    0.283298 |
|  8382.3 |    0.283309 |
| 8383.11 |    0.283321 |
| 8383.92 |    0.283334 |
| 8384.72 |    0.283345 |
| 8385.53 |    0.283356 |
| 8386.34 |    0.283368 |
| 8387.14 |     0.28338 |
| 8387.95 |    0.283391 |
| 8388.76 |    0.283403 |
| 8389.56 |    0.283414 |
| 8390.37 |    0.283416 |
| 8391.18 |    0.283408 |
| 8391.99 |      0.2834 |
|  8392.8 |    0.283391 |
|  8393.6 |    0.283383 |
| 8394.41 |    0.283374 |
| 8395.22 |    0.283365 |
| 8396.02 |    0.283356 |
| 8396.83 |    0.283347 |
| 8397.64 |    0.283339 |
| 8398.45 |     0.28333 |
| 8399.26 |     0.28332 |
| 8400.07 |    0.283305 |
| 8400.88 |    0.283222 |
| 8401.69 |    0.283138 |
| 8402.49 |    0.283053 |
|  8403.3 |    0.282969 |
| 8404.11 |    0.282883 |
| 8404.92 |    0.282799 |
| 8405.72 |    0.282715 |
| 8406.54 |     0.28263 |
| 8407.34 |    0.282546 |
| 8408.16 |    0.282461 |
| 8408.96 |    0.282376 |
| 8409.77 |     0.28229 |
| 8410.58 |    0.282265 |
| 8411.39 |    0.282264 |
|  8412.2 |    0.282262 |
| 8413.01 |     0.28226 |
| 8413.82 |    0.282259 |
| 8414.63 |    0.282257 |
| 8415.44 |    0.282255 |
| 8416.25 |    0.282253 |
| 8417.06 |    0.282251 |
| 8417.87 |    0.282248 |
| 8418.68 |    0.282246 |
| 8419.49 |    0.282243 |
|  8420.3 |     0.28212 |
| 8421.11 |    0.281794 |
| 8421.92 |    0.281465 |
| 8422.73 |    0.281137 |
| 8423.54 |    0.280811 |
| 8424.35 |    0.280483 |
| 8425.16 |    0.280158 |
| 8425.97 |     0.27983 |
| 8426.79 |    0.279503 |
| 8427.59 |    0.279178 |
| 8428.41 |     0.27885 |
| 8429.22 |    0.278524 |
| 8430.03 |    0.278199 |
| 8430.84 |    0.277837 |
| 8431.65 |    0.277476 |
| 8432.47 |    0.277114 |
| 8433.28 |    0.276755 |
| 8434.09 |    0.276395 |
|  8434.9 |    0.276034 |
| 8435.71 |    0.275676 |
| 8436.52 |    0.275319 |
| 8437.33 |    0.274958 |
| 8438.15 |    0.274598 |
| 8438.95 |    0.274243 |
| 8439.77 |    0.273883 |
| 8440.58 |      0.2735 |
|  8441.4 |    0.273105 |
| 8442.21 |    0.272713 |
| 8443.02 |    0.272321 |
| 8443.83 |    0.271927 |
| 8444.64 |    0.271534 |
| 8445.46 |    0.271142 |
| 8446.27 |    0.270748 |
| 8447.08 |    0.270357 |
|  8447.9 |    0.269964 |
| 8448.71 |    0.269575 |
| 8449.52 |    0.269184 |
| 8450.33 |    0.268721 |
| 8451.15 |     0.26816 |
| 8451.96 |    0.267598 |
| 8452.78 |    0.267035 |
| 8453.59 |    0.266474 |
|  8454.4 |    0.265915 |
| 8455.22 |    0.265352 |
| 8456.03 |    0.264793 |
| 8456.85 |    0.264232 |
| 8457.65 |    0.263676 |
| 8458.47 |    0.263115 |
| 8459.29 |    0.262553 |
|  8460.1 |    0.262015 |
| 8460.91 |      0.2616 |
| 8461.73 |    0.261181 |
| 8462.54 |    0.260764 |
| 8463.35 |    0.260349 |
| 8464.17 |    0.259931 |
| 8464.98 |    0.259517 |
|  8465.8 |    0.259099 |
| 8466.62 |    0.258684 |
| 8467.43 |     0.25827 |
| 8468.25 |    0.257853 |
| 8469.06 |    0.257442 |
| 8469.87 |    0.257026 |
| 8470.69 |     0.25654 |
|  8471.5 |    0.256047 |
| 8472.32 |    0.255548 |
| 8473.13 |    0.255052 |
| 8473.95 |    0.254557 |
| 8474.77 |    0.254061 |
| 8475.58 |    0.253565 |
|  8476.4 |    0.253071 |
| 8477.21 |    0.252574 |
| 8478.03 |     0.25208 |
| 8478.84 |    0.251586 |
| 8479.66 |     0.25109 |
| 8480.47 |    0.250571 |
| 8481.29 |    0.250024 |
| 8482.11 |    0.249481 |
| 8482.92 |    0.248937 |
| 8483.74 |     0.24839 |
| 8484.56 |    0.247846 |
| 8485.37 |    0.247302 |
| 8486.19 |    0.246755 |
| 8487.01 |    0.246211 |
| 8487.82 |    0.245667 |
| 8488.64 |     0.24512 |
| 8489.46 |    0.244577 |
| 8490.27 |    0.243845 |
| 8491.09 |    0.242736 |
| 8491.91 |    0.241642 |
| 8492.73 |    0.240535 |
| 8493.54 |    0.239436 |
| 8494.36 |     0.23834 |
| 8495.18 |    0.237237 |
|  8496.0 |    0.236141 |
| 8496.82 |    0.235042 |
| 8497.63 |    0.233948 |
| 8498.45 |    0.232857 |
| 8499.27 |     0.23176 |
| 8500.09 |    0.230652 |
|  8500.9 |    0.229396 |
| 8501.72 |    0.228125 |
| 8502.54 |    0.226857 |
| 8503.35 |    0.225603 |
| 8504.17 |    0.224336 |
| 8504.99 |    0.223077 |
| 8505.81 |    0.221813 |
| 8506.63 |    0.220555 |
| 8507.45 |    0.219298 |
| 8508.27 |    0.218035 |
| 8509.09 |    0.216781 |
| 8509.91 |    0.215528 |
| 8510.73 |    0.213664 |
| 8511.54 |    0.211734 |
| 8512.37 |    0.209795 |
| 8513.18 |    0.207877 |
|  8514.0 |     0.20594 |
| 8514.82 |    0.204013 |
| 8515.64 |    0.202088 |
| 8516.46 |    0.200164 |
| 8517.28 |    0.198232 |
|  8518.1 |    0.196311 |
| 8518.92 |    0.194391 |
| 8519.74 |     0.19246 |
| 8520.56 |    0.190178 |
| 8521.38 |    0.187713 |
|  8522.2 |    0.185261 |
| 8523.02 |    0.182814 |
| 8523.84 |    0.180356 |
| 8524.66 |    0.177925 |
| 8525.48 |    0.175481 |
|  8526.3 |    0.173028 |
| 8527.12 |    0.170589 |
| 8527.94 |    0.168151 |
| 8528.76 |    0.165701 |
| 8529.58 |    0.163268 |
| 8530.41 |     0.16062 |
| 8531.23 |    0.157783 |
| 8532.05 |    0.154948 |
| 8532.87 |    0.152101 |
| 8533.68 |    0.149292 |
| 8534.51 |    0.146449 |
| 8535.33 |    0.143614 |
| 8536.15 |    0.140812 |
| 8536.97 |    0.137981 |
| 8537.79 |     0.13517 |
| 8538.62 |    0.132362 |
| 8539.44 |    0.129545 |
| 8540.26 |     0.12672 |
| 8541.08 |    0.123856 |
| 8541.91 |    0.120977 |
| 8542.73 |    0.118119 |
| 8543.55 |    0.115258 |
| 8544.37 |    0.112386 |
| 8545.19 |    0.109547 |
| 8546.01 |     0.10668 |
| 8546.84 |    0.103828 |
| 8547.66 |    0.100979 |
| 8548.48 |   0.0981151 |
|  8549.3 |   0.0952704 |
| 8550.13 |   0.0924796 |
| 8550.95 |   0.0899612 |
| 8551.77 |   0.0874598 |
| 8552.59 |    0.084961 |
| 8553.42 |   0.0824468 |
| 8554.24 |   0.0799529 |
| 8555.07 |   0.0774467 |
| 8555.89 |   0.0749543 |
| 8556.71 |   0.0724793 |
| 8557.54 |    0.069977 |
| 8558.36 |   0.0674801 |
| 8559.18 |   0.0650092 |
| 8560.01 |   0.0625208 |
| 8560.83 |   0.0607306 |
| 8561.66 |   0.0589316 |
| 8562.48 |   0.0571447 |
|  8563.3 |   0.0553592 |
| 8564.13 |   0.0535627 |
| 8564.95 |   0.0517806 |
| 8565.78 |   0.0499977 |
|  8566.6 |   0.0482081 |
| 8567.43 |   0.0464285 |
| 8568.24 |    0.044661 |
| 8569.07 |    0.042874 |
|  8569.9 |   0.0410991 |
| 8570.72 |   0.0397587 |
| 8571.55 |   0.0384913 |
| 8572.37 |   0.0372236 |
|  8573.2 |   0.0359512 |
| 8574.02 |   0.0346876 |
| 8574.85 |   0.0334236 |
| 8575.67 |    0.032155 |
|  8576.5 |   0.0308937 |
| 8577.32 |   0.0296411 |
| 8578.15 |   0.0283764 |
| 8578.98 |   0.0271114 |
|  8579.8 |   0.0258478 |
| 8580.62 |   0.0250037 |
| 8581.45 |   0.0242824 |
| 8582.28 |   0.0235568 |
|  8583.1 |   0.0228371 |
| 8583.93 |    0.022118 |
| 8584.76 |   0.0213947 |
| 8585.58 |   0.0206773 |
| 8586.41 |   0.0199555 |
| 8587.24 |   0.0192396 |
| 8588.06 |   0.0185236 |
| 8588.89 |   0.0178041 |
| 8589.71 |   0.0170939 |
| 8590.54 |   0.0165346 |
| 8591.37 |   0.0160633 |
| 8592.19 |   0.0155925 |
| 8593.02 |   0.0151216 |
| 8593.85 |   0.0146489 |
| 8594.67 |   0.0141796 |
|  8595.5 |   0.0137073 |
| 8596.33 |   0.0132382 |
| 8597.16 |   0.0127702 |
| 8597.99 |   0.0122994 |
| 8598.81 |   0.0118318 |
| 8599.64 |   0.0113646 |
| 8600.47 |   0.0109936 |
| 8601.29 |   0.0107022 |
| 8602.12 |   0.0104075 |
| 8602.95 |   0.0101148 |
| 8603.78 |  0.00982215 |
| 8604.61 |  0.00952834 |
| 8605.43 |  0.00923653 |
| 8606.26 |  0.00894466 |
| 8607.09 |  0.00865133 |
| 8607.92 |  0.00836032 |
| 8608.75 |  0.00806926 |
| 8609.58 |  0.00777677 |
|  8610.4 |  0.00753774 |
| 8611.23 |  0.00735272 |
| 8612.06 |  0.00716676 |
| 8612.89 |  0.00698294 |
| 8613.72 |  0.00679734 |
| 8614.55 |  0.00661299 |
| 8615.37 |   0.0064286 |
| 8616.21 |  0.00624349 |
| 8617.03 |  0.00605942 |
| 8617.86 |  0.00587552 |
| 8618.69 |  0.00569094 |
| 8619.52 |  0.00550739 |
| 8620.36 |  0.00534711 |
| 8621.18 |  0.00522021 |
| 8622.01 |  0.00509423 |
| 8622.84 |  0.00496673 |
| 8623.67 |  0.00483955 |
|  8624.5 |    0.004714 |
| 8625.33 |  0.00458697 |
| 8626.16 |  0.00446099 |
| 8626.99 |  0.00433428 |
| 8627.82 |   0.0042086 |
| 8628.65 |  0.00408293 |
| 8629.48 |  0.00395666 |
| 8630.31 |  0.00384477 |
| 8631.14 |  0.00375519 |
| 8631.98 |  0.00366517 |
| 8632.81 |  0.00357578 |
| 8633.63 |   0.0034869 |
| 8634.46 |  0.00339718 |
| 8635.29 |  0.00330798 |
| 8636.13 |  0.00321846 |
| 8636.96 |  0.00312946 |
| 8637.79 |  0.00304066 |
| 8638.62 |  0.00295133 |
| 8639.45 |  0.00286263 |
| 8640.28 |  0.00278232 |
| 8641.12 |   0.0027177 |
| 8641.95 |  0.00265353 |
| 8642.78 |  0.00258941 |
| 8643.61 |  0.00252535 |
| 8644.44 |  0.00246089 |
| 8645.28 |  0.00239656 |
| 8646.11 |  0.00233297 |
| 8646.94 |  0.00226914 |
| 8647.77 |  0.00220492 |
|  8648.6 |  0.00214112 |
| 8649.43 |  0.00207745 |
| 8650.27 |  0.00201912 |
|  8651.1 |  0.00197318 |
| 8651.94 |  0.00192701 |
| 8652.77 |  0.00188117 |
|  8653.6 |  0.00183531 |
| 8654.43 |  0.00178928 |
| 8655.26 |  0.00174383 |
|  8656.1 |  0.00169785 |
| 8656.93 |  0.00165196 |
| 8657.76 |   0.0016066 |
| 8658.59 |  0.00156101 |
| 8659.43 |  0.00151521 |
| 8660.26 |  0.00147398 |
|  8661.1 |  0.00144191 |
| 8661.93 |  0.00140998 |
| 8662.76 |  0.00137812 |
|  8663.6 |  0.00134611 |
| 8664.43 |  0.00131432 |
| 8665.26 |  0.00128251 |
|  8666.1 |  0.00125059 |
| 8666.93 |  0.00121904 |
| 8667.77 |  0.00118718 |
|  8668.6 |   0.0011555 |
| 8669.43 |  0.00112385 |
| 8670.27 |  0.00109797 |
|  8671.1 |   0.0010846 |
| 8671.94 |  0.00107125 |
| 8672.77 |  0.00105784 |
| 8673.61 |  0.00104452 |
| 8674.44 |  0.00103121 |
| 8675.28 |  0.00101783 |
| 8676.11 |  0.00100455 |
| 8676.95 | 0.000991271 |
| 8677.78 | 0.000977946 |
| 8678.61 | 0.000964776 |
| 8679.45 | 0.000951464 |
| 8680.29 | 0.000938245 |
| 8681.12 | 0.000925043 |
| 8681.96 |  0.00091178 |
| 8682.79 | 0.000898607 |
| 8683.63 |  0.00088545 |
| 8684.47 |  0.00087223 |
|  8685.3 | 0.000859101 |
| 8686.14 | 0.000845895 |
| 8686.97 | 0.000832795 |
|  8687.8 | 0.000819772 |
| 8688.64 | 0.000806607 |
| 8689.48 | 0.000793473 |
| 8690.31 | 0.000780548 |
| 8691.15 | 0.000767573 |
| 8691.99 | 0.000754679 |
| 8692.83 | 0.000741724 |
| 8693.66 | 0.000728837 |
|  8694.5 | 0.000715976 |
| 8695.34 | 0.000703049 |
| 8696.17 | 0.000690191 |
| 8697.01 | 0.000677353 |
| 8697.85 | 0.000664441 |
| 8698.68 | 0.000651626 |
| 8699.52 | 0.000638882 |
| 8700.36 | 0.000625921 |
|  8701.2 | 0.000612872 |
| 8702.04 | 0.000599839 |
| 8702.87 | 0.000586975 |
| 8703.71 | 0.000574051 |
| 8704.55 |  0.00056107 |
| 8705.38 | 0.000548165 |
| 8706.22 | 0.000535293 |
| 8707.06 | 0.000522348 |
|  8707.9 | 0.000509509 |
| 8708.73 | 0.000496671 |
| 8709.58 | 0.000483777 |
| 8710.41 | 0.000473648 |
| 8711.25 | 0.000466252 |
| 8712.09 | 0.000458931 |
| 8712.92 | 0.000451583 |
| 8713.76 | 0.000444201 |
|  8714.6 |  0.00043687 |
| 8715.44 | 0.000429546 |
| 8716.28 | 0.000422178 |
| 8717.12 | 0.000414869 |
| 8717.96 | 0.000407516 |
|  8718.8 | 0.000400223 |
| 8719.64 | 0.000392928 |
| 8720.48 | 0.000385591 |
| 8721.31 | 0.000378343 |
| 8722.15 | 0.000371019 |
|  8723.0 | 0.000363701 |
| 8723.83 | 0.000356477 |
| 8724.67 | 0.000349219 |
| 8725.51 | 0.000341918 |
| 8726.35 | 0.000334676 |
| 8727.19 | 0.000327391 |
| 8728.03 | 0.000320165 |
| 8728.87 | 0.000312938 |
| 8729.71 | 0.000305687 |
| 8730.55 |  0.00029847 |
| 8731.39 |  0.00029126 |
| 8732.23 | 0.000284018 |
| 8733.07 | 0.000276825 |
| 8733.91 |  0.00026964 |
| 8734.76 | 0.000262413 |
| 8735.59 | 0.000255288 |
| 8736.43 | 0.000248087 |
| 8737.27 | 0.000240928 |
| 8738.11 | 0.000233786 |
| 8738.96 | 0.000226602 |
|  8739.8 | 0.000219469 |
| 8740.64 | 0.000212357 |
| 8741.48 | 0.000205223 |
| 8742.32 | 0.000198129 |
| 8743.17 | 0.000191002 |
| 8744.01 | 0.000183916 |
| 8744.84 | 0.000176885 |
| 8745.69 |  0.00016978 |
| 8746.53 | 0.000162674 |
| 8747.37 | 0.000155666 |
| 8748.21 | 0.000148574 |
| 8749.05 | 0.000141539 |
| 8749.89 | 0.000134504 |
| 8750.74 | 0.000131809 |
| 8751.58 |  0.00012976 |
| 8752.43 |   0.0001277 |
| 8753.27 | 0.000125655 |
| 8754.11 | 0.000123613 |
| 8754.95 | 0.000121562 |
| 8755.79 | 0.000119524 |
| 8756.63 |   0.0001175 |
| 8757.48 | 0.000115456 |
| 8758.32 | 0.000113425 |
| 8759.16 | 0.000111386 |
| 8760.01 |  0.00010936 |
| 8760.85 | 0.000107354 |
| 8761.69 | 0.000105337 |
| 8762.54 | 0.000103334 |
| 8763.38 | 0.000101334 |
