# Units:
#  "lambda" is in Angstroms
#  "pass" is the contribution to the detector signal per photon
#         entering the atmosphere of Earth
# 
# Bandpass Name(s): F625W
# 
# Instrument: WFC3_UVIS_F625W
# 
# Determined by: 
# 
# Date of determination: 2010-May-02
# 
# Meaning of/Reason for default column: Only column available
# 
# Notes:
# 
# 
# Obtained from Leonidas Moustakas on 2011-Apr-02 for the CLASH team.
# 
# J. Moustakas, UCSD 2011-Apr-07
|  lambda |        pass |
| 5352.16 | 0.000100305 |
| 5353.08 | 0.000105781 |
| 5353.99 | 0.000111259 |
| 5354.91 |  0.00011674 |
| 5355.83 | 0.000122218 |
| 5356.74 | 0.000127664 |
| 5357.66 | 0.000133145 |
| 5358.57 | 0.000138629 |
| 5359.49 | 0.000144112 |
| 5360.41 | 0.000149577 |
| 5361.33 | 0.000155078 |
| 5362.24 | 0.000163132 |
| 5363.16 | 0.000171808 |
| 5364.08 | 0.000180488 |
| 5364.99 | 0.000189141 |
| 5365.92 | 0.000197848 |
| 5366.83 | 0.000206472 |
| 5367.75 | 0.000215184 |
| 5368.67 |  0.00022384 |
| 5369.59 | 0.000232523 |
| 5370.51 |  0.00024121 |
| 5371.42 | 0.000249842 |
| 5372.34 | 0.000265891 |
| 5373.26 | 0.000282466 |
| 5374.18 | 0.000299093 |
|  5375.1 | 0.000315728 |
| 5376.02 | 0.000332353 |
| 5376.94 | 0.000348935 |
| 5377.86 | 0.000365515 |
| 5378.78 | 0.000382157 |
|  5379.7 | 0.000398799 |
| 5380.62 |  0.00041544 |
| 5381.54 | 0.000432595 |
| 5382.46 | 0.000460476 |
| 5383.38 | 0.000488266 |
| 5384.31 | 0.000516145 |
| 5385.23 | 0.000544037 |
| 5386.15 | 0.000571855 |
| 5387.07 | 0.000599746 |
| 5387.99 | 0.000627562 |
| 5388.91 | 0.000655466 |
| 5389.83 | 0.000683383 |
| 5390.75 | 0.000711197 |
| 5391.68 | 0.000743305 |
|  5392.6 | 0.000792576 |
| 5393.52 | 0.000842001 |
| 5394.45 | 0.000891425 |
| 5395.37 | 0.000940848 |
| 5396.29 | 0.000990138 |
| 5397.21 |  0.00103943 |
| 5398.14 |  0.00108887 |
| 5399.06 |  0.00113834 |
| 5399.99 |  0.00118781 |
| 5400.91 |  0.00123714 |
| 5401.84 |  0.00130172 |
| 5402.76 |  0.00139176 |
| 5403.68 |  0.00148242 |
| 5404.61 |  0.00157303 |
| 5405.53 |  0.00166369 |
| 5406.46 |  0.00175439 |
| 5407.38 |  0.00184447 |
| 5408.31 |  0.00193545 |
| 5409.23 |  0.00202586 |
| 5410.16 |  0.00211631 |
| 5411.09 |  0.00220733 |
| 5412.01 |  0.00233642 |
| 5412.94 |  0.00249943 |
| 5413.86 |   0.0026614 |
| 5414.79 |  0.00282388 |
| 5415.72 |  0.00298644 |
| 5416.64 |  0.00314788 |
| 5417.57 |  0.00331103 |
| 5418.49 |  0.00347307 |
| 5419.42 |  0.00363569 |
| 5420.35 |  0.00379831 |
| 5421.28 |  0.00396101 |
| 5422.21 |  0.00421963 |
| 5423.13 |  0.00450968 |
| 5424.06 |  0.00480064 |
| 5424.99 |  0.00509174 |
| 5425.92 |  0.00538283 |
| 5426.85 |  0.00567314 |
| 5427.77 |  0.00596421 |
|  5428.7 |  0.00625451 |
| 5429.63 |  0.00654587 |
| 5430.56 |  0.00683721 |
| 5431.49 |  0.00712762 |
| 5432.42 |  0.00766163 |
| 5433.35 |   0.0081998 |
| 5434.28 |  0.00873966 |
| 5435.21 |  0.00927949 |
| 5436.14 |  0.00981789 |
| 5437.07 |    0.010358 |
|  5438.0 |   0.0108963 |
| 5438.93 |   0.0114367 |
| 5439.86 |    0.011977 |
| 5440.79 |   0.0125173 |
| 5441.72 |    0.013155 |
| 5442.65 |   0.0141376 |
| 5443.58 |   0.0151232 |
| 5444.51 |   0.0161093 |
| 5445.45 |   0.0170955 |
| 5446.38 |   0.0180784 |
| 5447.31 |    0.019068 |
| 5448.24 |   0.0200484 |
| 5449.17 |   0.0210348 |
|  5450.1 |   0.0220218 |
| 5451.04 |   0.0230056 |
| 5451.97 |    0.024349 |
|  5452.9 |   0.0260455 |
| 5453.84 |   0.0277589 |
| 5454.77 |   0.0294625 |
|  5455.7 |   0.0311704 |
| 5456.64 |   0.0328792 |
| 5457.57 |   0.0345772 |
|  5458.5 |   0.0362867 |
| 5459.44 |   0.0379962 |
| 5460.37 |   0.0397056 |
| 5461.31 |   0.0414149 |
| 5462.24 |   0.0438538 |
| 5463.17 |   0.0465349 |
| 5464.11 |   0.0492004 |
| 5465.04 |   0.0518742 |
| 5465.98 |    0.054548 |
| 5466.92 |    0.057223 |
| 5467.85 |   0.0598881 |
| 5468.78 |   0.0625546 |
| 5469.72 |   0.0652307 |
| 5470.66 |   0.0679066 |
| 5471.59 |   0.0706657 |
| 5472.53 |   0.0743811 |
| 5473.47 |     0.07811 |
|  5474.4 |   0.0818271 |
| 5475.34 |   0.0855575 |
| 5476.28 |   0.0892859 |
| 5477.21 |   0.0930045 |
| 5478.15 |   0.0967365 |
| 5479.08 |    0.100457 |
| 5480.02 |    0.104188 |
| 5480.96 |     0.10792 |
|  5481.9 |    0.111873 |
| 5482.84 |    0.116183 |
| 5483.77 |    0.120481 |
| 5484.71 |    0.124793 |
| 5485.65 |    0.129106 |
| 5486.59 |     0.13342 |
| 5487.53 |    0.137719 |
| 5488.46 |     0.14202 |
| 5489.41 |    0.146336 |
| 5490.35 |     0.15065 |
| 5491.29 |    0.154966 |
| 5492.22 |    0.158924 |
| 5493.17 |    0.162787 |
|  5494.1 |    0.166613 |
| 5495.04 |    0.170465 |
| 5495.98 |    0.174318 |
| 5496.92 |    0.178157 |
| 5497.87 |    0.182023 |
|  5498.8 |    0.185851 |
| 5499.75 |    0.189705 |
| 5500.69 |    0.193561 |
| 5501.63 |    0.197289 |
| 5502.57 |     0.20008 |
| 5503.51 |    0.202844 |
| 5504.46 |    0.205633 |
|  5505.4 |    0.208406 |
| 5506.34 |    0.211189 |
| 5507.28 |    0.213971 |
| 5508.22 |    0.216737 |
| 5509.16 |     0.21952 |
|  5510.1 |    0.222304 |
| 5511.05 |    0.225088 |
| 5511.99 |    0.227334 |
| 5512.94 |     0.22902 |
| 5513.88 |    0.230701 |
| 5514.82 |    0.232388 |
| 5515.77 |     0.23407 |
| 5516.71 |    0.235757 |
| 5517.65 |    0.237444 |
|  5518.6 |    0.239126 |
| 5519.54 |    0.240814 |
| 5520.48 |    0.242496 |
| 5521.43 |    0.244184 |
| 5522.38 |     0.24516 |
| 5523.32 |    0.246047 |
| 5524.27 |    0.246936 |
| 5525.21 |    0.247822 |
| 5526.15 |    0.248712 |
|  5527.1 |    0.249601 |
| 5528.05 |    0.250491 |
| 5528.99 |    0.251378 |
| 5529.94 |    0.252265 |
| 5530.88 |    0.253155 |
| 5531.83 |    0.253897 |
| 5532.78 |    0.254313 |
| 5533.72 |    0.254727 |
| 5534.67 |    0.255143 |
| 5535.62 |    0.255558 |
| 5536.56 |    0.255974 |
| 5537.51 |    0.256389 |
| 5538.46 |    0.256804 |
| 5539.41 |    0.257221 |
| 5540.35 |    0.257635 |
| 5541.31 |    0.258052 |
| 5542.25 |    0.258383 |
|  5543.2 |    0.258686 |
| 5544.15 |    0.258991 |
| 5545.09 |    0.259293 |
| 5546.04 |    0.259597 |
| 5546.99 |    0.259902 |
| 5547.94 |    0.260206 |
| 5548.89 |     0.26051 |
| 5549.84 |    0.260813 |
| 5550.79 |    0.261117 |
| 5551.74 |    0.261429 |
| 5552.69 |     0.26177 |
| 5553.64 |    0.262112 |
| 5554.59 |    0.262453 |
| 5555.54 |    0.262794 |
| 5556.49 |    0.263135 |
| 5557.44 |    0.263476 |
| 5558.39 |    0.263818 |
| 5559.35 |     0.26416 |
| 5560.29 |    0.264499 |
| 5561.25 |    0.264842 |
|  5562.2 |    0.265155 |
| 5563.15 |    0.265456 |
|  5564.1 |    0.265756 |
| 5565.05 |    0.266056 |
| 5566.01 |    0.266357 |
| 5566.96 |    0.266657 |
| 5567.91 |    0.266958 |
| 5568.86 |    0.267259 |
| 5569.81 |    0.267558 |
| 5570.77 |    0.267842 |
| 5571.72 |    0.268122 |
| 5572.67 |     0.26841 |
| 5573.63 |    0.268698 |
| 5574.58 |    0.268986 |
| 5575.54 |    0.269273 |
| 5576.49 |     0.26956 |
| 5577.44 |    0.269847 |
|  5578.4 |    0.270135 |
| 5579.35 |    0.270423 |
| 5580.31 |    0.270717 |
| 5581.26 |    0.271026 |
| 5582.22 |    0.271274 |
| 5583.17 |    0.271496 |
| 5584.13 |    0.271718 |
| 5585.08 |     0.27194 |
| 5586.04 |    0.272162 |
| 5586.99 |    0.272384 |
| 5587.95 |    0.272606 |
| 5588.91 |    0.272828 |
| 5589.86 |     0.27305 |
| 5590.82 |    0.273273 |
| 5591.77 |    0.273482 |
| 5592.73 |    0.273652 |
| 5593.69 |    0.273822 |
| 5594.65 |    0.273991 |
|  5595.6 |    0.274161 |
| 5596.56 |     0.27433 |
| 5597.52 |      0.2745 |
| 5598.48 |    0.274669 |
| 5599.43 |    0.274839 |
| 5600.39 |    0.275009 |
| 5601.35 |    0.275179 |
| 5602.31 |    0.275251 |
| 5603.27 |    0.275297 |
| 5604.23 |    0.275344 |
| 5605.19 |     0.27539 |
| 5606.15 |    0.275436 |
|  5607.1 |    0.275482 |
| 5608.06 |    0.275529 |
| 5609.02 |    0.275575 |
| 5609.98 |    0.275621 |
| 5610.94 |    0.275668 |
|  5611.9 |    0.275662 |
| 5612.86 |     0.27556 |
| 5613.82 |     0.27546 |
| 5614.78 |    0.275359 |
| 5615.74 |    0.275259 |
|  5616.7 |    0.275158 |
| 5617.67 |    0.275057 |
| 5618.62 |    0.274957 |
| 5619.59 |    0.274856 |
| 5620.55 |    0.274755 |
| 5621.51 |    0.274654 |
| 5622.47 |    0.274507 |
| 5623.43 |    0.274358 |
|  5624.4 |    0.274208 |
| 5625.36 |    0.274059 |
| 5626.32 |    0.273909 |
| 5627.28 |     0.27376 |
| 5628.25 |     0.27361 |
| 5629.21 |    0.273461 |
| 5630.17 |     0.27331 |
| 5631.14 |    0.273153 |
|  5632.1 |    0.272936 |
| 5633.06 |     0.27267 |
| 5634.02 |    0.272405 |
| 5634.99 |    0.272139 |
| 5635.96 |    0.271873 |
| 5636.92 |    0.271608 |
| 5637.88 |    0.271341 |
| 5638.85 |    0.271076 |
| 5639.81 |     0.27081 |
| 5640.78 |    0.270544 |
| 5641.74 |    0.270267 |
| 5642.71 |    0.269942 |
| 5643.67 |     0.26962 |
| 5644.64 |    0.269295 |
|  5645.6 |    0.268971 |
| 5646.57 |    0.268646 |
| 5647.54 |    0.268322 |
| 5648.51 |    0.267997 |
| 5649.47 |    0.267674 |
| 5650.44 |    0.267348 |
|  5651.4 |    0.267025 |
| 5652.37 |    0.266647 |
| 5653.34 |    0.266259 |
|  5654.3 |    0.265872 |
| 5655.27 |    0.265482 |
| 5656.24 |    0.265095 |
| 5657.21 |    0.264706 |
| 5658.18 |    0.264318 |
| 5659.14 |    0.263932 |
| 5660.11 |    0.263542 |
| 5661.08 |    0.263154 |
| 5662.05 |     0.26282 |
| 5663.02 |    0.262544 |
| 5663.99 |    0.262267 |
| 5664.96 |    0.261992 |
| 5665.92 |    0.261716 |
| 5666.89 |    0.261439 |
| 5667.86 |    0.261162 |
| 5668.83 |    0.260886 |
|  5669.8 |     0.26061 |
| 5670.77 |    0.260333 |
| 5671.74 |    0.260072 |
| 5672.71 |    0.259884 |
| 5673.69 |    0.259695 |
| 5674.65 |    0.259507 |
| 5675.63 |    0.259318 |
|  5676.6 |     0.25913 |
| 5677.57 |    0.258941 |
| 5678.54 |    0.258752 |
| 5679.51 |    0.258564 |
| 5680.49 |    0.258374 |
| 5681.45 |    0.258186 |
| 5682.43 |     0.25804 |
|  5683.4 |      0.2579 |
| 5684.37 |    0.257759 |
| 5685.34 |    0.257619 |
| 5686.31 |     0.25748 |
| 5687.29 |    0.257339 |
| 5688.26 |    0.257199 |
| 5689.24 |    0.257059 |
| 5690.21 |    0.256919 |
| 5691.19 |    0.256778 |
| 5692.15 |     0.25666 |
| 5693.13 |    0.256556 |
|  5694.1 |    0.256451 |
| 5695.08 |    0.256348 |
| 5696.06 |    0.256243 |
| 5697.02 |    0.256139 |
|  5698.0 |    0.256035 |
| 5698.98 |    0.255931 |
| 5699.95 |    0.255827 |
| 5700.93 |    0.255722 |
|  5701.9 |    0.255663 |
| 5702.88 |    0.255695 |
| 5703.85 |    0.255727 |
| 5704.83 |    0.255759 |
| 5705.81 |    0.255791 |
| 5706.78 |    0.255823 |
| 5707.76 |    0.255855 |
| 5708.73 |    0.255887 |
| 5709.71 |    0.255919 |
| 5710.69 |    0.255951 |
| 5711.67 |    0.255997 |
| 5712.64 |    0.256187 |
| 5713.62 |    0.256377 |
|  5714.6 |    0.256568 |
| 5715.58 |    0.256758 |
| 5716.56 |    0.256949 |
| 5717.53 |    0.257139 |
| 5718.51 |     0.25733 |
| 5719.49 |     0.25752 |
| 5720.47 |      0.2577 |
| 5721.45 |     0.25787 |
| 5722.42 |    0.258131 |
|  5723.4 |    0.258408 |
| 5724.38 |    0.258684 |
| 5725.36 |    0.258962 |
| 5726.34 |    0.259239 |
| 5727.32 |    0.259515 |
|  5728.3 |    0.259792 |
| 5729.28 |    0.260069 |
| 5730.26 |    0.260351 |
| 5731.24 |     0.26065 |
| 5732.23 |    0.260941 |
|  5733.2 |    0.261227 |
| 5734.18 |    0.261514 |
| 5735.17 |    0.261801 |
| 5736.15 |    0.262088 |
| 5737.13 |    0.262376 |
| 5738.11 |    0.262662 |
|  5739.1 |     0.26295 |
| 5740.07 |    0.263236 |
| 5741.06 |    0.263523 |
| 5742.04 |     0.26381 |
| 5743.02 |    0.264095 |
| 5744.01 |    0.264381 |
| 5744.98 |    0.264665 |
| 5745.97 |    0.264952 |
| 5746.95 |    0.265237 |
| 5747.93 |    0.265521 |
| 5748.92 |    0.265808 |
|  5749.9 |    0.266092 |
| 5750.89 |    0.266379 |
| 5751.87 |    0.266688 |
| 5752.85 |    0.267057 |
| 5753.84 |    0.267427 |
| 5754.82 |    0.267794 |
| 5755.81 |    0.268164 |
| 5756.79 |    0.268533 |
| 5757.78 |    0.268903 |
| 5758.76 |    0.269272 |
| 5759.75 |    0.269642 |
| 5760.73 |     0.27001 |
| 5761.72 |    0.270371 |
|  5762.7 |    0.270676 |
| 5763.69 |    0.270981 |
| 5764.68 |    0.271286 |
| 5765.66 |    0.271589 |
| 5766.65 |    0.271895 |
| 5767.63 |    0.272198 |
| 5768.62 |    0.272503 |
| 5769.61 |    0.272808 |
|  5770.6 |    0.273112 |
| 5771.58 |    0.273418 |
| 5772.57 |    0.273607 |
| 5773.56 |    0.273796 |
| 5774.55 |    0.273985 |
| 5775.53 |    0.274173 |
| 5776.52 |    0.274362 |
| 5777.51 |     0.27455 |
|  5778.5 |    0.274739 |
| 5779.49 |    0.274928 |
| 5780.48 |    0.275117 |
| 5781.47 |    0.275305 |
| 5782.45 |    0.275393 |
| 5783.44 |    0.275466 |
| 5784.44 |    0.275538 |
| 5785.42 |    0.275611 |
| 5786.41 |    0.275683 |
|  5787.4 |    0.275756 |
| 5788.39 |    0.275829 |
| 5789.38 |    0.275901 |
| 5790.38 |    0.275974 |
| 5791.37 |    0.276046 |
| 5792.36 |    0.276059 |
| 5793.35 |    0.276053 |
| 5794.34 |    0.276047 |
| 5795.33 |    0.276042 |
| 5796.32 |    0.276036 |
| 5797.32 |     0.27603 |
|  5798.3 |    0.276024 |
|  5799.3 |    0.276018 |
| 5800.29 |    0.276012 |
| 5801.28 |    0.276006 |
| 5802.28 |    0.275899 |
| 5803.27 |    0.275744 |
| 5804.26 |    0.275589 |
| 5805.25 |    0.275434 |
| 5806.25 |    0.275278 |
| 5807.24 |    0.275123 |
| 5808.24 |    0.274967 |
| 5809.23 |    0.274812 |
| 5810.22 |    0.274657 |
| 5811.21 |    0.274501 |
| 5812.21 |    0.274258 |
| 5813.21 |    0.273958 |
|  5814.2 |     0.27366 |
| 5815.19 |    0.273358 |
| 5816.19 |    0.273059 |
| 5817.18 |    0.272759 |
| 5818.18 |    0.272458 |
| 5819.17 |    0.272159 |
| 5820.17 |    0.271854 |
| 5821.17 |    0.271532 |
| 5822.16 |    0.271176 |
| 5823.16 |    0.270793 |
| 5824.16 |    0.270411 |
| 5825.15 |     0.27003 |
| 5826.15 |    0.269649 |
| 5827.14 |    0.269267 |
| 5828.14 |    0.268885 |
| 5829.14 |    0.268502 |
| 5830.13 |    0.268125 |
| 5831.14 |    0.267769 |
| 5832.13 |    0.267432 |
| 5833.13 |    0.267108 |
| 5834.13 |    0.266785 |
| 5835.12 |    0.266462 |
| 5836.13 |    0.266137 |
| 5837.12 |    0.265816 |
| 5838.12 |    0.265492 |
| 5839.12 |    0.265168 |
| 5840.12 |    0.264846 |
| 5841.12 |    0.264522 |
| 5842.12 |    0.264205 |
| 5843.12 |    0.263892 |
| 5844.12 |     0.26358 |
| 5845.12 |    0.263267 |
| 5846.12 |    0.262955 |
| 5847.11 |    0.262644 |
| 5848.12 |    0.262331 |
| 5849.12 |    0.262019 |
| 5850.12 |    0.261706 |
| 5851.12 |    0.261394 |
| 5852.12 |    0.261065 |
| 5853.12 |    0.260722 |
| 5854.12 |    0.260377 |
| 5855.12 |    0.260033 |
| 5856.13 |    0.259688 |
| 5857.13 |    0.259343 |
| 5858.13 |    0.258999 |
| 5859.13 |    0.258654 |
| 5860.13 |     0.25831 |
| 5861.14 |    0.257965 |
| 5862.14 |    0.257637 |
| 5863.14 |    0.257326 |
| 5864.15 |    0.257014 |
| 5865.15 |    0.256704 |
| 5866.15 |    0.256392 |
| 5867.16 |     0.25608 |
| 5868.16 |     0.25577 |
| 5869.17 |    0.255457 |
| 5870.17 |    0.255146 |
| 5871.17 |    0.254834 |
| 5872.18 |    0.254604 |
| 5873.19 |    0.254441 |
| 5874.19 |    0.254278 |
| 5875.19 |    0.254116 |
|  5876.2 |    0.253952 |
|  5877.2 |    0.253789 |
| 5878.21 |    0.253626 |
| 5879.21 |    0.253463 |
| 5880.22 |      0.2533 |
| 5881.23 |    0.253137 |
| 5882.23 |    0.253089 |
| 5883.24 |    0.253119 |
| 5884.25 |    0.253148 |
| 5885.26 |    0.253178 |
| 5886.26 |    0.253207 |
| 5887.27 |    0.253237 |
| 5888.27 |    0.253266 |
| 5889.28 |    0.253295 |
| 5890.29 |    0.253325 |
| 5891.29 |    0.253354 |
|  5892.3 |    0.253432 |
| 5893.31 |    0.253534 |
| 5894.32 |    0.253635 |
| 5895.33 |    0.253737 |
| 5896.33 |    0.253838 |
| 5897.35 |     0.25394 |
| 5898.36 |    0.254042 |
| 5899.37 |    0.254144 |
| 5900.38 |    0.254238 |
| 5901.39 |    0.254318 |
|  5902.4 |    0.254398 |
|  5903.4 |    0.254479 |
| 5904.41 |     0.25456 |
| 5905.42 |     0.25464 |
| 5906.44 |    0.254721 |
| 5907.44 |    0.254802 |
| 5908.46 |    0.254883 |
| 5909.47 |    0.254963 |
| 5910.48 |    0.255055 |
| 5911.49 |    0.255158 |
|  5912.5 |    0.255322 |
| 5913.51 |    0.255497 |
| 5914.52 |    0.255672 |
| 5915.54 |    0.255847 |
| 5916.55 |    0.256022 |
| 5917.56 |    0.256196 |
| 5918.57 |    0.256372 |
| 5919.58 |    0.256547 |
|  5920.6 |    0.256722 |
| 5921.61 |    0.256898 |
| 5922.63 |    0.257206 |
| 5923.64 |    0.257517 |
| 5924.65 |    0.257828 |
| 5925.66 |    0.258141 |
| 5926.68 |    0.258453 |
| 5927.69 |    0.258765 |
| 5928.71 |    0.259076 |
| 5929.72 |    0.259388 |
| 5930.73 |      0.2597 |
| 5931.75 |    0.260021 |
| 5932.77 |    0.260413 |
| 5933.78 |    0.260805 |
|  5934.8 |    0.261197 |
| 5935.81 |    0.261589 |
| 5936.83 |    0.261982 |
| 5937.84 |    0.262375 |
| 5938.86 |    0.262768 |
| 5939.88 |     0.26316 |
| 5940.89 |    0.263551 |
| 5941.91 |     0.26393 |
| 5942.92 |    0.264269 |
| 5943.94 |    0.264607 |
| 5944.96 |    0.264945 |
| 5945.98 |    0.265285 |
| 5946.99 |    0.265622 |
| 5948.01 |    0.265961 |
| 5949.03 |      0.2663 |
| 5950.05 |    0.266639 |
| 5951.07 |    0.266978 |
| 5952.08 |    0.267274 |
|  5953.1 |    0.267516 |
| 5954.12 |    0.267758 |
| 5955.14 |       0.268 |
| 5956.16 |    0.268242 |
| 5957.17 |    0.268483 |
|  5958.2 |    0.268726 |
| 5959.21 |    0.268967 |
| 5960.23 |    0.269209 |
| 5961.25 |    0.269452 |
| 5962.27 |    0.269669 |
| 5963.29 |    0.269872 |
| 5964.31 |    0.270075 |
| 5965.33 |    0.270278 |
| 5966.36 |    0.270481 |
| 5967.38 |    0.270685 |
|  5968.4 |    0.270887 |
| 5969.42 |     0.27109 |
| 5970.44 |    0.271283 |
| 5971.46 |    0.271463 |
| 5972.48 |    0.271591 |
|  5973.5 |    0.271707 |
| 5974.53 |    0.271824 |
| 5975.55 |     0.27194 |
| 5976.57 |    0.272056 |
|  5977.6 |    0.272173 |
| 5978.62 |    0.272289 |
| 5979.64 |    0.272405 |
| 5980.66 |    0.272536 |
| 5981.69 |    0.272674 |
| 5982.71 |    0.272704 |
| 5983.73 |    0.272735 |
| 5984.76 |    0.272765 |
| 5985.78 |    0.272795 |
|  5986.8 |    0.272826 |
| 5987.83 |    0.272856 |
| 5988.85 |    0.272887 |
| 5989.88 |    0.272917 |
|  5990.9 |    0.272948 |
| 5991.93 |    0.272929 |
| 5992.95 |    0.272768 |
| 5993.98 |    0.272607 |
|  5995.0 |    0.272447 |
| 5996.03 |    0.272286 |
| 5997.05 |    0.272126 |
| 5998.08 |    0.271965 |
| 5999.11 |    0.271804 |
| 6000.13 |    0.271648 |
| 6001.16 |    0.271514 |
| 6002.19 |    0.271345 |
| 6003.22 |    0.271138 |
| 6004.24 |    0.270933 |
| 6005.27 |    0.270727 |
|  6006.3 |    0.270521 |
| 6007.32 |    0.270316 |
| 6008.35 |    0.270109 |
| 6009.38 |    0.269904 |
| 6010.41 |    0.269698 |
| 6011.44 |    0.269492 |
| 6012.46 |    0.269271 |
| 6013.49 |    0.269044 |
| 6014.52 |    0.268818 |
| 6015.55 |    0.268591 |
| 6016.58 |    0.268364 |
| 6017.61 |    0.268138 |
| 6018.64 |    0.267912 |
| 6019.67 |    0.267685 |
|  6020.7 |    0.267458 |
| 6021.73 |     0.26723 |
| 6022.76 |    0.266983 |
| 6023.79 |    0.266737 |
| 6024.82 |    0.266489 |
| 6025.85 |    0.266243 |
| 6026.88 |    0.265995 |
| 6027.92 |    0.265748 |
| 6028.94 |    0.265501 |
| 6029.98 |    0.265253 |
| 6031.01 |    0.264981 |
| 6032.04 |    0.264664 |
| 6033.07 |    0.264271 |
|  6034.1 |    0.263879 |
| 6035.14 |    0.263486 |
| 6036.17 |    0.263093 |
|  6037.2 |      0.2627 |
| 6038.23 |    0.262307 |
| 6039.27 |    0.261913 |
|  6040.3 |    0.261528 |
| 6041.33 |    0.261158 |
| 6042.37 |    0.260758 |
|  6043.4 |    0.260344 |
| 6044.44 |    0.259929 |
| 6045.47 |    0.259516 |
| 6046.51 |      0.2591 |
| 6047.54 |    0.258687 |
| 6048.57 |    0.258272 |
| 6049.61 |    0.257857 |
| 6050.64 |    0.257443 |
| 6051.68 |    0.257027 |
| 6052.71 |    0.256748 |
| 6053.75 |    0.256467 |
| 6054.79 |    0.256186 |
| 6055.82 |    0.255906 |
| 6056.86 |    0.255623 |
| 6057.89 |    0.255344 |
| 6058.93 |    0.255062 |
| 6059.97 |    0.254781 |
|  6061.0 |      0.2545 |
| 6062.04 |    0.254255 |
| 6063.08 |     0.25408 |
| 6064.12 |    0.253903 |
| 6065.15 |    0.253728 |
| 6066.19 |    0.253551 |
| 6067.23 |    0.253375 |
| 6068.27 |    0.253199 |
| 6069.31 |    0.253023 |
| 6070.34 |    0.252847 |
| 6071.38 |     0.25267 |
| 6072.42 |    0.252552 |
| 6073.46 |    0.252456 |
|  6074.5 |    0.252361 |
| 6075.54 |    0.252265 |
| 6076.58 |     0.25217 |
| 6077.62 |    0.252074 |
| 6078.66 |    0.251978 |
|  6079.7 |    0.251883 |
| 6080.74 |    0.251787 |
| 6081.78 |     0.25169 |
| 6082.82 |    0.251576 |
| 6083.86 |    0.251461 |
|  6084.9 |    0.251347 |
| 6085.94 |    0.251233 |
| 6086.98 |    0.251119 |
| 6088.02 |    0.251004 |
| 6089.07 |     0.25089 |
| 6090.11 |    0.250773 |
| 6091.15 |    0.250637 |
| 6092.19 |    0.250516 |
| 6093.23 |    0.250413 |
| 6094.28 |     0.25031 |
| 6095.32 |    0.250206 |
| 6096.36 |    0.250103 |
| 6097.41 |    0.249999 |
| 6098.45 |    0.249896 |
| 6099.49 |    0.249793 |
| 6100.54 |    0.249701 |
| 6101.58 |     0.24962 |
| 6102.63 |    0.249656 |
| 6103.67 |    0.249706 |
| 6104.71 |    0.249757 |
| 6105.76 |    0.249807 |
|  6106.8 |    0.249857 |
| 6107.85 |    0.249907 |
| 6108.89 |    0.249957 |
| 6109.93 |    0.250008 |
| 6110.98 |    0.250058 |
| 6112.03 |    0.250161 |
| 6113.07 |    0.250374 |
| 6114.12 |    0.250588 |
| 6115.17 |    0.250801 |
| 6116.21 |    0.251014 |
| 6117.26 |    0.251227 |
| 6118.31 |    0.251441 |
| 6119.35 |    0.251655 |
|  6120.4 |    0.251868 |
| 6121.45 |    0.252082 |
| 6122.49 |    0.252314 |
| 6123.54 |    0.252553 |
| 6124.59 |    0.252792 |
| 6125.63 |     0.25303 |
| 6126.68 |    0.253269 |
| 6127.73 |    0.253507 |
| 6128.78 |    0.253746 |
| 6129.83 |    0.253985 |
| 6130.88 |    0.254223 |
| 6131.93 |    0.254445 |
| 6132.97 |    0.254605 |
| 6134.02 |    0.254766 |
| 6135.08 |    0.254926 |
| 6136.12 |    0.255087 |
| 6137.17 |    0.255247 |
| 6138.22 |    0.255407 |
| 6139.27 |    0.255568 |
| 6140.32 |    0.255729 |
| 6141.38 |     0.25589 |
| 6142.42 |    0.256045 |
| 6143.48 |    0.256199 |
| 6144.53 |    0.256351 |
| 6145.58 |    0.256505 |
| 6146.63 |    0.256658 |
| 6147.68 |    0.256811 |
| 6148.74 |    0.256965 |
| 6149.78 |    0.257118 |
| 6150.84 |    0.257253 |
| 6151.89 |    0.257389 |
| 6152.94 |    0.257551 |
|  6154.0 |    0.257713 |
| 6155.05 |    0.257874 |
|  6156.1 |    0.258037 |
| 6157.15 |    0.258198 |
| 6158.21 |    0.258361 |
| 6159.26 |    0.258523 |
| 6160.31 |    0.258691 |
| 6161.37 |    0.258876 |
| 6162.42 |    0.259111 |
| 6163.48 |    0.259369 |
| 6164.54 |    0.259627 |
| 6165.59 |    0.259886 |
| 6166.64 |    0.260143 |
|  6167.7 |    0.260401 |
| 6168.75 |     0.26066 |
| 6169.81 |    0.260918 |
| 6170.87 |    0.261177 |
| 6171.92 |    0.261414 |
| 6172.98 |    0.261568 |
| 6174.03 |    0.261722 |
| 6175.09 |    0.261876 |
| 6176.15 |     0.26203 |
|  6177.2 |    0.262184 |
| 6178.26 |    0.262338 |
| 6179.31 |    0.262492 |
| 6180.37 |    0.262647 |
| 6181.43 |    0.262801 |
| 6182.49 |    0.262873 |
| 6183.55 |    0.262915 |
|  6184.6 |    0.262958 |
| 6185.66 |       0.263 |
| 6186.72 |    0.263043 |
| 6187.78 |    0.263085 |
| 6188.84 |    0.263127 |
| 6189.89 |     0.26317 |
| 6190.95 |    0.263212 |
| 6192.02 |    0.263232 |
| 6193.08 |    0.263196 |
| 6194.13 |     0.26316 |
| 6195.19 |    0.263124 |
| 6196.25 |    0.263088 |
| 6197.31 |    0.263052 |
| 6198.38 |    0.263016 |
| 6199.43 |     0.26298 |
|  6200.5 |    0.262932 |
| 6201.55 |    0.262872 |
| 6202.62 |     0.26283 |
| 6203.68 |     0.26279 |
| 6204.74 |     0.26275 |
|  6205.8 |    0.262711 |
| 6206.86 |    0.262671 |
| 6207.92 |    0.262632 |
| 6208.99 |    0.262592 |
| 6210.05 |    0.262553 |
| 6211.11 |    0.262537 |
| 6212.17 |    0.262534 |
| 6213.24 |    0.262548 |
|  6214.3 |    0.262561 |
| 6215.36 |    0.262575 |
| 6216.43 |    0.262588 |
| 6217.49 |    0.262602 |
| 6218.55 |    0.262616 |
| 6219.62 |    0.262629 |
| 6220.68 |    0.262643 |
| 6221.75 |    0.262654 |
| 6222.81 |    0.262571 |
| 6223.87 |    0.262488 |
| 6224.94 |    0.262404 |
|  6226.0 |    0.262321 |
| 6227.07 |    0.262238 |
| 6228.14 |    0.262155 |
|  6229.2 |    0.262071 |
| 6230.27 |    0.261988 |
| 6231.33 |    0.261907 |
|  6232.4 |    0.261762 |
| 6233.47 |    0.261579 |
| 6234.53 |    0.261398 |
|  6235.6 |    0.261215 |
| 6236.67 |    0.261033 |
| 6237.73 |     0.26085 |
|  6238.8 |    0.260667 |
| 6239.87 |    0.260484 |
| 6240.94 |    0.260281 |
|  6242.0 |    0.260077 |
| 6243.07 |    0.259876 |
| 6244.14 |    0.259675 |
| 6245.21 |    0.259475 |
| 6246.28 |    0.259275 |
| 6247.35 |    0.259074 |
| 6248.41 |    0.258874 |
| 6249.48 |    0.258673 |
| 6250.55 |    0.258485 |
| 6251.62 |    0.258308 |
| 6252.69 |    0.258232 |
| 6253.76 |    0.258168 |
| 6254.83 |    0.258103 |
|  6255.9 |    0.258039 |
| 6256.97 |    0.257975 |
| 6258.04 |     0.25791 |
| 6259.11 |    0.257846 |
| 6260.18 |    0.257781 |
| 6261.25 |    0.257717 |
| 6262.33 |    0.257692 |
|  6263.4 |      0.2577 |
| 6264.47 |    0.257708 |
| 6265.54 |    0.257716 |
| 6266.61 |    0.257723 |
| 6267.69 |    0.257731 |
| 6268.76 |    0.257739 |
| 6269.83 |    0.257747 |
|  6270.9 |    0.257755 |
| 6271.98 |    0.257747 |
| 6273.05 |    0.257686 |
| 6274.12 |    0.257625 |
|  6275.2 |    0.257565 |
| 6276.27 |    0.257504 |
| 6277.35 |    0.257443 |
| 6278.42 |    0.257382 |
| 6279.49 |    0.257321 |
| 6280.57 |     0.25726 |
| 6281.64 |      0.2572 |
| 6282.72 |    0.257109 |
| 6283.79 |    0.257015 |
| 6284.87 |    0.256922 |
| 6285.94 |    0.256828 |
| 6287.02 |    0.256734 |
| 6288.09 |     0.25664 |
| 6289.17 |    0.256547 |
| 6290.24 |    0.256448 |
| 6291.32 |     0.25633 |
|  6292.4 |     0.25622 |
| 6293.47 |    0.256116 |
| 6294.55 |    0.256011 |
| 6295.62 |    0.255907 |
|  6296.7 |    0.255802 |
| 6297.78 |    0.255697 |
| 6298.86 |    0.255593 |
| 6299.94 |    0.255488 |
| 6301.01 |    0.255405 |
| 6302.09 |     0.25537 |
| 6303.17 |     0.25543 |
| 6304.25 |    0.255491 |
| 6305.33 |    0.255551 |
|  6306.4 |    0.255612 |
| 6307.48 |    0.255673 |
| 6308.56 |    0.255733 |
| 6309.65 |    0.255794 |
| 6310.72 |    0.255854 |
|  6311.8 |    0.255918 |
| 6312.88 |    0.256054 |
| 6313.96 |    0.256189 |
| 6315.04 |    0.256325 |
| 6316.12 |     0.25646 |
| 6317.21 |    0.256596 |
| 6318.28 |    0.256731 |
| 6319.37 |    0.256867 |
| 6320.45 |    0.257003 |
| 6321.53 |    0.257138 |
| 6322.61 |    0.257229 |
| 6323.69 |    0.257308 |
| 6324.78 |    0.257388 |
| 6325.86 |    0.257467 |
| 6326.94 |    0.257547 |
| 6328.02 |    0.257626 |
|  6329.1 |    0.257705 |
| 6330.19 |    0.257781 |
| 6331.27 |    0.257836 |
| 6332.35 |    0.257844 |
| 6333.44 |    0.257813 |
| 6334.52 |    0.257783 |
|  6335.6 |    0.257752 |
| 6336.69 |    0.257721 |
| 6337.77 |     0.25769 |
| 6338.86 |    0.257659 |
| 6339.94 |    0.257629 |
| 6341.03 |     0.25762 |
| 6342.11 |    0.257605 |
| 6343.19 |    0.257574 |
| 6344.28 |    0.257542 |
| 6345.37 |    0.257511 |
| 6346.45 |    0.257479 |
| 6347.54 |    0.257447 |
| 6348.62 |    0.257416 |
| 6349.71 |    0.257384 |
|  6350.8 |    0.257352 |
| 6351.88 |     0.25733 |
| 6352.97 |     0.25738 |
| 6354.06 |    0.257429 |
| 6355.14 |    0.257479 |
| 6356.23 |    0.257529 |
| 6357.32 |    0.257579 |
| 6358.41 |    0.257629 |
| 6359.49 |    0.257678 |
| 6360.58 |    0.257728 |
| 6361.67 |    0.257778 |
| 6362.76 |     0.25785 |
| 6363.85 |    0.257925 |
| 6364.93 |       0.258 |
| 6366.02 |    0.258074 |
| 6367.12 |    0.258149 |
| 6368.21 |    0.258224 |
|  6369.3 |    0.258299 |
| 6370.39 |    0.258365 |
| 6371.47 |    0.258415 |
| 6372.56 |    0.258457 |
| 6373.65 |    0.258496 |
| 6374.74 |    0.258534 |
| 6375.84 |    0.258572 |
| 6376.92 |     0.25861 |
| 6378.02 |    0.258649 |
| 6379.11 |    0.258687 |
|  6380.2 |     0.25873 |
| 6381.29 |    0.258793 |
| 6382.38 |    0.258778 |
| 6383.48 |    0.258703 |
| 6384.57 |    0.258629 |
| 6385.66 |    0.258554 |
| 6386.75 |     0.25848 |
| 6387.84 |    0.258406 |
| 6388.94 |    0.258331 |
| 6390.03 |    0.258257 |
| 6391.12 |    0.258182 |
| 6392.22 |    0.258078 |
| 6393.31 |     0.25793 |
| 6394.41 |    0.257783 |
|  6395.5 |    0.257635 |
| 6396.59 |    0.257488 |
| 6397.69 |     0.25734 |
| 6398.79 |    0.257192 |
| 6399.88 |    0.257044 |
| 6400.97 |    0.256896 |
| 6402.07 |    0.256771 |
| 6403.16 |    0.256707 |
| 6404.26 |    0.256644 |
| 6405.35 |     0.25658 |
| 6406.45 |    0.256516 |
| 6407.54 |    0.256452 |
| 6408.64 |    0.256388 |
| 6409.74 |    0.256324 |
| 6410.84 |    0.256241 |
| 6411.93 |    0.256164 |
| 6413.03 |    0.256146 |
| 6414.13 |    0.256129 |
| 6415.23 |    0.256112 |
| 6416.32 |    0.256094 |
| 6417.42 |    0.256077 |
| 6418.52 |    0.256059 |
| 6419.61 |    0.256042 |
| 6420.71 |     0.25604 |
| 6421.81 |    0.256048 |
| 6422.91 |    0.256075 |
| 6424.01 |    0.256103 |
| 6425.11 |    0.256131 |
| 6426.21 |    0.256159 |
| 6427.31 |    0.256187 |
| 6428.41 |    0.256215 |
| 6429.51 |    0.256243 |
|  6430.6 |    0.256268 |
| 6431.71 |    0.256291 |
| 6432.81 |    0.256236 |
| 6433.91 |    0.256177 |
| 6435.01 |    0.256117 |
| 6436.11 |    0.256058 |
| 6437.21 |    0.255998 |
| 6438.31 |    0.255939 |
| 6439.42 |     0.25588 |
| 6440.52 |     0.25582 |
| 6441.62 |     0.25576 |
| 6442.72 |    0.255667 |
| 6443.82 |    0.255569 |
| 6444.93 |     0.25547 |
| 6446.03 |    0.255371 |
| 6447.13 |    0.255272 |
| 6448.23 |    0.255173 |
| 6449.34 |    0.255074 |
| 6450.44 |    0.254966 |
| 6451.54 |    0.254842 |
| 6452.65 |    0.254749 |
| 6453.75 |    0.254665 |
| 6454.86 |     0.25458 |
| 6455.96 |    0.254496 |
| 6457.07 |    0.254411 |
| 6458.17 |    0.254327 |
| 6459.27 |    0.254242 |
| 6460.38 |    0.254166 |
| 6461.48 |    0.254105 |
| 6462.59 |    0.254168 |
|  6463.7 |    0.254276 |
| 6464.81 |    0.254385 |
| 6465.91 |    0.254493 |
| 6467.01 |    0.254601 |
| 6468.12 |     0.25471 |
| 6469.23 |    0.254819 |
| 6470.34 |    0.254927 |
| 6471.44 |    0.255036 |
| 6472.55 |    0.255208 |
| 6473.66 |    0.255406 |
| 6474.77 |    0.255605 |
| 6475.87 |    0.255805 |
| 6476.98 |    0.256004 |
| 6478.09 |    0.256204 |
| 6479.19 |    0.256403 |
| 6480.31 |    0.256602 |
| 6481.42 |    0.256802 |
| 6482.52 |    0.256975 |
| 6483.64 |    0.257137 |
| 6484.74 |    0.257297 |
| 6485.85 |    0.257459 |
| 6486.96 |    0.257619 |
| 6488.07 |     0.25778 |
| 6489.18 |    0.257941 |
| 6490.29 |    0.258095 |
|  6491.4 |    0.258231 |
| 6492.51 |    0.258336 |
| 6493.62 |    0.258423 |
| 6494.74 |     0.25851 |
| 6495.85 |    0.258597 |
| 6496.96 |    0.258683 |
| 6498.07 |     0.25877 |
| 6499.18 |    0.258857 |
| 6500.29 |    0.258936 |
| 6501.41 |    0.258992 |
| 6502.52 |     0.25904 |
| 6503.63 |    0.259082 |
| 6504.74 |    0.259125 |
| 6505.85 |    0.259168 |
| 6506.97 |     0.25921 |
| 6508.08 |    0.259253 |
|  6509.2 |    0.259296 |
| 6510.31 |    0.259338 |
| 6511.42 |     0.25938 |
| 6512.54 |    0.259508 |
| 6513.65 |    0.259678 |
| 6514.77 |    0.259849 |
| 6515.88 |     0.26002 |
| 6516.99 |     0.26019 |
| 6518.11 |    0.260361 |
| 6519.23 |    0.260532 |
| 6520.34 |    0.260695 |
| 6521.45 |    0.260839 |
| 6522.57 |    0.261028 |
| 6523.69 |    0.261235 |
| 6524.81 |    0.261442 |
| 6525.92 |    0.261649 |
| 6527.04 |    0.261857 |
| 6528.15 |    0.262062 |
| 6529.27 |    0.262269 |
| 6530.39 |    0.262484 |
|  6531.5 |    0.262715 |
| 6532.63 |    0.262949 |
| 6533.74 |     0.26318 |
| 6534.86 |    0.263413 |
| 6535.98 |    0.263646 |
| 6537.09 |    0.263878 |
| 6538.22 |    0.264111 |
| 6539.33 |    0.264342 |
| 6540.45 |    0.264575 |
| 6541.57 |    0.264807 |
| 6542.69 |    0.264962 |
| 6543.81 |    0.265095 |
| 6544.92 |    0.265228 |
| 6546.05 |    0.265363 |
| 6547.17 |    0.265496 |
| 6548.29 |    0.265629 |
| 6549.41 |    0.265763 |
| 6550.53 |    0.265896 |
| 6551.65 |    0.266029 |
| 6552.77 |    0.266095 |
| 6553.89 |    0.266149 |
| 6555.01 |    0.266204 |
| 6556.14 |    0.266258 |
| 6557.26 |    0.266313 |
| 6558.38 |    0.266367 |
|  6559.5 |    0.266421 |
| 6560.62 |    0.266461 |
| 6561.75 |     0.26649 |
| 6562.87 |    0.266495 |
| 6563.99 |    0.266499 |
| 6565.11 |    0.266502 |
| 6566.24 |    0.266506 |
| 6567.36 |     0.26651 |
| 6568.49 |    0.266513 |
| 6569.61 |    0.266517 |
| 6570.73 |    0.266537 |
| 6571.85 |    0.266566 |
| 6572.98 |    0.266596 |
| 6574.11 |    0.266626 |
| 6575.23 |    0.266656 |
| 6576.36 |    0.266686 |
| 6577.48 |    0.266716 |
|  6578.6 |    0.266746 |
| 6579.73 |    0.266776 |
| 6580.85 |    0.266806 |
| 6581.98 |    0.266833 |
| 6583.11 |    0.266844 |
| 6584.23 |    0.266856 |
| 6585.36 |    0.266867 |
| 6586.49 |    0.266878 |
| 6587.62 |     0.26689 |
| 6588.74 |    0.266901 |
| 6589.87 |    0.266913 |
|  6591.0 |    0.266901 |
| 6592.13 |     0.26685 |
| 6593.25 |    0.266704 |
| 6594.38 |    0.266559 |
| 6595.51 |    0.266412 |
| 6596.64 |    0.266266 |
| 6597.77 |     0.26612 |
| 6598.89 |    0.265974 |
| 6600.03 |    0.265828 |
| 6601.15 |    0.265708 |
| 6602.28 |    0.265539 |
| 6603.41 |    0.265299 |
| 6604.54 |    0.265061 |
| 6605.67 |     0.26482 |
|  6606.8 |    0.264581 |
| 6607.94 |    0.264341 |
| 6609.06 |    0.264102 |
| 6610.19 |    0.263863 |
| 6611.33 |    0.263623 |
| 6612.46 |    0.263371 |
| 6613.59 |    0.263108 |
| 6614.72 |    0.262846 |
| 6615.85 |    0.262583 |
| 6616.98 |     0.26232 |
| 6618.11 |    0.262058 |
| 6619.25 |    0.261795 |
| 6620.38 |    0.261533 |
| 6621.51 |     0.26127 |
| 6622.65 |    0.261013 |
| 6623.78 |    0.260759 |
| 6624.91 |    0.260505 |
| 6626.04 |    0.260252 |
| 6627.18 |    0.259997 |
| 6628.31 |    0.259743 |
| 6629.45 |    0.259489 |
| 6630.58 |    0.259217 |
| 6631.72 |    0.258926 |
| 6632.85 |    0.258678 |
| 6633.98 |    0.258434 |
| 6635.12 |    0.258191 |
| 6636.25 |    0.257948 |
| 6637.39 |    0.257705 |
| 6638.52 |    0.257462 |
| 6639.67 |    0.257219 |
|  6640.8 |    0.256994 |
| 6641.93 |    0.256769 |
| 6643.07 |     0.25647 |
| 6644.21 |    0.256171 |
| 6645.34 |    0.255872 |
| 6646.48 |    0.255572 |
| 6647.62 |    0.255273 |
| 6648.75 |    0.254975 |
| 6649.89 |    0.254677 |
| 6651.03 |    0.254377 |
| 6652.17 |    0.254061 |
| 6653.31 |    0.253703 |
| 6654.44 |    0.253346 |
| 6655.59 |    0.252986 |
| 6656.72 |    0.252629 |
| 6657.86 |    0.252272 |
|  6659.0 |    0.251914 |
| 6660.14 |    0.251554 |
| 6661.28 |     0.25117 |
| 6662.42 |    0.250783 |
| 6663.56 |    0.250385 |
|  6664.7 |    0.249989 |
| 6665.84 |    0.249593 |
| 6666.98 |    0.249196 |
| 6668.12 |      0.2488 |
| 6669.26 |    0.248404 |
|  6670.4 |    0.248018 |
| 6671.54 |    0.247646 |
| 6672.69 |    0.247337 |
| 6673.83 |     0.24705 |
| 6674.97 |    0.246763 |
| 6676.11 |    0.246476 |
| 6677.25 |    0.246189 |
|  6678.4 |    0.245901 |
| 6679.54 |    0.245614 |
| 6680.68 |    0.245328 |
| 6681.82 |    0.245042 |
| 6682.97 |    0.244919 |
| 6684.11 |    0.244799 |
| 6685.26 |     0.24468 |
|  6686.4 |    0.244561 |
| 6687.54 |    0.244441 |
| 6688.69 |    0.244322 |
| 6689.83 |    0.244203 |
| 6690.98 |    0.244063 |
| 6692.12 |    0.243934 |
| 6693.27 |     0.24385 |
| 6694.41 |    0.243767 |
| 6695.56 |    0.243683 |
|  6696.7 |    0.243599 |
| 6697.85 |    0.243516 |
| 6698.99 |    0.243432 |
| 6700.14 |    0.243351 |
| 6701.29 |    0.243291 |
| 6702.43 |    0.243229 |
| 6703.58 |    0.243165 |
| 6704.73 |      0.2431 |
| 6705.87 |    0.243036 |
| 6707.02 |    0.242971 |
| 6708.17 |    0.242906 |
| 6709.32 |    0.242842 |
| 6710.46 |    0.242777 |
| 6711.62 |    0.242712 |
| 6712.76 |    0.242632 |
| 6713.91 |    0.242547 |
| 6715.06 |    0.242463 |
|  6716.2 |    0.242378 |
| 6717.36 |    0.242293 |
|  6718.5 |    0.242209 |
| 6719.66 |    0.242123 |
|  6720.8 |    0.242022 |
| 6721.95 |    0.241916 |
| 6723.11 |     0.24184 |
| 6724.25 |    0.241764 |
| 6725.41 |    0.241688 |
| 6726.55 |    0.241612 |
| 6727.71 |    0.241536 |
| 6728.86 |     0.24146 |
| 6730.01 |    0.241384 |
| 6731.16 |    0.241332 |
| 6732.31 |    0.241317 |
| 6733.46 |    0.241361 |
| 6734.62 |    0.241404 |
| 6735.77 |    0.241447 |
| 6736.92 |     0.24149 |
| 6738.07 |    0.241533 |
| 6739.23 |    0.241576 |
| 6740.38 |    0.241619 |
| 6741.53 |    0.241662 |
| 6742.69 |    0.241813 |
| 6743.84 |    0.242007 |
| 6744.99 |    0.242201 |
| 6746.15 |    0.242396 |
|  6747.3 |     0.24259 |
| 6748.46 |    0.242784 |
| 6749.61 |    0.242978 |
| 6750.76 |    0.243155 |
| 6751.92 |    0.243326 |
| 6753.08 |    0.243512 |
| 6754.23 |    0.243697 |
| 6755.39 |    0.243882 |
| 6756.54 |    0.244067 |
|  6757.7 |    0.244252 |
| 6758.85 |    0.244438 |
| 6760.01 |    0.244623 |
| 6761.17 |    0.244831 |
| 6762.33 |    0.245023 |
| 6763.48 |    0.245186 |
| 6764.64 |    0.245351 |
|  6765.8 |    0.245515 |
| 6766.95 |    0.245679 |
| 6768.11 |    0.245843 |
| 6769.27 |    0.246006 |
| 6770.43 |    0.246171 |
| 6771.59 |    0.246334 |
| 6772.74 |    0.246433 |
| 6773.91 |    0.246513 |
| 6775.06 |    0.246592 |
| 6776.22 |    0.246671 |
| 6777.38 |     0.24675 |
| 6778.54 |    0.246829 |
|  6779.7 |    0.246908 |
| 6780.86 |    0.246968 |
| 6782.02 |    0.247013 |
| 6783.18 |    0.246997 |
| 6784.34 |    0.246981 |
|  6785.5 |    0.246965 |
| 6786.67 |    0.246949 |
| 6787.83 |    0.246933 |
| 6788.98 |    0.246917 |
| 6790.15 |    0.246904 |
| 6791.31 |    0.246912 |
| 6792.47 |    0.246927 |
| 6793.63 |    0.246947 |
|  6794.8 |    0.246968 |
| 6795.96 |    0.246988 |
| 6797.12 |    0.247009 |
| 6798.29 |    0.247029 |
| 6799.45 |    0.247049 |
| 6800.61 |     0.24707 |
| 6801.77 |     0.24709 |
| 6802.94 |    0.247084 |
|  6804.1 |    0.247076 |
| 6805.26 |    0.247067 |
| 6806.43 |    0.247059 |
| 6807.59 |     0.24705 |
| 6808.76 |    0.247041 |
| 6809.92 |    0.247033 |
| 6811.09 |    0.247001 |
| 6812.25 |    0.246947 |
| 6813.42 |     0.24685 |
| 6814.58 |    0.246754 |
| 6815.75 |    0.246657 |
| 6816.92 |     0.24656 |
| 6818.08 |    0.246464 |
| 6819.25 |    0.246367 |
| 6820.42 |    0.246279 |
| 6821.58 |    0.246208 |
| 6822.75 |    0.246043 |
| 6823.92 |    0.245847 |
| 6825.09 |     0.24565 |
| 6826.25 |    0.245454 |
| 6827.42 |    0.245257 |
| 6828.59 |    0.245061 |
| 6829.76 |    0.244865 |
| 6830.93 |    0.244674 |
| 6832.09 |    0.244463 |
| 6833.27 |    0.244152 |
| 6834.43 |    0.243842 |
|  6835.6 |    0.243532 |
| 6836.77 |    0.243222 |
| 6837.94 |    0.242913 |
| 6839.11 |    0.242603 |
| 6840.28 |    0.242288 |
| 6841.45 |    0.241954 |
| 6842.62 |    0.241611 |
|  6843.8 |     0.24126 |
| 6844.96 |    0.240912 |
| 6846.13 |    0.240564 |
| 6847.31 |    0.240216 |
| 6848.48 |    0.239867 |
| 6849.65 |    0.239518 |
| 6850.82 |    0.239188 |
|  6852.0 |    0.238866 |
| 6853.17 |     0.23857 |
| 6854.34 |    0.238273 |
| 6855.51 |    0.237975 |
| 6856.69 |    0.237679 |
| 6857.86 |    0.237382 |
| 6859.03 |    0.237087 |
| 6860.21 |    0.236785 |
| 6861.38 |    0.236464 |
| 6862.55 |    0.236178 |
| 6863.73 |    0.235918 |
|  6864.9 |    0.235658 |
| 6866.08 |    0.235398 |
| 6867.25 |    0.235138 |
| 6868.43 |    0.234877 |
|  6869.6 |    0.234618 |
| 6870.77 |    0.234374 |
| 6871.95 |    0.234138 |
| 6873.13 |    0.233895 |
| 6874.31 |    0.233652 |
| 6875.48 |     0.23341 |
| 6876.66 |    0.233167 |
| 6877.83 |    0.232925 |
| 6879.01 |    0.232682 |
| 6880.19 |    0.232439 |
| 6881.36 |    0.232197 |
| 6882.54 |    0.231946 |
| 6883.71 |    0.231688 |
|  6884.9 |    0.231428 |
| 6886.07 |     0.23117 |
| 6887.25 |    0.230913 |
| 6888.43 |    0.230654 |
| 6889.61 |    0.230396 |
| 6890.79 |    0.230122 |
| 6891.97 |    0.229841 |
| 6893.15 |    0.229572 |
| 6894.32 |    0.229304 |
|  6895.5 |    0.229035 |
| 6896.69 |    0.228765 |
| 6897.86 |    0.228497 |
| 6899.04 |    0.228228 |
| 6900.23 |    0.227964 |
| 6901.41 |    0.227719 |
| 6902.59 |      0.2275 |
| 6903.77 |    0.227299 |
| 6904.95 |    0.227097 |
| 6906.13 |    0.226897 |
| 6907.31 |    0.226695 |
| 6908.49 |    0.226494 |
| 6909.68 |    0.226293 |
| 6910.86 |    0.226092 |
| 6912.04 |    0.225907 |
| 6913.23 |    0.225839 |
|  6914.4 |    0.225772 |
| 6915.59 |    0.225704 |
| 6916.77 |    0.225637 |
| 6917.96 |    0.225569 |
| 6919.14 |    0.225501 |
| 6920.33 |    0.225427 |
| 6921.51 |    0.225337 |
| 6922.69 |    0.225305 |
| 6923.88 |    0.225302 |
| 6925.06 |    0.225299 |
| 6926.25 |    0.225296 |
| 6927.43 |    0.225293 |
| 6928.62 |     0.22529 |
|  6929.8 |    0.225287 |
| 6930.99 |    0.225303 |
| 6932.17 |    0.225322 |
| 6933.36 |    0.225338 |
| 6934.54 |    0.225354 |
| 6935.73 |    0.225371 |
| 6936.92 |    0.225387 |
|  6938.1 |    0.225403 |
| 6939.29 |    0.225419 |
| 6940.48 |    0.225426 |
| 6941.66 |    0.225419 |
| 6942.86 |     0.22536 |
| 6944.04 |    0.225289 |
| 6945.23 |    0.225217 |
| 6946.42 |    0.225146 |
|  6947.6 |    0.225074 |
|  6948.8 |    0.225002 |
| 6949.98 |     0.22493 |
| 6951.17 |    0.224882 |
| 6952.36 |    0.224809 |
| 6953.56 |    0.224697 |
| 6954.74 |    0.224585 |
| 6955.93 |    0.224473 |
| 6957.12 |    0.224361 |
| 6958.31 |    0.224249 |
| 6959.51 |    0.224137 |
| 6960.69 |    0.224025 |
| 6961.89 |    0.223914 |
| 6963.08 |    0.223797 |
| 6964.26 |    0.223681 |
| 6965.46 |    0.223564 |
| 6966.65 |    0.223447 |
| 6967.84 |     0.22333 |
| 6969.03 |    0.223214 |
| 6970.23 |    0.223093 |
| 6971.42 |    0.222953 |
| 6972.61 |    0.222857 |
| 6973.81 |    0.222792 |
|  6975.0 |    0.222727 |
| 6976.19 |    0.222661 |
| 6977.39 |    0.222596 |
| 6978.58 |    0.222531 |
| 6979.77 |    0.222466 |
| 6980.96 |    0.222419 |
| 6982.16 |     0.22241 |
| 6983.36 |    0.222535 |
| 6984.55 |    0.222659 |
| 6985.75 |    0.222783 |
| 6986.94 |    0.222908 |
| 6988.13 |    0.223031 |
| 6989.33 |    0.223156 |
| 6990.53 |     0.22328 |
| 6991.72 |    0.223404 |
| 6992.92 |    0.223674 |
| 6994.12 |    0.223973 |
| 6995.32 |    0.224275 |
| 6996.51 |    0.224574 |
| 6997.71 |    0.224873 |
|  6998.9 |    0.225173 |
|  7000.1 |    0.225469 |
|  7001.3 |     0.22573 |
|  7002.5 |    0.226048 |
|  7003.7 |    0.226429 |
| 7004.89 |    0.226809 |
| 7006.09 |    0.227189 |
| 7007.29 |    0.227571 |
| 7008.49 |     0.22795 |
| 7009.69 |     0.22833 |
| 7010.89 |    0.228726 |
| 7012.09 |    0.229115 |
| 7013.29 |      0.2294 |
| 7014.49 |    0.229686 |
| 7015.69 |    0.229973 |
| 7016.89 |    0.230258 |
| 7018.09 |    0.230545 |
| 7019.29 |     0.23083 |
| 7020.49 |    0.231106 |
| 7021.69 |    0.231366 |
| 7022.89 |    0.231059 |
|  7024.1 |    0.230604 |
|  7025.3 |    0.230152 |
|  7026.5 |    0.229699 |
|  7027.7 |    0.229247 |
|  7028.9 |    0.228794 |
| 7030.11 |    0.228343 |
| 7031.31 |    0.227907 |
| 7032.51 |    0.226734 |
| 7033.71 |    0.224761 |
| 7034.92 |    0.222784 |
| 7036.12 |    0.220807 |
| 7037.33 |    0.218831 |
| 7038.53 |    0.216863 |
| 7039.73 |    0.214896 |
| 7040.94 |    0.212924 |
| 7042.14 |    0.210592 |
| 7043.35 |    0.206475 |
| 7044.55 |    0.202374 |
| 7045.76 |    0.198262 |
| 7046.96 |    0.194165 |
| 7048.17 |    0.190058 |
| 7049.38 |    0.185951 |
| 7050.58 |    0.181852 |
| 7051.79 |    0.177733 |
| 7052.99 |    0.172226 |
|  7054.2 |    0.166494 |
| 7055.41 |     0.16077 |
| 7056.61 |    0.155064 |
| 7057.82 |    0.149348 |
| 7059.03 |    0.143654 |
| 7060.24 |    0.137947 |
| 7061.45 |    0.132258 |
| 7062.66 |    0.126605 |
| 7063.86 |    0.121002 |
| 7065.07 |    0.115398 |
| 7066.28 |    0.109783 |
| 7067.49 |    0.104169 |
|  7068.7 |   0.0985592 |
| 7069.91 |   0.0929695 |
| 7071.12 |   0.0873391 |
| 7072.33 |   0.0822208 |
| 7073.54 |   0.0781426 |
| 7074.75 |   0.0740533 |
| 7075.96 |    0.069981 |
| 7077.17 |   0.0658993 |
| 7078.38 |    0.061833 |
| 7079.59 |   0.0577442 |
|  7080.8 |   0.0536876 |
| 7082.01 |   0.0497093 |
| 7083.23 |   0.0471679 |
| 7084.44 |   0.0446437 |
| 7085.65 |   0.0421121 |
| 7086.86 |   0.0395915 |
| 7088.07 |   0.0370636 |
| 7089.29 |   0.0345365 |
|  7090.5 |   0.0320099 |
| 7091.71 |   0.0294906 |
| 7092.92 |   0.0277763 |
| 7094.14 |   0.0262568 |
| 7095.35 |   0.0247394 |
| 7096.57 |   0.0232222 |
| 7097.78 |   0.0217119 |
|  7099.0 |   0.0201975 |
| 7100.21 |   0.0186891 |
| 7101.43 |   0.0171788 |
| 7102.64 |   0.0160461 |
| 7103.85 |   0.0152089 |
| 7105.07 |   0.0143696 |
| 7106.29 |   0.0135337 |
|  7107.5 |   0.0126953 |
| 7108.72 |   0.0118572 |
| 7109.93 |   0.0110224 |
| 7111.15 |   0.0101855 |
| 7112.37 |   0.0094762 |
| 7113.58 |  0.00901343 |
|  7114.8 |  0.00855116 |
| 7116.02 |  0.00808906 |
| 7117.24 |  0.00762858 |
| 7118.45 |  0.00716863 |
| 7119.67 |  0.00670568 |
| 7120.89 |  0.00624573 |
| 7122.11 |  0.00580694 |
| 7123.33 |  0.00553406 |
| 7124.55 |  0.00526056 |
| 7125.76 |  0.00498819 |
| 7126.98 |   0.0047151 |
|  7128.2 |  0.00444227 |
| 7129.42 |  0.00417045 |
| 7130.65 |  0.00389737 |
| 7131.86 |  0.00362721 |
| 7133.09 |  0.00345288 |
|  7134.3 |  0.00328894 |
| 7135.52 |  0.00312505 |
| 7136.75 |  0.00296023 |
| 7137.97 |  0.00279652 |
| 7139.19 |   0.0026324 |
| 7140.41 |  0.00246884 |
| 7141.63 |  0.00230466 |
| 7142.85 |  0.00218797 |
| 7144.07 |  0.00208931 |
|  7145.3 |  0.00199003 |
| 7146.52 |  0.00189152 |
| 7147.74 |  0.00179275 |
| 7148.97 |  0.00169403 |
| 7150.19 |  0.00159543 |
| 7151.41 |  0.00149737 |
| 7152.63 |  0.00141965 |
| 7153.86 |  0.00135891 |
| 7155.08 |  0.00129818 |
| 7156.31 |   0.0012375 |
| 7157.53 |  0.00117703 |
| 7158.76 |  0.00111641 |
| 7159.98 |  0.00105604 |
| 7161.21 | 0.000995378 |
| 7162.43 | 0.000943378 |
| 7163.66 | 0.000905885 |
| 7164.88 | 0.000868308 |
| 7166.11 | 0.000830885 |
| 7167.33 | 0.000793364 |
| 7168.56 | 0.000755863 |
| 7169.79 | 0.000718532 |
| 7171.01 | 0.000681147 |
| 7172.24 | 0.000646244 |
| 7173.47 | 0.000619726 |
|  7174.7 | 0.000593218 |
| 7175.92 | 0.000566729 |
| 7177.15 | 0.000540344 |
| 7178.38 | 0.000513968 |
|  7179.6 | 0.000487527 |
| 7180.83 | 0.000461095 |
| 7182.06 | 0.000435434 |
| 7183.29 | 0.000419833 |
| 7184.53 | 0.000404144 |
| 7185.75 | 0.000388616 |
| 7186.98 | 0.000372993 |
| 7188.21 | 0.000357382 |
| 7189.44 | 0.000341827 |
| 7190.67 | 0.000326214 |
|  7191.9 | 0.000310648 |
| 7193.13 | 0.000298958 |
| 7194.36 | 0.000287649 |
| 7195.59 | 0.000276346 |
| 7196.83 | 0.000264982 |
| 7198.05 | 0.000253732 |
| 7199.29 | 0.000242385 |
| 7200.52 | 0.000231127 |
| 7201.75 | 0.000219856 |
| 7202.98 | 0.000210999 |
| 7204.21 | 0.000202758 |
| 7205.45 | 0.000194445 |
| 7206.68 | 0.000186187 |
| 7207.91 | 0.000177909 |
| 7209.14 |  0.00016966 |
| 7210.38 | 0.000161359 |
| 7211.61 | 0.000153106 |
| 7212.85 | 0.000146749 |
| 7214.08 | 0.000141204 |
| 7215.32 | 0.000135661 |
| 7216.55 | 0.000130124 |
| 7217.79 | 0.000124608 |
| 7219.02 | 0.000119079 |
| 7220.25 | 0.000113574 |
| 7221.49 | 0.000108085 |
| 7222.73 |  0.00010397 |
| 7223.96 |  0.00010084 |
