# Units:
#  "lambda" is in Angstroms
#  "pass" is the contribution to the detector signal per photon
#         entering the atmosphere of Earth
# 
# Bandpass Name(s): F555W
# 
# Instrument: WFC3_UVIS_F555W
# 
# Determined by: 
# 
# Date of determination: 2010-May-02
# 
# Meaning of/Reason for default column: Only column available
# 
# Notes:
# 
# 
# Obtained from Leonidas Moustakas on 2011-Apr-02 for the CLASH team.
# 
# J. Moustakas, UCSD 2011-Apr-07
|  lambda |        pass |
| 4330.59 | 0.000102073 |
| 4331.33 | 0.000106129 |
| 4332.07 | 0.000108908 |
| 4332.81 | 0.000111677 |
| 4333.55 | 0.000114458 |
|  4334.3 | 0.000117241 |
| 4335.04 | 0.000120023 |
| 4335.78 |  0.00012279 |
| 4336.52 | 0.000125576 |
| 4337.26 | 0.000128364 |
|  4338.0 | 0.000131151 |
| 4338.75 | 0.000133932 |
| 4339.49 | 0.000136713 |
| 4340.23 | 0.000139504 |
| 4340.97 | 0.000142287 |
| 4341.72 | 0.000145072 |
| 4342.46 | 0.000147857 |
|  4343.2 | 0.000150636 |
| 4343.95 | 0.000153425 |
| 4344.69 | 0.000156204 |
| 4345.43 | 0.000158993 |
| 4346.18 | 0.000161783 |
| 4346.92 | 0.000164575 |
| 4347.67 | 0.000167367 |
| 4348.41 |  0.00017015 |
| 4349.15 | 0.000172936 |
|  4349.9 | 0.000175731 |
| 4350.64 | 0.000178518 |
| 4351.38 |  0.00018567 |
| 4352.13 | 0.000208675 |
| 4352.87 | 0.000231744 |
| 4353.62 | 0.000254831 |
| 4354.36 | 0.000277937 |
|  4355.1 | 0.000300896 |
| 4355.85 | 0.000323993 |
|  4356.6 |  0.00034711 |
| 4357.34 | 0.000370244 |
| 4358.09 | 0.000393368 |
| 4358.83 |  0.00041651 |
| 4359.58 | 0.000439655 |
| 4360.32 | 0.000462667 |
| 4361.07 | 0.000485834 |
| 4361.82 | 0.000534144 |
| 4362.56 | 0.000589032 |
| 4363.31 | 0.000643749 |
| 4364.06 | 0.000698689 |
|  4364.8 | 0.000753458 |
| 4365.55 | 0.000808414 |
| 4366.29 | 0.000863236 |
| 4367.04 | 0.000918064 |
| 4367.79 | 0.000973081 |
| 4368.54 |  0.00102811 |
| 4369.29 |  0.00108317 |
| 4370.03 |  0.00113825 |
| 4370.78 |  0.00119342 |
| 4371.53 |  0.00127476 |
| 4372.28 |  0.00139562 |
| 4373.02 |  0.00151611 |
| 4373.77 |  0.00163703 |
| 4374.52 |  0.00175798 |
| 4375.27 |  0.00187905 |
| 4376.02 |  0.00199976 |
| 4376.77 |   0.0021205 |
| 4377.52 |  0.00224166 |
| 4378.27 |  0.00236294 |
| 4379.02 |  0.00248425 |
| 4379.76 |  0.00260481 |
| 4380.51 |  0.00272615 |
| 4381.26 |  0.00285247 |
| 4382.01 |  0.00309445 |
| 4382.76 |  0.00333646 |
| 4383.51 |  0.00357787 |
| 4384.26 |  0.00381996 |
| 4385.01 |  0.00406144 |
| 4385.76 |  0.00430391 |
| 4386.51 |  0.00454626 |
| 4387.26 |   0.0047888 |
| 4388.02 |  0.00503138 |
| 4388.77 |  0.00527336 |
| 4389.51 |  0.00551522 |
| 4390.27 |  0.00575806 |
| 4391.02 |  0.00600109 |
| 4391.77 |  0.00638579 |
| 4392.52 |  0.00682468 |
| 4393.27 |   0.0072665 |
| 4394.02 |  0.00770839 |
| 4394.77 |  0.00815035 |
| 4395.53 |  0.00859122 |
| 4396.28 |  0.00903359 |
| 4397.03 |  0.00947631 |
| 4397.78 |  0.00991738 |
| 4398.54 |   0.0103602 |
| 4399.29 |   0.0108032 |
| 4400.04 |   0.0112461 |
| 4400.79 |    0.011688 |
| 4401.55 |   0.0122372 |
|  4402.3 |   0.0129335 |
| 4403.05 |   0.0136322 |
| 4403.81 |   0.0143292 |
| 4404.56 |   0.0150286 |
| 4405.31 |   0.0157258 |
| 4406.07 |   0.0164258 |
| 4406.82 |   0.0171255 |
| 4407.57 |   0.0178235 |
| 4408.33 |    0.018522 |
| 4409.08 |   0.0192224 |
| 4409.84 |   0.0199234 |
| 4410.59 |   0.0206245 |
| 4411.35 |   0.0213696 |
|  4412.1 |   0.0223758 |
| 4412.86 |    0.023379 |
| 4413.61 |   0.0243823 |
| 4414.37 |    0.025389 |
| 4415.12 |   0.0263965 |
| 4415.88 |   0.0274041 |
| 4416.63 |   0.0284087 |
| 4417.39 |   0.0294166 |
| 4418.14 |   0.0304221 |
|  4418.9 |    0.031431 |
| 4419.66 |     0.03244 |
| 4420.41 |   0.0334445 |
| 4421.17 |   0.0344567 |
| 4421.92 |   0.0357432 |
| 4422.68 |   0.0370598 |
| 4423.44 |   0.0383767 |
|  4424.2 |   0.0396949 |
| 4424.95 |   0.0410091 |
| 4425.71 |   0.0423246 |
| 4426.47 |   0.0436439 |
| 4427.22 |   0.0449643 |
| 4427.98 |   0.0462851 |
| 4428.74 |   0.0476071 |
|  4429.5 |   0.0489287 |
| 4430.25 |   0.0502423 |
| 4431.01 |   0.0515645 |
| 4431.77 |   0.0530651 |
| 4432.53 |   0.0546456 |
| 4433.29 |   0.0562214 |
| 4434.04 |   0.0577975 |
|  4434.8 |   0.0593801 |
| 4435.56 |   0.0609619 |
| 4436.32 |     0.06254 |
| 4437.08 |   0.0641245 |
| 4437.84 |   0.0657084 |
|  4438.6 |   0.0672885 |
| 4439.36 |    0.068874 |
| 4440.12 |   0.0704608 |
| 4440.88 |   0.0720469 |
| 4441.64 |   0.0736608 |
|  4442.4 |   0.0753098 |
| 4443.16 |   0.0769548 |
| 4443.92 |   0.0786055 |
| 4444.68 |   0.0802566 |
| 4445.44 |   0.0819079 |
|  4446.2 |   0.0835491 |
| 4446.96 |   0.0852022 |
| 4447.72 |   0.0868556 |
| 4448.48 |   0.0885051 |
| 4449.24 |   0.0901593 |
|  4450.0 |   0.0918095 |
| 4450.77 |   0.0934653 |
| 4451.53 |   0.0951302 |
| 4452.29 |   0.0968078 |
| 4453.05 |   0.0984867 |
| 4453.81 |    0.100161 |
| 4454.58 |    0.101841 |
| 4455.34 |    0.103523 |
|  4456.1 |    0.105199 |
| 4456.86 |     0.10688 |
| 4457.62 |    0.108557 |
| 4458.38 |    0.110235 |
| 4459.15 |    0.111919 |
| 4459.91 |    0.113604 |
| 4460.68 |    0.115295 |
| 4461.44 |    0.116964 |
|  4462.2 |    0.118574 |
| 4462.96 |    0.120189 |
| 4463.73 |    0.121806 |
| 4464.49 |    0.123423 |
| 4465.26 |    0.125041 |
| 4466.02 |    0.126661 |
| 4466.79 |    0.128276 |
| 4467.55 |    0.129891 |
| 4468.31 |    0.131512 |
| 4469.08 |    0.133134 |
| 4469.84 |    0.134757 |
| 4470.61 |    0.136374 |
| 4471.37 |    0.137961 |
| 4472.14 |    0.139422 |
|  4472.9 |    0.140888 |
| 4473.67 |    0.142354 |
| 4474.43 |    0.143817 |
|  4475.2 |     0.14528 |
| 4475.96 |    0.146748 |
| 4476.73 |    0.148217 |
|  4477.5 |    0.149687 |
| 4478.26 |    0.151152 |
| 4479.03 |    0.152618 |
| 4479.79 |    0.154089 |
| 4480.56 |    0.155561 |
| 4481.33 |    0.157009 |
|  4482.1 |    0.158226 |
| 4482.86 |    0.159443 |
| 4483.63 |     0.16066 |
|  4484.4 |     0.16187 |
| 4485.16 |    0.163089 |
| 4485.93 |    0.164308 |
|  4486.7 |    0.165527 |
| 4487.47 |    0.166743 |
| 4488.23 |    0.167959 |
|  4489.0 |     0.16918 |
| 4489.77 |    0.170397 |
| 4490.54 |    0.171618 |
|  4491.3 |    0.172828 |
| 4492.07 |    0.173893 |
| 4492.84 |    0.174959 |
| 4493.61 |    0.176025 |
| 4494.38 |    0.177092 |
| 4495.15 |    0.178155 |
| 4495.92 |    0.179222 |
| 4496.69 |     0.18029 |
| 4497.46 |    0.181355 |
| 4498.23 |    0.182423 |
|  4499.0 |    0.183492 |
| 4499.77 |    0.184558 |
| 4500.53 |    0.185619 |
| 4501.31 |    0.186672 |
| 4502.08 |    0.187605 |
| 4502.85 |    0.188534 |
| 4503.62 |    0.189468 |
| 4504.38 |    0.190398 |
| 4505.16 |    0.191332 |
| 4505.93 |    0.192265 |
|  4506.7 |    0.193199 |
| 4507.47 |    0.194134 |
| 4508.24 |    0.195065 |
| 4509.01 |    0.195997 |
| 4509.79 |    0.196935 |
| 4510.56 |    0.197877 |
| 4511.33 |    0.198811 |
|  4512.1 |    0.199587 |
| 4512.87 |     0.20036 |
| 4513.64 |    0.201133 |
| 4514.42 |     0.20191 |
| 4515.19 |    0.202687 |
| 4515.96 |    0.203464 |
| 4516.73 |    0.204236 |
|  4517.5 |    0.205014 |
| 4518.28 |    0.205792 |
| 4519.05 |     0.20657 |
| 4519.82 |    0.207346 |
|  4520.6 |    0.208115 |
| 4521.37 |    0.208859 |
| 4522.15 |    0.209463 |
| 4522.92 |    0.210069 |
| 4523.69 |    0.210676 |
| 4524.47 |    0.211283 |
| 4525.24 |     0.21189 |
| 4526.02 |    0.212495 |
| 4526.79 |    0.213103 |
| 4527.56 |    0.213709 |
| 4528.34 |    0.214316 |
| 4529.11 |    0.214922 |
| 4529.89 |    0.215528 |
| 4530.66 |    0.216136 |
| 4531.44 |    0.216729 |
| 4532.21 |    0.217266 |
| 4532.99 |    0.217801 |
| 4533.76 |    0.218336 |
| 4534.54 |    0.218874 |
| 4535.32 |    0.219411 |
| 4536.09 |    0.219949 |
| 4536.87 |    0.220487 |
| 4537.65 |    0.221025 |
| 4538.42 |    0.221563 |
|  4539.2 |    0.222097 |
| 4539.98 |    0.222636 |
| 4540.75 |    0.223174 |
| 4541.53 |    0.223669 |
| 4542.31 |    0.224081 |
| 4543.08 |     0.22449 |
| 4543.86 |    0.224902 |
| 4544.64 |    0.225312 |
| 4545.41 |    0.225724 |
| 4546.19 |    0.226134 |
| 4546.97 |    0.226546 |
| 4547.75 |    0.226958 |
| 4548.53 |    0.227371 |
| 4549.31 |    0.227783 |
| 4550.08 |    0.228194 |
| 4550.86 |    0.228605 |
| 4551.64 |    0.229001 |
| 4552.42 |    0.229379 |
|  4553.2 |    0.229757 |
| 4553.98 |    0.230135 |
| 4554.76 |    0.230513 |
| 4555.53 |    0.230889 |
| 4556.31 |    0.231267 |
|  4557.1 |    0.231645 |
| 4557.88 |    0.232024 |
| 4558.65 |    0.232401 |
| 4559.43 |    0.232779 |
| 4560.21 |    0.233161 |
| 4560.99 |    0.233556 |
| 4561.77 |    0.233913 |
| 4562.55 |    0.234251 |
| 4563.34 |    0.234589 |
| 4564.12 |    0.234925 |
|  4564.9 |    0.235263 |
| 4565.68 |    0.235601 |
| 4566.46 |     0.23594 |
| 4567.24 |    0.236278 |
| 4568.02 |    0.236616 |
| 4568.81 |    0.236954 |
| 4569.58 |    0.237292 |
| 4570.37 |    0.237624 |
| 4571.15 |    0.237947 |
| 4571.93 |    0.238198 |
| 4572.71 |    0.238437 |
|  4573.5 |    0.238676 |
| 4574.28 |    0.238915 |
| 4575.06 |    0.239153 |
| 4575.84 |    0.239392 |
| 4576.63 |    0.239632 |
| 4577.41 |     0.23987 |
| 4578.19 |    0.240109 |
| 4578.98 |    0.240349 |
| 4579.76 |    0.240587 |
| 4580.55 |    0.240828 |
| 4581.33 |    0.241063 |
| 4582.11 |    0.241247 |
|  4582.9 |    0.241431 |
| 4583.68 |    0.241615 |
| 4584.46 |    0.241799 |
| 4585.25 |    0.241983 |
| 4586.03 |    0.242167 |
| 4586.82 |    0.242351 |
|  4587.6 |    0.242536 |
| 4588.38 |    0.242719 |
| 4589.17 |    0.242904 |
| 4589.96 |    0.243088 |
| 4590.74 |    0.243273 |
| 4591.53 |    0.243448 |
| 4592.31 |    0.243603 |
|  4593.1 |    0.243757 |
| 4593.89 |    0.243912 |
| 4594.67 |    0.244066 |
| 4595.46 |     0.24422 |
| 4596.24 |    0.244375 |
| 4597.03 |     0.24453 |
| 4597.82 |    0.244684 |
|  4598.6 |    0.244838 |
| 4599.39 |    0.244993 |
| 4600.18 |    0.245148 |
| 4600.96 |    0.245303 |
| 4601.75 |    0.245472 |
| 4602.54 |    0.245653 |
| 4603.33 |    0.245833 |
| 4604.11 |    0.246014 |
|  4604.9 |    0.246195 |
| 4605.69 |    0.246375 |
| 4606.48 |    0.246555 |
| 4607.26 |    0.246736 |
| 4608.05 |    0.246918 |
| 4608.84 |    0.247098 |
| 4609.63 |    0.247279 |
| 4610.42 |    0.247469 |
| 4611.21 |    0.247667 |
|  4612.0 |    0.247823 |
| 4612.79 |    0.247974 |
| 4613.58 |    0.248126 |
| 4614.36 |    0.248278 |
| 4615.15 |    0.248429 |
| 4615.94 |    0.248581 |
| 4616.73 |    0.248733 |
| 4617.52 |    0.248885 |
| 4618.31 |    0.249037 |
|  4619.1 |    0.249189 |
| 4619.89 |    0.249341 |
| 4620.68 |    0.249478 |
| 4621.48 |    0.249611 |
| 4622.26 |    0.249736 |
| 4623.06 |    0.249861 |
| 4623.85 |    0.249986 |
| 4624.64 |    0.250111 |
| 4625.43 |    0.250237 |
| 4626.22 |    0.250362 |
| 4627.01 |    0.250487 |
|  4627.8 |    0.250612 |
|  4628.6 |    0.250737 |
| 4629.39 |    0.250863 |
| 4630.18 |    0.250987 |
| 4630.97 |    0.251108 |
| 4631.76 |    0.251232 |
| 4632.56 |    0.251358 |
| 4633.35 |    0.251485 |
| 4634.14 |    0.251612 |
| 4634.94 |    0.251739 |
| 4635.73 |    0.251865 |
| 4636.52 |    0.251992 |
| 4637.32 |    0.252119 |
| 4638.11 |    0.252245 |
|  4638.9 |    0.252372 |
|  4639.7 |    0.252499 |
| 4640.49 |    0.252626 |
| 4641.28 |    0.252753 |
| 4642.08 |    0.252856 |
| 4642.87 |     0.25296 |
| 4643.67 |    0.253064 |
| 4644.46 |    0.253167 |
| 4645.25 |     0.25327 |
| 4646.05 |    0.253374 |
| 4646.84 |    0.253478 |
| 4647.64 |    0.253581 |
| 4648.43 |    0.253685 |
| 4649.23 |    0.253789 |
| 4650.02 |    0.253892 |
| 4650.82 |    0.253996 |
| 4651.62 |    0.254094 |
| 4652.41 |    0.254182 |
| 4653.21 |     0.25427 |
|  4654.0 |    0.254358 |
|  4654.8 |    0.254446 |
|  4655.6 |    0.254534 |
|  4656.4 |    0.254622 |
| 4657.19 |     0.25471 |
| 4657.99 |    0.254798 |
| 4658.78 |    0.254886 |
| 4659.58 |    0.254974 |
| 4660.38 |    0.255062 |
| 4661.17 |    0.255151 |
| 4661.97 |    0.255281 |
| 4662.77 |    0.255419 |
| 4663.57 |    0.255558 |
| 4664.37 |    0.255696 |
| 4665.16 |    0.255834 |
| 4665.96 |    0.255973 |
| 4666.77 |    0.256112 |
| 4667.56 |     0.25625 |
| 4668.36 |    0.256389 |
| 4669.16 |    0.256527 |
| 4669.96 |    0.256666 |
| 4670.75 |     0.25682 |
| 4671.56 |    0.256958 |
| 4672.35 |    0.257053 |
| 4673.15 |    0.257148 |
| 4673.95 |    0.257244 |
| 4674.75 |    0.257339 |
| 4675.55 |    0.257435 |
| 4676.35 |    0.257531 |
| 4677.15 |    0.257626 |
| 4677.95 |    0.257722 |
| 4678.75 |    0.257818 |
| 4679.55 |    0.257913 |
| 4680.35 |    0.258001 |
| 4681.15 |    0.258079 |
| 4681.96 |    0.258142 |
| 4682.76 |    0.258201 |
| 4683.56 |     0.25826 |
| 4684.36 |    0.258319 |
| 4685.16 |    0.258378 |
| 4685.96 |    0.258438 |
| 4686.77 |    0.258497 |
| 4687.56 |    0.258556 |
| 4688.37 |    0.258615 |
| 4689.17 |    0.258674 |
| 4689.97 |    0.258734 |
| 4690.77 |    0.258793 |
| 4691.58 |    0.258851 |
| 4692.38 |    0.258905 |
| 4693.18 |    0.258959 |
| 4693.98 |    0.259014 |
| 4694.79 |    0.259068 |
| 4695.59 |    0.259122 |
|  4696.4 |    0.259177 |
|  4697.2 |    0.259231 |
|  4698.0 |    0.259286 |
| 4698.81 |     0.25934 |
| 4699.61 |    0.259395 |
| 4700.41 |    0.259449 |
| 4701.22 |    0.259504 |
| 4702.02 |    0.259525 |
| 4702.83 |    0.259542 |
| 4703.63 |    0.259559 |
| 4704.44 |    0.259576 |
| 4705.24 |    0.259594 |
| 4706.04 |    0.259611 |
| 4706.85 |    0.259628 |
| 4707.66 |    0.259645 |
| 4708.46 |    0.259662 |
| 4709.27 |    0.259679 |
| 4710.07 |    0.259697 |
| 4710.88 |    0.259714 |
| 4711.69 |    0.259763 |
| 4712.49 |    0.259851 |
|  4713.3 |     0.25994 |
| 4714.11 |    0.260028 |
| 4714.91 |    0.260116 |
| 4715.72 |    0.260204 |
| 4716.52 |    0.260293 |
| 4717.33 |    0.260381 |
| 4718.14 |    0.260469 |
| 4718.94 |    0.260557 |
| 4719.75 |    0.260646 |
| 4720.56 |    0.260734 |
| 4721.37 |    0.260822 |
| 4722.18 |    0.260896 |
| 4722.98 |    0.260971 |
| 4723.79 |    0.261045 |
|  4724.6 |    0.261119 |
| 4725.41 |    0.261194 |
| 4726.22 |    0.261268 |
| 4727.02 |    0.261342 |
| 4727.83 |    0.261417 |
| 4728.64 |    0.261492 |
| 4729.45 |    0.261566 |
| 4730.26 |    0.261641 |
| 4731.07 |    0.261715 |
| 4731.88 |    0.261797 |
| 4732.69 |    0.261881 |
|  4733.5 |    0.261966 |
| 4734.31 |    0.262051 |
| 4735.12 |    0.262136 |
| 4735.93 |     0.26222 |
| 4736.74 |    0.262305 |
| 4737.55 |     0.26239 |
| 4738.36 |    0.262474 |
| 4739.17 |    0.262559 |
| 4739.98 |    0.262644 |
| 4740.79 |    0.262747 |
|  4741.6 |    0.262835 |
| 4742.42 |    0.262895 |
| 4743.23 |    0.262956 |
| 4744.04 |    0.263017 |
| 4744.85 |    0.263077 |
| 4745.66 |    0.263137 |
| 4746.47 |    0.263198 |
| 4747.29 |    0.263259 |
|  4748.1 |    0.263319 |
| 4748.91 |     0.26338 |
| 4749.73 |     0.26344 |
| 4750.54 |    0.263489 |
| 4751.35 |    0.263533 |
| 4752.16 |    0.263628 |
| 4752.98 |    0.263724 |
| 4753.79 |     0.26382 |
|  4754.6 |    0.263916 |
| 4755.42 |    0.264011 |
| 4756.23 |    0.264107 |
| 4757.04 |    0.264203 |
| 4757.86 |    0.264299 |
| 4758.67 |    0.264394 |
| 4759.49 |     0.26449 |
|  4760.3 |    0.264586 |
| 4761.11 |    0.264682 |
| 4761.93 |    0.264737 |
| 4762.74 |    0.264776 |
| 4763.56 |    0.264816 |
| 4764.37 |    0.264855 |
| 4765.19 |    0.264895 |
|  4766.0 |    0.264935 |
| 4766.82 |    0.264974 |
| 4767.63 |    0.265014 |
| 4768.45 |    0.265053 |
| 4769.27 |    0.265093 |
| 4770.08 |    0.265133 |
|  4770.9 |    0.265172 |
| 4771.71 |    0.265213 |
| 4772.53 |    0.265254 |
| 4773.35 |    0.265295 |
| 4774.17 |    0.265337 |
| 4774.98 |    0.265378 |
|  4775.8 |    0.265419 |
| 4776.62 |     0.26546 |
| 4777.43 |    0.265502 |
| 4778.25 |    0.265543 |
| 4779.07 |    0.265584 |
| 4779.88 |    0.265626 |
|  4780.7 |    0.265667 |
| 4781.52 |    0.265717 |
| 4782.34 |    0.265797 |
| 4783.16 |    0.265876 |
| 4783.98 |    0.265956 |
| 4784.79 |    0.266035 |
| 4785.61 |    0.266115 |
| 4786.43 |    0.266195 |
| 4787.25 |    0.266275 |
| 4788.07 |    0.266355 |
| 4788.89 |    0.266434 |
| 4789.71 |    0.266514 |
| 4790.53 |    0.266594 |
| 4791.35 |    0.266674 |
| 4792.17 |    0.266744 |
| 4792.99 |    0.266813 |
| 4793.81 |    0.266883 |
| 4794.62 |    0.266953 |
| 4795.45 |    0.267023 |
| 4796.27 |    0.267093 |
| 4797.09 |    0.267163 |
| 4797.91 |    0.267233 |
| 4798.73 |    0.267303 |
| 4799.55 |    0.267372 |
| 4800.37 |    0.267442 |
| 4801.19 |    0.267512 |
| 4802.02 |    0.267591 |
| 4802.83 |    0.267671 |
| 4803.66 |    0.267752 |
| 4804.48 |    0.267833 |
|  4805.3 |    0.267914 |
| 4806.12 |    0.267994 |
| 4806.95 |    0.268075 |
| 4807.77 |    0.268156 |
| 4808.59 |    0.268237 |
| 4809.41 |    0.268317 |
| 4810.24 |    0.268404 |
| 4811.06 |    0.268503 |
| 4811.88 |    0.268578 |
| 4812.71 |    0.268639 |
| 4813.53 |      0.2687 |
| 4814.35 |    0.268762 |
| 4815.18 |    0.268823 |
|  4816.0 |    0.268885 |
| 4816.83 |    0.268946 |
| 4817.65 |    0.269007 |
| 4818.47 |    0.269069 |
|  4819.3 |     0.26913 |
| 4820.12 |    0.269189 |
| 4820.95 |    0.269232 |
| 4821.77 |     0.26929 |
|  4822.6 |    0.269363 |
| 4823.42 |    0.269436 |
| 4824.25 |    0.269509 |
| 4825.07 |    0.269582 |
|  4825.9 |    0.269655 |
| 4826.72 |    0.269728 |
| 4827.55 |    0.269801 |
| 4828.38 |    0.269874 |
|  4829.2 |    0.269947 |
| 4830.03 |    0.270021 |
| 4830.85 |    0.270091 |
| 4831.68 |    0.270154 |
| 4832.51 |    0.270206 |
| 4833.33 |    0.270258 |
| 4834.16 |     0.27031 |
| 4834.99 |    0.270361 |
| 4835.82 |    0.270413 |
| 4836.64 |    0.270465 |
| 4837.47 |    0.270517 |
|  4838.3 |    0.270569 |
| 4839.12 |     0.27062 |
| 4839.96 |    0.270673 |
| 4840.78 |    0.270724 |
| 4841.61 |    0.270781 |
| 4842.44 |     0.27085 |
| 4843.27 |    0.270918 |
|  4844.1 |    0.270988 |
| 4844.92 |    0.271056 |
| 4845.75 |    0.271125 |
| 4846.58 |    0.271194 |
| 4847.42 |    0.271262 |
| 4848.24 |    0.271331 |
| 4849.07 |    0.271399 |
|  4849.9 |    0.271468 |
| 4850.73 |    0.271537 |
| 4851.56 |    0.271592 |
| 4852.39 |    0.271605 |
| 4853.22 |    0.271618 |
| 4854.05 |    0.271631 |
| 4854.88 |    0.271645 |
| 4855.71 |    0.271658 |
| 4856.54 |    0.271671 |
| 4857.38 |    0.271684 |
|  4858.2 |    0.271697 |
| 4859.04 |     0.27171 |
| 4859.87 |    0.271724 |
|  4860.7 |    0.271737 |
| 4861.53 |    0.271748 |
| 4862.36 |    0.271751 |
| 4863.19 |    0.271755 |
| 4864.03 |    0.271758 |
| 4864.86 |    0.271761 |
| 4865.69 |    0.271764 |
| 4866.53 |    0.271768 |
| 4867.35 |    0.271771 |
| 4868.19 |    0.271775 |
| 4869.02 |    0.271778 |
| 4869.85 |    0.271781 |
| 4870.69 |    0.271785 |
| 4871.52 |    0.271797 |
| 4872.36 |    0.271848 |
| 4873.19 |    0.271898 |
| 4874.02 |    0.271949 |
| 4874.86 |    0.271999 |
| 4875.69 |    0.272049 |
| 4876.53 |      0.2721 |
| 4877.36 |    0.272151 |
| 4878.19 |    0.272202 |
| 4879.03 |    0.272252 |
| 4879.86 |    0.272303 |
|  4880.7 |    0.272354 |
| 4881.53 |    0.272402 |
| 4882.37 |    0.272439 |
| 4883.21 |    0.272477 |
| 4884.04 |    0.272514 |
| 4884.88 |    0.272552 |
| 4885.71 |    0.272589 |
| 4886.55 |    0.272627 |
| 4887.38 |    0.272664 |
| 4888.22 |    0.272702 |
| 4889.06 |    0.272739 |
| 4889.89 |    0.272777 |
| 4890.73 |    0.272831 |
| 4891.56 |    0.272888 |
|  4892.4 |    0.272943 |
| 4893.24 |    0.272998 |
| 4894.08 |    0.273053 |
| 4894.91 |    0.273108 |
| 4895.75 |    0.273164 |
| 4896.59 |    0.273219 |
| 4897.43 |    0.273274 |
| 4898.27 |    0.273329 |
|  4899.1 |    0.273384 |
| 4899.94 |     0.27344 |
| 4900.78 |    0.273477 |
| 4901.62 |    0.273518 |
| 4902.46 |     0.27357 |
| 4903.29 |    0.273623 |
| 4904.13 |    0.273676 |
| 4904.97 |    0.273729 |
| 4905.81 |    0.273782 |
| 4906.65 |    0.273834 |
| 4907.49 |    0.273887 |
| 4908.33 |     0.27394 |
| 4909.17 |    0.273993 |
| 4910.01 |    0.274046 |
| 4910.85 |    0.274098 |
| 4911.69 |    0.274145 |
| 4912.53 |     0.27418 |
| 4913.37 |    0.274215 |
| 4914.21 |     0.27425 |
| 4915.05 |    0.274285 |
|  4915.9 |    0.274321 |
| 4916.73 |    0.274355 |
| 4917.58 |    0.274391 |
| 4918.42 |    0.274426 |
| 4919.26 |    0.274461 |
|  4920.1 |    0.274496 |
| 4920.94 |    0.274532 |
| 4921.78 |    0.274554 |
| 4922.63 |    0.274562 |
| 4923.47 |     0.27457 |
| 4924.31 |    0.274578 |
| 4925.16 |    0.274586 |
|  4926.0 |    0.274594 |
| 4926.84 |    0.274602 |
| 4927.68 |     0.27461 |
| 4928.53 |    0.274618 |
| 4929.37 |    0.274626 |
| 4930.21 |    0.274634 |
| 4931.06 |    0.274642 |
|  4931.9 |    0.274687 |
| 4932.74 |    0.274756 |
| 4933.59 |    0.274824 |
| 4934.43 |    0.274892 |
| 4935.28 |     0.27496 |
| 4936.12 |    0.275029 |
| 4936.96 |    0.275097 |
| 4937.81 |    0.275166 |
| 4938.65 |    0.275234 |
|  4939.5 |    0.275302 |
| 4940.34 |    0.275371 |
| 4941.19 |    0.275439 |
| 4942.04 |    0.275471 |
| 4942.88 |    0.275493 |
| 4943.73 |    0.275515 |
| 4944.57 |    0.275537 |
| 4945.42 |    0.275558 |
| 4946.26 |     0.27558 |
| 4947.11 |    0.275602 |
| 4947.96 |    0.275624 |
| 4948.81 |    0.275646 |
| 4949.65 |    0.275667 |
|  4950.5 |    0.275689 |
| 4951.34 |    0.275711 |
| 4952.19 |    0.275752 |
| 4953.04 |    0.275793 |
| 4953.88 |    0.275834 |
| 4954.73 |    0.275875 |
| 4955.58 |    0.275917 |
| 4956.43 |    0.275958 |
| 4957.28 |    0.275999 |
| 4958.12 |     0.27604 |
| 4958.97 |    0.276082 |
| 4959.82 |    0.276123 |
| 4960.67 |    0.276165 |
| 4961.52 |    0.276209 |
| 4962.37 |     0.27627 |
| 4963.22 |    0.276332 |
| 4964.06 |    0.276394 |
| 4964.92 |    0.276455 |
| 4965.77 |    0.276517 |
| 4966.62 |    0.276579 |
| 4967.46 |     0.27664 |
| 4968.31 |    0.276701 |
| 4969.16 |    0.276763 |
| 4970.02 |    0.276825 |
| 4970.87 |    0.276887 |
| 4971.71 |    0.276932 |
| 4972.57 |    0.276953 |
| 4973.42 |    0.276974 |
| 4974.27 |    0.276995 |
| 4975.12 |    0.277015 |
| 4975.97 |    0.277036 |
| 4976.82 |    0.277057 |
| 4977.67 |    0.277078 |
| 4978.52 |    0.277099 |
| 4979.38 |    0.277119 |
| 4980.23 |     0.27714 |
| 4981.08 |    0.277161 |
| 4981.93 |    0.277202 |
| 4982.78 |    0.277254 |
| 4983.64 |    0.277306 |
| 4984.49 |    0.277358 |
| 4985.34 |    0.277411 |
|  4986.2 |    0.277463 |
| 4987.05 |    0.277515 |
|  4987.9 |    0.277567 |
| 4988.76 |     0.27762 |
| 4989.61 |    0.277672 |
| 4990.46 |    0.277735 |
| 4991.31 |    0.277807 |
| 4992.17 |    0.277821 |
| 4993.02 |    0.277829 |
| 4993.88 |    0.277837 |
| 4994.74 |    0.277845 |
| 4995.59 |    0.277853 |
| 4996.44 |    0.277861 |
|  4997.3 |    0.277869 |
| 4998.15 |    0.277877 |
| 4999.01 |    0.277885 |
| 4999.86 |    0.277893 |
| 5000.72 |    0.277878 |
| 5001.57 |    0.277872 |
| 5002.43 |    0.277921 |
| 5003.29 |     0.27797 |
| 5004.15 |    0.278019 |
|  5005.0 |    0.278068 |
| 5005.85 |    0.278117 |
| 5006.71 |    0.278166 |
| 5007.57 |    0.278215 |
| 5008.43 |    0.278264 |
| 5009.28 |    0.278313 |
| 5010.14 |    0.278362 |
|  5011.0 |    0.278411 |
| 5011.85 |    0.278459 |
| 5012.71 |    0.278505 |
| 5013.56 |    0.278552 |
| 5014.43 |    0.278598 |
| 5015.28 |    0.278645 |
| 5016.14 |    0.278691 |
|  5017.0 |    0.278738 |
| 5017.86 |    0.278785 |
| 5018.72 |    0.278831 |
| 5019.58 |    0.278877 |
| 5020.44 |    0.278924 |
| 5021.29 |    0.278971 |
| 5022.15 |    0.278975 |
| 5023.01 |    0.278972 |
| 5023.87 |     0.27897 |
| 5024.73 |    0.278968 |
| 5025.59 |    0.278966 |
| 5026.45 |    0.278964 |
| 5027.31 |    0.278962 |
| 5028.17 |     0.27896 |
| 5029.03 |    0.278957 |
| 5029.89 |    0.278955 |
| 5030.75 |    0.278948 |
| 5031.61 |    0.278949 |
| 5032.47 |    0.278975 |
| 5033.33 |    0.279001 |
| 5034.19 |    0.279027 |
| 5035.06 |    0.279053 |
| 5035.92 |    0.279079 |
| 5036.78 |    0.279105 |
| 5037.64 |    0.279131 |
|  5038.5 |    0.279157 |
| 5039.37 |    0.279183 |
| 5040.23 |    0.279209 |
| 5041.09 |    0.279235 |
| 5041.95 |    0.279255 |
| 5042.81 |    0.279274 |
| 5043.68 |    0.279291 |
| 5044.54 |    0.279309 |
|  5045.4 |    0.279327 |
| 5046.27 |    0.279345 |
| 5047.13 |    0.279363 |
| 5047.99 |    0.279381 |
| 5048.86 |    0.279399 |
| 5049.72 |    0.279417 |
| 5050.59 |    0.279435 |
| 5051.45 |    0.279452 |
| 5052.32 |    0.279469 |
| 5053.18 |    0.279485 |
| 5054.04 |    0.279501 |
| 5054.91 |    0.279517 |
| 5055.77 |    0.279533 |
| 5056.64 |    0.279549 |
|  5057.5 |    0.279565 |
| 5058.37 |    0.279581 |
| 5059.23 |    0.279597 |
|  5060.1 |    0.279613 |
| 5060.97 |    0.279629 |
| 5061.83 |    0.279637 |
|  5062.7 |    0.279637 |
| 5063.56 |    0.279637 |
| 5064.43 |    0.279637 |
|  5065.3 |    0.279636 |
| 5066.16 |    0.279636 |
| 5067.03 |    0.279636 |
|  5067.9 |    0.279635 |
| 5068.77 |    0.279635 |
| 5069.63 |    0.279635 |
|  5070.5 |    0.279635 |
| 5071.37 |    0.279634 |
| 5072.23 |    0.279637 |
|  5073.1 |    0.279641 |
| 5073.97 |    0.279645 |
| 5074.84 |    0.279648 |
|  5075.7 |    0.279652 |
| 5076.57 |    0.279655 |
| 5077.44 |    0.279659 |
| 5078.31 |    0.279662 |
| 5079.18 |    0.279666 |
| 5080.05 |     0.27967 |
| 5080.92 |    0.279673 |
| 5081.79 |    0.279676 |
| 5082.66 |    0.279679 |
| 5083.53 |    0.279682 |
|  5084.4 |    0.279685 |
| 5085.27 |    0.279688 |
| 5086.14 |    0.279691 |
| 5087.01 |    0.279694 |
| 5087.88 |    0.279697 |
| 5088.75 |      0.2797 |
| 5089.62 |    0.279703 |
| 5090.49 |    0.279706 |
| 5091.36 |    0.279708 |
| 5092.23 |    0.279718 |
|  5093.1 |    0.279729 |
| 5093.97 |    0.279739 |
| 5094.85 |    0.279749 |
| 5095.72 |     0.27976 |
| 5096.59 |     0.27977 |
| 5097.46 |     0.27978 |
| 5098.33 |    0.279791 |
| 5099.21 |    0.279801 |
| 5100.08 |    0.279811 |
| 5100.95 |    0.279822 |
| 5101.83 |    0.279828 |
| 5102.69 |    0.279828 |
| 5103.57 |    0.279829 |
| 5104.44 |     0.27983 |
| 5105.31 |     0.27983 |
| 5106.19 |    0.279831 |
| 5107.06 |    0.279831 |
| 5107.94 |    0.279832 |
| 5108.81 |    0.279833 |
| 5109.68 |    0.279833 |
| 5110.56 |    0.279834 |
| 5111.44 |    0.279835 |
| 5112.31 |     0.27983 |
| 5113.18 |    0.279825 |
| 5114.06 |    0.279821 |
| 5114.93 |    0.279816 |
| 5115.81 |    0.279811 |
| 5116.68 |    0.279807 |
| 5117.56 |    0.279802 |
| 5118.43 |    0.279797 |
| 5119.31 |    0.279793 |
| 5120.19 |    0.279788 |
| 5121.06 |    0.279783 |
| 5121.94 |    0.279817 |
| 5122.81 |    0.279879 |
| 5123.69 |     0.27994 |
| 5124.57 |    0.280002 |
| 5125.44 |    0.280063 |
| 5126.32 |    0.280125 |
|  5127.2 |    0.280187 |
| 5128.07 |    0.280248 |
| 5128.95 |    0.280309 |
| 5129.83 |    0.280371 |
| 5130.71 |    0.280449 |
| 5131.59 |    0.280521 |
| 5132.46 |    0.280542 |
| 5133.34 |    0.280564 |
| 5134.22 |    0.280586 |
|  5135.1 |    0.280608 |
| 5135.98 |    0.280629 |
| 5136.85 |    0.280651 |
| 5137.73 |    0.280673 |
| 5138.61 |    0.280694 |
| 5139.49 |    0.280716 |
| 5140.37 |    0.280729 |
| 5141.25 |     0.28073 |
| 5142.13 |    0.280739 |
| 5143.01 |     0.28075 |
| 5143.89 |    0.280761 |
| 5144.77 |    0.280772 |
| 5145.65 |    0.280783 |
| 5146.53 |    0.280794 |
| 5147.41 |    0.280805 |
| 5148.29 |    0.280816 |
| 5149.17 |    0.280827 |
| 5150.06 |    0.280838 |
| 5150.94 |    0.280849 |
| 5151.82 |    0.280867 |
|  5152.7 |    0.280896 |
| 5153.58 |    0.280925 |
| 5154.46 |    0.280953 |
| 5155.34 |    0.280982 |
| 5156.23 |    0.281011 |
| 5157.11 |    0.281039 |
| 5157.99 |    0.281068 |
| 5158.87 |    0.281096 |
| 5159.75 |    0.281125 |
| 5160.64 |    0.281154 |
| 5161.52 |    0.281177 |
|  5162.4 |    0.281146 |
| 5163.29 |    0.281116 |
| 5164.17 |    0.281085 |
| 5165.06 |    0.281054 |
| 5165.94 |    0.281024 |
| 5166.82 |    0.280993 |
| 5167.71 |    0.280962 |
| 5168.59 |    0.280931 |
| 5169.47 |    0.280901 |
| 5170.36 |     0.28087 |
| 5171.24 |    0.280839 |
| 5172.13 |    0.280801 |
| 5173.01 |     0.28076 |
|  5173.9 |    0.280718 |
| 5174.79 |    0.280677 |
| 5175.67 |    0.280636 |
| 5176.56 |    0.280595 |
| 5177.44 |    0.280554 |
| 5178.33 |    0.280513 |
| 5179.21 |    0.280472 |
|  5180.1 |    0.280431 |
| 5180.99 |     0.28039 |
| 5181.87 |    0.280386 |
| 5182.76 |    0.280423 |
| 5183.65 |    0.280461 |
| 5184.53 |    0.280497 |
| 5185.42 |    0.280534 |
| 5186.31 |    0.280572 |
| 5187.19 |    0.280609 |
| 5188.08 |    0.280646 |
| 5188.97 |    0.280683 |
| 5189.86 |     0.28072 |
| 5190.74 |    0.280757 |
| 5191.63 |    0.280779 |
| 5192.52 |    0.280745 |
| 5193.41 |    0.280711 |
|  5194.3 |    0.280677 |
| 5195.19 |    0.280643 |
| 5196.07 |    0.280609 |
| 5196.96 |    0.280575 |
| 5197.85 |    0.280541 |
| 5198.74 |    0.280507 |
| 5199.63 |    0.280473 |
| 5200.52 |    0.280439 |
| 5201.41 |    0.280405 |
|  5202.3 |     0.28037 |
| 5203.19 |    0.280334 |
| 5204.08 |    0.280299 |
| 5204.97 |    0.280264 |
| 5205.86 |    0.280228 |
| 5206.75 |    0.280192 |
| 5207.65 |    0.280157 |
| 5208.54 |    0.280122 |
| 5209.42 |    0.280086 |
| 5210.32 |    0.280051 |
| 5211.21 |    0.280015 |
|  5212.1 |    0.280043 |
| 5212.99 |    0.280094 |
| 5213.89 |    0.280145 |
| 5214.77 |    0.280196 |
| 5215.67 |    0.280247 |
| 5216.56 |    0.280298 |
| 5217.45 |    0.280349 |
| 5218.35 |    0.280401 |
| 5219.24 |    0.280452 |
| 5220.13 |    0.280503 |
| 5221.02 |    0.280554 |
| 5221.92 |    0.280575 |
| 5222.81 |    0.280569 |
|  5223.7 |    0.280563 |
|  5224.6 |    0.280557 |
| 5225.49 |    0.280551 |
| 5226.39 |    0.280545 |
| 5227.28 |    0.280539 |
| 5228.17 |    0.280533 |
| 5229.07 |    0.280527 |
| 5229.96 |     0.28052 |
| 5230.86 |    0.280516 |
| 5231.76 |    0.280487 |
| 5232.65 |     0.28041 |
| 5233.54 |    0.280333 |
| 5234.44 |    0.280256 |
| 5235.34 |    0.280179 |
| 5236.23 |    0.280102 |
| 5237.13 |    0.280025 |
| 5238.02 |    0.279948 |
| 5238.92 |    0.279871 |
| 5239.81 |    0.279794 |
| 5240.71 |    0.279717 |
| 5241.61 |    0.279653 |
|  5242.5 |    0.279656 |
|  5243.4 |    0.279658 |
|  5244.3 |     0.27966 |
|  5245.2 |    0.279662 |
|  5246.1 |    0.279665 |
|  5247.0 |    0.279667 |
| 5247.89 |    0.279669 |
| 5248.79 |    0.279671 |
| 5249.69 |    0.279674 |
| 5250.58 |    0.279676 |
| 5251.48 |    0.279677 |
| 5252.38 |    0.279632 |
| 5253.28 |    0.279588 |
| 5254.18 |    0.279543 |
| 5255.08 |    0.279499 |
| 5255.98 |    0.279454 |
| 5256.88 |     0.27941 |
| 5257.78 |    0.279365 |
| 5258.67 |     0.27932 |
| 5259.57 |    0.279276 |
| 5260.48 |    0.279231 |
| 5261.37 |    0.279187 |
| 5262.28 |    0.279106 |
| 5263.17 |    0.279022 |
| 5264.08 |    0.278937 |
| 5264.98 |    0.278852 |
| 5265.88 |    0.278767 |
| 5266.78 |    0.278683 |
| 5267.68 |    0.278598 |
| 5268.58 |    0.278513 |
| 5269.48 |    0.278428 |
| 5270.38 |    0.278343 |
| 5271.29 |    0.278259 |
| 5272.19 |    0.278197 |
| 5273.09 |    0.278143 |
| 5273.99 |    0.278088 |
| 5274.89 |    0.278033 |
|  5275.8 |    0.277977 |
|  5276.7 |    0.277922 |
|  5277.6 |    0.277867 |
| 5278.51 |    0.277812 |
| 5279.41 |    0.277757 |
| 5280.31 |    0.277702 |
| 5281.22 |    0.277647 |
| 5282.12 |    0.277603 |
| 5283.02 |    0.277565 |
| 5283.92 |    0.277527 |
| 5284.83 |    0.277488 |
| 5285.73 |     0.27745 |
| 5286.64 |    0.277411 |
| 5287.54 |    0.277373 |
| 5288.45 |    0.277334 |
| 5289.35 |    0.277296 |
| 5290.26 |    0.277257 |
| 5291.17 |    0.277219 |
| 5292.07 |    0.277215 |
| 5292.97 |    0.277229 |
| 5293.88 |    0.277243 |
| 5294.79 |    0.277258 |
| 5295.69 |    0.277272 |
|  5296.6 |    0.277286 |
| 5297.51 |      0.2773 |
| 5298.41 |    0.277314 |
| 5299.32 |    0.277328 |
| 5300.22 |    0.277343 |
| 5301.13 |    0.277357 |
| 5302.04 |    0.277343 |
| 5302.94 |    0.277312 |
| 5303.85 |    0.277281 |
| 5304.76 |     0.27725 |
| 5305.67 |    0.277219 |
| 5306.58 |    0.277188 |
| 5307.48 |    0.277157 |
| 5308.39 |    0.277126 |
|  5309.3 |    0.277095 |
| 5310.21 |    0.277063 |
| 5311.12 |    0.277032 |
| 5312.02 |    0.276989 |
| 5312.93 |    0.276938 |
| 5313.84 |    0.276887 |
| 5314.75 |    0.276835 |
| 5315.66 |    0.276784 |
| 5316.57 |    0.276733 |
| 5317.48 |    0.276682 |
| 5318.39 |     0.27663 |
|  5319.3 |    0.276579 |
| 5320.21 |    0.276527 |
| 5321.12 |    0.276476 |
| 5322.03 |    0.276441 |
| 5322.94 |    0.276415 |
| 5323.85 |     0.27639 |
| 5324.76 |    0.276365 |
| 5325.67 |     0.27634 |
| 5326.58 |    0.276315 |
|  5327.5 |     0.27629 |
| 5328.41 |    0.276265 |
| 5329.32 |     0.27624 |
| 5330.23 |    0.276215 |
| 5331.14 |     0.27619 |
| 5332.06 |    0.276152 |
| 5332.96 |    0.276107 |
| 5333.88 |    0.276062 |
| 5334.79 |    0.276016 |
| 5335.71 |    0.275971 |
| 5336.62 |    0.275926 |
| 5337.53 |     0.27588 |
| 5338.44 |    0.275835 |
| 5339.36 |     0.27579 |
| 5340.27 |    0.275745 |
| 5341.18 |    0.275699 |
|  5342.1 |    0.275658 |
| 5343.01 |     0.27562 |
| 5343.93 |    0.275582 |
| 5344.84 |    0.275543 |
| 5345.75 |    0.275504 |
| 5346.67 |    0.275466 |
| 5347.58 |    0.275428 |
|  5348.5 |    0.275389 |
| 5349.42 |    0.275351 |
| 5350.33 |    0.275312 |
| 5351.25 |    0.275273 |
| 5352.16 |    0.275237 |
| 5353.08 |    0.275202 |
| 5353.99 |    0.275167 |
| 5354.91 |    0.275132 |
| 5355.83 |    0.275097 |
| 5356.74 |    0.275062 |
| 5357.66 |    0.275027 |
| 5358.57 |    0.274991 |
| 5359.49 |    0.274956 |
| 5360.41 |    0.274921 |
| 5361.33 |    0.274886 |
| 5362.24 |    0.274849 |
| 5363.16 |    0.274811 |
| 5364.08 |    0.274774 |
| 5364.99 |    0.274737 |
| 5365.92 |    0.274699 |
| 5366.83 |    0.274662 |
| 5367.75 |    0.274624 |
| 5368.67 |    0.274587 |
| 5369.59 |     0.27455 |
| 5370.51 |    0.274512 |
| 5371.42 |    0.274475 |
| 5372.34 |    0.274378 |
| 5373.26 |    0.274276 |
| 5374.18 |    0.274174 |
|  5375.1 |    0.274072 |
| 5376.02 |     0.27397 |
| 5376.94 |    0.273868 |
| 5377.86 |    0.273766 |
| 5378.78 |    0.273665 |
|  5379.7 |    0.273563 |
| 5380.62 |     0.27346 |
| 5381.54 |    0.273361 |
| 5382.46 |      0.2733 |
| 5383.38 |     0.27324 |
| 5384.31 |     0.27318 |
| 5385.23 |    0.273119 |
| 5386.15 |    0.273059 |
| 5387.07 |    0.272998 |
| 5387.99 |    0.272938 |
| 5388.91 |    0.272877 |
| 5389.83 |    0.272817 |
| 5390.75 |    0.272756 |
| 5391.68 |    0.272686 |
|  5392.6 |    0.272575 |
| 5393.52 |    0.272464 |
| 5394.45 |    0.272353 |
| 5395.37 |    0.272242 |
| 5396.29 |    0.272131 |
| 5397.21 |    0.272021 |
| 5398.14 |    0.271909 |
| 5399.06 |    0.271798 |
| 5399.99 |    0.271687 |
| 5400.91 |    0.271576 |
| 5401.84 |    0.271461 |
| 5402.76 |    0.271341 |
| 5403.68 |    0.271219 |
| 5404.61 |    0.271098 |
| 5405.53 |    0.270977 |
| 5406.46 |    0.270856 |
| 5407.38 |    0.270735 |
| 5408.31 |    0.270614 |
| 5409.23 |    0.270493 |
| 5410.16 |    0.270372 |
| 5411.09 |     0.27025 |
| 5412.01 |    0.270161 |
| 5412.94 |    0.270097 |
| 5413.86 |    0.270034 |
| 5414.79 |     0.26997 |
| 5415.72 |    0.269906 |
| 5416.64 |    0.269843 |
| 5417.57 |    0.269779 |
| 5418.49 |    0.269715 |
| 5419.42 |    0.269651 |
| 5420.35 |    0.269587 |
| 5421.28 |    0.269524 |
| 5422.21 |    0.269477 |
| 5423.13 |    0.269435 |
| 5424.06 |    0.269394 |
| 5424.99 |    0.269353 |
| 5425.92 |    0.269311 |
| 5426.85 |     0.26927 |
| 5427.77 |    0.269228 |
|  5428.7 |    0.269187 |
| 5429.63 |    0.269145 |
| 5430.56 |    0.269104 |
| 5431.49 |    0.269062 |
| 5432.42 |    0.268984 |
| 5433.35 |    0.268904 |
| 5434.28 |    0.268825 |
| 5435.21 |    0.268745 |
| 5436.14 |    0.268666 |
| 5437.07 |    0.268587 |
|  5438.0 |    0.268507 |
| 5438.93 |    0.268428 |
| 5439.86 |    0.268348 |
| 5440.79 |    0.268269 |
| 5441.72 |    0.268191 |
| 5442.65 |    0.268122 |
| 5443.58 |    0.268052 |
| 5444.51 |    0.267982 |
| 5445.45 |    0.267913 |
| 5446.38 |    0.267843 |
| 5447.31 |    0.267773 |
| 5448.24 |    0.267703 |
| 5449.17 |    0.267633 |
|  5450.1 |    0.267563 |
| 5451.04 |    0.267494 |
| 5451.97 |    0.267417 |
|  5452.9 |    0.267334 |
| 5453.84 |    0.267251 |
| 5454.77 |    0.267168 |
|  5455.7 |    0.267085 |
| 5456.64 |    0.267002 |
| 5457.57 |    0.266919 |
|  5458.5 |    0.266836 |
| 5459.44 |    0.266753 |
| 5460.37 |    0.266669 |
| 5461.31 |    0.266586 |
| 5462.24 |    0.266481 |
| 5463.17 |    0.266368 |
| 5464.11 |    0.266256 |
| 5465.04 |    0.266143 |
| 5465.98 |    0.266031 |
| 5466.92 |    0.265918 |
| 5467.85 |    0.265806 |
| 5468.78 |    0.265694 |
| 5469.72 |    0.265581 |
| 5470.66 |    0.265469 |
| 5471.59 |     0.26536 |
| 5472.53 |    0.265301 |
| 5473.47 |    0.265242 |
|  5474.4 |    0.265184 |
| 5475.34 |    0.265125 |
| 5476.28 |    0.265066 |
| 5477.21 |    0.265007 |
| 5478.15 |    0.264948 |
| 5479.08 |    0.264889 |
| 5480.02 |     0.26483 |
| 5480.96 |    0.264771 |
|  5481.9 |    0.264705 |
| 5482.84 |    0.264629 |
| 5483.77 |    0.264553 |
| 5484.71 |    0.264477 |
| 5485.65 |      0.2644 |
| 5486.59 |    0.264324 |
| 5487.53 |    0.264248 |
| 5488.46 |    0.264172 |
| 5489.41 |    0.264096 |
| 5490.35 |    0.264019 |
| 5491.29 |    0.263943 |
| 5492.22 |    0.263811 |
| 5493.17 |    0.263659 |
|  5494.1 |    0.263509 |
| 5495.04 |    0.263357 |
| 5495.98 |    0.263206 |
| 5496.92 |    0.263055 |
| 5497.87 |    0.262903 |
|  5498.8 |    0.262752 |
| 5499.75 |    0.262601 |
| 5500.69 |    0.262448 |
| 5501.63 |    0.262296 |
| 5502.57 |    0.262132 |
| 5503.51 |    0.261971 |
| 5504.46 |    0.261808 |
|  5505.4 |    0.261645 |
| 5506.34 |    0.261483 |
| 5507.28 |     0.26132 |
| 5508.22 |    0.261158 |
| 5509.16 |    0.260995 |
|  5510.1 |    0.260832 |
| 5511.05 |     0.26067 |
| 5511.99 |    0.260528 |
| 5512.94 |     0.26041 |
| 5513.88 |    0.260291 |
| 5514.82 |    0.260173 |
| 5515.77 |    0.260055 |
| 5516.71 |    0.259936 |
| 5517.65 |    0.259817 |
|  5518.6 |    0.259699 |
| 5519.54 |     0.25958 |
| 5520.48 |    0.259462 |
| 5521.43 |    0.259343 |
| 5522.38 |    0.259252 |
| 5523.32 |    0.259165 |
| 5524.27 |    0.259077 |
| 5525.21 |    0.258989 |
| 5526.15 |    0.258902 |
|  5527.1 |    0.258814 |
| 5528.05 |    0.258726 |
| 5528.99 |    0.258639 |
| 5529.94 |    0.258551 |
| 5530.88 |    0.258463 |
| 5531.83 |    0.258361 |
| 5532.78 |    0.258228 |
| 5533.72 |    0.258096 |
| 5534.67 |    0.257963 |
| 5535.62 |     0.25783 |
| 5536.56 |    0.257697 |
| 5537.51 |    0.257564 |
| 5538.46 |    0.257431 |
| 5539.41 |    0.257298 |
| 5540.35 |    0.257165 |
| 5541.31 |    0.257032 |
| 5542.25 |    0.256911 |
|  5543.2 |    0.256794 |
| 5544.15 |    0.256676 |
| 5545.09 |     0.25656 |
| 5546.04 |    0.256442 |
| 5546.99 |    0.256325 |
| 5547.94 |    0.256208 |
| 5548.89 |    0.256091 |
| 5549.84 |    0.255974 |
| 5550.79 |    0.255857 |
| 5551.74 |    0.255735 |
| 5552.69 |    0.255598 |
| 5553.64 |    0.255461 |
| 5554.59 |    0.255324 |
| 5555.54 |    0.255187 |
| 5556.49 |     0.25505 |
| 5557.44 |    0.254913 |
| 5558.39 |    0.254776 |
| 5559.35 |    0.254639 |
| 5560.29 |    0.254502 |
| 5561.25 |    0.254365 |
|  5562.2 |    0.254252 |
| 5563.15 |     0.25415 |
|  5564.1 |    0.254048 |
| 5565.05 |    0.253947 |
| 5566.01 |    0.253845 |
| 5566.96 |    0.253743 |
| 5567.91 |    0.253641 |
| 5568.86 |    0.253539 |
| 5569.81 |    0.253438 |
| 5570.77 |    0.253319 |
| 5571.72 |     0.25319 |
| 5572.67 |    0.253032 |
| 5573.63 |    0.252874 |
| 5574.58 |    0.252716 |
| 5575.54 |    0.252558 |
| 5576.49 |    0.252401 |
| 5577.44 |    0.252243 |
|  5578.4 |    0.252085 |
| 5579.35 |    0.251927 |
| 5580.31 |    0.251776 |
| 5581.26 |    0.251638 |
| 5582.22 |    0.251503 |
| 5583.17 |     0.25137 |
| 5584.13 |    0.251236 |
| 5585.08 |    0.251102 |
| 5586.04 |    0.250969 |
| 5586.99 |    0.250835 |
| 5587.95 |    0.250701 |
| 5588.91 |    0.250568 |
| 5589.86 |    0.250434 |
| 5590.82 |      0.2503 |
| 5591.77 |    0.250171 |
| 5592.73 |    0.250055 |
| 5593.69 |    0.249939 |
| 5594.65 |    0.249823 |
|  5595.6 |    0.249707 |
| 5596.56 |    0.249591 |
| 5597.52 |    0.249475 |
| 5598.48 |    0.249359 |
| 5599.43 |    0.249242 |
| 5600.39 |    0.249126 |
| 5601.35 |     0.24901 |
| 5602.31 |    0.248838 |
| 5603.27 |     0.24865 |
| 5604.23 |    0.248461 |
| 5605.19 |    0.248273 |
| 5606.15 |    0.248085 |
|  5607.1 |    0.247897 |
| 5608.06 |    0.247708 |
| 5609.02 |     0.24752 |
| 5609.98 |    0.247332 |
| 5610.94 |    0.247143 |
|  5611.9 |    0.246958 |
| 5612.86 |    0.246774 |
| 5613.82 |    0.246592 |
| 5614.78 |    0.246409 |
| 5615.74 |    0.246226 |
|  5616.7 |    0.246044 |
| 5617.67 |    0.245861 |
| 5618.62 |    0.245678 |
| 5619.59 |    0.245495 |
| 5620.55 |    0.245312 |
| 5621.51 |    0.245129 |
| 5622.47 |    0.244922 |
| 5623.43 |    0.244714 |
|  5624.4 |    0.244506 |
| 5625.36 |    0.244297 |
| 5626.32 |    0.244088 |
| 5627.28 |     0.24388 |
| 5628.25 |    0.243672 |
| 5629.21 |    0.243463 |
| 5630.17 |    0.243253 |
| 5631.14 |    0.243039 |
|  5632.1 |    0.242829 |
| 5633.06 |    0.242623 |
| 5634.02 |    0.242418 |
| 5634.99 |    0.242212 |
| 5635.96 |    0.242006 |
| 5636.92 |    0.241801 |
| 5637.88 |    0.241595 |
| 5638.85 |     0.24139 |
| 5639.81 |    0.241184 |
| 5640.78 |    0.240978 |
| 5641.74 |    0.240786 |
| 5642.71 |    0.240656 |
| 5643.67 |    0.240526 |
| 5644.64 |    0.240395 |
|  5645.6 |    0.240265 |
| 5646.57 |    0.240134 |
| 5647.54 |    0.240004 |
| 5648.51 |    0.239873 |
| 5649.47 |    0.239743 |
| 5650.44 |    0.239612 |
|  5651.4 |    0.239481 |
| 5652.37 |    0.239317 |
| 5653.34 |    0.239145 |
|  5654.3 |    0.238974 |
| 5655.27 |    0.238802 |
| 5656.24 |     0.23863 |
| 5657.21 |    0.238458 |
| 5658.18 |    0.238286 |
| 5659.14 |    0.238116 |
| 5660.11 |    0.237943 |
| 5661.08 |    0.237771 |
| 5662.05 |    0.237595 |
| 5663.02 |    0.237416 |
| 5663.99 |    0.237236 |
| 5664.96 |    0.237056 |
| 5665.92 |    0.236877 |
| 5666.89 |    0.236697 |
| 5667.86 |    0.236517 |
| 5668.83 |    0.236337 |
|  5669.8 |    0.236157 |
| 5670.77 |    0.235977 |
| 5671.74 |    0.235793 |
| 5672.71 |    0.235588 |
| 5673.69 |    0.235383 |
| 5674.65 |    0.235178 |
| 5675.63 |    0.234973 |
|  5676.6 |    0.234768 |
| 5677.57 |    0.234563 |
| 5678.54 |    0.234358 |
| 5679.51 |    0.234153 |
| 5680.49 |    0.233947 |
| 5681.45 |    0.233743 |
| 5682.43 |    0.233544 |
|  5683.4 |    0.233345 |
| 5684.37 |    0.233146 |
| 5685.34 |    0.232948 |
| 5686.31 |     0.23275 |
| 5687.29 |    0.232552 |
| 5688.26 |    0.232353 |
| 5689.24 |    0.232154 |
| 5690.21 |    0.231956 |
| 5691.19 |    0.231756 |
| 5692.15 |    0.231569 |
| 5693.13 |    0.231388 |
|  5694.1 |    0.231207 |
| 5695.08 |    0.231027 |
| 5696.06 |    0.230845 |
| 5697.02 |    0.230665 |
|  5698.0 |    0.230484 |
| 5698.98 |    0.230303 |
| 5699.95 |    0.230123 |
| 5700.93 |    0.229941 |
|  5701.9 |    0.229742 |
| 5702.88 |    0.229501 |
| 5703.85 |    0.229263 |
| 5704.83 |    0.229023 |
| 5705.81 |    0.228783 |
| 5706.78 |    0.228545 |
| 5707.76 |    0.228304 |
| 5708.73 |    0.228065 |
| 5709.71 |    0.227826 |
| 5710.69 |    0.227586 |
| 5711.67 |    0.227352 |
| 5712.64 |    0.227184 |
| 5713.62 |    0.227015 |
|  5714.6 |    0.226846 |
| 5715.58 |    0.226676 |
| 5716.56 |    0.226507 |
| 5717.53 |    0.226338 |
| 5718.51 |    0.226169 |
| 5719.49 |       0.226 |
| 5720.47 |    0.225822 |
| 5721.45 |    0.225634 |
| 5722.42 |    0.225418 |
|  5723.4 |    0.225197 |
| 5724.38 |    0.224977 |
| 5725.36 |    0.224756 |
| 5726.34 |    0.224536 |
| 5727.32 |    0.224315 |
|  5728.3 |    0.224094 |
| 5729.28 |    0.223874 |
| 5730.26 |    0.223659 |
| 5731.24 |    0.223456 |
| 5732.23 |    0.223241 |
|  5733.2 |     0.22302 |
| 5734.18 |    0.222799 |
| 5735.17 |    0.222577 |
| 5736.15 |    0.222355 |
| 5737.13 |    0.222133 |
| 5738.11 |    0.221912 |
|  5739.1 |    0.221689 |
| 5740.07 |    0.221468 |
| 5741.06 |    0.221246 |
| 5742.04 |    0.221019 |
| 5743.02 |    0.220786 |
| 5744.01 |    0.220551 |
| 5744.98 |    0.220318 |
| 5745.97 |    0.220084 |
| 5746.95 |     0.21985 |
| 5747.93 |    0.219617 |
| 5748.92 |    0.219382 |
|  5749.9 |     0.21915 |
| 5750.89 |    0.218915 |
| 5751.87 |    0.218697 |
| 5752.85 |    0.218519 |
| 5753.84 |     0.21834 |
| 5754.82 |    0.218163 |
| 5755.81 |    0.217984 |
| 5756.79 |    0.217806 |
| 5757.78 |    0.217628 |
| 5758.76 |    0.217449 |
| 5759.75 |    0.217271 |
| 5760.73 |    0.217093 |
| 5761.72 |    0.216907 |
|  5762.7 |    0.216661 |
| 5763.69 |    0.216415 |
| 5764.68 |    0.216169 |
| 5765.66 |    0.215925 |
| 5766.65 |    0.215678 |
| 5767.63 |    0.215433 |
| 5768.62 |    0.215187 |
| 5769.61 |    0.214942 |
|  5770.6 |    0.214696 |
| 5771.58 |     0.21445 |
| 5772.57 |    0.214211 |
| 5773.56 |    0.213971 |
| 5774.55 |    0.213731 |
| 5775.53 |    0.213491 |
| 5776.52 |    0.213251 |
| 5777.51 |    0.213012 |
|  5778.5 |    0.212772 |
| 5779.49 |    0.212532 |
| 5780.48 |    0.212291 |
| 5781.47 |    0.212052 |
| 5782.45 |    0.211787 |
| 5783.44 |    0.211518 |
| 5784.44 |    0.211249 |
| 5785.42 |    0.210979 |
| 5786.41 |     0.21071 |
|  5787.4 |    0.210441 |
| 5788.39 |    0.210172 |
| 5789.38 |    0.209903 |
| 5790.38 |    0.209633 |
| 5791.37 |    0.209365 |
| 5792.36 |    0.209131 |
| 5793.35 |    0.208912 |
| 5794.34 |     0.20869 |
| 5795.33 |     0.20847 |
| 5796.32 |    0.208249 |
| 5797.32 |    0.208028 |
|  5798.3 |    0.207808 |
|  5799.3 |    0.207587 |
| 5800.29 |    0.207366 |
| 5801.28 |    0.207145 |
| 5802.28 |    0.206886 |
| 5803.27 |    0.206609 |
| 5804.26 |    0.206331 |
| 5805.25 |    0.206055 |
| 5806.25 |    0.205777 |
| 5807.24 |    0.205499 |
| 5808.24 |    0.205221 |
| 5809.23 |    0.204944 |
| 5810.22 |    0.204666 |
| 5811.21 |    0.204389 |
| 5812.21 |    0.204124 |
| 5813.21 |    0.203869 |
|  5814.2 |    0.203614 |
| 5815.19 |    0.203358 |
| 5816.19 |    0.203103 |
| 5817.18 |    0.202847 |
| 5818.18 |    0.202591 |
| 5819.17 |    0.202336 |
| 5820.17 |    0.202077 |
| 5821.17 |    0.201805 |
| 5822.16 |    0.201561 |
| 5823.16 |    0.201341 |
| 5824.16 |    0.201121 |
| 5825.15 |    0.200903 |
| 5826.15 |    0.200684 |
| 5827.14 |    0.200464 |
| 5828.14 |    0.200244 |
| 5829.14 |    0.200025 |
| 5830.13 |    0.199809 |
| 5831.14 |    0.199608 |
| 5832.13 |    0.199381 |
| 5833.13 |    0.199125 |
| 5834.13 |    0.198869 |
| 5835.12 |    0.198614 |
| 5836.13 |    0.198357 |
| 5837.12 |    0.198102 |
| 5838.12 |    0.197846 |
| 5839.12 |     0.19759 |
| 5840.12 |    0.197334 |
| 5841.12 |    0.197078 |
| 5842.12 |    0.196811 |
| 5843.12 |    0.196532 |
| 5844.12 |    0.196253 |
| 5845.12 |    0.195973 |
| 5846.12 |    0.195694 |
| 5847.11 |    0.195416 |
| 5848.12 |    0.195136 |
| 5849.12 |    0.194858 |
| 5850.12 |    0.194578 |
| 5851.12 |    0.194299 |
| 5852.12 |    0.194045 |
| 5853.12 |    0.193817 |
| 5854.12 |    0.193588 |
| 5855.12 |    0.193358 |
| 5856.13 |    0.193129 |
| 5857.13 |      0.1929 |
| 5858.13 |    0.192671 |
| 5859.13 |    0.192442 |
| 5860.13 |    0.192213 |
| 5861.14 |    0.191984 |
| 5862.14 |    0.191735 |
| 5863.14 |     0.19147 |
| 5864.15 |    0.191204 |
| 5865.15 |    0.190938 |
| 5866.15 |    0.190672 |
| 5867.16 |    0.190406 |
| 5868.16 |    0.190141 |
| 5869.17 |    0.189874 |
| 5870.17 |    0.189608 |
| 5871.17 |    0.189342 |
| 5872.18 |    0.189074 |
| 5873.19 |    0.188806 |
| 5874.19 |    0.188538 |
| 5875.19 |    0.188271 |
|  5876.2 |    0.188002 |
|  5877.2 |    0.187734 |
| 5878.21 |    0.187465 |
| 5879.21 |    0.187197 |
| 5880.22 |    0.186929 |
| 5881.23 |    0.186661 |
| 5882.23 |    0.186393 |
| 5883.24 |    0.186127 |
| 5884.25 |    0.185861 |
| 5885.26 |    0.185593 |
| 5886.26 |    0.185328 |
| 5887.27 |    0.185061 |
| 5888.27 |    0.184794 |
| 5889.28 |    0.184528 |
| 5890.29 |    0.184261 |
| 5891.29 |    0.183995 |
|  5892.3 |    0.183716 |
| 5893.31 |    0.183429 |
| 5894.32 |    0.183143 |
| 5895.33 |    0.182856 |
| 5896.33 |    0.182572 |
| 5897.35 |    0.182286 |
| 5898.36 |    0.181999 |
| 5899.37 |    0.181713 |
| 5900.38 |     0.18142 |
| 5901.39 |    0.181118 |
|  5902.4 |    0.180822 |
|  5903.4 |    0.180528 |
| 5904.41 |    0.180232 |
| 5905.42 |    0.179938 |
| 5906.44 |    0.179641 |
| 5907.44 |    0.179348 |
| 5908.46 |    0.179051 |
| 5909.47 |    0.178757 |
| 5910.48 |    0.178469 |
| 5911.49 |    0.178189 |
|  5912.5 |    0.177932 |
| 5913.51 |    0.177678 |
| 5914.52 |    0.177425 |
| 5915.54 |    0.177171 |
| 5916.55 |    0.176917 |
| 5917.56 |    0.176665 |
| 5918.57 |     0.17641 |
| 5919.58 |    0.176157 |
|  5920.6 |    0.175902 |
| 5921.61 |    0.175648 |
| 5922.63 |    0.175384 |
| 5923.64 |    0.175121 |
| 5924.65 |    0.174857 |
| 5925.66 |    0.174592 |
| 5926.68 |    0.174328 |
| 5927.69 |    0.174063 |
| 5928.71 |      0.1738 |
| 5929.72 |    0.173535 |
| 5930.73 |    0.173271 |
| 5931.75 |    0.173005 |
| 5932.77 |    0.172728 |
| 5933.78 |    0.172452 |
|  5934.8 |    0.172175 |
| 5935.81 |    0.171899 |
| 5936.83 |    0.171621 |
| 5937.84 |    0.171344 |
| 5938.86 |    0.171067 |
| 5939.88 |     0.17079 |
| 5940.89 |    0.170514 |
| 5941.91 |    0.170237 |
| 5942.92 |    0.169961 |
| 5943.94 |    0.169684 |
| 5944.96 |    0.169408 |
| 5945.98 |    0.169131 |
| 5946.99 |    0.168856 |
| 5948.01 |    0.168579 |
| 5949.03 |    0.168303 |
| 5950.05 |    0.168026 |
| 5951.07 |    0.167749 |
| 5952.08 |    0.167472 |
|  5953.1 |    0.167188 |
| 5954.12 |    0.166907 |
| 5955.14 |    0.166624 |
| 5956.16 |    0.166341 |
| 5957.17 |     0.16606 |
|  5958.2 |    0.165776 |
| 5959.21 |    0.165494 |
| 5960.23 |    0.165211 |
| 5961.25 |    0.164929 |
| 5962.27 |    0.164652 |
| 5963.29 |    0.164375 |
| 5964.31 |    0.164101 |
| 5965.33 |    0.163825 |
| 5966.36 |    0.163549 |
| 5967.38 |    0.163274 |
|  5968.4 |    0.162999 |
| 5969.42 |    0.162724 |
| 5970.44 |    0.162442 |
| 5971.46 |    0.162152 |
| 5972.48 |    0.161859 |
|  5973.5 |    0.161566 |
| 5974.53 |    0.161272 |
| 5975.55 |    0.160979 |
| 5976.57 |    0.160685 |
|  5977.6 |    0.160391 |
| 5978.62 |    0.160098 |
| 5979.64 |    0.159804 |
| 5980.66 |     0.15952 |
| 5981.69 |    0.159239 |
| 5982.71 |    0.158956 |
| 5983.73 |    0.158673 |
| 5984.76 |    0.158389 |
| 5985.78 |    0.158106 |
|  5986.8 |    0.157822 |
| 5987.83 |    0.157538 |
| 5988.85 |    0.157254 |
| 5989.88 |    0.156971 |
|  5990.9 |    0.156688 |
| 5991.93 |      0.1564 |
| 5992.95 |    0.156098 |
| 5993.98 |    0.155796 |
|  5995.0 |    0.155494 |
| 5996.03 |    0.155192 |
| 5997.05 |    0.154893 |
| 5998.08 |    0.154591 |
| 5999.11 |    0.154289 |
| 6000.13 |     0.15399 |
| 6001.16 |    0.153703 |
| 6002.19 |    0.153421 |
| 6003.22 |     0.15314 |
| 6004.24 |    0.152859 |
| 6005.27 |    0.152579 |
|  6006.3 |    0.152298 |
| 6007.32 |    0.152019 |
| 6008.35 |    0.151736 |
| 6009.38 |    0.151456 |
| 6010.41 |    0.151175 |
| 6011.44 |    0.150894 |
| 6012.46 |    0.150619 |
| 6013.49 |    0.150343 |
| 6014.52 |    0.150068 |
| 6015.55 |    0.149793 |
| 6016.58 |    0.149517 |
| 6017.61 |    0.149241 |
| 6018.64 |    0.148967 |
| 6019.67 |    0.148692 |
|  6020.7 |    0.148416 |
| 6021.73 |    0.148141 |
| 6022.76 |    0.147887 |
| 6023.79 |    0.147633 |
| 6024.82 |    0.147379 |
| 6025.85 |    0.147125 |
| 6026.88 |     0.14687 |
| 6027.92 |    0.146616 |
| 6028.94 |    0.146362 |
| 6029.98 |    0.146107 |
| 6031.01 |    0.145839 |
| 6032.04 |     0.14556 |
| 6033.07 |    0.145266 |
|  6034.1 |    0.144973 |
| 6035.14 |    0.144678 |
| 6036.17 |    0.144385 |
|  6037.2 |     0.14409 |
| 6038.23 |    0.143796 |
| 6039.27 |    0.143501 |
|  6040.3 |    0.143211 |
| 6041.33 |     0.14293 |
| 6042.37 |    0.142655 |
|  6043.4 |    0.142384 |
| 6044.44 |    0.142112 |
| 6045.47 |    0.141842 |
| 6046.51 |    0.141569 |
| 6047.54 |    0.141299 |
| 6048.57 |    0.141027 |
| 6049.61 |    0.140755 |
| 6050.64 |    0.140484 |
| 6051.68 |    0.140211 |
| 6052.71 |    0.139945 |
| 6053.75 |    0.139676 |
| 6054.79 |    0.139408 |
| 6055.82 |     0.13914 |
| 6056.86 |    0.138871 |
| 6057.89 |    0.138604 |
| 6058.93 |    0.138335 |
| 6059.97 |    0.138067 |
|  6061.0 |    0.137798 |
| 6062.04 |    0.137528 |
| 6063.08 |    0.137258 |
| 6064.12 |    0.136985 |
| 6065.15 |    0.136714 |
| 6066.19 |    0.136442 |
| 6067.23 |    0.136169 |
| 6068.27 |    0.135897 |
| 6069.31 |    0.135626 |
| 6070.34 |    0.135354 |
| 6071.38 |    0.135082 |
| 6072.42 |    0.134794 |
| 6073.46 |    0.134499 |
|  6074.5 |    0.134206 |
| 6075.54 |    0.133911 |
| 6076.58 |    0.133617 |
| 6077.62 |    0.133322 |
| 6078.66 |    0.133027 |
|  6079.7 |    0.132733 |
| 6080.74 |    0.132438 |
| 6081.78 |    0.132148 |
| 6082.82 |    0.131901 |
| 6083.86 |    0.131654 |
|  6084.9 |    0.131407 |
| 6085.94 |    0.131159 |
| 6086.98 |    0.130913 |
| 6088.02 |    0.130665 |
| 6089.07 |    0.130417 |
| 6090.11 |    0.130168 |
| 6091.15 |     0.12991 |
| 6092.19 |    0.129637 |
| 6093.23 |    0.129349 |
| 6094.28 |     0.12906 |
| 6095.32 |    0.128772 |
| 6096.36 |    0.128484 |
| 6097.41 |    0.128195 |
| 6098.45 |    0.127908 |
| 6099.49 |     0.12762 |
| 6100.54 |    0.127337 |
| 6101.58 |     0.12706 |
| 6102.63 |    0.126782 |
| 6103.67 |    0.126506 |
| 6104.71 |    0.126228 |
| 6105.76 |    0.125951 |
|  6106.8 |    0.125674 |
| 6107.85 |    0.125396 |
| 6108.89 |     0.12512 |
| 6109.93 |    0.124843 |
| 6110.98 |    0.124565 |
| 6112.03 |    0.124286 |
| 6113.07 |    0.124006 |
| 6114.12 |    0.123726 |
| 6115.17 |    0.123447 |
| 6116.21 |    0.123167 |
| 6117.26 |    0.122887 |
| 6118.31 |    0.122607 |
| 6119.35 |    0.122326 |
|  6120.4 |    0.122047 |
| 6121.45 |    0.121766 |
| 6122.49 |     0.12149 |
| 6123.54 |    0.121215 |
| 6124.59 |    0.120939 |
| 6125.63 |    0.120664 |
| 6126.68 |    0.120388 |
| 6127.73 |    0.120113 |
| 6128.78 |    0.119837 |
| 6129.83 |    0.119561 |
| 6130.88 |    0.119285 |
| 6131.93 |    0.119008 |
| 6132.97 |    0.118725 |
| 6134.02 |    0.118442 |
| 6135.08 |    0.118158 |
| 6136.12 |    0.117874 |
| 6137.17 |    0.117592 |
| 6138.22 |    0.117309 |
| 6139.27 |    0.117025 |
| 6140.32 |    0.116741 |
| 6141.38 |    0.116457 |
| 6142.42 |    0.116183 |
| 6143.48 |    0.115911 |
| 6144.53 |    0.115642 |
| 6145.58 |    0.115372 |
| 6146.63 |    0.115101 |
| 6147.68 |    0.114831 |
| 6148.74 |    0.114559 |
| 6149.78 |    0.114289 |
| 6150.84 |     0.11401 |
| 6151.89 |    0.113732 |
| 6152.94 |    0.113467 |
|  6154.0 |    0.113201 |
| 6155.05 |    0.112937 |
|  6156.1 |    0.112671 |
| 6157.15 |    0.112406 |
| 6158.21 |    0.112141 |
| 6159.26 |    0.111876 |
| 6160.31 |    0.111615 |
| 6161.37 |    0.111359 |
| 6162.42 |    0.111085 |
| 6163.48 |    0.110801 |
| 6164.54 |    0.110517 |
| 6165.59 |    0.110233 |
| 6166.64 |    0.109951 |
|  6167.7 |    0.109667 |
| 6168.75 |    0.109383 |
| 6169.81 |    0.109099 |
| 6170.87 |    0.108814 |
| 6171.92 |    0.108536 |
| 6172.98 |    0.108279 |
| 6174.03 |    0.108022 |
| 6175.09 |    0.107764 |
| 6176.15 |    0.107507 |
|  6177.2 |    0.107251 |
| 6178.26 |    0.106992 |
| 6179.31 |    0.106735 |
| 6180.37 |    0.106477 |
| 6181.43 |    0.106219 |
| 6182.49 |    0.105956 |
| 6183.55 |     0.10569 |
|  6184.6 |    0.105424 |
| 6185.66 |    0.105158 |
| 6186.72 |    0.104891 |
| 6187.78 |    0.104625 |
| 6188.84 |    0.104359 |
| 6189.89 |    0.104093 |
| 6190.95 |    0.103827 |
| 6192.02 |    0.103559 |
| 6193.08 |     0.10329 |
| 6194.13 |    0.103023 |
| 6195.19 |    0.102754 |
| 6196.25 |    0.102486 |
| 6197.31 |    0.102217 |
| 6198.38 |    0.101948 |
| 6199.43 |     0.10168 |
|  6200.5 |    0.101405 |
| 6201.55 |    0.101129 |
| 6202.62 |    0.100865 |
| 6203.68 |    0.100604 |
| 6204.74 |    0.100344 |
|  6205.8 |    0.100083 |
| 6206.86 |   0.0998228 |
| 6207.92 |   0.0995617 |
| 6208.99 |   0.0993005 |
| 6210.05 |   0.0990398 |
| 6211.11 |   0.0987877 |
| 6212.17 |   0.0985334 |
| 6213.24 |   0.0982718 |
|  6214.3 |   0.0980119 |
| 6215.36 |    0.097751 |
| 6216.43 |   0.0974899 |
| 6217.49 |   0.0972289 |
| 6218.55 |   0.0969695 |
| 6219.62 |   0.0967084 |
| 6220.68 |   0.0964471 |
| 6221.75 |    0.096186 |
| 6222.81 |   0.0959364 |
| 6223.87 |   0.0956882 |
| 6224.94 |   0.0954375 |
|  6226.0 |   0.0951884 |
| 6227.07 |   0.0949385 |
| 6228.14 |   0.0946885 |
|  6229.2 |   0.0944391 |
| 6230.27 |   0.0941891 |
| 6231.33 |   0.0939403 |
|  6232.4 |   0.0936807 |
| 6233.47 |    0.093415 |
| 6234.53 |    0.093151 |
|  6235.6 |   0.0928845 |
| 6236.67 |   0.0926196 |
| 6237.73 |   0.0923537 |
|  6238.8 |   0.0920878 |
| 6239.87 |   0.0918217 |
| 6240.94 |   0.0915491 |
|  6242.0 |   0.0912815 |
| 6243.07 |   0.0910304 |
| 6244.14 |   0.0907793 |
| 6245.21 |   0.0905282 |
| 6246.28 |   0.0902778 |
| 6247.35 |   0.0900266 |
| 6248.41 |   0.0897762 |
| 6249.48 |   0.0895249 |
| 6250.55 |    0.089278 |
| 6251.62 |   0.0890355 |
| 6252.69 |   0.0887941 |
| 6253.76 |   0.0885537 |
| 6254.83 |   0.0883124 |
|  6255.9 |    0.088071 |
| 6256.97 |   0.0878297 |
| 6258.04 |   0.0875881 |
| 6259.11 |   0.0873482 |
| 6260.18 |   0.0871065 |
| 6261.25 |   0.0868648 |
| 6262.33 |   0.0866186 |
|  6263.4 |   0.0863694 |
| 6264.47 |   0.0861186 |
| 6265.54 |   0.0858702 |
| 6266.61 |     0.08562 |
| 6267.69 |   0.0853698 |
| 6268.76 |   0.0851196 |
| 6269.83 |   0.0848691 |
|  6270.9 |   0.0846196 |
| 6271.98 |   0.0843702 |
| 6273.05 |   0.0841254 |
| 6274.12 |   0.0838797 |
|  6275.2 |    0.083634 |
| 6276.27 |   0.0833898 |
| 6277.35 |   0.0831431 |
| 6278.42 |   0.0828979 |
| 6279.49 |   0.0826519 |
| 6280.57 |   0.0824058 |
| 6281.64 |   0.0821612 |
| 6282.72 |   0.0819175 |
| 6283.79 |   0.0816756 |
| 6284.87 |    0.081433 |
| 6285.94 |   0.0811901 |
| 6287.02 |   0.0809473 |
| 6288.09 |   0.0807051 |
| 6289.17 |   0.0804629 |
| 6290.24 |   0.0802182 |
| 6291.32 |   0.0799677 |
|  6292.4 |   0.0797223 |
| 6293.47 |    0.079481 |
| 6294.55 |   0.0792389 |
| 6295.62 |   0.0789975 |
|  6296.7 |   0.0787552 |
| 6297.78 |    0.078513 |
| 6298.86 |   0.0782716 |
| 6299.94 |   0.0780293 |
| 6301.01 |   0.0777944 |
| 6302.09 |    0.077561 |
| 6303.17 |   0.0773311 |
| 6304.25 |   0.0771019 |
| 6305.33 |   0.0768718 |
|  6306.4 |   0.0766425 |
| 6307.48 |   0.0764124 |
| 6308.56 |   0.0761822 |
| 6309.65 |   0.0759519 |
| 6310.72 |   0.0757223 |
|  6311.8 |   0.0754924 |
| 6312.88 |   0.0752572 |
| 6313.96 |   0.0750219 |
| 6315.04 |   0.0747866 |
| 6316.12 |   0.0745521 |
| 6317.21 |   0.0743159 |
| 6318.28 |   0.0740819 |
| 6319.37 |   0.0738463 |
| 6320.45 |   0.0736107 |
| 6321.53 |   0.0733757 |
| 6322.61 |   0.0731381 |
| 6323.69 |   0.0729025 |
| 6324.78 |   0.0726645 |
| 6325.86 |    0.072428 |
| 6326.94 |   0.0721907 |
| 6328.02 |   0.0719532 |
|  6329.1 |   0.0717173 |
| 6330.19 |   0.0714778 |
| 6331.27 |   0.0712344 |
| 6332.35 |   0.0709952 |
| 6333.44 |   0.0707603 |
| 6334.52 |   0.0705268 |
|  6335.6 |   0.0702911 |
| 6336.69 |   0.0700568 |
| 6337.77 |   0.0698218 |
| 6338.86 |   0.0695867 |
| 6339.94 |   0.0693516 |
| 6341.03 |   0.0691233 |
| 6342.11 |   0.0688979 |
| 6343.19 |    0.068677 |
| 6344.28 |    0.068456 |
| 6345.37 |    0.068235 |
| 6346.45 |   0.0680146 |
| 6347.54 |   0.0677935 |
| 6348.62 |    0.067573 |
| 6349.71 |   0.0673518 |
|  6350.8 |   0.0671304 |
| 6351.88 |   0.0669088 |
| 6352.97 |   0.0666791 |
| 6354.06 |   0.0664502 |
| 6355.14 |   0.0662205 |
| 6356.23 |   0.0659906 |
| 6357.32 |   0.0657614 |
| 6358.41 |   0.0655315 |
| 6359.49 |   0.0653023 |
| 6360.58 |   0.0650722 |
| 6361.67 |    0.064842 |
| 6362.76 |    0.064636 |
| 6363.85 |   0.0644328 |
| 6364.93 |   0.0642296 |
| 6366.02 |   0.0640256 |
| 6367.12 |   0.0638215 |
| 6368.21 |   0.0636174 |
|  6369.3 |   0.0634133 |
| 6370.39 |    0.063207 |
| 6371.47 |   0.0629981 |
| 6372.56 |   0.0627911 |
| 6373.65 |   0.0625851 |
| 6374.74 |   0.0623798 |
| 6375.84 |   0.0621731 |
| 6376.92 |   0.0619685 |
| 6378.02 |   0.0617617 |
| 6379.11 |   0.0615564 |
|  6380.2 |   0.0613519 |
| 6381.29 |   0.0611509 |
| 6382.38 |   0.0609453 |
| 6383.48 |   0.0607326 |
| 6384.57 |   0.0605212 |
| 6385.66 |   0.0603091 |
| 6386.75 |    0.060097 |
| 6387.84 |   0.0598862 |
| 6388.94 |   0.0596732 |
| 6390.03 |   0.0594616 |
| 6391.12 |   0.0592492 |
| 6392.22 |   0.0590386 |
| 6393.31 |   0.0588306 |
| 6394.41 |   0.0586233 |
|  6395.5 |   0.0584159 |
| 6396.59 |   0.0582078 |
| 6397.69 |   0.0579996 |
| 6398.79 |   0.0577914 |
| 6399.88 |   0.0575837 |
| 6400.97 |   0.0573753 |
| 6402.07 |   0.0571706 |
| 6403.16 |   0.0569733 |
| 6404.26 |   0.0567759 |
| 6405.35 |   0.0565792 |
| 6406.45 |   0.0563817 |
| 6407.54 |   0.0561848 |
| 6408.64 |   0.0559873 |
| 6409.74 |   0.0557896 |
| 6410.84 |    0.055588 |
| 6411.93 |   0.0553861 |
| 6413.03 |   0.0551873 |
| 6414.13 |   0.0549878 |
| 6415.23 |   0.0547883 |
| 6416.32 |   0.0545888 |
| 6417.42 |   0.0543899 |
| 6418.52 |   0.0541897 |
| 6419.61 |   0.0539915 |
| 6420.71 |   0.0537952 |
| 6421.81 |   0.0536005 |
| 6422.91 |   0.0534081 |
| 6424.01 |   0.0532145 |
| 6425.11 |   0.0530226 |
| 6426.21 |   0.0528287 |
| 6427.31 |   0.0526362 |
| 6428.41 |   0.0524436 |
| 6429.51 |   0.0522496 |
|  6430.6 |   0.0520568 |
| 6431.71 |   0.0518624 |
| 6432.81 |   0.0516715 |
| 6433.91 |   0.0514808 |
| 6435.01 |   0.0512901 |
| 6436.11 |   0.0511005 |
| 6437.21 |   0.0509091 |
| 6438.31 |   0.0507189 |
| 6439.42 |   0.0505279 |
| 6440.52 |    0.050337 |
| 6441.62 |    0.050146 |
| 6442.72 |   0.0499587 |
| 6443.82 |   0.0497718 |
| 6444.93 |   0.0495844 |
| 6446.03 |   0.0493968 |
| 6447.13 |   0.0492092 |
| 6448.23 |   0.0490222 |
| 6449.34 |   0.0488345 |
| 6450.44 |   0.0486455 |
| 6451.54 |   0.0484532 |
| 6452.65 |   0.0482696 |
| 6453.75 |    0.048089 |
| 6454.86 |   0.0479078 |
| 6455.96 |   0.0477271 |
| 6457.07 |   0.0475459 |
| 6458.17 |   0.0473647 |
| 6459.27 |   0.0471839 |
| 6460.38 |   0.0470042 |
| 6461.48 |   0.0468279 |
| 6462.59 |   0.0466497 |
|  6463.7 |   0.0464711 |
| 6464.81 |   0.0462923 |
| 6465.91 |   0.0461142 |
| 6467.01 |    0.045936 |
| 6468.12 |   0.0457571 |
| 6469.23 |   0.0455782 |
| 6470.34 |   0.0453992 |
| 6471.44 |   0.0452209 |
| 6472.55 |   0.0450431 |
| 6473.66 |   0.0448679 |
| 6474.77 |   0.0446916 |
| 6475.87 |   0.0445152 |
| 6476.98 |   0.0443393 |
| 6478.09 |   0.0441623 |
| 6479.19 |   0.0439869 |
| 6480.31 |   0.0438103 |
| 6481.42 |   0.0436336 |
| 6482.52 |    0.043464 |
| 6483.64 |   0.0432965 |
| 6484.74 |   0.0431306 |
| 6485.85 |    0.042963 |
| 6486.96 |   0.0427965 |
| 6488.07 |   0.0426294 |
| 6489.18 |   0.0424623 |
| 6490.29 |   0.0422952 |
|  6491.4 |   0.0421239 |
| 6492.51 |   0.0419529 |
| 6493.62 |   0.0417819 |
| 6494.74 |   0.0416109 |
| 6495.85 |     0.04144 |
| 6496.96 |   0.0412695 |
| 6498.07 |    0.041099 |
| 6499.18 |   0.0409281 |
| 6500.29 |   0.0407558 |
| 6501.41 |     0.04058 |
| 6502.52 |   0.0404088 |
| 6503.63 |   0.0402392 |
| 6504.74 |   0.0400701 |
| 6505.85 |   0.0399005 |
| 6506.97 |   0.0397309 |
| 6508.08 |   0.0395619 |
|  6509.2 |   0.0393924 |
| 6510.31 |   0.0392234 |
| 6511.42 |    0.039054 |
| 6512.54 |   0.0388809 |
| 6513.65 |   0.0387068 |
| 6514.77 |    0.038532 |
| 6515.88 |   0.0383579 |
| 6516.99 |   0.0381833 |
| 6518.11 |   0.0380087 |
| 6519.23 |   0.0378341 |
| 6520.34 |    0.037659 |
| 6521.45 |   0.0374815 |
| 6522.57 |   0.0373143 |
| 6523.69 |   0.0371523 |
| 6524.81 |   0.0369903 |
| 6525.92 |   0.0368289 |
| 6527.04 |   0.0366664 |
| 6528.15 |   0.0365057 |
| 6529.27 |   0.0363439 |
| 6530.39 |   0.0361834 |
|  6531.5 |   0.0360257 |
| 6532.63 |   0.0358709 |
| 6533.74 |    0.035719 |
| 6534.86 |   0.0355661 |
| 6535.98 |   0.0354133 |
| 6537.09 |    0.035261 |
| 6538.22 |   0.0351077 |
| 6539.33 |   0.0349559 |
| 6540.45 |   0.0348032 |
| 6541.57 |   0.0346505 |
| 6542.69 |    0.034497 |
| 6543.81 |   0.0343433 |
| 6544.92 |   0.0341906 |
| 6546.05 |   0.0340366 |
| 6547.17 |   0.0338834 |
| 6548.29 |   0.0337299 |
| 6549.41 |   0.0335768 |
| 6550.53 |   0.0334229 |
| 6551.65 |   0.0332698 |
| 6552.77 |   0.0331191 |
| 6553.89 |   0.0329683 |
| 6555.01 |    0.032818 |
| 6556.14 |   0.0326668 |
| 6557.26 |   0.0325166 |
| 6558.38 |   0.0323659 |
|  6559.5 |   0.0322157 |
| 6560.62 |   0.0320639 |
| 6561.75 |   0.0319097 |
| 6562.87 |   0.0317649 |
| 6563.99 |   0.0316202 |
| 6565.11 |   0.0314759 |
| 6566.24 |   0.0313313 |
| 6567.36 |   0.0311868 |
| 6568.49 |   0.0310423 |
| 6569.61 |   0.0308984 |
| 6570.73 |   0.0307564 |
| 6571.85 |    0.030615 |
| 6572.98 |   0.0304758 |
| 6574.11 |   0.0303366 |
| 6575.23 |   0.0301978 |
| 6576.36 |   0.0300587 |
| 6577.48 |     0.02992 |
|  6578.6 |   0.0297809 |
| 6579.73 |   0.0296418 |
| 6580.85 |   0.0295033 |
| 6581.98 |   0.0293648 |
| 6583.11 |   0.0292303 |
| 6584.23 |   0.0290955 |
| 6585.36 |   0.0289607 |
| 6586.49 |   0.0288263 |
| 6587.62 |   0.0286916 |
| 6588.74 |   0.0285573 |
| 6589.87 |   0.0284221 |
|  6591.0 |   0.0282854 |
| 6592.13 |    0.028148 |
| 6593.25 |   0.0280109 |
| 6594.38 |    0.027874 |
| 6595.51 |   0.0277362 |
| 6596.64 |   0.0275993 |
| 6597.77 |   0.0274621 |
| 6598.89 |   0.0273253 |
| 6600.03 |   0.0271879 |
| 6601.15 |   0.0270542 |
| 6602.28 |   0.0269252 |
| 6603.41 |    0.026804 |
| 6604.54 |   0.0266833 |
| 6605.67 |   0.0265618 |
|  6606.8 |   0.0264411 |
| 6607.94 |     0.02632 |
| 6609.06 |   0.0261994 |
| 6610.19 |   0.0260784 |
| 6611.33 |   0.0259574 |
| 6612.46 |   0.0258352 |
| 6613.59 |   0.0257112 |
| 6614.72 |   0.0255876 |
| 6615.85 |   0.0254637 |
| 6616.98 |   0.0253398 |
| 6618.11 |   0.0252164 |
| 6619.25 |   0.0250925 |
| 6620.38 |   0.0249691 |
| 6621.51 |   0.0248453 |
| 6622.65 |   0.0247258 |
| 6623.78 |   0.0246078 |
| 6624.91 |   0.0244903 |
| 6626.04 |   0.0243728 |
| 6627.18 |   0.0242549 |
| 6628.31 |    0.024137 |
| 6629.45 |   0.0240192 |
| 6630.58 |   0.0239001 |
| 6631.72 |    0.023779 |
| 6632.85 |   0.0236587 |
| 6633.98 |   0.0235382 |
| 6635.12 |   0.0234177 |
| 6636.25 |   0.0232977 |
| 6637.39 |   0.0231773 |
| 6638.52 |   0.0230574 |
| 6639.67 |   0.0229368 |
|  6640.8 |   0.0228186 |
| 6641.93 |   0.0227017 |
| 6643.07 |   0.0225915 |
| 6644.21 |   0.0224817 |
| 6645.34 |   0.0223715 |
| 6646.48 |   0.0222613 |
| 6647.62 |   0.0221513 |
| 6648.75 |   0.0220415 |
| 6649.89 |   0.0219319 |
| 6651.03 |   0.0218216 |
| 6652.17 |    0.021712 |
| 6653.31 |   0.0216021 |
| 6654.44 |   0.0214927 |
| 6655.59 |   0.0213826 |
| 6656.72 |   0.0212731 |
| 6657.86 |   0.0211638 |
|  6659.0 |   0.0210542 |
| 6660.14 |   0.0209446 |
| 6661.28 |   0.0208326 |
| 6662.42 |    0.020723 |
| 6663.56 |   0.0206137 |
|  6664.7 |   0.0205052 |
| 6665.84 |   0.0203966 |
| 6666.98 |   0.0202875 |
| 6668.12 |   0.0201791 |
| 6669.26 |   0.0200703 |
|  6670.4 |   0.0199627 |
| 6671.54 |   0.0198561 |
| 6672.69 |   0.0197544 |
| 6673.83 |   0.0196547 |
| 6674.97 |   0.0195547 |
| 6676.11 |   0.0194551 |
| 6677.25 |   0.0193552 |
|  6678.4 |   0.0192554 |
| 6679.54 |   0.0191556 |
| 6680.68 |   0.0190561 |
| 6681.82 |   0.0189566 |
| 6682.97 |   0.0188595 |
| 6684.11 |   0.0187625 |
| 6685.26 |   0.0186654 |
|  6686.4 |   0.0185688 |
| 6687.54 |   0.0184718 |
| 6688.69 |   0.0183752 |
| 6689.83 |   0.0182783 |
| 6690.98 |     0.01818 |
| 6692.12 |   0.0180825 |
| 6693.27 |   0.0179875 |
| 6694.41 |    0.017893 |
| 6695.56 |   0.0177981 |
|  6696.7 |   0.0177033 |
| 6697.85 |   0.0176088 |
| 6698.99 |   0.0175141 |
| 6700.14 |   0.0174199 |
| 6701.29 |   0.0173267 |
| 6702.43 |   0.0172347 |
| 6703.58 |   0.0171428 |
| 6704.73 |   0.0170513 |
| 6705.87 |   0.0169599 |
| 6707.02 |   0.0168681 |
| 6708.17 |   0.0167764 |
| 6709.32 |   0.0166848 |
| 6710.46 |   0.0165934 |
| 6711.62 |   0.0165015 |
| 6712.76 |    0.016413 |
| 6713.91 |   0.0163254 |
| 6715.06 |   0.0162374 |
|  6716.2 |   0.0161498 |
| 6717.36 |   0.0160616 |
|  6718.5 |   0.0159743 |
| 6719.66 |   0.0158862 |
|  6720.8 |   0.0157976 |
| 6721.95 |   0.0157089 |
| 6723.11 |   0.0156229 |
| 6724.25 |   0.0155377 |
| 6725.41 |   0.0154518 |
| 6726.55 |   0.0153665 |
| 6727.71 |    0.015281 |
| 6728.86 |   0.0151955 |
| 6730.01 |   0.0151103 |
| 6731.16 |   0.0150264 |
| 6732.31 |   0.0149444 |
| 6733.46 |   0.0148646 |
| 6734.62 |   0.0147849 |
| 6735.77 |   0.0147053 |
| 6736.92 |   0.0146258 |
| 6738.07 |   0.0145464 |
| 6739.23 |   0.0144669 |
| 6740.38 |   0.0143872 |
| 6741.53 |   0.0143077 |
| 6742.69 |   0.0142273 |
| 6743.84 |   0.0141462 |
| 6744.99 |   0.0140655 |
| 6746.15 |   0.0139845 |
|  6747.3 |   0.0139035 |
| 6748.46 |   0.0138228 |
| 6749.61 |   0.0137419 |
| 6750.76 |   0.0136604 |
| 6751.92 |   0.0135785 |
| 6753.08 |   0.0135029 |
| 6754.23 |   0.0134273 |
| 6755.39 |    0.013352 |
| 6756.54 |   0.0132767 |
|  6757.7 |   0.0132012 |
| 6758.85 |   0.0131258 |
| 6760.01 |   0.0130504 |
| 6761.17 |   0.0129766 |
| 6762.33 |   0.0129033 |
| 6763.48 |    0.012832 |
| 6764.64 |   0.0127604 |
|  6765.8 |   0.0126887 |
| 6766.95 |   0.0126173 |
| 6768.11 |   0.0125457 |
| 6769.27 |   0.0124744 |
| 6770.43 |   0.0124026 |
| 6771.59 |   0.0123313 |
| 6772.74 |   0.0122629 |
| 6773.91 |    0.012195 |
| 6775.06 |   0.0121276 |
| 6776.22 |   0.0120599 |
| 6777.38 |   0.0119925 |
| 6778.54 |   0.0119249 |
|  6779.7 |   0.0118573 |
| 6780.86 |   0.0117893 |
| 6782.02 |   0.0117206 |
| 6783.18 |   0.0116533 |
| 6784.34 |   0.0115857 |
|  6785.5 |   0.0115183 |
| 6786.67 |   0.0114509 |
| 6787.83 |   0.0113837 |
| 6788.98 |   0.0113166 |
| 6790.15 |   0.0112494 |
| 6791.31 |   0.0111833 |
| 6792.47 |   0.0111172 |
| 6793.63 |   0.0110514 |
|  6794.8 |   0.0109855 |
| 6795.96 |   0.0109197 |
| 6797.12 |    0.010854 |
| 6798.29 |   0.0107879 |
| 6799.45 |   0.0107223 |
| 6800.61 |   0.0106564 |
| 6801.77 |   0.0105908 |
| 6802.94 |   0.0105306 |
|  6804.1 |    0.010471 |
| 6805.26 |   0.0104115 |
| 6806.43 |   0.0103519 |
| 6807.59 |   0.0102926 |
| 6808.76 |    0.010233 |
| 6809.92 |   0.0101735 |
| 6811.09 |    0.010113 |
| 6812.25 |   0.0100528 |
| 6813.42 |  0.00999274 |
| 6814.58 |  0.00993257 |
| 6815.75 |  0.00987241 |
| 6816.92 |  0.00981229 |
| 6818.08 |  0.00975239 |
| 6819.25 |  0.00969236 |
| 6820.42 |  0.00963287 |
| 6821.58 |  0.00957384 |
| 6822.75 |  0.00951699 |
| 6823.92 |  0.00946106 |
| 6825.09 |  0.00940499 |
| 6826.25 |  0.00934912 |
| 6827.42 |  0.00929289 |
| 6828.59 |  0.00923706 |
| 6829.76 |  0.00918124 |
| 6830.93 |  0.00912546 |
| 6832.09 |  0.00907038 |
| 6833.27 |  0.00901716 |
| 6834.43 |  0.00896427 |
|  6835.6 |  0.00891126 |
| 6836.77 |  0.00885824 |
| 6837.94 |  0.00880541 |
| 6839.11 |  0.00875243 |
| 6840.28 |  0.00869941 |
| 6841.45 |   0.0086456 |
| 6842.62 |  0.00859318 |
|  6843.8 |  0.00854118 |
| 6844.96 |  0.00848955 |
| 6846.13 |  0.00843792 |
| 6847.31 |  0.00838618 |
| 6848.48 |  0.00833444 |
| 6849.65 |  0.00828274 |
| 6850.82 |  0.00823182 |
|  6852.0 |   0.0081813 |
| 6853.17 |  0.00813408 |
| 6854.34 |  0.00808673 |
| 6855.51 |  0.00803939 |
| 6856.69 |  0.00799222 |
| 6857.86 |  0.00794492 |
| 6859.03 |  0.00789778 |
| 6860.21 |  0.00785034 |
| 6861.38 |  0.00780229 |
| 6862.55 |  0.00775394 |
| 6863.73 |  0.00770513 |
|  6864.9 |  0.00765649 |
| 6866.08 |   0.0076077 |
| 6867.25 |  0.00755896 |
| 6868.43 |  0.00751022 |
|  6869.6 |  0.00746169 |
| 6870.77 |  0.00741364 |
| 6871.95 |  0.00736589 |
| 6873.13 |  0.00732118 |
| 6874.31 |  0.00727649 |
| 6875.48 |  0.00723195 |
| 6876.66 |  0.00718728 |
| 6877.83 |  0.00714277 |
| 6879.01 |  0.00709815 |
| 6880.19 |  0.00705351 |
| 6881.36 |  0.00700904 |
| 6882.54 |  0.00696626 |
| 6883.71 |  0.00692515 |
|  6884.9 |  0.00688377 |
| 6886.07 |  0.00684267 |
| 6887.25 |  0.00680159 |
| 6888.43 |   0.0067604 |
| 6889.61 |  0.00671934 |
| 6890.79 |  0.00667759 |
| 6891.97 |  0.00663587 |
| 6893.15 |  0.00659393 |
| 6894.32 |  0.00655216 |
|  6895.5 |  0.00651039 |
| 6896.69 |  0.00646838 |
| 6897.86 |  0.00642666 |
| 6899.04 |  0.00638484 |
| 6900.23 |  0.00634315 |
| 6901.41 |  0.00630201 |
| 6902.59 |  0.00626234 |
| 6903.77 |  0.00622365 |
| 6904.95 |  0.00618486 |
| 6906.13 |  0.00614619 |
| 6907.31 |  0.00610728 |
| 6908.49 |  0.00606864 |
| 6909.68 |  0.00602988 |
| 6910.86 |  0.00599127 |
| 6912.04 |  0.00595265 |
| 6913.23 |  0.00591477 |
|  6914.4 |  0.00587702 |
| 6915.59 |  0.00583918 |
| 6916.77 |  0.00580146 |
| 6917.96 |  0.00576364 |
| 6919.14 |  0.00572583 |
| 6920.33 |  0.00568787 |
| 6921.51 |  0.00564962 |
| 6922.69 |  0.00561327 |
| 6923.88 |  0.00557781 |
| 6925.06 |  0.00554236 |
| 6926.25 |  0.00550691 |
| 6927.43 |  0.00547161 |
| 6928.62 |  0.00543621 |
|  6929.8 |  0.00540094 |
| 6930.99 |  0.00536604 |
| 6932.17 |  0.00533144 |
| 6933.36 |  0.00529762 |
| 6934.54 |  0.00526372 |
| 6935.73 |  0.00522993 |
| 6936.92 |  0.00519604 |
|  6938.1 |  0.00516216 |
| 6939.29 |  0.00512841 |
| 6940.48 |  0.00509435 |
| 6941.66 |  0.00506009 |
| 6942.86 |  0.00502666 |
| 6944.04 |  0.00499374 |
| 6945.23 |  0.00496072 |
| 6946.42 |  0.00492783 |
|  6947.6 |  0.00489495 |
|  6948.8 |  0.00486189 |
| 6949.98 |  0.00482904 |
| 6951.17 |   0.0047966 |
| 6952.36 |  0.00476495 |
| 6953.56 |  0.00473424 |
| 6954.74 |  0.00470374 |
| 6955.93 |  0.00467324 |
| 6957.12 |  0.00464266 |
| 6958.31 |  0.00461218 |
| 6959.51 |  0.00458151 |
| 6960.69 |  0.00455105 |
| 6961.89 |   0.0045205 |
| 6963.08 |  0.00449172 |
| 6964.26 |  0.00446299 |
| 6965.46 |  0.00443408 |
| 6966.65 |  0.00440536 |
| 6967.84 |  0.00437656 |
| 6969.03 |  0.00434786 |
| 6970.23 |  0.00431901 |
| 6971.42 |  0.00428979 |
| 6972.61 |  0.00426139 |
| 6973.81 |   0.0042334 |
|  6975.0 |  0.00420554 |
| 6976.19 |   0.0041776 |
| 6977.39 |  0.00414966 |
| 6978.58 |  0.00412175 |
| 6979.77 |  0.00409393 |
| 6980.96 |  0.00406648 |
| 6982.16 |  0.00403917 |
| 6983.36 |  0.00401249 |
| 6984.55 |  0.00398582 |
| 6985.75 |  0.00395925 |
| 6986.94 |   0.0039326 |
| 6988.13 |  0.00390604 |
| 6989.33 |  0.00387941 |
| 6990.53 |  0.00385278 |
| 6991.72 |  0.00382625 |
| 6992.92 |  0.00380072 |
| 6994.12 |   0.0037755 |
| 6995.32 |  0.00375012 |
| 6996.51 |  0.00372491 |
| 6997.71 |  0.00369972 |
|  6998.9 |  0.00367445 |
|  7000.1 |  0.00364921 |
|  7001.3 |  0.00362334 |
|  7002.5 |  0.00359829 |
|  7003.7 |  0.00357415 |
| 7004.89 |  0.00355009 |
| 7006.09 |  0.00352605 |
| 7007.29 |  0.00350187 |
| 7008.49 |  0.00347787 |
| 7009.69 |   0.0034538 |
| 7010.89 |  0.00343009 |
| 7012.09 |  0.00340643 |
| 7013.29 |  0.00338361 |
| 7014.49 |  0.00336066 |
| 7015.69 |  0.00333771 |
| 7016.89 |  0.00331486 |
| 7018.09 |  0.00329185 |
| 7019.29 |  0.00326902 |
| 7020.49 |  0.00324598 |
| 7021.69 |  0.00322283 |
| 7022.89 |  0.00320022 |
|  7024.1 |  0.00317764 |
|  7025.3 |   0.0031552 |
|  7026.5 |  0.00313271 |
|  7027.7 |   0.0031103 |
|  7028.9 |  0.00308784 |
| 7030.11 |  0.00306541 |
| 7031.31 |  0.00304323 |
| 7032.51 |  0.00302199 |
| 7033.71 |  0.00300193 |
| 7034.92 |  0.00298181 |
| 7036.12 |  0.00296169 |
| 7037.33 |  0.00294159 |
| 7038.53 |  0.00292156 |
| 7039.73 |  0.00290154 |
| 7040.94 |  0.00288148 |
| 7042.14 |  0.00286152 |
| 7043.35 |  0.00284208 |
| 7044.55 |  0.00282272 |
| 7045.76 |   0.0028033 |
| 7046.96 |  0.00278396 |
| 7048.17 |  0.00276456 |
| 7049.38 |  0.00274517 |
| 7050.58 |  0.00272572 |
| 7051.79 |  0.00270607 |
| 7052.99 |  0.00268685 |
|  7054.2 |  0.00266762 |
| 7055.41 |  0.00264842 |
| 7056.61 |  0.00262928 |
| 7057.82 |   0.0026101 |
| 7059.03 |  0.00259099 |
| 7060.24 |  0.00257189 |
| 7061.45 |  0.00255303 |
| 7062.66 |  0.00253482 |
| 7063.86 |  0.00251716 |
| 7065.07 |   0.0024995 |
| 7066.28 |   0.0024818 |
| 7067.49 |   0.0024641 |
|  7068.7 |  0.00244642 |
| 7069.91 |   0.0024288 |
| 7071.12 |  0.00241084 |
| 7072.33 |  0.00239321 |
| 7073.54 |  0.00237607 |
| 7074.75 |  0.00235889 |
| 7075.96 |  0.00234177 |
| 7077.17 |  0.00232462 |
| 7078.38 |  0.00230753 |
| 7079.59 |  0.00229035 |
|  7080.8 |  0.00227344 |
| 7082.01 |  0.00225671 |
| 7083.23 |  0.00224151 |
| 7084.44 |   0.0022264 |
| 7085.65 |  0.00221126 |
| 7086.86 |  0.00219617 |
| 7088.07 |  0.00218105 |
| 7089.29 |  0.00216593 |
|  7090.5 |  0.00215072 |
| 7091.71 |  0.00213544 |
| 7092.92 |  0.00212026 |
| 7094.14 |  0.00210504 |
| 7095.35 |  0.00208984 |
| 7096.57 |  0.00207464 |
| 7097.78 |  0.00205952 |
|  7099.0 |  0.00204435 |
| 7100.21 |  0.00202928 |
| 7101.43 |  0.00201434 |
| 7102.64 |  0.00199949 |
| 7103.85 |  0.00198474 |
| 7105.07 |  0.00196995 |
| 7106.29 |  0.00195522 |
|  7107.5 |  0.00194045 |
| 7108.72 |  0.00192568 |
| 7109.93 |  0.00191097 |
| 7111.15 |  0.00189623 |
| 7112.37 |  0.00188203 |
| 7113.58 |  0.00186874 |
|  7114.8 |  0.00185547 |
| 7116.02 |   0.0018422 |
| 7117.24 |  0.00182898 |
| 7118.45 |  0.00181577 |
| 7119.67 |  0.00180248 |
| 7120.89 |  0.00178915 |
| 7122.11 |  0.00177579 |
| 7123.33 |  0.00176287 |
| 7124.55 |  0.00174992 |
| 7125.76 |  0.00173702 |
| 7126.98 |  0.00172409 |
|  7128.2 |  0.00171117 |
| 7129.42 |   0.0016983 |
| 7130.65 |  0.00168545 |
| 7131.86 |  0.00167282 |
| 7133.09 |  0.00166071 |
|  7134.3 |  0.00164874 |
| 7135.52 |  0.00163678 |
| 7136.75 |  0.00162475 |
| 7137.97 |   0.0016128 |
| 7139.19 |  0.00160081 |
| 7140.41 |  0.00158882 |
| 7141.63 |  0.00157669 |
| 7142.85 |  0.00156499 |
| 7144.07 |  0.00155345 |
|  7145.3 |  0.00154184 |
| 7146.52 |  0.00153032 |
| 7147.74 |  0.00151876 |
| 7148.97 |  0.00150722 |
| 7150.19 |  0.00149571 |
| 7151.41 |  0.00148438 |
| 7152.63 |  0.00147338 |
| 7153.86 |  0.00146262 |
| 7155.08 |  0.00145187 |
| 7156.31 |  0.00144112 |
| 7157.53 |  0.00143042 |
| 7158.76 |  0.00141969 |
| 7159.98 |    0.001409 |
| 7161.21 |  0.00139813 |
| 7162.43 |  0.00138756 |
| 7163.66 |  0.00137751 |
| 7164.88 |  0.00136744 |
| 7166.11 |  0.00135741 |
| 7167.33 |  0.00134736 |
| 7168.56 |  0.00133731 |
| 7169.79 |   0.0013273 |
| 7171.01 |  0.00131738 |
| 7172.24 |  0.00130758 |
| 7173.47 |  0.00129791 |
|  7174.7 |  0.00128824 |
| 7175.92 |  0.00127858 |
| 7177.15 |  0.00126896 |
| 7178.38 |  0.00125934 |
|  7179.6 |  0.00124969 |
| 7180.83 |  0.00124005 |
| 7182.06 |  0.00123045 |
| 7183.29 |   0.0012213 |
| 7184.53 |  0.00121209 |
| 7185.75 |  0.00120298 |
| 7186.98 |  0.00119381 |
| 7188.21 |  0.00118465 |
| 7189.44 |  0.00117552 |
| 7190.67 |   0.0011663 |
|  7191.9 |  0.00115706 |
| 7193.13 |  0.00114843 |
| 7194.36 |  0.00113992 |
| 7195.59 |  0.00113141 |
| 7196.83 |  0.00112285 |
| 7198.05 |  0.00111438 |
| 7199.29 |  0.00110583 |
| 7200.52 |  0.00109739 |
| 7201.75 |  0.00108901 |
| 7202.98 |  0.00108101 |
| 7204.21 |  0.00107315 |
| 7205.45 |  0.00106523 |
| 7206.68 |  0.00105736 |
| 7207.91 |  0.00104947 |
| 7209.14 |  0.00104161 |
| 7210.38 |  0.00103366 |
| 7211.61 |   0.0010257 |
| 7212.85 |  0.00101789 |
| 7214.08 |  0.00101012 |
| 7215.32 |  0.00100235 |
| 7216.55 | 0.000994596 |
| 7217.79 | 0.000986866 |
| 7219.02 |  0.00097912 |
| 7220.25 | 0.000971423 |
| 7221.49 |  0.00096382 |
| 7222.73 |  0.00095638 |
| 7223.96 | 0.000949135 |
|  7225.2 | 0.000941872 |
| 7226.43 | 0.000934638 |
| 7227.67 | 0.000927381 |
| 7228.91 | 0.000920131 |
| 7230.14 |  0.00091289 |
| 7231.38 | 0.000905505 |
| 7232.62 | 0.000898459 |
| 7233.85 | 0.000891703 |
| 7235.09 | 0.000884956 |
| 7236.33 | 0.000878213 |
| 7237.57 | 0.000871495 |
|  7238.8 | 0.000864785 |
| 7240.04 | 0.000858063 |
| 7241.28 | 0.000851435 |
| 7242.52 | 0.000844848 |
| 7243.76 | 0.000838339 |
|  7245.0 | 0.000831813 |
| 7246.24 | 0.000825311 |
| 7247.48 | 0.000818793 |
| 7248.72 | 0.000812278 |
| 7249.96 | 0.000805791 |
|  7251.2 |   0.0007992 |
| 7252.44 | 0.000792845 |
| 7253.69 | 0.000786829 |
| 7254.92 |  0.00078086 |
| 7256.16 | 0.000774894 |
| 7257.41 | 0.000768914 |
| 7258.65 | 0.000762958 |
| 7259.89 | 0.000756971 |
| 7261.13 | 0.000751099 |
| 7262.38 |  0.00074524 |
| 7263.62 | 0.000739423 |
| 7264.86 | 0.000733648 |
|  7266.1 | 0.000727821 |
| 7267.35 | 0.000722036 |
| 7268.59 | 0.000716236 |
| 7269.83 | 0.000710457 |
| 7271.08 | 0.000704647 |
| 7272.32 | 0.000699026 |
| 7273.57 | 0.000693824 |
| 7274.81 | 0.000688642 |
| 7276.05 | 0.000683463 |
|  7277.3 | 0.000678257 |
| 7278.54 | 0.000673085 |
| 7279.79 | 0.000667899 |
| 7281.04 | 0.000662675 |
| 7282.28 | 0.000657475 |
| 7283.53 | 0.000652465 |
| 7284.77 | 0.000647473 |
| 7286.02 | 0.000642469 |
| 7287.27 | 0.000637485 |
| 7288.51 | 0.000632491 |
| 7289.76 |   0.0006275 |
| 7291.01 |  0.00062257 |
| 7292.25 |  0.00061767 |
|  7293.5 | 0.000612774 |
| 7294.75 | 0.000607865 |
|  7296.0 |  0.00060296 |
| 7297.25 | 0.000598059 |
|  7298.5 | 0.000593175 |
| 7299.75 | 0.000588278 |
| 7300.99 | 0.000583352 |
| 7302.24 | 0.000578506 |
| 7303.49 | 0.000574139 |
| 7304.74 | 0.000569788 |
| 7305.99 | 0.000565427 |
| 7307.24 | 0.000561083 |
|  7308.5 | 0.000556717 |
| 7309.74 | 0.000552381 |
| 7310.99 | 0.000548098 |
| 7312.24 | 0.000543815 |
| 7313.49 |  0.00053955 |
| 7314.75 | 0.000535259 |
|  7316.0 | 0.000530999 |
| 7317.25 | 0.000526729 |
|  7318.5 | 0.000522474 |
| 7319.75 | 0.000518222 |
|  7321.0 | 0.000513914 |
| 7322.26 | 0.000509692 |
| 7323.51 | 0.000505871 |
| 7324.76 | 0.000502065 |
| 7326.02 | 0.000498238 |
| 7327.27 | 0.000494438 |
| 7328.52 | 0.000490642 |
| 7329.78 | 0.000486837 |
| 7331.03 | 0.000483079 |
| 7332.29 | 0.000479359 |
| 7333.54 | 0.000475742 |
|  7334.8 | 0.000472116 |
| 7336.05 | 0.000468504 |
|  7337.3 | 0.000464895 |
| 7338.56 | 0.000461263 |
| 7339.82 | 0.000457658 |
| 7341.07 | 0.000454002 |
| 7342.33 | 0.000450331 |
| 7343.58 | 0.000446587 |
| 7344.84 | 0.000442847 |
|  7346.1 | 0.000439122 |
| 7347.36 | 0.000435387 |
| 7348.61 | 0.000431668 |
| 7349.87 |  0.00042794 |
| 7351.13 | 0.000424259 |
| 7352.39 | 0.000420716 |
| 7353.64 | 0.000417511 |
|  7354.9 | 0.000414308 |
| 7356.16 | 0.000411098 |
| 7357.42 | 0.000407889 |
| 7358.68 | 0.000404683 |
| 7359.94 | 0.000401489 |
|  7361.2 | 0.000398245 |
| 7362.45 |  0.00039509 |
| 7363.71 | 0.000392077 |
| 7364.98 | 0.000389068 |
| 7366.23 |  0.00038607 |
|  7367.5 | 0.000383066 |
| 7368.75 | 0.000380074 |
| 7370.02 | 0.000377076 |
| 7371.28 | 0.000374121 |
| 7372.54 | 0.000371178 |
|  7373.8 | 0.000368226 |
| 7375.06 | 0.000365288 |
| 7376.33 | 0.000362331 |
| 7377.58 | 0.000359395 |
| 7378.85 | 0.000356453 |
| 7380.11 | 0.000353517 |
| 7381.37 | 0.000350548 |
| 7382.64 | 0.000347645 |
|  7383.9 | 0.000344851 |
| 7385.16 | 0.000342052 |
| 7386.42 | 0.000339263 |
| 7387.69 | 0.000336459 |
| 7388.95 | 0.000333675 |
| 7390.22 |   0.0003309 |
| 7391.48 |  0.00032815 |
| 7392.74 |  0.00032552 |
| 7394.01 | 0.000322962 |
| 7395.28 | 0.000320423 |
| 7396.54 | 0.000317877 |
| 7397.81 | 0.000315341 |
| 7399.07 | 0.000312807 |
| 7400.34 | 0.000310249 |
|  7401.6 | 0.000307684 |
| 7402.87 | 0.000305243 |
| 7404.14 |  0.00030288 |
|  7405.4 | 0.000300511 |
| 7406.67 | 0.000298144 |
| 7407.94 | 0.000295787 |
| 7409.21 | 0.000293424 |
| 7410.47 | 0.000291084 |
| 7411.74 | 0.000288758 |
| 7413.01 | 0.000286498 |
| 7414.28 | 0.000284259 |
| 7415.55 | 0.000282029 |
| 7416.81 | 0.000279801 |
| 7418.08 | 0.000277567 |
| 7419.35 | 0.000275335 |
| 7420.62 | 0.000273088 |
| 7421.89 | 0.000270836 |
| 7423.16 | 0.000268627 |
| 7424.43 | 0.000266435 |
|  7425.7 | 0.000264238 |
| 7426.98 | 0.000262042 |
| 7428.24 | 0.000259855 |
| 7429.52 | 0.000257663 |
| 7430.78 | 0.000255509 |
| 7432.06 | 0.000253362 |
| 7433.33 | 0.000251507 |
|  7434.6 | 0.000249653 |
| 7435.87 | 0.000247794 |
| 7437.14 | 0.000245942 |
| 7438.42 | 0.000244085 |
| 7439.69 | 0.000242229 |
| 7440.96 | 0.000240354 |
| 7442.23 | 0.000238478 |
| 7443.51 | 0.000236605 |
| 7444.79 | 0.000234721 |
| 7446.06 | 0.000232851 |
| 7447.33 | 0.000230976 |
|  7448.6 | 0.000229109 |
| 7449.88 |  0.00022723 |
| 7451.15 | 0.000225394 |
| 7452.43 | 0.000223569 |
|  7453.7 | 0.000221815 |
| 7454.98 | 0.000220062 |
| 7456.26 |   0.0002183 |
| 7457.53 | 0.000216549 |
| 7458.81 | 0.000214793 |
| 7460.08 | 0.000213043 |
| 7461.36 | 0.000211265 |
| 7462.64 | 0.000209514 |
| 7463.91 | 0.000207801 |
| 7465.19 | 0.000206083 |
| 7466.46 | 0.000204372 |
| 7467.75 | 0.000202656 |
| 7469.02 | 0.000200943 |
|  7470.3 | 0.000199235 |
| 7471.58 | 0.000197552 |
| 7472.85 | 0.000196025 |
| 7474.13 | 0.000194589 |
| 7475.42 | 0.000193153 |
| 7476.69 | 0.000191717 |
| 7477.97 | 0.000190288 |
| 7479.25 | 0.000188854 |
| 7480.53 | 0.000187418 |
| 7481.81 | 0.000185965 |
| 7483.09 | 0.000184468 |
| 7484.37 | 0.000182967 |
| 7485.65 | 0.000181462 |
| 7486.93 | 0.000179963 |
| 7488.21 |  0.00017846 |
|  7489.5 | 0.000176958 |
| 7490.77 | 0.000175475 |
| 7492.06 | 0.000173996 |
| 7493.34 | 0.000172715 |
| 7494.62 | 0.000171432 |
|  7495.9 | 0.000170149 |
| 7497.19 | 0.000168867 |
| 7498.47 |  0.00016759 |
| 7499.75 | 0.000166313 |
| 7501.03 | 0.000164997 |
| 7502.32 | 0.000163673 |
|  7503.6 | 0.000162351 |
| 7504.88 | 0.000161034 |
| 7506.17 | 0.000159715 |
| 7507.45 | 0.000158401 |
| 7508.74 | 0.000157084 |
| 7510.02 | 0.000155769 |
| 7511.31 | 0.000154477 |
|  7512.6 | 0.000153223 |
| 7513.88 | 0.000152043 |
| 7515.17 |  0.00015086 |
| 7516.45 | 0.000149683 |
| 7517.73 | 0.000148506 |
| 7519.02 | 0.000147326 |
| 7520.31 | 0.000146147 |
|  7521.6 |  0.00014495 |
| 7522.88 | 0.000143812 |
| 7524.17 | 0.000142703 |
| 7525.46 | 0.000141595 |
| 7526.75 | 0.000140492 |
| 7528.03 | 0.000139386 |
| 7529.32 | 0.000138285 |
| 7530.61 | 0.000137189 |
|  7531.9 | 0.000136102 |
| 7533.19 | 0.000134993 |
| 7534.48 | 0.000133884 |
| 7535.76 | 0.000132777 |
| 7537.05 | 0.000131667 |
| 7538.34 | 0.000130557 |
| 7539.63 | 0.000129449 |
| 7540.92 | 0.000128334 |
| 7542.21 | 0.000127225 |
|  7543.5 | 0.000126218 |
| 7544.79 | 0.000125208 |
| 7546.09 | 0.000124199 |
| 7547.38 | 0.000123195 |
| 7548.67 | 0.000122189 |
| 7549.96 | 0.000121186 |
| 7551.25 | 0.000120196 |
| 7552.54 | 0.000119226 |
| 7553.83 | 0.000118294 |
| 7555.13 |  0.00011736 |
| 7556.42 | 0.000116431 |
| 7557.71 | 0.000115499 |
| 7559.01 | 0.000114567 |
|  7560.3 | 0.000113634 |
| 7561.59 | 0.000112694 |
| 7562.88 | 0.000111789 |
| 7564.18 | 0.000110903 |
| 7565.47 | 0.000110017 |
| 7566.77 | 0.000109133 |
| 7568.06 | 0.000108252 |
| 7569.36 | 0.000107369 |
| 7570.65 | 0.000106496 |
| 7571.95 | 0.000105627 |
| 7573.25 | 0.000104808 |
| 7574.54 | 0.000103997 |
| 7575.83 | 0.000103185 |
| 7577.13 | 0.000102376 |
| 7578.43 | 0.000101562 |
| 7579.73 | 0.000100754 |
