# Units:
#  "lambda" is in Angstroms
#  "pass" is the contribution to the detector signal per photon
#         entering the atmosphere of Earth
# 
# Bandpass Name(s): F125W
# 
# Instrument: WFC3_IR_F125W
# 
# Determined by: 
# 
# Date of determination: 2010-May-02
# 
# Meaning of/Reason for default column: Only column available
# 
# Notes:
# 
# 
# Obtained from Leonidas Moustakas on 2011-Apr-02 for the CLASH team.
# 
# J. Moustakas, UCSD 2011-Apr-07
|  lambda |        pass |
| 10625.3 | 0.000100669 |
| 10626.1 | 0.000101715 |
| 10627.0 | 0.000102762 |
| 10627.8 | 0.000103809 |
| 10628.7 | 0.000104841 |
| 10629.6 | 0.000105887 |
| 10630.4 | 0.000106935 |
| 10631.3 | 0.000107981 |
| 10632.2 | 0.000109029 |
| 10633.0 | 0.000110075 |
| 10633.9 | 0.000111109 |
| 10634.7 | 0.000112156 |
| 10635.6 | 0.000113204 |
| 10636.5 | 0.000114252 |
| 10637.3 |   0.0001153 |
| 10638.2 | 0.000116348 |
| 10639.1 | 0.000117395 |
| 10639.9 | 0.000118443 |
| 10640.8 | 0.000119491 |
| 10641.6 | 0.000120526 |
| 10642.5 | 0.000121589 |
| 10643.4 | 0.000122637 |
| 10644.2 | 0.000123672 |
| 10645.1 | 0.000124721 |
| 10646.0 |  0.00012577 |
| 10646.8 | 0.000126805 |
| 10647.7 | 0.000127854 |
| 10648.5 | 0.000128904 |
| 10649.4 | 0.000129954 |
| 10650.3 | 0.000131003 |
| 10651.1 | 0.000132053 |
| 10652.0 | 0.000133103 |
| 10652.9 | 0.000134154 |
| 10653.7 | 0.000135203 |
| 10654.6 | 0.000136239 |
| 10655.5 | 0.000137304 |
| 10656.3 | 0.000138354 |
| 10657.2 | 0.000139391 |
| 10658.1 | 0.000140442 |
| 10658.9 | 0.000141492 |
| 10659.8 | 0.000142544 |
| 10660.7 | 0.000143595 |
| 10661.5 | 0.000144647 |
| 10662.4 | 0.000145698 |
| 10663.2 | 0.000146735 |
| 10664.1 | 0.000147788 |
| 10665.0 | 0.000148839 |
| 10665.8 | 0.000149891 |
| 10666.7 | 0.000150944 |
| 10667.6 | 0.000151995 |
| 10668.4 | 0.000153034 |
| 10669.3 |   0.0001541 |
| 10670.2 | 0.000155153 |
| 10671.0 | 0.000156192 |
| 10671.9 | 0.000157245 |
| 10672.8 | 0.000158298 |
| 10673.6 | 0.000156942 |
| 10674.5 | 0.000155048 |
| 10675.4 | 0.000153154 |
| 10676.2 |  0.00015126 |
| 10677.1 | 0.000149392 |
| 10678.0 | 0.000147757 |
| 10678.8 | 0.000152676 |
| 10679.7 |   0.0001576 |
| 10680.6 | 0.000162528 |
| 10681.4 | 0.000167465 |
| 10682.3 | 0.000172404 |
| 10683.2 | 0.000176053 |
| 10684.0 | 0.000176287 |
| 10684.9 | 0.000176528 |
| 10685.8 | 0.000176766 |
| 10686.6 |    0.000177 |
| 10687.5 | 0.000177238 |
| 10688.4 | 0.000179434 |
| 10689.2 | 0.000183582 |
| 10690.1 |  0.00018773 |
| 10691.0 | 0.000191871 |
| 10691.8 | 0.000195951 |
| 10692.7 | 0.000200092 |
| 10693.6 | 0.000199259 |
| 10694.4 | 0.000196572 |
| 10695.3 | 0.000193881 |
| 10696.2 |  0.00019119 |
| 10697.0 | 0.000188536 |
| 10697.9 | 0.000185845 |
| 10698.8 | 0.000188896 |
| 10699.6 | 0.000192144 |
| 10700.5 | 0.000195348 |
| 10701.4 | 0.000198599 |
| 10702.2 | 0.000201847 |
| 10703.1 | 0.000203543 |
| 10704.0 | 0.000199277 |
| 10704.8 | 0.000195011 |
| 10705.7 | 0.000190749 |
| 10706.6 | 0.000186483 |
| 10707.5 | 0.000182216 |
| 10708.3 | 0.000175223 |
| 10709.2 | 0.000164675 |
| 10710.1 | 0.000154127 |
| 10710.9 | 0.000143579 |
| 10711.8 | 0.000133031 |
| 10712.7 | 0.000122481 |
| 10713.5 | 0.000131209 |
| 10714.4 | 0.000148723 |
| 10715.3 | 0.000166217 |
| 10716.1 | 0.000183731 |
| 10717.0 | 0.000201227 |
| 10717.9 | 0.000218743 |
| 10718.8 | 0.000258147 |
| 10719.6 |  0.00029899 |
| 10720.5 | 0.000339836 |
| 10721.3 | 0.000380087 |
| 10722.2 | 0.000421531 |
| 10723.1 | 0.000458392 |
| 10724.0 | 0.000478633 |
| 10724.8 | 0.000499151 |
| 10725.7 | 0.000519669 |
| 10726.6 | 0.000540212 |
| 10727.5 | 0.000560732 |
| 10728.3 | 0.000566481 |
| 10729.2 | 0.000553764 |
| 10730.1 |  0.00054086 |
| 10730.9 | 0.000527954 |
| 10731.8 | 0.000515049 |
| 10732.7 | 0.000502143 |
| 10733.5 | 0.000493063 |
| 10734.4 | 0.000485777 |
| 10735.3 | 0.000478391 |
| 10736.2 | 0.000470905 |
| 10737.0 | 0.000463618 |
| 10737.9 | 0.000456223 |
| 10738.8 | 0.000468781 |
| 10739.6 | 0.000482498 |
| 10740.5 |  0.00049623 |
| 10741.4 | 0.000509963 |
| 10742.3 | 0.000523682 |
| 10743.1 |  0.00053547 |
| 10744.0 | 0.000540031 |
| 10744.9 | 0.000544655 |
| 10745.7 | 0.000549279 |
| 10746.6 | 0.000553903 |
| 10747.5 | 0.000558527 |
| 10748.4 | 0.000567661 |
| 10749.2 | 0.000581854 |
| 10750.1 | 0.000596031 |
| 10751.0 | 0.000610019 |
| 10751.8 | 0.000624403 |
| 10752.7 | 0.000638583 |
| 10753.6 | 0.000646909 |
| 10754.5 | 0.000653345 |
| 10755.3 | 0.000659775 |
| 10756.2 | 0.000666211 |
| 10757.1 | 0.000672648 |
| 10758.0 | 0.000679228 |
| 10758.8 | 0.000701342 |
| 10759.7 | 0.000723758 |
| 10760.6 |   0.0007462 |
| 10761.4 | 0.000768618 |
| 10762.3 | 0.000791037 |
| 10763.2 | 0.000809094 |
| 10764.0 | 0.000815462 |
| 10764.9 | 0.000821925 |
| 10765.8 | 0.000828475 |
| 10766.7 | 0.000834844 |
| 10767.5 | 0.000841307 |
| 10768.4 |  0.00085433 |
| 10769.3 | 0.000872861 |
| 10770.2 | 0.000891393 |
| 10771.0 | 0.000909926 |
| 10771.9 |  0.00092846 |
| 10772.8 | 0.000946995 |
| 10773.7 | 0.000951521 |
| 10774.5 | 0.000953117 |
| 10775.4 | 0.000954734 |
| 10776.3 | 0.000956353 |
| 10777.2 |  0.00095795 |
| 10778.0 | 0.000960603 |
| 10778.9 | 0.000973976 |
| 10779.8 | 0.000987349 |
| 10780.7 |  0.00100072 |
| 10781.5 |   0.0010141 |
| 10782.4 |  0.00102747 |
| 10783.3 |  0.00106125 |
| 10784.2 |  0.00112846 |
| 10785.0 |  0.00119566 |
| 10785.9 |  0.00126294 |
| 10786.8 |  0.00133015 |
| 10787.7 |  0.00139744 |
| 10788.5 |  0.00143821 |
| 10789.4 |  0.00146667 |
| 10790.3 |  0.00149548 |
| 10791.2 |  0.00152357 |
| 10792.0 |  0.00155204 |
| 10792.9 |  0.00158051 |
| 10793.8 |  0.00163847 |
| 10794.7 |  0.00169873 |
| 10795.5 |   0.0017598 |
| 10796.4 |  0.00181925 |
| 10797.3 |  0.00187952 |
| 10798.2 |  0.00193317 |
| 10799.0 |   0.0019654 |
| 10799.9 |  0.00199766 |
| 10800.8 |   0.0020299 |
| 10801.7 |  0.00206217 |
| 10802.5 |  0.00209445 |
| 10803.4 |  0.00211853 |
| 10804.3 |  0.00213541 |
| 10805.2 |  0.00215252 |
| 10806.0 |  0.00216963 |
| 10806.9 |  0.00218651 |
| 10807.8 |  0.00220362 |
| 10808.7 |  0.00224874 |
| 10809.5 |  0.00230031 |
| 10810.4 |  0.00235183 |
| 10811.3 |   0.0024034 |
| 10812.2 |  0.00245492 |
| 10813.1 |  0.00250746 |
| 10814.0 |  0.00256691 |
| 10814.8 |  0.00262643 |
| 10815.7 |  0.00268595 |
| 10816.6 |  0.00274547 |
| 10817.5 |    0.002805 |
| 10818.3 |  0.00286649 |
| 10819.2 |  0.00292972 |
| 10820.1 |  0.00299381 |
| 10821.0 |  0.00305791 |
| 10821.8 |  0.00312208 |
| 10822.7 |  0.00318618 |
| 10823.6 |  0.00325682 |
| 10824.5 |  0.00333138 |
| 10825.3 |  0.00340586 |
| 10826.2 |  0.00348042 |
| 10827.1 |  0.00355499 |
| 10828.0 |     0.00363 |
| 10828.9 |  0.00372043 |
| 10829.8 |  0.00381087 |
| 10830.6 |  0.00390131 |
| 10831.5 |  0.00399176 |
| 10832.4 |  0.00408222 |
| 10833.3 |  0.00417538 |
| 10834.2 |  0.00427386 |
| 10835.0 |  0.00437093 |
| 10835.9 |  0.00446931 |
| 10836.8 |  0.00456781 |
| 10837.7 |  0.00466631 |
| 10838.5 |  0.00477483 |
| 10839.4 |  0.00488744 |
| 10840.3 |  0.00500157 |
| 10841.2 |  0.00511571 |
| 10842.0 |  0.00522985 |
| 10842.9 |  0.00534401 |
| 10843.8 |  0.00546471 |
| 10844.7 |   0.0055857 |
| 10845.6 |  0.00570684 |
| 10846.5 |  0.00582784 |
| 10847.3 |  0.00594886 |
| 10848.2 |  0.00607247 |
| 10849.1 |  0.00620224 |
| 10850.0 |  0.00633043 |
| 10850.8 |  0.00646036 |
| 10851.7 |  0.00659015 |
| 10852.6 |  0.00671837 |
| 10853.5 |   0.0069015 |
| 10854.4 |  0.00712587 |
| 10855.2 |  0.00734437 |
| 10856.1 |  0.00756583 |
| 10857.0 |  0.00778755 |
| 10857.9 |  0.00800903 |
| 10858.8 |  0.00820913 |
| 10859.7 |  0.00840738 |
| 10860.5 |  0.00860582 |
| 10861.4 |  0.00880478 |
| 10862.3 |  0.00900377 |
| 10863.2 |  0.00921663 |
| 10864.1 |  0.00949217 |
| 10865.0 |  0.00976415 |
| 10865.8 |   0.0100362 |
| 10866.7 |   0.0103047 |
| 10867.6 |   0.0105768 |
| 10868.5 |   0.0108562 |
| 10869.3 |   0.0111375 |
| 10870.2 |   0.0114223 |
| 10871.1 |   0.0117064 |
| 10872.0 |   0.0119908 |
| 10872.9 |   0.0122749 |
| 10873.8 |   0.0125736 |
| 10874.7 |   0.0128741 |
| 10875.5 |   0.0131745 |
| 10876.4 |   0.0134747 |
| 10877.3 |   0.0137713 |
| 10878.2 |   0.0140936 |
| 10879.1 |   0.0144722 |
| 10879.9 |   0.0148459 |
| 10880.8 |    0.015225 |
| 10881.7 |   0.0156037 |
| 10882.6 |   0.0159774 |
| 10883.5 |   0.0164015 |
| 10884.4 |   0.0168519 |
| 10885.2 |   0.0172968 |
| 10886.1 |   0.0177472 |
| 10887.0 |   0.0181981 |
| 10887.9 |   0.0186491 |
| 10888.8 |   0.0191491 |
| 10889.7 |   0.0196553 |
| 10890.5 |   0.0201616 |
| 10891.4 |   0.0206679 |
| 10892.3 |   0.0211742 |
| 10893.2 |   0.0216944 |
| 10894.1 |    0.022294 |
| 10895.0 |    0.022901 |
| 10895.8 |   0.0234921 |
| 10896.7 |   0.0240918 |
| 10897.6 |   0.0246916 |
| 10898.5 |   0.0253458 |
| 10899.4 |   0.0260585 |
| 10900.2 |   0.0267712 |
| 10901.1 |    0.027484 |
| 10902.0 |   0.0281968 |
| 10902.9 |   0.0289096 |
| 10903.8 |   0.0297222 |
| 10904.7 |   0.0305445 |
| 10905.6 |   0.0313668 |
| 10906.5 |   0.0321901 |
| 10907.3 |   0.0330016 |
| 10908.2 |    0.033867 |
| 10909.1 |   0.0348057 |
| 10910.0 |   0.0357331 |
| 10910.9 |    0.036672 |
| 10911.8 |   0.0376119 |
| 10912.6 |   0.0385519 |
| 10913.5 |   0.0395813 |
| 10914.4 |   0.0406674 |
| 10915.3 |   0.0417391 |
| 10916.2 |   0.0428253 |
| 10917.1 |   0.0439115 |
| 10918.0 |    0.044999 |
| 10918.8 |   0.0462519 |
| 10919.7 |   0.0475133 |
| 10920.6 |   0.0487567 |
| 10921.5 |    0.050017 |
| 10922.4 |   0.0512953 |
| 10923.3 |   0.0526083 |
| 10924.2 |   0.0540898 |
| 10925.0 |   0.0555713 |
| 10925.9 |    0.057053 |
| 10926.8 |   0.0585348 |
| 10927.7 |   0.0600166 |
| 10928.6 |   0.0616252 |
| 10929.5 |   0.0632948 |
| 10930.4 |   0.0649663 |
| 10931.2 |   0.0666141 |
| 10932.1 |    0.068284 |
| 10933.0 |   0.0699629 |
| 10933.9 |   0.0718701 |
| 10934.8 |   0.0737754 |
| 10935.7 |   0.0756828 |
| 10936.6 |   0.0775653 |
| 10937.5 |    0.079473 |
| 10938.3 |   0.0814493 |
| 10939.2 |   0.0835337 |
| 10940.1 |   0.0856183 |
| 10941.0 |    0.087703 |
| 10941.9 |   0.0897605 |
| 10942.8 |   0.0918752 |
| 10943.7 |   0.0941868 |
| 10944.5 |   0.0965406 |
| 10945.4 |   0.0989234 |
| 10946.3 |    0.101309 |
| 10947.2 |    0.103695 |
| 10948.1 |     0.10611 |
| 10949.0 |    0.108761 |
| 10949.9 |    0.111412 |
| 10950.8 |    0.114029 |
| 10951.7 |     0.11668 |
| 10952.6 |     0.11937 |
| 10953.4 |    0.122098 |
| 10954.3 |    0.124978 |
| 10955.2 |    0.127858 |
| 10956.1 |    0.130741 |
| 10957.0 |    0.133622 |
| 10957.9 |    0.136506 |
| 10958.8 |    0.139592 |
| 10959.7 |    0.142708 |
| 10960.6 |    0.145824 |
| 10961.4 |    0.148897 |
| 10962.3 |    0.152013 |
| 10963.2 |    0.155151 |
| 10964.1 |    0.158353 |
| 10965.0 |    0.161559 |
| 10965.9 |    0.164761 |
| 10966.8 |    0.167922 |
| 10967.7 |    0.171125 |
| 10968.5 |    0.174538 |
| 10969.4 |    0.178081 |
| 10970.3 |    0.181627 |
| 10971.2 |    0.185185 |
| 10972.1 |    0.188744 |
| 10973.0 |    0.192305 |
| 10973.9 |    0.196074 |
| 10974.8 |    0.199791 |
| 10975.7 |    0.203566 |
| 10976.6 |    0.207338 |
| 10977.5 |    0.211111 |
| 10978.3 |    0.214903 |
| 10979.2 |    0.218732 |
| 10980.1 |    0.222556 |
| 10981.0 |    0.226369 |
| 10981.9 |    0.230183 |
| 10982.8 |    0.233942 |
| 10983.7 |    0.237812 |
| 10984.6 |      0.2417 |
| 10985.5 |    0.245588 |
| 10986.3 |     0.24942 |
| 10987.3 |    0.253364 |
| 10988.2 |    0.257243 |
| 10989.0 |    0.261024 |
| 10989.9 |    0.264855 |
| 10990.8 |    0.268736 |
| 10991.7 |    0.272512 |
| 10992.6 |    0.276339 |
| 10993.5 |    0.280201 |
| 10994.4 |     0.28409 |
| 10995.3 |    0.287974 |
| 10996.2 |    0.291863 |
| 10997.1 |    0.295752 |
| 10998.0 |    0.299641 |
| 10998.8 |    0.303357 |
| 10999.7 |    0.307115 |
| 11000.6 |    0.310875 |
| 11001.5 |    0.314636 |
| 11002.4 |    0.318348 |
| 11003.3 |    0.322106 |
| 11004.2 |    0.325699 |
| 11005.1 |    0.329242 |
| 11006.0 |    0.332836 |
| 11006.9 |    0.336478 |
| 11007.8 |    0.340021 |
| 11008.7 |    0.343477 |
| 11009.6 |     0.34688 |
| 11010.5 |    0.350284 |
| 11011.3 |    0.353688 |
| 11012.2 |    0.357093 |
| 11013.1 |    0.360416 |
| 11014.0 |    0.363526 |
| 11014.9 |     0.36664 |
| 11015.8 |    0.369711 |
| 11016.7 |    0.372866 |
| 11017.6 |    0.375977 |
| 11018.5 |    0.378943 |
| 11019.4 |    0.381848 |
| 11020.3 |    0.384756 |
| 11021.2 |    0.387664 |
| 11022.1 |    0.390573 |
| 11023.0 |    0.393481 |
| 11023.9 |    0.396098 |
| 11024.8 |    0.398698 |
| 11025.7 |    0.401295 |
| 11026.5 |    0.403893 |
| 11027.4 |    0.406493 |
| 11028.3 |     0.40899 |
| 11029.2 |    0.411305 |
| 11030.1 |    0.413588 |
| 11031.0 |    0.415904 |
| 11031.9 |     0.41822 |
| 11032.8 |    0.420504 |
| 11033.7 |    0.422585 |
| 11034.6 |    0.424586 |
| 11035.5 |    0.426587 |
| 11036.4 |    0.428588 |
| 11037.3 |    0.430592 |
| 11038.2 |     0.43255 |
| 11039.1 |    0.434293 |
| 11040.0 |    0.436038 |
| 11040.9 |    0.437782 |
| 11041.8 |    0.439528 |
| 11042.7 |    0.441273 |
| 11043.5 |    0.442849 |
| 11044.4 |    0.444344 |
| 11045.3 |    0.445839 |
| 11046.2 |    0.447335 |
| 11047.1 |     0.44883 |
| 11048.0 |    0.450324 |
| 11048.9 |    0.451546 |
| 11049.8 |    0.452785 |
| 11050.7 |    0.454024 |
| 11051.6 |    0.455265 |
| 11052.5 |    0.456504 |
| 11053.4 |    0.457665 |
| 11054.3 |    0.458717 |
| 11055.2 |    0.459768 |
| 11056.1 |    0.460821 |
| 11057.0 |    0.461874 |
| 11057.9 |    0.462926 |
| 11058.8 |     0.46382 |
| 11059.7 |    0.464676 |
| 11060.6 |    0.465567 |
| 11061.5 |    0.466471 |
| 11062.4 |    0.467375 |
| 11063.3 |    0.468238 |
| 11064.2 |    0.468984 |
| 11065.1 |    0.469739 |
| 11066.0 |    0.470495 |
| 11066.9 |    0.471251 |
| 11067.8 |    0.472008 |
| 11068.7 |    0.472692 |
| 11069.6 |    0.473346 |
| 11070.5 |    0.473981 |
| 11071.4 |    0.474598 |
| 11072.3 |    0.475215 |
| 11073.2 |    0.475812 |
| 11074.1 |    0.476283 |
| 11075.0 |    0.476755 |
| 11075.8 |    0.477221 |
| 11076.7 |    0.477692 |
| 11077.6 |    0.478164 |
| 11078.5 |    0.478593 |
| 11079.4 |    0.478985 |
| 11080.3 |    0.479382 |
| 11081.2 |    0.479779 |
| 11082.1 |    0.480176 |
| 11083.0 |    0.480573 |
| 11083.9 |    0.480897 |
| 11084.8 |     0.48122 |
| 11085.7 |    0.481543 |
| 11086.6 |    0.481866 |
| 11087.5 |     0.48219 |
| 11088.4 |    0.482495 |
| 11089.3 |    0.482778 |
| 11090.2 |    0.483058 |
| 11091.1 |    0.483346 |
| 11092.0 |    0.483625 |
| 11092.9 |    0.483909 |
| 11093.8 |    0.484145 |
| 11094.7 |    0.484375 |
| 11095.6 |    0.484602 |
| 11096.5 |    0.484832 |
| 11097.4 |    0.485062 |
| 11098.3 |    0.485284 |
| 11099.2 |    0.485491 |
| 11100.1 |    0.485697 |
| 11101.0 |    0.485904 |
| 11101.9 |    0.486111 |
| 11102.8 |    0.486317 |
| 11103.7 |    0.486492 |
| 11104.6 |    0.486664 |
| 11105.5 |    0.486833 |
| 11106.4 |       0.487 |
| 11107.3 |    0.487169 |
| 11108.2 |    0.487334 |
| 11109.1 |    0.487483 |
| 11110.0 |    0.487634 |
| 11110.9 |    0.487785 |
| 11111.8 |    0.487938 |
| 11112.7 |    0.488086 |
| 11113.6 |    0.488236 |
| 11114.5 |    0.488385 |
| 11115.5 |    0.488535 |
| 11116.3 |    0.488684 |
| 11117.3 |    0.488833 |
| 11118.2 |    0.488981 |
| 11119.1 |    0.489119 |
| 11120.0 |    0.489258 |
| 11120.9 |    0.489394 |
| 11121.8 |    0.489534 |
| 11122.7 |    0.489673 |
| 11123.6 |    0.489795 |
| 11124.5 |    0.489909 |
| 11125.4 |    0.490023 |
| 11126.3 |    0.490135 |
| 11127.2 |    0.490249 |
| 11128.1 |    0.490362 |
| 11129.0 |    0.490469 |
| 11129.9 |    0.490577 |
| 11130.8 |    0.490684 |
| 11131.7 |    0.490791 |
| 11132.6 |    0.490898 |
| 11133.5 |    0.491007 |
| 11134.4 |    0.491115 |
| 11135.3 |    0.491225 |
| 11136.2 |    0.491337 |
| 11137.1 |    0.491445 |
| 11138.0 |    0.491555 |
| 11138.9 |    0.491644 |
| 11139.8 |    0.491732 |
| 11140.7 |     0.49185 |
| 11141.6 |    0.491976 |
| 11142.5 |    0.492101 |
| 11143.4 |     0.49222 |
| 11144.3 |    0.492332 |
| 11145.2 |    0.492444 |
| 11146.2 |    0.492555 |
| 11147.0 |    0.492667 |
| 11148.0 |    0.492777 |
| 11148.8 |    0.492889 |
| 11149.8 |    0.493001 |
| 11150.7 |    0.493083 |
| 11151.6 |    0.493156 |
| 11152.5 |    0.493229 |
| 11153.4 |    0.493299 |
| 11154.3 |    0.493364 |
| 11155.2 |    0.493428 |
| 11156.1 |    0.493493 |
| 11157.0 |    0.493558 |
| 11157.9 |    0.493621 |
| 11158.8 |    0.493671 |
| 11159.7 |    0.493718 |
| 11160.6 |    0.493765 |
| 11161.5 |    0.493812 |
| 11162.4 |    0.493859 |
| 11163.3 |    0.493901 |
| 11164.2 |    0.493935 |
| 11165.2 |    0.493969 |
| 11166.0 |    0.494003 |
| 11167.0 |    0.494037 |
| 11167.9 |    0.494071 |
| 11168.8 |    0.494086 |
| 11169.7 |    0.494096 |
| 11170.6 |    0.494106 |
| 11171.5 |    0.494116 |
| 11172.4 |    0.494126 |
| 11173.3 |    0.494141 |
| 11174.2 |    0.494171 |
| 11175.1 |    0.494201 |
| 11176.0 |    0.494231 |
| 11176.9 |    0.494261 |
| 11177.8 |     0.49429 |
| 11178.7 |    0.494318 |
| 11179.7 |    0.494345 |
| 11180.5 |    0.494372 |
| 11181.5 |    0.494399 |
| 11182.4 |    0.494427 |
| 11183.3 |    0.494454 |
| 11184.2 |    0.494481 |
| 11185.1 |    0.494509 |
| 11186.0 |    0.494536 |
| 11186.9 |    0.494563 |
| 11187.8 |    0.494591 |
| 11188.7 |    0.494618 |
| 11189.6 |    0.494644 |
| 11190.5 |     0.49467 |
| 11191.5 |    0.494697 |
| 11192.4 |    0.494723 |
| 11193.3 |    0.494748 |
| 11194.2 |    0.494768 |
| 11195.1 |    0.494788 |
| 11196.0 |    0.494807 |
| 11196.9 |    0.494827 |
| 11197.8 |    0.494847 |
| 11198.7 |    0.494872 |
| 11199.6 |      0.4949 |
| 11200.5 |    0.494952 |
| 11201.4 |     0.49502 |
| 11202.3 |     0.49509 |
| 11203.3 |     0.49516 |
| 11204.2 |    0.495231 |
| 11205.1 |    0.495304 |
| 11206.0 |    0.495377 |
| 11206.9 |     0.49545 |
| 11207.8 |    0.495522 |
| 11208.7 |    0.495598 |
| 11209.6 |    0.495675 |
| 11210.5 |    0.495728 |
| 11211.4 |    0.495766 |
| 11212.3 |    0.495805 |
| 11213.3 |    0.495845 |
| 11214.2 |    0.495897 |
| 11215.1 |    0.495948 |
| 11216.0 |       0.496 |
| 11216.9 |    0.496051 |
| 11217.8 |    0.496102 |
| 11218.7 |     0.49616 |
| 11219.6 |    0.496222 |
| 11220.5 |    0.496282 |
| 11221.5 |    0.496343 |
| 11222.4 |    0.496404 |
| 11223.3 |     0.49646 |
| 11224.2 |    0.496495 |
| 11225.1 |     0.49653 |
| 11226.0 |    0.496565 |
| 11226.9 |    0.496601 |
| 11227.8 |    0.496636 |
| 11228.7 |    0.496667 |
| 11229.6 |    0.496695 |
| 11230.5 |    0.496724 |
| 11231.5 |    0.496752 |
| 11232.4 |    0.496782 |
| 11233.3 |    0.496813 |
| 11234.2 |    0.496853 |
| 11235.1 |    0.496894 |
| 11236.0 |    0.496934 |
| 11236.9 |    0.496975 |
| 11237.8 |    0.497016 |
| 11238.8 |    0.497052 |
| 11239.7 |    0.497087 |
| 11240.6 |    0.497122 |
| 11241.5 |    0.497157 |
| 11242.4 |    0.497192 |
| 11243.3 |    0.497225 |
| 11244.2 |    0.497253 |
| 11245.1 |    0.497282 |
| 11246.0 |     0.49731 |
| 11247.0 |    0.497339 |
| 11247.9 |    0.497368 |
| 11248.8 |    0.497389 |
| 11249.7 |    0.497409 |
| 11250.6 |    0.497429 |
| 11251.5 |    0.497449 |
| 11252.4 |     0.49747 |
| 11253.3 |    0.497485 |
| 11254.3 |    0.497491 |
| 11255.2 |    0.497497 |
| 11256.1 |    0.497503 |
| 11257.0 |    0.497508 |
| 11257.9 |    0.497514 |
| 11258.8 |    0.497503 |
| 11259.7 |    0.497488 |
| 11260.7 |    0.497473 |
| 11261.6 |    0.497459 |
| 11262.5 |    0.497444 |
| 11263.4 |    0.497432 |
| 11264.3 |    0.497425 |
| 11265.2 |    0.497418 |
| 11266.1 |    0.497411 |
| 11267.0 |    0.497404 |
| 11268.0 |    0.497397 |
| 11268.9 |    0.497403 |
| 11269.8 |    0.497411 |
| 11270.7 |    0.497449 |
| 11271.6 |    0.497496 |
| 11272.5 |    0.497542 |
| 11273.5 |     0.49758 |
| 11274.4 |    0.497606 |
| 11275.3 |    0.497631 |
| 11276.2 |    0.497657 |
| 11277.1 |    0.497682 |
| 11278.0 |    0.497708 |
| 11279.0 |    0.497714 |
| 11279.8 |    0.497718 |
| 11280.8 |     0.49769 |
| 11281.7 |    0.497655 |
| 11282.6 |    0.497621 |
| 11283.5 |    0.497588 |
| 11284.4 |    0.497558 |
| 11285.3 |    0.497529 |
| 11286.3 |    0.497499 |
| 11287.2 |    0.497469 |
| 11288.1 |    0.497439 |
| 11289.0 |    0.497398 |
| 11289.9 |    0.497358 |
| 11290.8 |    0.497318 |
| 11291.8 |    0.497277 |
| 11292.7 |    0.497237 |
| 11293.6 |     0.49719 |
| 11294.5 |    0.497137 |
| 11295.4 |    0.497085 |
| 11296.3 |    0.497032 |
| 11297.2 |    0.496979 |
| 11298.2 |    0.496926 |
| 11299.1 |    0.496869 |
| 11300.0 |    0.496812 |
| 11300.9 |    0.496754 |
| 11301.8 |    0.496697 |
| 11302.8 |    0.496639 |
| 11303.7 |    0.496565 |
| 11304.6 |    0.496482 |
| 11305.5 |      0.4964 |
| 11306.4 |    0.496317 |
| 11307.3 |    0.496233 |
| 11308.3 |    0.496153 |
| 11309.2 |    0.496083 |
| 11310.1 |    0.496015 |
| 11311.0 |    0.495946 |
| 11311.9 |    0.495877 |
| 11312.8 |    0.495807 |
| 11313.8 |     0.49573 |
| 11314.7 |     0.49565 |
| 11315.6 |     0.49557 |
| 11316.5 |     0.49549 |
| 11317.4 |    0.495409 |
| 11318.4 |     0.49533 |
| 11319.3 |    0.495254 |
| 11320.2 |    0.495177 |
| 11321.1 |    0.495101 |
| 11322.0 |    0.495024 |
| 11322.9 |    0.494948 |
| 11323.9 |    0.494874 |
| 11324.8 |    0.494801 |
| 11325.7 |    0.494727 |
| 11326.6 |    0.494655 |
| 11327.5 |    0.494582 |
| 11328.5 |    0.494508 |
| 11329.4 |    0.494434 |
| 11330.3 |    0.494372 |
| 11331.2 |    0.494337 |
| 11332.1 |    0.494301 |
| 11333.1 |    0.494265 |
| 11334.0 |    0.494231 |
| 11334.9 |    0.494198 |
| 11335.8 |    0.494164 |
| 11336.7 |     0.49413 |
| 11337.7 |    0.494096 |
| 11338.6 |    0.494068 |
| 11339.5 |    0.494044 |
| 11340.4 |    0.494003 |
| 11341.3 |    0.493941 |
| 11342.2 |    0.493879 |
| 11343.2 |    0.493817 |
| 11344.1 |     0.49377 |
| 11345.0 |    0.493724 |
| 11345.9 |    0.493678 |
| 11346.8 |    0.493631 |
| 11347.8 |    0.493585 |
| 11348.7 |    0.493558 |
| 11349.6 |    0.493544 |
| 11350.5 |    0.493529 |
| 11351.5 |    0.493514 |
| 11352.4 |    0.493499 |
| 11353.3 |    0.493487 |
| 11354.2 |    0.493482 |
| 11355.1 |    0.493478 |
| 11356.1 |    0.493474 |
| 11357.0 |     0.49347 |
| 11357.9 |    0.493465 |
| 11358.8 |    0.493462 |
| 11359.7 |    0.493459 |
| 11360.7 |    0.493456 |
| 11361.6 |    0.493453 |
| 11362.5 |     0.49345 |
| 11363.4 |    0.493446 |
| 11364.4 |     0.49344 |
| 11365.3 |    0.493435 |
| 11366.2 |     0.49343 |
| 11367.1 |    0.493424 |
| 11368.0 |    0.493419 |
| 11369.0 |    0.493392 |
| 11369.9 |    0.493364 |
| 11370.8 |    0.493335 |
| 11371.7 |    0.493307 |
| 11372.6 |    0.493279 |
| 11373.6 |    0.493273 |
| 11374.5 |    0.493291 |
| 11375.4 |    0.493308 |
| 11376.3 |    0.493326 |
| 11377.3 |    0.493344 |
| 11378.2 |    0.493364 |
| 11379.1 |    0.493412 |
| 11380.0 |    0.493462 |
| 11381.0 |     0.49355 |
| 11381.9 |    0.493637 |
| 11382.8 |    0.493724 |
| 11383.7 |    0.493824 |
| 11384.7 |     0.49393 |
| 11385.6 |    0.494039 |
| 11386.5 |    0.494144 |
| 11387.4 |    0.494251 |
| 11388.3 |    0.494359 |
| 11389.3 |     0.49447 |
| 11390.2 |    0.494574 |
| 11391.1 |    0.494647 |
| 11392.0 |     0.49472 |
| 11393.0 |    0.494794 |
| 11393.9 |    0.494878 |
| 11394.8 |    0.494964 |
| 11395.7 |    0.495052 |
| 11396.7 |    0.495138 |
| 11397.6 |    0.495224 |
| 11398.5 |    0.495312 |
| 11399.4 |    0.495401 |
| 11400.4 |    0.495492 |
| 11401.3 |    0.495585 |
| 11402.2 |    0.495678 |
| 11403.1 |    0.495771 |
| 11404.1 |    0.495858 |
| 11405.0 |    0.495946 |
| 11405.9 |    0.496032 |
| 11406.8 |    0.496119 |
| 11407.8 |    0.496207 |
| 11408.7 |    0.496306 |
| 11409.6 |    0.496413 |
| 11410.5 |     0.49652 |
| 11411.5 |    0.496627 |
| 11412.4 |    0.496733 |
| 11413.3 |    0.496837 |
| 11414.2 |    0.496933 |
| 11415.2 |    0.497026 |
| 11416.1 |     0.49712 |
| 11417.0 |    0.497214 |
| 11418.0 |    0.497308 |
| 11418.9 |    0.497408 |
| 11419.8 |    0.497508 |
| 11420.7 |    0.497608 |
| 11421.7 |     0.49771 |
| 11422.6 |    0.497809 |
| 11423.5 |    0.497902 |
| 11424.4 |    0.497983 |
| 11425.4 |    0.498063 |
| 11426.3 |    0.498144 |
| 11427.2 |    0.498225 |
| 11428.2 |    0.498306 |
| 11429.1 |    0.498388 |
| 11430.0 |    0.498472 |
| 11430.9 |    0.498555 |
| 11431.8 |    0.498638 |
| 11432.8 |    0.498721 |
| 11433.7 |    0.498799 |
| 11434.6 |    0.498873 |
| 11435.6 |    0.498949 |
| 11436.5 |    0.499023 |
| 11437.4 |    0.499097 |
| 11438.3 |    0.499166 |
| 11439.3 |    0.499213 |
| 11440.2 |    0.499268 |
| 11441.1 |    0.499355 |
| 11442.1 |    0.499441 |
| 11443.0 |    0.499528 |
| 11443.9 |    0.499602 |
| 11444.8 |    0.499675 |
| 11445.8 |    0.499748 |
| 11446.7 |     0.49982 |
| 11447.6 |    0.499893 |
| 11448.5 |    0.499961 |
| 11449.5 |    0.500025 |
| 11450.4 |    0.500071 |
| 11451.3 |    0.500095 |
| 11452.3 |    0.500119 |
| 11453.2 |    0.500142 |
| 11454.1 |    0.500145 |
| 11455.0 |    0.500149 |
| 11456.0 |    0.500153 |
| 11456.9 |    0.500157 |
| 11457.8 |    0.500161 |
| 11458.8 |    0.500159 |
| 11459.7 |    0.500154 |
| 11460.6 |     0.50015 |
| 11461.6 |    0.500145 |
| 11462.5 |    0.500141 |
| 11463.4 |    0.500135 |
| 11464.3 |    0.500126 |
| 11465.3 |    0.500117 |
| 11466.2 |    0.500108 |
| 11467.1 |    0.500099 |
| 11468.1 |    0.500089 |
| 11469.0 |    0.500088 |
| 11469.9 |    0.500088 |
| 11470.9 |    0.500088 |
| 11471.8 |    0.500088 |
| 11472.7 |    0.500088 |
| 11473.7 |     0.50006 |
| 11474.6 |     0.50001 |
| 11475.5 |    0.499959 |
| 11476.5 |    0.499909 |
| 11477.4 |     0.49986 |
| 11478.3 |    0.499809 |
| 11479.2 |    0.499752 |
| 11480.2 |    0.499696 |
| 11481.1 |    0.499639 |
| 11482.0 |    0.499582 |
| 11483.0 |    0.499526 |
| 11483.9 |    0.499462 |
| 11484.8 |    0.499397 |
| 11485.8 |    0.499332 |
| 11486.7 |    0.499266 |
| 11487.6 |    0.499201 |
| 11488.6 |    0.499138 |
| 11489.5 |    0.499078 |
| 11490.4 |    0.499037 |
| 11491.3 |    0.499017 |
| 11492.3 |    0.498997 |
| 11493.2 |    0.498977 |
| 11494.2 |    0.498959 |
| 11495.1 |    0.498942 |
| 11496.0 |    0.498924 |
| 11497.0 |    0.498906 |
| 11497.9 |    0.498889 |
| 11498.8 |    0.498876 |
| 11499.8 |    0.498865 |
| 11500.7 |    0.498824 |
| 11501.6 |    0.498771 |
| 11502.5 |    0.498719 |
| 11503.5 |    0.498661 |
| 11504.4 |    0.498597 |
| 11505.3 |    0.498532 |
| 11506.3 |    0.498468 |
| 11507.2 |    0.498403 |
| 11508.2 |    0.498339 |
| 11509.1 |    0.498286 |
| 11510.0 |    0.498233 |
| 11511.0 |    0.498181 |
| 11511.9 |    0.498129 |
| 11512.8 |    0.498075 |
| 11513.7 |    0.498039 |
| 11514.7 |    0.498014 |
| 11515.6 |    0.497988 |
| 11516.5 |    0.497962 |
| 11517.5 |    0.497936 |
| 11518.4 |    0.497909 |
| 11519.3 |     0.49788 |
| 11520.3 |     0.49785 |
| 11521.2 |    0.497821 |
| 11522.2 |    0.497791 |
| 11523.1 |    0.497761 |
| 11524.0 |    0.497754 |
| 11525.0 |    0.497748 |
| 11525.9 |    0.497742 |
| 11526.8 |    0.497736 |
| 11527.8 |     0.49773 |
| 11528.7 |    0.497715 |
| 11529.6 |    0.497691 |
| 11530.6 |    0.497668 |
| 11531.5 |    0.497645 |
| 11532.4 |    0.497622 |
| 11533.4 |    0.497615 |
| 11534.3 |    0.497663 |
| 11535.2 |    0.497711 |
| 11536.2 |    0.497759 |
| 11537.1 |    0.497807 |
| 11538.1 |    0.497855 |
| 11539.0 |    0.497929 |
| 11539.9 |    0.498006 |
| 11540.9 |    0.498118 |
| 11541.8 |    0.498235 |
| 11542.7 |    0.498352 |
| 11543.7 |    0.498483 |
| 11544.6 |    0.498623 |
| 11545.5 |    0.498766 |
| 11546.5 |    0.498908 |
| 11547.4 |    0.499051 |
| 11548.3 |    0.499199 |
| 11549.3 |     0.49937 |
| 11550.2 |    0.499531 |
| 11551.2 |    0.499661 |
| 11552.1 |    0.499792 |
| 11553.0 |    0.499923 |
| 11554.0 |    0.500072 |
| 11554.9 |    0.500224 |
| 11555.9 |    0.500376 |
| 11556.8 |    0.500528 |
| 11557.7 |    0.500678 |
| 11558.7 |    0.500841 |
| 11559.6 |    0.501013 |
| 11560.5 |    0.501182 |
| 11561.5 |    0.501354 |
| 11562.4 |    0.501526 |
| 11563.3 |    0.501701 |
| 11564.3 |    0.501896 |
| 11565.2 |    0.502089 |
| 11566.2 |    0.502284 |
| 11567.1 |    0.502477 |
| 11568.0 |    0.502671 |
| 11569.0 |    0.502879 |
| 11569.9 |    0.503089 |
| 11570.9 |    0.503299 |
| 11571.8 |    0.503509 |
| 11572.8 |    0.503719 |
| 11573.7 |     0.50395 |
| 11574.6 |    0.504195 |
| 11575.6 |    0.504443 |
| 11576.5 |    0.504691 |
| 11577.4 |    0.504936 |
| 11578.4 |    0.505184 |
| 11579.3 |     0.50543 |
| 11580.2 |    0.505677 |
| 11581.2 |    0.505923 |
| 11582.1 |     0.50617 |
| 11583.1 |    0.506417 |
| 11584.0 |    0.506663 |
| 11585.0 |    0.506909 |
| 11585.9 |    0.507155 |
| 11586.8 |    0.507401 |
| 11587.8 |    0.507647 |
| 11588.7 |    0.507884 |
| 11589.7 |    0.508111 |
| 11590.6 |    0.508366 |
| 11591.5 |    0.508637 |
| 11592.5 |    0.508904 |
| 11593.4 |    0.509181 |
| 11594.4 |    0.509464 |
| 11595.3 |    0.509744 |
| 11596.2 |    0.510028 |
| 11597.2 |    0.510311 |
| 11598.1 |    0.510595 |
| 11599.0 |    0.510865 |
| 11600.0 |    0.511134 |
| 11600.9 |    0.511364 |
| 11601.9 |    0.511592 |
| 11602.8 |    0.511821 |
| 11603.8 |    0.512043 |
| 11604.7 |    0.512262 |
| 11605.7 |     0.51248 |
| 11606.6 |    0.512695 |
| 11607.5 |    0.512914 |
| 11608.5 |    0.513129 |
| 11609.4 |    0.513335 |
| 11610.3 |    0.513544 |
| 11611.3 |    0.513753 |
| 11612.2 |    0.513963 |
| 11613.2 |    0.514171 |
| 11614.1 |    0.514363 |
| 11615.1 |    0.514553 |
| 11616.0 |    0.514745 |
| 11617.0 |    0.514936 |
| 11617.9 |    0.515124 |
| 11618.8 |    0.515291 |
| 11619.8 |    0.515444 |
| 11620.7 |    0.515596 |
| 11621.7 |    0.515749 |
| 11622.6 |    0.515902 |
| 11623.5 |    0.516056 |
| 11624.5 |    0.516211 |
| 11625.4 |    0.516366 |
| 11626.4 |    0.516521 |
| 11627.3 |    0.516674 |
| 11628.3 |    0.516825 |
| 11629.2 |    0.516927 |
| 11630.2 |    0.517035 |
| 11631.1 |    0.517178 |
| 11632.0 |    0.517321 |
| 11633.0 |    0.517462 |
| 11633.9 |    0.517599 |
| 11634.9 |     0.51773 |
| 11635.8 |     0.51786 |
| 11636.8 |    0.517992 |
| 11637.7 |    0.518124 |
| 11638.6 |     0.51824 |
| 11639.6 |    0.518339 |
| 11640.5 |    0.518414 |
| 11641.5 |    0.518472 |
| 11642.4 |    0.518528 |
| 11643.4 |    0.518581 |
| 11644.3 |    0.518611 |
| 11645.2 |    0.518642 |
| 11646.2 |    0.518672 |
| 11647.1 |    0.518703 |
| 11648.1 |    0.518733 |
| 11649.0 |    0.518725 |
| 11650.0 |    0.518712 |
| 11650.9 |    0.518699 |
| 11651.9 |    0.518686 |
| 11652.8 |    0.518673 |
| 11653.8 |    0.518645 |
| 11654.7 |    0.518606 |
| 11655.7 |    0.518567 |
| 11656.6 |    0.518528 |
| 11657.5 |    0.518489 |
| 11658.5 |    0.518442 |
| 11659.4 |    0.518373 |
| 11660.4 |    0.518303 |
| 11661.3 |    0.518234 |
| 11662.3 |    0.518164 |
| 11663.2 |    0.518094 |
| 11664.2 |    0.517993 |
| 11665.1 |    0.517891 |
| 11666.1 |    0.517787 |
| 11667.0 |    0.517684 |
| 11667.9 |    0.517583 |
| 11668.9 |    0.517487 |
| 11669.8 |    0.517393 |
| 11670.8 |    0.517299 |
| 11671.7 |    0.517205 |
| 11672.7 |    0.517112 |
| 11673.6 |    0.517008 |
| 11674.6 |    0.516893 |
| 11675.5 |    0.516779 |
| 11676.5 |    0.516665 |
| 11677.4 |     0.51655 |
| 11678.4 |    0.516434 |
| 11679.3 |    0.516314 |
| 11680.3 |    0.516204 |
| 11681.2 |    0.516125 |
| 11682.1 |    0.516047 |
| 11683.1 |    0.515968 |
| 11684.0 |     0.51588 |
| 11685.0 |    0.515791 |
| 11685.9 |    0.515701 |
| 11686.9 |    0.515612 |
| 11687.8 |    0.515523 |
| 11688.8 |    0.515427 |
| 11689.7 |    0.515325 |
| 11690.7 |    0.515195 |
| 11691.6 |    0.515051 |
| 11692.6 |    0.514906 |
| 11693.5 |    0.514772 |
| 11694.5 |    0.514648 |
| 11695.4 |    0.514524 |
| 11696.4 |      0.5144 |
| 11697.3 |    0.514276 |
| 11698.3 |    0.514152 |
| 11699.2 |    0.514027 |
| 11700.2 |    0.513901 |
| 11701.1 |    0.513774 |
| 11702.1 |    0.513647 |
| 11703.0 |     0.51352 |
| 11704.0 |    0.513411 |
| 11704.9 |    0.513306 |
| 11705.9 |    0.513201 |
| 11706.8 |    0.513093 |
| 11707.8 |    0.512989 |
| 11708.7 |    0.512884 |
| 11709.7 |    0.512781 |
| 11710.6 |    0.512678 |
| 11711.6 |    0.512575 |
| 11712.5 |    0.512471 |
| 11713.5 |    0.512367 |
| 11714.4 |    0.512259 |
| 11715.4 |    0.512152 |
| 11716.3 |    0.512043 |
| 11717.3 |    0.511936 |
| 11718.2 |    0.511829 |
| 11719.2 |     0.51175 |
| 11720.1 |    0.511678 |
| 11721.1 |    0.511641 |
| 11722.0 |    0.511603 |
| 11723.0 |    0.511566 |
| 11723.9 |     0.51154 |
| 11724.9 |    0.511517 |
| 11725.8 |    0.511494 |
| 11726.8 |    0.511471 |
| 11727.7 |    0.511448 |
| 11728.7 |    0.511445 |
| 11729.6 |    0.511463 |
| 11730.6 |    0.511455 |
| 11731.5 |    0.511432 |
| 11732.5 |    0.511408 |
| 11733.4 |    0.511382 |
| 11734.4 |     0.51135 |
| 11735.3 |    0.511318 |
| 11736.3 |    0.511285 |
| 11737.2 |    0.511253 |
| 11738.2 |    0.511221 |
| 11739.1 |    0.511234 |
| 11740.1 |    0.511249 |
| 11741.0 |    0.511263 |
| 11742.0 |    0.511278 |
| 11743.0 |    0.511292 |
| 11743.9 |    0.511313 |
| 11744.9 |    0.511338 |
| 11745.8 |    0.511361 |
| 11746.8 |    0.511386 |
| 11747.7 |     0.51141 |
| 11748.7 |    0.511439 |
| 11749.6 |    0.511475 |
| 11750.6 |    0.511512 |
| 11751.5 |    0.511548 |
| 11752.5 |    0.511584 |
| 11753.4 |    0.511623 |
| 11754.4 |     0.51167 |
| 11755.3 |    0.511717 |
| 11756.3 |    0.511763 |
| 11757.2 |     0.51181 |
| 11758.2 |    0.511857 |
| 11759.2 |    0.511942 |
| 11760.1 |    0.512027 |
| 11761.1 |    0.512111 |
| 11762.0 |    0.512196 |
| 11763.0 |    0.512281 |
| 11763.9 |    0.512363 |
| 11764.9 |    0.512444 |
| 11765.8 |    0.512525 |
| 11766.8 |    0.512604 |
| 11767.7 |    0.512685 |
| 11768.7 |    0.512769 |
| 11769.7 |    0.512857 |
| 11770.6 |    0.512972 |
| 11771.6 |    0.513101 |
| 11772.5 |    0.513231 |
| 11773.5 |    0.513363 |
| 11774.4 |    0.513501 |
| 11775.4 |     0.51364 |
| 11776.3 |    0.513779 |
| 11777.3 |    0.513917 |
| 11778.3 |    0.514056 |
| 11779.2 |    0.514194 |
| 11780.2 |    0.514324 |
| 11781.1 |    0.514419 |
| 11782.1 |    0.514515 |
| 11783.0 |    0.514611 |
| 11784.0 |    0.514714 |
| 11784.9 |    0.514819 |
| 11785.9 |    0.514924 |
| 11786.8 |     0.51503 |
| 11787.8 |    0.515135 |
| 11788.8 |    0.515238 |
| 11789.7 |    0.515339 |
| 11790.7 |    0.515441 |
| 11791.6 |    0.515542 |
| 11792.6 |    0.515643 |
| 11793.6 |    0.515737 |
| 11794.5 |    0.515815 |
| 11795.5 |    0.515894 |
| 11796.4 |    0.515973 |
| 11797.4 |    0.516051 |
| 11798.3 |    0.516128 |
| 11799.3 |    0.516199 |
| 11800.2 |    0.516268 |
| 11801.2 |    0.516333 |
| 11802.2 |    0.516396 |
| 11803.1 |     0.51646 |
| 11804.1 |    0.516519 |
| 11805.0 |    0.516576 |
| 11806.0 |    0.516634 |
| 11807.0 |    0.516692 |
| 11807.9 |    0.516749 |
| 11808.9 |    0.516806 |
| 11809.8 |    0.516862 |
| 11810.8 |    0.516953 |
| 11811.8 |    0.517051 |
| 11812.7 |    0.517149 |
| 11813.7 |    0.517239 |
| 11814.6 |    0.517319 |
| 11815.6 |      0.5174 |
| 11816.5 |     0.51748 |
| 11817.5 |    0.517562 |
| 11818.4 |    0.517635 |
| 11819.4 |    0.517685 |
| 11820.4 |    0.517719 |
| 11821.3 |    0.517726 |
| 11822.3 |    0.517734 |
| 11823.2 |    0.517741 |
| 11824.2 |    0.517742 |
| 11825.2 |    0.517743 |
| 11826.1 |    0.517744 |
| 11827.1 |    0.517744 |
| 11828.0 |    0.517745 |
| 11829.0 |    0.517734 |
| 11830.0 |    0.517719 |
| 11830.9 |    0.517704 |
| 11831.9 |    0.517689 |
| 11832.8 |    0.517675 |
| 11833.8 |    0.517645 |
| 11834.8 |    0.517605 |
| 11835.7 |    0.517564 |
| 11836.7 |    0.517524 |
| 11837.6 |    0.517483 |
| 11838.6 |    0.517445 |
| 11839.6 |    0.517409 |
| 11840.5 |    0.517374 |
| 11841.5 |    0.517338 |
| 11842.5 |    0.517303 |
| 11843.4 |    0.517264 |
| 11844.4 |     0.51721 |
| 11845.3 |    0.517156 |
| 11846.3 |    0.517101 |
| 11847.3 |    0.517047 |
| 11848.2 |    0.516993 |
| 11849.2 |    0.516915 |
| 11850.1 |    0.516842 |
| 11851.1 |    0.516804 |
| 11852.0 |    0.516767 |
| 11853.0 |     0.51673 |
| 11854.0 |      0.5167 |
| 11854.9 |    0.516672 |
| 11855.9 |    0.516644 |
| 11856.9 |    0.516617 |
| 11857.8 |    0.516589 |
| 11858.8 |    0.516552 |
| 11859.8 |     0.51651 |
| 11860.7 |    0.516437 |
| 11861.7 |    0.516352 |
| 11862.7 |    0.516267 |
| 11863.6 |    0.516187 |
| 11864.6 |     0.51611 |
| 11865.5 |    0.516033 |
| 11866.5 |    0.515958 |
| 11867.4 |    0.515882 |
| 11868.4 |    0.515802 |
| 11869.4 |    0.515709 |
| 11870.3 |    0.515616 |
| 11871.3 |    0.515523 |
| 11872.3 |     0.51543 |
| 11873.2 |    0.515337 |
| 11874.2 |    0.515243 |
| 11875.2 |    0.515149 |
| 11876.1 |    0.515055 |
| 11877.1 |    0.514961 |
| 11878.0 |    0.514869 |
| 11879.0 |    0.514786 |
| 11880.0 |    0.514705 |
| 11880.9 |    0.514627 |
| 11881.9 |    0.514547 |
| 11882.9 |    0.514467 |
| 11883.8 |    0.514396 |
| 11884.8 |     0.51433 |
| 11885.8 |    0.514263 |
| 11886.7 |    0.514197 |
| 11887.7 |     0.51413 |
| 11888.7 |    0.514067 |
| 11889.6 |    0.514009 |
| 11890.6 |    0.513977 |
| 11891.5 |    0.513961 |
| 11892.5 |    0.513945 |
| 11893.5 |    0.513928 |
| 11894.4 |     0.51391 |
| 11895.4 |    0.513893 |
| 11896.4 |    0.513875 |
| 11897.3 |    0.513857 |
| 11898.3 |    0.513842 |
| 11899.3 |    0.513887 |
| 11900.2 |    0.513922 |
| 11901.2 |    0.513924 |
| 11902.2 |    0.513927 |
| 11903.1 |     0.51393 |
| 11904.1 |    0.513933 |
| 11905.0 |    0.513935 |
| 11906.0 |    0.513937 |
| 11907.0 |    0.513939 |
| 11908.0 |    0.513942 |
| 11908.9 |    0.513948 |
| 11909.9 |    0.513956 |
| 11910.8 |    0.513965 |
| 11911.8 |    0.513973 |
| 11912.8 |    0.513982 |
| 11913.8 |    0.513987 |
| 11914.7 |    0.513991 |
| 11915.7 |    0.513994 |
| 11916.7 |    0.513997 |
| 11917.6 |    0.514001 |
| 11918.6 |    0.514009 |
| 11919.5 |    0.514028 |
| 11920.5 |    0.514047 |
| 11921.5 |    0.514066 |
| 11922.5 |    0.514085 |
| 11923.4 |    0.514108 |
| 11924.4 |    0.514152 |
| 11925.3 |    0.514196 |
| 11926.3 |     0.51424 |
| 11927.3 |    0.514285 |
| 11928.2 |    0.514329 |
| 11929.2 |    0.514386 |
| 11930.2 |    0.514444 |
| 11931.2 |    0.514502 |
| 11932.1 |    0.514559 |
| 11933.1 |    0.514617 |
| 11934.1 |    0.514681 |
| 11935.0 |    0.514745 |
| 11936.0 |     0.51481 |
| 11937.0 |    0.514875 |
| 11937.9 |     0.51494 |
| 11938.9 |    0.515001 |
| 11939.9 |    0.515059 |
| 11940.8 |    0.515153 |
| 11941.8 |    0.515253 |
| 11942.8 |    0.515351 |
| 11943.7 |    0.515442 |
| 11944.7 |    0.515522 |
| 11945.7 |    0.515601 |
| 11946.7 |    0.515681 |
| 11947.6 |    0.515761 |
| 11948.6 |    0.515864 |
| 11949.6 |    0.516013 |
| 11950.5 |    0.516138 |
| 11951.5 |    0.516247 |
| 11952.5 |    0.516353 |
| 11953.4 |     0.51646 |
| 11954.4 |    0.516572 |
| 11955.4 |    0.516685 |
| 11956.3 |    0.516797 |
| 11957.3 |    0.516909 |
| 11958.3 |     0.51702 |
| 11959.2 |    0.517132 |
| 11960.2 |    0.517244 |
| 11961.2 |    0.517357 |
| 11962.2 |    0.517469 |
| 11963.1 |    0.517581 |
| 11964.1 |    0.517688 |
| 11965.1 |    0.517793 |
| 11966.0 |    0.517899 |
| 11967.0 |    0.518006 |
| 11968.0 |    0.518111 |
| 11969.0 |    0.518229 |
| 11969.9 |    0.518352 |
| 11970.9 |    0.518476 |
| 11971.9 |      0.5186 |
| 11972.8 |    0.518723 |
| 11973.8 |    0.518858 |
| 11974.8 |    0.519002 |
| 11975.8 |    0.519144 |
| 11976.7 |    0.519288 |
| 11977.7 |    0.519432 |
| 11978.7 |    0.519557 |
| 11979.6 |    0.519653 |
| 11980.6 |    0.519779 |
| 11981.6 |    0.519919 |
| 11982.5 |    0.520057 |
| 11983.5 |    0.520193 |
| 11984.5 |    0.520317 |
| 11985.5 |    0.520439 |
| 11986.5 |    0.520562 |
| 11987.4 |    0.520685 |
| 11988.4 |    0.520807 |
| 11989.4 |    0.520918 |
| 11990.3 |    0.521014 |
| 11991.3 |    0.521083 |
| 11992.3 |    0.521151 |
| 11993.2 |    0.521219 |
| 11994.2 |    0.521267 |
| 11995.2 |    0.521314 |
| 11996.2 |    0.521362 |
| 11997.2 |     0.52141 |
| 11998.1 |    0.521456 |
| 11999.1 |    0.521502 |
| 12000.1 |    0.521549 |
| 12001.0 |    0.521599 |
| 12002.0 |    0.521651 |
| 12003.0 |    0.521703 |
| 12004.0 |    0.521752 |
| 12004.9 |    0.521802 |
| 12005.9 |    0.521851 |
| 12006.9 |      0.5219 |
| 12007.8 |    0.521949 |
| 12008.8 |    0.522002 |
| 12009.8 |    0.522059 |
| 12010.8 |    0.522117 |
| 12011.8 |    0.522173 |
| 12012.7 |     0.52223 |
| 12013.7 |    0.522285 |
| 12014.7 |    0.522337 |
| 12015.7 |    0.522389 |
| 12016.6 |    0.522441 |
| 12017.6 |    0.522493 |
| 12018.6 |    0.522546 |
| 12019.5 |      0.5226 |
| 12020.5 |    0.522677 |
| 12021.5 |    0.522773 |
| 12022.5 |     0.52287 |
| 12023.5 |    0.522962 |
| 12024.4 |    0.523031 |
| 12025.4 |      0.5231 |
| 12026.4 |    0.523169 |
| 12027.4 |    0.523238 |
| 12028.3 |    0.523306 |
| 12029.3 |    0.523357 |
| 12030.3 |    0.523395 |
| 12031.2 |    0.523404 |
| 12032.2 |    0.523412 |
| 12033.2 |    0.523419 |
| 12034.2 |    0.523414 |
| 12035.2 |    0.523406 |
| 12036.1 |    0.523399 |
| 12037.1 |    0.523392 |
| 12038.1 |    0.523385 |
| 12039.1 |    0.523374 |
| 12040.0 |    0.523362 |
| 12041.0 |    0.523351 |
| 12042.0 |     0.52334 |
| 12043.0 |    0.523328 |
| 12044.0 |    0.523294 |
| 12044.9 |    0.523248 |
| 12045.9 |    0.523203 |
| 12046.9 |    0.523157 |
| 12047.9 |    0.523112 |
| 12048.8 |    0.523079 |
| 12049.8 |    0.523055 |
| 12050.8 |    0.523032 |
| 12051.8 |    0.523008 |
| 12052.8 |    0.522984 |
| 12053.7 |    0.522964 |
| 12054.7 |    0.522947 |
| 12055.7 |     0.52293 |
| 12056.7 |    0.522914 |
| 12057.7 |    0.522897 |
| 12058.6 |    0.522887 |
| 12059.6 |    0.522891 |
| 12060.6 |    0.522921 |
| 12061.5 |    0.522968 |
| 12062.5 |    0.523015 |
| 12063.5 |    0.523058 |
| 12064.5 |    0.523091 |
| 12065.5 |    0.523123 |
| 12066.4 |    0.523154 |
| 12067.4 |    0.523186 |
| 12068.4 |    0.523219 |
| 12069.4 |    0.523258 |
| 12070.4 |    0.523281 |
| 12071.3 |    0.523277 |
| 12072.3 |    0.523273 |
| 12073.3 |    0.523269 |
| 12074.3 |    0.523283 |
| 12075.2 |    0.523296 |
| 12076.2 |    0.523311 |
| 12077.2 |    0.523324 |
| 12078.2 |    0.523338 |
| 12079.2 |    0.523373 |
| 12080.2 |     0.52341 |
| 12081.1 |    0.523448 |
| 12082.1 |    0.523484 |
| 12083.1 |    0.523522 |
| 12084.1 |    0.523563 |
| 12085.1 |    0.523605 |
| 12086.0 |    0.523646 |
| 12087.0 |    0.523688 |
| 12088.0 |    0.523731 |
| 12089.0 |    0.523778 |
| 12090.0 |    0.523827 |
| 12091.0 |    0.523877 |
| 12091.9 |    0.523926 |
| 12092.9 |    0.523976 |
| 12093.9 |    0.524019 |
| 12094.9 |    0.524057 |
| 12095.8 |    0.524096 |
| 12096.8 |    0.524134 |
| 12097.8 |    0.524173 |
| 12098.8 |    0.524218 |
| 12099.8 |     0.52427 |
| 12100.8 |    0.524356 |
| 12101.7 |    0.524452 |
| 12102.7 |    0.524548 |
| 12103.7 |    0.524645 |
| 12104.7 |    0.524743 |
| 12105.7 |    0.524842 |
| 12106.7 |     0.52494 |
| 12107.6 |    0.525037 |
| 12108.6 |    0.525136 |
| 12109.6 |    0.525232 |
| 12110.6 |    0.525301 |
| 12111.6 |    0.525353 |
| 12112.5 |    0.525405 |
| 12113.5 |    0.525461 |
| 12114.5 |     0.52553 |
| 12115.5 |      0.5256 |
| 12116.5 |     0.52567 |
| 12117.5 |     0.52574 |
| 12118.4 |     0.52581 |
| 12119.4 |    0.525877 |
| 12120.4 |    0.525944 |
| 12121.4 |    0.526012 |
| 12122.4 |    0.526079 |
| 12123.4 |    0.526146 |
| 12124.3 |    0.526206 |
| 12125.3 |    0.526265 |
| 12126.3 |    0.526325 |
| 12127.3 |    0.526385 |
| 12128.3 |    0.526445 |
| 12129.3 |    0.526516 |
| 12130.2 |    0.526587 |
| 12131.2 |    0.526659 |
| 12132.2 |    0.526731 |
| 12133.2 |    0.526802 |
| 12134.2 |     0.52686 |
| 12135.2 |    0.526917 |
| 12136.1 |    0.526973 |
| 12137.1 |     0.52703 |
| 12138.1 |    0.527087 |
| 12139.1 |    0.527147 |
| 12140.1 |    0.527212 |
| 12141.1 |    0.527318 |
| 12142.1 |    0.527426 |
| 12143.0 |     0.52753 |
| 12144.0 |    0.527634 |
| 12145.0 |    0.527737 |
| 12146.0 |     0.52784 |
| 12147.0 |    0.527944 |
| 12148.0 |    0.528046 |
| 12148.9 |    0.528134 |
| 12149.9 |    0.528212 |
| 12150.9 |    0.528251 |
| 12151.9 |    0.528286 |
| 12152.9 |    0.528321 |
| 12153.9 |    0.528354 |
| 12154.9 |    0.528384 |
| 12155.8 |    0.528414 |
| 12156.8 |    0.528445 |
| 12157.8 |    0.528476 |
| 12158.8 |    0.528476 |
| 12159.8 |    0.528445 |
| 12160.8 |    0.528415 |
| 12161.8 |    0.528384 |
| 12162.7 |    0.528354 |
| 12163.7 |    0.528343 |
| 12164.7 |    0.528361 |
| 12165.7 |    0.528377 |
| 12166.7 |    0.528395 |
| 12167.7 |    0.528412 |
| 12168.7 |    0.528419 |
| 12169.7 |    0.528408 |
| 12170.7 |    0.528397 |
| 12171.6 |    0.528386 |
| 12172.6 |    0.528375 |
| 12173.6 |    0.528362 |
| 12174.6 |     0.52834 |
| 12175.6 |    0.528318 |
| 12176.6 |    0.528297 |
| 12177.6 |    0.528275 |
| 12178.5 |    0.528255 |
| 12179.5 |    0.528239 |
| 12180.5 |    0.528246 |
| 12181.5 |    0.528273 |
| 12182.5 |      0.5283 |
| 12183.5 |    0.528326 |
| 12184.5 |    0.528341 |
| 12185.5 |    0.528356 |
| 12186.5 |    0.528371 |
| 12187.5 |    0.528385 |
| 12188.4 |    0.528398 |
| 12189.4 |    0.528392 |
| 12190.4 |    0.528367 |
| 12191.4 |    0.528317 |
| 12192.4 |    0.528267 |
| 12193.4 |    0.528217 |
| 12194.4 |    0.528175 |
| 12195.4 |    0.528133 |
| 12196.3 |    0.528091 |
| 12197.3 |    0.528049 |
| 12198.3 |    0.528007 |
| 12199.3 |    0.527959 |
| 12200.3 |     0.52791 |
| 12201.3 |    0.527857 |
| 12202.3 |    0.527804 |
| 12203.3 |    0.527752 |
| 12204.3 |    0.527669 |
| 12205.3 |    0.527585 |
| 12206.2 |      0.5275 |
| 12207.2 |    0.527415 |
| 12208.2 |    0.527331 |
| 12209.2 |    0.527238 |
| 12210.2 |    0.527155 |
| 12211.2 |    0.527106 |
| 12212.2 |    0.527057 |
| 12213.2 |    0.527007 |
| 12214.2 |    0.526956 |
| 12215.2 |    0.526904 |
| 12216.1 |    0.526852 |
| 12217.1 |      0.5268 |
| 12218.1 |    0.526748 |
| 12219.1 |    0.526694 |
| 12220.1 |    0.526635 |
| 12221.1 |    0.526537 |
| 12222.1 |     0.52644 |
| 12223.1 |    0.526342 |
| 12224.1 |    0.526241 |
| 12225.1 |    0.526139 |
| 12226.1 |    0.526037 |
| 12227.0 |    0.525934 |
| 12228.0 |    0.525831 |
| 12229.0 |     0.52571 |
| 12230.0 |    0.525582 |
| 12231.0 |    0.525453 |
| 12232.0 |    0.525325 |
| 12233.0 |    0.525198 |
| 12234.0 |    0.525092 |
| 12235.0 |    0.524998 |
| 12236.0 |    0.524904 |
| 12237.0 |     0.52481 |
| 12238.0 |    0.524716 |
| 12239.0 |    0.524637 |
| 12240.0 |    0.524566 |
| 12241.0 |    0.524495 |
| 12242.0 |    0.524425 |
| 12242.9 |    0.524354 |
| 12243.9 |    0.524287 |
| 12244.9 |    0.524221 |
| 12245.9 |    0.524155 |
| 12246.9 |    0.524089 |
| 12247.9 |    0.524024 |
| 12248.9 |    0.523966 |
| 12249.9 |    0.523916 |
| 12250.9 |    0.523904 |
| 12251.9 |    0.523898 |
| 12252.9 |    0.523891 |
| 12253.9 |    0.523904 |
| 12254.9 |    0.523934 |
| 12255.9 |    0.523965 |
| 12256.8 |    0.523996 |
| 12257.8 |    0.524026 |
| 12258.8 |    0.524059 |
| 12259.8 |    0.524096 |
| 12260.8 |    0.524096 |
| 12261.8 |    0.524089 |
| 12262.8 |    0.524082 |
| 12263.8 |    0.524101 |
| 12264.8 |    0.524151 |
| 12265.8 |    0.524201 |
| 12266.8 |     0.52425 |
| 12267.8 |      0.5243 |
| 12268.8 |    0.524333 |
| 12269.8 |    0.524345 |
| 12270.8 |    0.524356 |
| 12271.8 |    0.524368 |
| 12272.8 |    0.524379 |
| 12273.8 |    0.524405 |
| 12274.8 |    0.524451 |
| 12275.8 |    0.524497 |
| 12276.7 |    0.524542 |
| 12277.7 |    0.524588 |
| 12278.7 |    0.524641 |
| 12279.7 |    0.524707 |
| 12280.7 |    0.524772 |
| 12281.7 |    0.524837 |
| 12282.7 |    0.524902 |
| 12283.7 |    0.524967 |
| 12284.7 |    0.525032 |
| 12285.7 |    0.525097 |
| 12286.7 |    0.525162 |
| 12287.7 |    0.525227 |
| 12288.7 |    0.525301 |
| 12289.7 |    0.525394 |
| 12290.7 |    0.525519 |
| 12291.7 |    0.525656 |
| 12292.7 |    0.525791 |
| 12293.7 |    0.525934 |
| 12294.7 |    0.526088 |
| 12295.7 |    0.526242 |
| 12296.7 |    0.526396 |
| 12297.7 |     0.52655 |
| 12298.7 |    0.526707 |
| 12299.7 |    0.526867 |
| 12300.7 |    0.527001 |
| 12301.7 |     0.52712 |
| 12302.7 |    0.527238 |
| 12303.7 |    0.527361 |
| 12304.7 |    0.527493 |
| 12305.7 |    0.527624 |
| 12306.7 |    0.527756 |
| 12307.7 |    0.527888 |
| 12308.7 |    0.528024 |
| 12309.7 |    0.528169 |
| 12310.7 |    0.528312 |
| 12311.7 |    0.528458 |
| 12312.7 |    0.528603 |
| 12313.7 |     0.52875 |
| 12314.7 |    0.528905 |
| 12315.6 |    0.529057 |
| 12316.6 |    0.529212 |
| 12317.6 |    0.529367 |
| 12318.6 |    0.529521 |
| 12319.6 |    0.529674 |
| 12320.6 |    0.529827 |
| 12321.6 |    0.529981 |
| 12322.7 |    0.530134 |
| 12323.7 |    0.530286 |
| 12324.7 |    0.530437 |
| 12325.6 |    0.530585 |
| 12326.6 |    0.530735 |
| 12327.6 |    0.530886 |
| 12328.6 |    0.531037 |
| 12329.6 |    0.531193 |
| 12330.6 |    0.531377 |
| 12331.7 |    0.531577 |
| 12332.7 |    0.531776 |
| 12333.6 |    0.531973 |
| 12334.6 |    0.532171 |
| 12335.6 |     0.53237 |
| 12336.6 |    0.532568 |
| 12337.7 |    0.532766 |
| 12338.7 |    0.532961 |
| 12339.7 |    0.533148 |
| 12340.7 |    0.533306 |
| 12341.7 |    0.533448 |
| 12342.7 |     0.53359 |
| 12343.7 |    0.533731 |
| 12344.7 |    0.533866 |
| 12345.7 |    0.534004 |
| 12346.7 |    0.534141 |
| 12347.7 |    0.534279 |
| 12348.7 |    0.534412 |
| 12349.7 |     0.53454 |
| 12350.7 |    0.534668 |
| 12351.7 |    0.534796 |
| 12352.7 |    0.534924 |
| 12353.7 |    0.535045 |
| 12354.7 |     0.53515 |
| 12355.7 |    0.535256 |
| 12356.7 |    0.535362 |
| 12357.7 |    0.535467 |
| 12358.7 |    0.535569 |
| 12359.7 |    0.535663 |
| 12360.7 |    0.535758 |
| 12361.7 |    0.535853 |
| 12362.7 |    0.535948 |
| 12363.7 |    0.536039 |
| 12364.7 |    0.536118 |
| 12365.7 |    0.536197 |
| 12366.7 |    0.536276 |
| 12367.7 |    0.536355 |
| 12368.7 |    0.536429 |
| 12369.7 |    0.536491 |
| 12370.7 |    0.536586 |
| 12371.7 |    0.536694 |
| 12372.7 |    0.536802 |
| 12373.7 |    0.536901 |
| 12374.7 |    0.536985 |
| 12375.7 |    0.537068 |
| 12376.8 |    0.537152 |
| 12377.8 |    0.537235 |
| 12378.8 |    0.537318 |
| 12379.8 |      0.5374 |
| 12380.8 |    0.537449 |
| 12381.8 |    0.537487 |
| 12382.8 |    0.537525 |
| 12383.8 |     0.53755 |
| 12384.8 |    0.537556 |
| 12385.8 |    0.537561 |
| 12386.8 |    0.537566 |
| 12387.8 |    0.537571 |
| 12388.8 |    0.537575 |
| 12389.8 |    0.537576 |
| 12390.8 |    0.537578 |
| 12391.8 |     0.53758 |
| 12392.8 |    0.537581 |
| 12393.8 |    0.537578 |
| 12394.8 |    0.537569 |
| 12395.8 |     0.53756 |
| 12396.8 |    0.537551 |
| 12397.8 |    0.537542 |
| 12398.8 |    0.537517 |
| 12399.9 |    0.537476 |
| 12400.8 |    0.537441 |
| 12401.9 |    0.537406 |
| 12402.9 |    0.537371 |
| 12403.9 |    0.537338 |
| 12404.9 |    0.537307 |
| 12405.9 |    0.537277 |
| 12406.9 |    0.537246 |
| 12407.9 |    0.537216 |
| 12408.9 |    0.537179 |
| 12409.9 |    0.537135 |
| 12410.9 |    0.537133 |
| 12411.9 |    0.537135 |
| 12412.9 |    0.537136 |
| 12413.9 |    0.537133 |
| 12415.0 |    0.537125 |
| 12416.0 |    0.537117 |
| 12417.0 |     0.53711 |
| 12418.0 |    0.537102 |
| 12419.0 |    0.537093 |
| 12420.0 |    0.537084 |
| 12421.0 |     0.53703 |
| 12422.0 |    0.536976 |
| 12423.0 |    0.536921 |
| 12424.0 |    0.536862 |
| 12425.0 |      0.5368 |
| 12426.0 |    0.536738 |
| 12427.0 |    0.536676 |
| 12428.0 |    0.536616 |
| 12429.0 |    0.536538 |
| 12430.1 |     0.53645 |
| 12431.1 |    0.536365 |
| 12432.1 |    0.536279 |
| 12433.1 |    0.536193 |
| 12434.1 |    0.536112 |
| 12435.1 |    0.536035 |
| 12436.1 |    0.535957 |
| 12437.1 |    0.535879 |
| 12438.1 |    0.535801 |
| 12439.1 |    0.535746 |
| 12440.2 |    0.535699 |
| 12441.2 |    0.535653 |
| 12442.2 |    0.535605 |
| 12443.2 |    0.535559 |
| 12444.2 |    0.535523 |
| 12445.2 |    0.535491 |
| 12446.2 |    0.535459 |
| 12447.2 |    0.535426 |
| 12448.2 |    0.535394 |
| 12449.2 |    0.535365 |
| 12450.2 |    0.535349 |
| 12451.2 |    0.535366 |
| 12452.3 |    0.535384 |
| 12453.3 |    0.535401 |
| 12454.3 |    0.535439 |
| 12455.3 |     0.53548 |
| 12456.3 |    0.535521 |
| 12457.3 |    0.535562 |
| 12458.3 |    0.535603 |
| 12459.3 |    0.535652 |
| 12460.4 |    0.535686 |
| 12461.4 |     0.53569 |
| 12462.4 |    0.535694 |
| 12463.4 |    0.535699 |
| 12464.4 |    0.535711 |
| 12465.4 |    0.535724 |
| 12466.4 |    0.535737 |
| 12467.4 |    0.535749 |
| 12468.5 |    0.535763 |
| 12469.5 |    0.535812 |
| 12470.5 |    0.535862 |
| 12471.5 |    0.535912 |
| 12472.5 |    0.535962 |
| 12473.5 |    0.536013 |
| 12474.5 |    0.536084 |
| 12475.5 |    0.536154 |
| 12476.5 |    0.536225 |
| 12477.5 |    0.536295 |
| 12478.6 |    0.536364 |
| 12479.6 |    0.536422 |
| 12480.6 |    0.536479 |
| 12481.6 |    0.536537 |
| 12482.6 |    0.536596 |
| 12483.6 |    0.536653 |
| 12484.6 |    0.536707 |
| 12485.7 |    0.536762 |
| 12486.7 |    0.536817 |
| 12487.7 |    0.536871 |
| 12488.7 |    0.536929 |
| 12489.7 |    0.536998 |
| 12490.7 |    0.537099 |
| 12491.7 |    0.537213 |
| 12492.7 |    0.537327 |
| 12493.8 |    0.537445 |
| 12494.8 |    0.537571 |
| 12495.8 |    0.537694 |
| 12496.8 |    0.537822 |
| 12497.8 |    0.537947 |
| 12498.8 |    0.538074 |
| 12499.8 |    0.538206 |
| 12500.8 |    0.538289 |
| 12501.9 |    0.538363 |
| 12502.9 |    0.538437 |
| 12503.9 |     0.53851 |
| 12504.9 |    0.538585 |
| 12505.9 |    0.538661 |
| 12506.9 |    0.538736 |
| 12508.0 |    0.538811 |
| 12509.0 |    0.538883 |
| 12510.0 |     0.53895 |
| 12511.0 |    0.539019 |
| 12512.0 |    0.539087 |
| 12513.0 |    0.539155 |
| 12514.0 |    0.539228 |
| 12515.0 |    0.539307 |
| 12516.1 |    0.539385 |
| 12517.1 |    0.539463 |
| 12518.1 |    0.539541 |
| 12519.1 |    0.539621 |
| 12520.1 |    0.539705 |
| 12521.2 |    0.539788 |
| 12522.2 |     0.53987 |
| 12523.2 |    0.539953 |
| 12524.2 |    0.540021 |
| 12525.2 |    0.540084 |
| 12526.2 |    0.540146 |
| 12527.2 |    0.540209 |
| 12528.3 |    0.540271 |
| 12529.3 |     0.54033 |
| 12530.3 |      0.5404 |
| 12531.3 |    0.540505 |
| 12532.3 |    0.540608 |
| 12533.3 |    0.540711 |
| 12534.4 |    0.540813 |
| 12535.4 |    0.540915 |
| 12536.4 |    0.541018 |
| 12537.4 |    0.541119 |
| 12538.4 |    0.541221 |
| 12539.4 |    0.541295 |
| 12540.5 |    0.541348 |
| 12541.5 |    0.541375 |
| 12542.5 |    0.541402 |
| 12543.5 |    0.541429 |
| 12544.5 |    0.541446 |
| 12545.5 |    0.541463 |
| 12546.6 |     0.54148 |
| 12547.6 |    0.541498 |
| 12548.6 |    0.541513 |
| 12549.6 |    0.541524 |
| 12550.6 |    0.541535 |
| 12551.7 |    0.541545 |
| 12552.7 |    0.541556 |
| 12553.7 |    0.541558 |
| 12554.7 |    0.541535 |
| 12555.7 |    0.541513 |
| 12556.7 |    0.541491 |
| 12557.8 |    0.541468 |
| 12558.8 |    0.541444 |
| 12559.8 |    0.541416 |
| 12560.8 |    0.541426 |
| 12561.8 |    0.541444 |
| 12562.9 |    0.541462 |
| 12563.9 |    0.541471 |
| 12564.9 |    0.541466 |
| 12565.9 |    0.541461 |
| 12567.0 |    0.541456 |
| 12568.0 |    0.541451 |
| 12569.0 |    0.541437 |
| 12570.0 |    0.541415 |
| 12571.0 |    0.541346 |
| 12572.0 |    0.541279 |
| 12573.0 |     0.54121 |
| 12574.1 |    0.541123 |
| 12575.1 |    0.541025 |
| 12576.1 |    0.540926 |
| 12577.1 |    0.540828 |
| 12578.2 |    0.540729 |
| 12579.2 |    0.540626 |
| 12580.2 |    0.540519 |
| 12581.2 |    0.540413 |
| 12582.2 |    0.540307 |
| 12583.2 |    0.540203 |
| 12584.3 |    0.540087 |
| 12585.3 |    0.539968 |
| 12586.3 |     0.53985 |
| 12587.3 |    0.539732 |
| 12588.4 |    0.539613 |
| 12589.4 |    0.539483 |
| 12590.4 |    0.539352 |
| 12591.4 |    0.539223 |
| 12592.4 |    0.539092 |
| 12593.5 |     0.53896 |
| 12594.5 |    0.538811 |
| 12595.5 |    0.538663 |
| 12596.5 |    0.538514 |
| 12597.6 |    0.538366 |
| 12598.6 |    0.538216 |
| 12599.6 |    0.538056 |
| 12600.6 |    0.537923 |
| 12601.6 |    0.537809 |
| 12602.7 |    0.537693 |
| 12603.7 |    0.537577 |
| 12604.7 |    0.537461 |
| 12605.7 |    0.537344 |
| 12606.8 |    0.537229 |
| 12607.8 |    0.537113 |
| 12608.8 |    0.536996 |
| 12609.8 |    0.536878 |
| 12610.8 |    0.536722 |
| 12611.9 |    0.536558 |
| 12612.9 |    0.536394 |
| 12613.9 |    0.536232 |
| 12615.0 |    0.536071 |
| 12616.0 |    0.535911 |
| 12617.0 |    0.535751 |
| 12618.0 |    0.535593 |
| 12619.0 |    0.535424 |
| 12620.1 |    0.535249 |
| 12621.1 |    0.535074 |
| 12622.1 |    0.534899 |
| 12623.1 |    0.534724 |
| 12624.2 |     0.53455 |
| 12625.2 |    0.534377 |
| 12626.2 |    0.534203 |
| 12627.2 |    0.534028 |
| 12628.2 |    0.533853 |
| 12629.3 |    0.533696 |
| 12630.3 |    0.533543 |
| 12631.3 |     0.53339 |
| 12632.3 |    0.533237 |
| 12633.4 |    0.533084 |
| 12634.4 |    0.532946 |
| 12635.4 |    0.532809 |
| 12636.5 |    0.532674 |
| 12637.5 |    0.532537 |
| 12638.5 |    0.532399 |
| 12639.5 |    0.532238 |
| 12640.5 |    0.532102 |
| 12641.6 |    0.531988 |
| 12642.6 |    0.531873 |
| 12643.6 |    0.531763 |
| 12644.7 |     0.53168 |
| 12645.7 |    0.531598 |
| 12646.7 |    0.531515 |
| 12647.7 |    0.531433 |
| 12648.8 |    0.531364 |
| 12649.8 |    0.531329 |
| 12650.8 |    0.531258 |
| 12651.8 |    0.531179 |
| 12652.9 |    0.531098 |
| 12653.9 |    0.531015 |
| 12654.9 |    0.530927 |
| 12655.9 |     0.53084 |
| 12657.0 |    0.530753 |
| 12658.0 |    0.530666 |
| 12659.0 |    0.530597 |
| 12660.0 |    0.530544 |
| 12661.1 |    0.530491 |
| 12662.1 |    0.530437 |
| 12663.1 |    0.530383 |
| 12664.2 |    0.530356 |
| 12665.2 |    0.530341 |
| 12666.2 |    0.530326 |
| 12667.2 |    0.530311 |
| 12668.3 |    0.530296 |
| 12669.3 |    0.530294 |
| 12670.3 |    0.530295 |
| 12671.3 |    0.530296 |
| 12672.4 |    0.530297 |
| 12673.4 |    0.530298 |
| 12674.4 |    0.530349 |
| 12675.5 |    0.530402 |
| 12676.5 |    0.530456 |
| 12677.5 |    0.530509 |
| 12678.5 |    0.530563 |
| 12679.6 |    0.530615 |
| 12680.6 |    0.530694 |
| 12681.6 |    0.530792 |
| 12682.7 |     0.53089 |
| 12683.7 |    0.530987 |
| 12684.7 |    0.531086 |
| 12685.8 |    0.531184 |
| 12686.8 |    0.531282 |
| 12687.8 |     0.53138 |
| 12688.8 |    0.531487 |
| 12689.9 |     0.53161 |
| 12690.9 |    0.531694 |
| 12691.9 |    0.531771 |
| 12693.0 |    0.531848 |
| 12694.0 |    0.531932 |
| 12695.0 |     0.53202 |
| 12696.0 |    0.532109 |
| 12697.1 |    0.532198 |
| 12698.1 |    0.532287 |
| 12699.1 |    0.532374 |
| 12700.2 |     0.53246 |
| 12701.2 |    0.532546 |
| 12702.2 |    0.532632 |
| 12703.3 |    0.532718 |
| 12704.3 |    0.532811 |
| 12705.3 |    0.532906 |
| 12706.3 |    0.533003 |
| 12707.4 |    0.533099 |
| 12708.4 |    0.533195 |
| 12709.4 |    0.533332 |
| 12710.5 |    0.533471 |
| 12711.5 |    0.533611 |
| 12712.5 |    0.533751 |
| 12713.6 |    0.533894 |
| 12714.6 |    0.534068 |
| 12715.6 |    0.534241 |
| 12716.7 |    0.534414 |
| 12717.7 |    0.534588 |
| 12718.7 |    0.534759 |
| 12719.8 |    0.534922 |
| 12720.8 |     0.53512 |
| 12721.8 |    0.535326 |
| 12722.8 |    0.535535 |
| 12723.9 |     0.53575 |
| 12724.9 |    0.535976 |
| 12726.0 |    0.536201 |
| 12727.0 |    0.536426 |
| 12728.0 |    0.536651 |
| 12729.0 |    0.536895 |
| 12730.1 |    0.537158 |
| 12731.1 |    0.537377 |
| 12732.1 |    0.537597 |
| 12733.2 |    0.537816 |
| 12734.2 |    0.538027 |
| 12735.2 |    0.538233 |
| 12736.3 |    0.538439 |
| 12737.3 |    0.538645 |
| 12738.3 |    0.538851 |
| 12739.4 |    0.539047 |
| 12740.4 |    0.539238 |
| 12741.4 |    0.539432 |
| 12742.5 |    0.539626 |
| 12743.5 |    0.539819 |
| 12744.5 |    0.540003 |
| 12745.6 |    0.540184 |
| 12746.6 |    0.540367 |
| 12747.7 |    0.540553 |
| 12748.7 |     0.54073 |
| 12749.7 |     0.54089 |
| 12750.7 |    0.541051 |
| 12751.8 |    0.541211 |
| 12752.8 |    0.541372 |
| 12753.8 |    0.541533 |
| 12754.9 |    0.541697 |
| 12755.9 |     0.54186 |
| 12757.0 |     0.54202 |
| 12758.0 |    0.542183 |
| 12759.0 |    0.542346 |
| 12760.1 |    0.542507 |
| 12761.1 |    0.542669 |
| 12762.1 |    0.542831 |
| 12763.2 |    0.542994 |
| 12764.2 |    0.543123 |
| 12765.2 |     0.54324 |
| 12766.3 |    0.543358 |
| 12767.3 |    0.543475 |
| 12768.3 |    0.543592 |
| 12769.4 |    0.543727 |
| 12770.4 |    0.543882 |
| 12771.5 |    0.544066 |
| 12772.5 |     0.54425 |
| 12773.5 |    0.544435 |
| 12774.6 |    0.544629 |
| 12775.6 |    0.544822 |
| 12776.6 |    0.545016 |
| 12777.7 |    0.545211 |
| 12778.7 |    0.545399 |
| 12779.7 |    0.545557 |
| 12780.8 |    0.545679 |
| 12781.8 |    0.545792 |
| 12782.9 |    0.545903 |
| 12783.9 |    0.546015 |
| 12784.9 |    0.546131 |
| 12786.0 |    0.546247 |
| 12787.0 |    0.546363 |
| 12788.0 |    0.546479 |
| 12789.1 |    0.546597 |
| 12790.1 |    0.546717 |
| 12791.1 |    0.546836 |
| 12792.2 |    0.546956 |
| 12793.2 |    0.547077 |
| 12794.3 |    0.547167 |
| 12795.3 |    0.547249 |
| 12796.3 |     0.54733 |
| 12797.4 |    0.547411 |
| 12798.4 |    0.547493 |
| 12799.4 |    0.547581 |
| 12800.5 |    0.547667 |
| 12801.5 |    0.547749 |
| 12802.6 |     0.54783 |
| 12803.6 |    0.547915 |
| 12804.6 |    0.548035 |
| 12805.7 |    0.548155 |
| 12806.7 |    0.548276 |
| 12807.8 |    0.548396 |
| 12808.8 |    0.548492 |
| 12809.8 |    0.548532 |
| 12810.9 |    0.548611 |
| 12811.9 |    0.548698 |
| 12813.0 |    0.548785 |
| 12814.0 |    0.548864 |
| 12815.0 |    0.548933 |
| 12816.1 |    0.549003 |
| 12817.1 |    0.549073 |
| 12818.2 |    0.549142 |
| 12819.2 |    0.549218 |
| 12820.2 |    0.549287 |
| 12821.3 |    0.549318 |
| 12822.3 |     0.54935 |
| 12823.4 |    0.549382 |
| 12824.4 |    0.549396 |
| 12825.4 |    0.549406 |
| 12826.5 |    0.549417 |
| 12827.5 |    0.549428 |
| 12828.6 |    0.549437 |
| 12829.6 |    0.549428 |
| 12830.6 |     0.54942 |
| 12831.7 |    0.549411 |
| 12832.7 |    0.549402 |
| 12833.8 |    0.549394 |
| 12834.8 |    0.549394 |
| 12835.8 |    0.549392 |
| 12836.9 |    0.549391 |
| 12837.9 |     0.54939 |
| 12839.0 |    0.549384 |
| 12840.0 |    0.549372 |
| 12841.0 |    0.549359 |
| 12842.1 |    0.549347 |
| 12843.1 |    0.549335 |
| 12844.2 |    0.549313 |
| 12845.2 |    0.549288 |
| 12846.3 |    0.549262 |
| 12847.3 |    0.549236 |
| 12848.3 |     0.54921 |
| 12849.4 |    0.549183 |
| 12850.4 |    0.549176 |
| 12851.5 |    0.549197 |
| 12852.5 |    0.549218 |
| 12853.5 |    0.549238 |
| 12854.6 |     0.54924 |
| 12855.6 |    0.549243 |
| 12856.7 |    0.549245 |
| 12857.7 |    0.549248 |
| 12858.8 |    0.549251 |
| 12859.8 |    0.549256 |
| 12860.9 |    0.549223 |
| 12861.9 |    0.549181 |
| 12862.9 |    0.549139 |
| 12864.0 |    0.549096 |
| 12865.0 |    0.549054 |
| 12866.1 |    0.549011 |
| 12867.1 |    0.548968 |
| 12868.2 |    0.548925 |
| 12869.2 |    0.548872 |
| 12870.2 |    0.548813 |
| 12871.3 |    0.548755 |
| 12872.3 |    0.548696 |
| 12873.4 |    0.548637 |
| 12874.4 |    0.548567 |
| 12875.5 |    0.548497 |
| 12876.5 |    0.548426 |
| 12877.6 |    0.548355 |
| 12878.6 |    0.548285 |
| 12879.7 |    0.548217 |
| 12880.7 |     0.54815 |
| 12881.7 |    0.548082 |
| 12882.8 |    0.548014 |
| 12883.8 |    0.547935 |
| 12884.9 |     0.54783 |
| 12885.9 |    0.547726 |
| 12887.0 |     0.54762 |
| 12888.0 |    0.547514 |
| 12889.0 |    0.547418 |
| 12890.1 |    0.547331 |
| 12891.1 |    0.547287 |
| 12892.2 |    0.547243 |
| 12893.2 |    0.547199 |
| 12894.3 |    0.547146 |
| 12895.3 |     0.54709 |
| 12896.4 |    0.547035 |
| 12897.4 |    0.546979 |
| 12898.5 |    0.546922 |
| 12899.5 |    0.546838 |
| 12900.6 |    0.546725 |
| 12901.6 |    0.546591 |
| 12902.7 |    0.546456 |
| 12903.7 |    0.546314 |
| 12904.7 |    0.546139 |
| 12905.8 |    0.545962 |
| 12906.8 |    0.545785 |
| 12907.9 |    0.545607 |
| 12908.9 |    0.545447 |
| 12910.0 |    0.545312 |
| 12911.0 |    0.545177 |
| 12912.1 |    0.545043 |
| 12913.1 |    0.544908 |
| 12914.2 |    0.544749 |
| 12915.2 |    0.544574 |
| 12916.3 |    0.544402 |
| 12917.3 |    0.544227 |
| 12918.4 |    0.544052 |
| 12919.4 |     0.54389 |
| 12920.5 |    0.543734 |
| 12921.5 |    0.543573 |
| 12922.6 |    0.543414 |
| 12923.6 |    0.543255 |
| 12924.7 |      0.5431 |
| 12925.7 |    0.542942 |
| 12926.8 |    0.542785 |
| 12927.8 |    0.542627 |
| 12928.8 |    0.542454 |
| 12929.9 |    0.542243 |
| 12931.0 |    0.542074 |
| 12932.0 |    0.541912 |
| 12933.0 |    0.541746 |
| 12934.1 |    0.541587 |
| 12935.1 |    0.541434 |
| 12936.2 |     0.54128 |
| 12937.2 |    0.541125 |
| 12938.3 |     0.54097 |
| 12939.3 |    0.540818 |
| 12940.4 |    0.540653 |
| 12941.4 |    0.540456 |
| 12942.5 |    0.540258 |
| 12943.5 |    0.540061 |
| 12944.6 |    0.539843 |
| 12945.6 |    0.539625 |
| 12946.7 |    0.539407 |
| 12947.7 |    0.539189 |
| 12948.8 |    0.538967 |
| 12949.8 |    0.538731 |
| 12950.9 |    0.538495 |
| 12951.9 |    0.538262 |
| 12953.0 |    0.538027 |
| 12954.0 |    0.537786 |
| 12955.1 |     0.53754 |
| 12956.1 |    0.537298 |
| 12957.2 |    0.537049 |
| 12958.2 |    0.536803 |
| 12959.3 |    0.536567 |
| 12960.3 |    0.536329 |
| 12961.4 |    0.536092 |
| 12962.5 |    0.535854 |
| 12963.5 |    0.535617 |
| 12964.6 |    0.535386 |
| 12965.6 |    0.535155 |
| 12966.7 |    0.534924 |
| 12967.7 |    0.534696 |
| 12968.8 |    0.534462 |
| 12969.8 |    0.534236 |
| 12970.9 |    0.534013 |
| 12971.9 |    0.533786 |
| 12973.0 |     0.53356 |
| 12974.0 |     0.53334 |
| 12975.1 |    0.533127 |
| 12976.1 |    0.532918 |
| 12977.2 |    0.532706 |
| 12978.2 |    0.532494 |
| 12979.3 |     0.53227 |
| 12980.3 |    0.532057 |
| 12981.4 |    0.531874 |
| 12982.5 |    0.531693 |
| 12983.5 |    0.531511 |
| 12984.6 |    0.531318 |
| 12985.6 |    0.531124 |
| 12986.7 |    0.530933 |
| 12987.7 |     0.53074 |
| 12988.8 |     0.53055 |
| 12989.8 |    0.530377 |
| 12990.9 |    0.530165 |
| 12991.9 |    0.529946 |
| 12993.0 |    0.529726 |
| 12994.0 |    0.529521 |
| 12995.1 |    0.529336 |
| 12996.1 |    0.529148 |
| 12997.2 |    0.528961 |
| 12998.2 |    0.528773 |
| 12999.3 |    0.528571 |
| 13000.4 |    0.528371 |
| 13001.4 |    0.528183 |
| 13002.5 |    0.527994 |
| 13003.5 |    0.527806 |
| 13004.6 |     0.52764 |
| 13005.7 |    0.527475 |
| 13006.7 |    0.527312 |
| 13007.8 |    0.527147 |
| 13008.8 |    0.526986 |
| 13009.9 |    0.526843 |
| 13010.9 |      0.5267 |
| 13012.0 |    0.526557 |
| 13013.0 |    0.526412 |
| 13014.1 |    0.526284 |
| 13015.1 |     0.52617 |
| 13016.2 |    0.526057 |
| 13017.2 |    0.525944 |
| 13018.3 |    0.525831 |
| 13019.4 |    0.525716 |
| 13020.4 |    0.525619 |
| 13021.5 |     0.52555 |
| 13022.5 |    0.525482 |
| 13023.6 |    0.525415 |
| 13024.6 |     0.52541 |
| 13025.7 |    0.525406 |
| 13026.8 |    0.525402 |
| 13027.8 |    0.525397 |
| 13028.9 |    0.525394 |
| 13029.9 |    0.525393 |
| 13031.0 |    0.525349 |
| 13032.0 |    0.525302 |
| 13033.1 |    0.525255 |
| 13034.2 |    0.525216 |
| 13035.2 |    0.525184 |
| 13036.3 |    0.525152 |
| 13037.3 |    0.525121 |
| 13038.4 |    0.525089 |
| 13039.5 |    0.525107 |
| 13040.5 |    0.525134 |
| 13041.5 |    0.525162 |
| 13042.6 |    0.525189 |
| 13043.7 |    0.525217 |
| 13044.7 |    0.525248 |
| 13045.8 |    0.525278 |
| 13046.8 |    0.525308 |
| 13047.9 |    0.525338 |
| 13049.0 |    0.525382 |
| 13050.0 |    0.525451 |
| 13051.1 |    0.525519 |
| 13052.1 |    0.525587 |
| 13053.2 |    0.525655 |
| 13054.3 |    0.525741 |
| 13055.3 |    0.525835 |
| 13056.4 |    0.525929 |
| 13057.4 |    0.526024 |
| 13058.5 |    0.526117 |
| 13059.5 |    0.526228 |
| 13060.6 |     0.52634 |
| 13061.7 |    0.526452 |
| 13062.7 |    0.526564 |
| 13063.8 |    0.526686 |
| 13064.9 |    0.526842 |
| 13065.9 |    0.526997 |
| 13067.0 |    0.527153 |
| 13068.0 |     0.52731 |
| 13069.1 |    0.527472 |
| 13070.2 |    0.527648 |
| 13071.2 |    0.527864 |
| 13072.3 |     0.52808 |
| 13073.3 |    0.528296 |
| 13074.4 |    0.528528 |
| 13075.5 |    0.528765 |
| 13076.5 |    0.529002 |
| 13077.6 |    0.529237 |
| 13078.6 |    0.529476 |
| 13079.7 |     0.52974 |
| 13080.8 |    0.529971 |
| 13081.8 |    0.530189 |
| 13082.9 |    0.530403 |
| 13083.9 |    0.530626 |
| 13085.0 |    0.530856 |
| 13086.1 |    0.531087 |
| 13087.1 |    0.531318 |
| 13088.2 |    0.531549 |
| 13089.2 |    0.531788 |
| 13090.3 |    0.532031 |
| 13091.4 |    0.532275 |
| 13092.4 |    0.532519 |
| 13093.5 |     0.53276 |
| 13094.5 |    0.533027 |
| 13095.6 |    0.533297 |
| 13096.7 |    0.533567 |
| 13097.8 |    0.533837 |
| 13098.8 |     0.53411 |
| 13099.9 |    0.534393 |
| 13100.9 |    0.534676 |
| 13102.0 |    0.534956 |
| 13103.0 |     0.53524 |
| 13104.1 |    0.535528 |
| 13105.2 |     0.53582 |
| 13106.2 |    0.536113 |
| 13107.3 |    0.536405 |
| 13108.4 |    0.536697 |
| 13109.4 |    0.536995 |
| 13110.5 |    0.537294 |
| 13111.6 |    0.537593 |
| 13112.6 |    0.537892 |
| 13113.7 |    0.538185 |
| 13114.8 |    0.538469 |
| 13115.8 |    0.538752 |
| 13116.9 |    0.539035 |
| 13117.9 |    0.539315 |
| 13119.0 |    0.539603 |
| 13120.1 |    0.539901 |
| 13121.2 |    0.540249 |
| 13122.2 |    0.540587 |
| 13123.3 |     0.54093 |
| 13124.3 |    0.541264 |
| 13125.4 |    0.541595 |
| 13126.5 |    0.541926 |
| 13127.5 |    0.542256 |
| 13128.6 |    0.542587 |
| 13129.7 |    0.542898 |
| 13130.7 |    0.543182 |
| 13131.8 |     0.54345 |
| 13132.8 |    0.543719 |
| 13133.9 |    0.543989 |
| 13135.0 |    0.544263 |
| 13136.0 |    0.544538 |
| 13137.1 |    0.544812 |
| 13138.2 |    0.545083 |
| 13139.2 |    0.545345 |
| 13140.3 |      0.5456 |
| 13141.4 |    0.545855 |
| 13142.5 |     0.54611 |
| 13143.5 |    0.546365 |
| 13144.6 |    0.546607 |
| 13145.7 |    0.546849 |
| 13146.7 |     0.54709 |
| 13147.8 |    0.547332 |
| 13148.8 |    0.547566 |
| 13149.9 |    0.547772 |
| 13151.0 |     0.54798 |
| 13152.0 |    0.548189 |
| 13153.1 |    0.548398 |
| 13154.2 |    0.548608 |
| 13155.2 |    0.548825 |
| 13156.3 |    0.549044 |
| 13157.4 |    0.549258 |
| 13158.4 |    0.549475 |
| 13159.5 |    0.549678 |
| 13160.6 |    0.549904 |
| 13161.7 |    0.550154 |
| 13162.7 |    0.550403 |
| 13163.8 |    0.550651 |
| 13164.9 |    0.550896 |
| 13165.9 |    0.551138 |
| 13167.0 |    0.551383 |
| 13168.0 |    0.551628 |
| 13169.1 |    0.551866 |
| 13170.2 |    0.552086 |
| 13171.3 |    0.552266 |
| 13172.3 |    0.552445 |
| 13173.4 |    0.552626 |
| 13174.5 |    0.552786 |
| 13175.5 |    0.552944 |
| 13176.6 |    0.553103 |
| 13177.7 |    0.553262 |
| 13178.7 |    0.553417 |
| 13179.8 |    0.553552 |
| 13180.9 |    0.553688 |
| 13182.0 |    0.553823 |
| 13183.0 |    0.553958 |
| 13184.1 |    0.554099 |
| 13185.2 |    0.554246 |
| 13186.2 |    0.554395 |
| 13187.3 |    0.554543 |
| 13188.4 |    0.554692 |
| 13189.4 |    0.554822 |
| 13190.5 |    0.554944 |
| 13191.6 |    0.555069 |
| 13192.7 |    0.555194 |
| 13193.7 |    0.555314 |
| 13194.8 |    0.555404 |
| 13195.9 |    0.555496 |
| 13196.9 |    0.555587 |
| 13198.0 |    0.555678 |
| 13199.1 |    0.555764 |
| 13200.2 |    0.555843 |
| 13201.2 |    0.555911 |
| 13202.3 |    0.555978 |
| 13203.3 |    0.556046 |
| 13204.4 |    0.556095 |
| 13205.5 |    0.556135 |
| 13206.6 |    0.556177 |
| 13207.6 |    0.556218 |
| 13208.7 |    0.556257 |
| 13209.8 |    0.556272 |
| 13210.8 |    0.556327 |
| 13211.9 |    0.556392 |
| 13213.0 |    0.556457 |
| 13214.1 |    0.556526 |
| 13215.1 |    0.556603 |
| 13216.2 |     0.55668 |
| 13217.3 |    0.556757 |
| 13218.4 |    0.556834 |
| 13219.4 |    0.556873 |
| 13220.5 |    0.556876 |
| 13221.6 |    0.556855 |
| 13222.7 |    0.556833 |
| 13223.7 |    0.556814 |
| 13224.8 |    0.556822 |
| 13225.9 |    0.556829 |
| 13226.9 |    0.556837 |
| 13228.0 |    0.556844 |
| 13229.1 |     0.55685 |
| 13230.2 |    0.556852 |
| 13231.2 |    0.556854 |
| 13232.3 |    0.556856 |
| 13233.4 |    0.556859 |
| 13234.5 |    0.556857 |
| 13235.5 |    0.556854 |
| 13236.6 |     0.55685 |
| 13237.7 |    0.556847 |
| 13238.7 |    0.556846 |
| 13239.8 |    0.556859 |
| 13240.9 |    0.556872 |
| 13242.0 |    0.556885 |
| 13243.0 |    0.556897 |
| 13244.1 |    0.556914 |
| 13245.2 |    0.556934 |
| 13246.3 |    0.556955 |
| 13247.3 |    0.556975 |
| 13248.4 |    0.556996 |
| 13249.5 |    0.557017 |
| 13250.6 |    0.557038 |
| 13251.6 |    0.557059 |
| 13252.7 |     0.55708 |
| 13253.8 |    0.557095 |
| 13254.9 |    0.557078 |
| 13256.0 |    0.557061 |
| 13257.0 |    0.557044 |
| 13258.1 |    0.557028 |
| 13259.2 |    0.557012 |
| 13260.2 |    0.556997 |
| 13261.3 |    0.556982 |
| 13262.4 |    0.556967 |
| 13263.5 |    0.556952 |
| 13264.5 |    0.556922 |
| 13265.6 |    0.556891 |
| 13266.7 |    0.556859 |
| 13267.8 |    0.556827 |
| 13268.8 |    0.556795 |
| 13269.9 |    0.556758 |
| 13271.0 |    0.556768 |
| 13272.1 |    0.556781 |
| 13273.2 |    0.556794 |
| 13274.2 |    0.556788 |
| 13275.3 |    0.556768 |
| 13276.4 |    0.556748 |
| 13277.5 |    0.556729 |
| 13278.5 |    0.556709 |
| 13279.6 |     0.55669 |
| 13280.7 |    0.556639 |
| 13281.8 |    0.556571 |
| 13282.8 |    0.556504 |
| 13283.9 |    0.556442 |
| 13285.0 |    0.556396 |
| 13286.1 |     0.55635 |
| 13287.2 |    0.556304 |
| 13288.2 |    0.556259 |
| 13289.3 |    0.556199 |
| 13290.4 |    0.556133 |
| 13291.5 |    0.556066 |
| 13292.6 |    0.555999 |
| 13293.6 |    0.555934 |
| 13294.7 |    0.555879 |
| 13295.8 |    0.555825 |
| 13296.9 |    0.555771 |
| 13298.0 |    0.555717 |
| 13299.0 |    0.555658 |
| 13300.1 |    0.555589 |
| 13301.2 |    0.555521 |
| 13302.2 |    0.555453 |
| 13303.3 |    0.555385 |
| 13304.4 |    0.555331 |
| 13305.5 |    0.555283 |
| 13306.6 |    0.555235 |
| 13307.7 |    0.555187 |
| 13308.7 |    0.555134 |
| 13309.8 |    0.555035 |
| 13310.9 |    0.554938 |
| 13312.0 |    0.554837 |
| 13313.1 |    0.554738 |
| 13314.1 |    0.554625 |
| 13315.2 |    0.554492 |
| 13316.3 |     0.55436 |
| 13317.4 |    0.554227 |
| 13318.5 |    0.554094 |
| 13319.5 |    0.553965 |
| 13320.6 |    0.553863 |
| 13321.7 |    0.553782 |
| 13322.8 |      0.5537 |
| 13323.9 |    0.553617 |
| 13324.9 |    0.553524 |
| 13326.0 |     0.55343 |
| 13327.1 |    0.553337 |
| 13328.2 |    0.553244 |
| 13329.3 |    0.553119 |
| 13330.3 |    0.552957 |
| 13331.4 |     0.55276 |
| 13332.5 |    0.552563 |
| 13333.6 |    0.552366 |
| 13334.7 |    0.552188 |
| 13335.8 |     0.55201 |
| 13336.8 |    0.551832 |
| 13337.9 |    0.551655 |
| 13339.0 |    0.551467 |
| 13340.1 |    0.551253 |
| 13341.2 |    0.551038 |
| 13342.2 |    0.550824 |
| 13343.3 |    0.550609 |
| 13344.4 |    0.550362 |
| 13345.5 |    0.550101 |
| 13346.6 |    0.549841 |
| 13347.7 |    0.549581 |
| 13348.8 |    0.549323 |
| 13349.8 |     0.54909 |
| 13350.9 |    0.548859 |
| 13352.0 |    0.548626 |
| 13353.1 |    0.548393 |
| 13354.2 |    0.548152 |
| 13355.2 |    0.547908 |
| 13356.3 |    0.547659 |
| 13357.4 |    0.547411 |
| 13358.5 |    0.547163 |
| 13359.6 |    0.546907 |
| 13360.7 |    0.546649 |
| 13361.7 |    0.546392 |
| 13362.8 |    0.546134 |
| 13363.9 |    0.545877 |
| 13365.0 |    0.545621 |
| 13366.1 |    0.545366 |
| 13367.2 |    0.545113 |
| 13368.2 |    0.544858 |
| 13369.3 |     0.54459 |
| 13370.4 |    0.544316 |
| 13371.5 |    0.544042 |
| 13372.6 |    0.543768 |
| 13373.7 |    0.543494 |
| 13374.8 |    0.543234 |
| 13375.8 |    0.542978 |
| 13376.9 |    0.542718 |
| 13378.0 |    0.542458 |
| 13379.1 |    0.542193 |
| 13380.2 |    0.541926 |
| 13381.3 |      0.5417 |
| 13382.4 |    0.541474 |
| 13383.4 |    0.541251 |
| 13384.5 |    0.541025 |
| 13385.6 |    0.540803 |
| 13386.7 |    0.540584 |
| 13387.8 |    0.540362 |
| 13388.9 |    0.540142 |
| 13390.0 |    0.539935 |
| 13391.0 |    0.539682 |
| 13392.1 |     0.53943 |
| 13393.2 |    0.539175 |
| 13394.3 |    0.538935 |
| 13395.4 |    0.538708 |
| 13396.5 |     0.53848 |
| 13397.6 |    0.538252 |
| 13398.7 |    0.538024 |
| 13399.7 |    0.537791 |
| 13400.8 |    0.537534 |
| 13401.9 |    0.537269 |
| 13403.0 |    0.537004 |
| 13404.1 |    0.536736 |
| 13405.2 |    0.536454 |
| 13406.2 |    0.536173 |
| 13407.3 |    0.535891 |
| 13408.4 |    0.535609 |
| 13409.5 |    0.535339 |
| 13410.6 |    0.535073 |
| 13411.7 |     0.53481 |
| 13412.8 |    0.534545 |
| 13413.9 |    0.534281 |
| 13415.0 |    0.534032 |
| 13416.0 |    0.533783 |
| 13417.1 |    0.533534 |
| 13418.2 |    0.533284 |
| 13419.3 |    0.533042 |
| 13420.4 |    0.532804 |
| 13421.5 |    0.532567 |
| 13422.6 |    0.532329 |
| 13423.7 |    0.532095 |
| 13424.8 |    0.531853 |
| 13425.8 |    0.531611 |
| 13426.9 |    0.531369 |
| 13428.0 |    0.531127 |
| 13429.1 |    0.530905 |
| 13430.2 |    0.530704 |
| 13431.3 |    0.530502 |
| 13432.4 |    0.530302 |
| 13433.5 |    0.530101 |
| 13434.6 |    0.529932 |
| 13435.7 |     0.52977 |
| 13436.7 |    0.529608 |
| 13437.8 |    0.529447 |
| 13438.9 |      0.5293 |
| 13440.0 |    0.529202 |
| 13441.1 |     0.52915 |
| 13442.2 |    0.529098 |
| 13443.3 |    0.529046 |
| 13444.4 |    0.529002 |
| 13445.5 |    0.528962 |
| 13446.6 |    0.528922 |
| 13447.7 |    0.528882 |
| 13448.7 |    0.528844 |
| 13449.8 |    0.528812 |
| 13450.9 |    0.528741 |
| 13452.0 |    0.528662 |
| 13453.1 |    0.528584 |
| 13454.2 |    0.528505 |
| 13455.3 |    0.528426 |
| 13456.4 |    0.528346 |
| 13457.5 |    0.528267 |
| 13458.6 |    0.528188 |
| 13459.7 |    0.528103 |
| 13460.7 |    0.528017 |
| 13461.8 |    0.527931 |
| 13462.9 |    0.527844 |
| 13464.0 |    0.527781 |
| 13465.1 |    0.527769 |
| 13466.2 |    0.527757 |
| 13467.3 |    0.527746 |
| 13468.4 |    0.527734 |
| 13469.5 |    0.527756 |
| 13470.6 |     0.52779 |
| 13471.7 |    0.527825 |
| 13472.8 |     0.52786 |
| 13473.8 |    0.527902 |
| 13475.0 |    0.527983 |
| 13476.0 |    0.528064 |
| 13477.1 |    0.528144 |
| 13478.2 |    0.528225 |
| 13479.3 |     0.52828 |
| 13480.4 |    0.528317 |
| 13481.5 |    0.528354 |
| 13482.6 |     0.52839 |
| 13483.7 |    0.528427 |
| 13484.8 |    0.528467 |
| 13485.9 |    0.528507 |
| 13487.0 |    0.528547 |
| 13488.1 |    0.528587 |
| 13489.2 |    0.528641 |
| 13490.2 |    0.528712 |
| 13491.3 |    0.528783 |
| 13492.5 |    0.528854 |
| 13493.5 |    0.528925 |
| 13494.6 |    0.529045 |
| 13495.7 |    0.529172 |
| 13496.8 |    0.529299 |
| 13497.9 |    0.529424 |
| 13499.0 |    0.529553 |
| 13500.1 |    0.529688 |
| 13501.2 |    0.529859 |
| 13502.3 |    0.530027 |
| 13503.4 |    0.530198 |
| 13504.5 |    0.530362 |
| 13505.6 |    0.530523 |
| 13506.7 |    0.530684 |
| 13507.8 |    0.530846 |
| 13508.9 |    0.531014 |
| 13510.0 |    0.531217 |
| 13511.1 |    0.531374 |
| 13512.2 |     0.53153 |
| 13513.3 |    0.531685 |
| 13514.3 |    0.531831 |
| 13515.4 |    0.531973 |
| 13516.5 |    0.532116 |
| 13517.6 |    0.532258 |
| 13518.7 |    0.532399 |
| 13519.8 |    0.532517 |
| 13520.9 |    0.532634 |
| 13522.0 |    0.532752 |
| 13523.1 |    0.532868 |
| 13524.2 |    0.532996 |
| 13525.3 |    0.533136 |
| 13526.4 |    0.533276 |
| 13527.5 |    0.533416 |
| 13528.6 |    0.533557 |
| 13529.7 |    0.533729 |
| 13530.8 |    0.533903 |
| 13531.9 |    0.534078 |
| 13533.0 |    0.534253 |
| 13534.1 |    0.534441 |
| 13535.2 |    0.534659 |
| 13536.3 |    0.534876 |
| 13537.4 |    0.535094 |
| 13538.5 |    0.535312 |
| 13539.6 |    0.535468 |
| 13540.7 |    0.535611 |
| 13541.8 |    0.535756 |
| 13542.9 |    0.535898 |
| 13544.0 |     0.53603 |
| 13545.1 |    0.536127 |
| 13546.2 |    0.536224 |
| 13547.3 |    0.536321 |
| 13548.4 |    0.536418 |
| 13549.5 |     0.53658 |
| 13550.6 |    0.536768 |
| 13551.7 |    0.536953 |
| 13552.8 |    0.537141 |
| 13553.9 |    0.537326 |
| 13555.0 |     0.53748 |
| 13556.1 |    0.537636 |
| 13557.2 |    0.537792 |
| 13558.3 |    0.537948 |
| 13559.4 |    0.538124 |
| 13560.5 |    0.538318 |
| 13561.6 |    0.538512 |
| 13562.7 |    0.538705 |
| 13563.8 |    0.538894 |
| 13564.9 |    0.539007 |
| 13566.0 |    0.539119 |
| 13567.1 |    0.539231 |
| 13568.2 |    0.539343 |
| 13569.3 |    0.539465 |
| 13570.4 |    0.539614 |
| 13571.5 |    0.539792 |
| 13572.6 |    0.539972 |
| 13573.7 |    0.540152 |
| 13574.8 |    0.540352 |
| 13575.9 |    0.540553 |
| 13577.0 |    0.540751 |
| 13578.1 |    0.540952 |
| 13579.2 |    0.541132 |
| 13580.3 |    0.541266 |
| 13581.4 |    0.541366 |
| 13582.5 |    0.541465 |
| 13583.6 |    0.541565 |
| 13584.7 |    0.541711 |
| 13585.8 |    0.541863 |
| 13586.9 |    0.542015 |
| 13588.0 |    0.542164 |
| 13589.1 |    0.542309 |
| 13590.2 |    0.542439 |
| 13591.3 |     0.54257 |
| 13592.4 |    0.542701 |
| 13593.5 |    0.542831 |
| 13594.6 |    0.542933 |
| 13595.7 |    0.543027 |
| 13596.8 |     0.54312 |
| 13597.9 |    0.543215 |
| 13599.0 |    0.543324 |
| 13600.1 |    0.543458 |
| 13601.2 |    0.543492 |
| 13602.3 |    0.543525 |
| 13603.4 |    0.543559 |
| 13604.5 |    0.543581 |
| 13605.7 |      0.5436 |
| 13606.8 |     0.54362 |
| 13607.9 |    0.543638 |
| 13609.0 |    0.543648 |
| 13610.1 |    0.543629 |
| 13611.2 |    0.543608 |
| 13612.3 |    0.543588 |
| 13613.4 |    0.543568 |
| 13614.5 |    0.543529 |
| 13615.6 |    0.543481 |
| 13616.7 |    0.543433 |
| 13617.8 |    0.543385 |
| 13618.9 |    0.543342 |
| 13620.0 |    0.543325 |
| 13621.1 |    0.543309 |
| 13622.2 |    0.543292 |
| 13623.3 |    0.543275 |
| 13624.4 |    0.543267 |
| 13625.5 |    0.543263 |
| 13626.6 |    0.543259 |
| 13627.8 |    0.543255 |
| 13628.8 |     0.54325 |
| 13630.0 |    0.543235 |
| 13631.1 |    0.543221 |
| 13632.2 |    0.543205 |
| 13633.3 |    0.543191 |
| 13634.4 |    0.543181 |
| 13635.5 |    0.543175 |
| 13636.6 |    0.543169 |
| 13637.7 |    0.543164 |
| 13638.8 |    0.543157 |
| 13639.9 |    0.543136 |
| 13641.0 |    0.543115 |
| 13642.1 |    0.543095 |
| 13643.2 |    0.543074 |
| 13644.3 |    0.543034 |
| 13645.4 |    0.542978 |
| 13646.5 |    0.542922 |
| 13647.7 |    0.542865 |
| 13648.8 |    0.542809 |
| 13649.9 |    0.542789 |
| 13651.0 |    0.542812 |
| 13652.1 |     0.54284 |
| 13653.2 |     0.54287 |
| 13654.3 |    0.542886 |
| 13655.4 |     0.54289 |
| 13656.5 |    0.542894 |
| 13657.6 |    0.542898 |
| 13658.7 |    0.542902 |
| 13659.8 |    0.542943 |
| 13661.0 |    0.542942 |
| 13662.1 |    0.542934 |
| 13663.2 |    0.542925 |
| 13664.3 |    0.542894 |
| 13665.4 |    0.542836 |
| 13666.5 |     0.54278 |
| 13667.6 |    0.542722 |
| 13668.7 |    0.542665 |
| 13669.8 |    0.542613 |
| 13670.9 |    0.542561 |
| 13672.0 |    0.542509 |
| 13673.1 |    0.542456 |
| 13674.2 |    0.542391 |
| 13675.4 |    0.542308 |
| 13676.5 |    0.542226 |
| 13677.6 |    0.542144 |
| 13678.7 |    0.542062 |
| 13679.8 |    0.541978 |
| 13680.9 |    0.541895 |
| 13682.0 |    0.541811 |
| 13683.1 |    0.541729 |
| 13684.2 |    0.541659 |
| 13685.3 |    0.541608 |
| 13686.5 |    0.541556 |
| 13687.6 |    0.541505 |
| 13688.7 |    0.541454 |
| 13689.8 |     0.54139 |
| 13690.9 |    0.541327 |
| 13692.0 |    0.541264 |
| 13693.1 |    0.541201 |
| 13694.2 |    0.541125 |
| 13695.3 |    0.541035 |
| 13696.5 |    0.540945 |
| 13697.6 |    0.540855 |
| 13698.7 |    0.540765 |
| 13699.8 |    0.540658 |
| 13700.9 |    0.540551 |
| 13702.0 |     0.54044 |
| 13703.1 |    0.540332 |
| 13704.2 |    0.540212 |
| 13705.3 |    0.540076 |
| 13706.5 |     0.53994 |
| 13707.6 |    0.539803 |
| 13708.7 |    0.539669 |
| 13709.8 |    0.539538 |
| 13710.9 |    0.539407 |
| 13712.0 |    0.539276 |
| 13713.1 |    0.539145 |
| 13714.2 |    0.539025 |
| 13715.3 |    0.538919 |
| 13716.5 |    0.538813 |
| 13717.6 |    0.538707 |
| 13718.7 |    0.538601 |
| 13719.8 |    0.538503 |
| 13720.9 |    0.538406 |
| 13722.0 |    0.538308 |
| 13723.1 |    0.538209 |
| 13724.3 |    0.538095 |
| 13725.4 |     0.53796 |
| 13726.5 |    0.537825 |
| 13727.6 |     0.53769 |
| 13728.7 |    0.537556 |
| 13729.8 |    0.537412 |
| 13730.9 |    0.537266 |
| 13732.0 |     0.53712 |
| 13733.2 |    0.536975 |
| 13734.3 |    0.536823 |
| 13735.4 |    0.536665 |
| 13736.5 |    0.536506 |
| 13737.6 |     0.53635 |
| 13738.7 |    0.536192 |
| 13739.9 |    0.536016 |
| 13741.0 |    0.535887 |
| 13742.1 |    0.535763 |
| 13743.2 |    0.535638 |
| 13744.3 |      0.5355 |
| 13745.4 |     0.53535 |
| 13746.5 |    0.535202 |
| 13747.7 |    0.535052 |
| 13748.8 |    0.534901 |
| 13749.9 |    0.534742 |
| 13751.0 |    0.534539 |
| 13752.1 |    0.534331 |
| 13753.2 |    0.534123 |
| 13754.3 |    0.533903 |
| 13755.5 |     0.53367 |
| 13756.6 |    0.533439 |
| 13757.7 |    0.533207 |
| 13758.8 |    0.532978 |
| 13759.9 |    0.532743 |
| 13761.0 |    0.532508 |
| 13762.2 |    0.532273 |
| 13763.3 |    0.532042 |
| 13764.4 |    0.531833 |
| 13765.5 |    0.531649 |
| 13766.6 |    0.531467 |
| 13767.7 |    0.531283 |
| 13768.9 |    0.531088 |
| 13770.0 |    0.530781 |
| 13771.1 |    0.530473 |
| 13772.2 |    0.530165 |
| 13773.3 |    0.529857 |
| 13774.5 |    0.529591 |
| 13775.6 |    0.529353 |
| 13776.7 |     0.52911 |
| 13777.8 |    0.528869 |
| 13778.9 |    0.528622 |
| 13780.0 |    0.528309 |
| 13781.2 |    0.527995 |
| 13782.3 |    0.527681 |
| 13783.4 |    0.527367 |
| 13784.5 |    0.527064 |
| 13785.6 |     0.52676 |
| 13786.7 |    0.526456 |
| 13787.9 |    0.526153 |
| 13789.0 |    0.525843 |
| 13790.1 |    0.525502 |
| 13791.2 |    0.525161 |
| 13792.3 |     0.52482 |
| 13793.5 |     0.52448 |
| 13794.6 |    0.524097 |
| 13795.7 |    0.523705 |
| 13796.8 |    0.523306 |
| 13797.9 |    0.522908 |
| 13799.0 |    0.522504 |
| 13800.2 |    0.522083 |
| 13801.3 |    0.521691 |
| 13802.4 |    0.521299 |
| 13803.5 |    0.520908 |
| 13804.6 |    0.520477 |
| 13805.8 |    0.520028 |
| 13806.9 |    0.519579 |
| 13808.0 |     0.51913 |
| 13809.1 |    0.518685 |
| 13810.2 |    0.518248 |
| 13811.4 |    0.517812 |
| 13812.5 |    0.517375 |
| 13813.6 |    0.516939 |
| 13814.7 |    0.516463 |
| 13815.9 |    0.515982 |
| 13817.0 |    0.515507 |
| 13818.1 |    0.515025 |
| 13819.2 |    0.514545 |
| 13820.3 |    0.514065 |
| 13821.5 |    0.513592 |
| 13822.6 |    0.513112 |
| 13823.7 |    0.512632 |
| 13824.8 |    0.512143 |
| 13825.9 |    0.511654 |
| 13827.1 |    0.511165 |
| 13828.2 |    0.510675 |
| 13829.3 |    0.510192 |
| 13830.4 |      0.5098 |
| 13831.6 |    0.509549 |
| 13832.7 |    0.509298 |
| 13833.8 |     0.50905 |
| 13834.9 |    0.508798 |
| 13836.0 |    0.508546 |
| 13837.2 |    0.508295 |
| 13838.3 |    0.508042 |
| 13839.4 |    0.507785 |
| 13840.5 |    0.507523 |
| 13841.7 |    0.507262 |
| 13842.8 |    0.507003 |
| 13843.9 |    0.506739 |
| 13845.0 |    0.506457 |
| 13846.1 |    0.506174 |
| 13847.3 |    0.505891 |
| 13848.4 |    0.505607 |
| 13849.5 |    0.505357 |
| 13850.6 |    0.505153 |
| 13851.8 |    0.504964 |
| 13852.9 |    0.504777 |
| 13854.0 |    0.504604 |
| 13855.1 |    0.504487 |
| 13856.3 |    0.504369 |
| 13857.4 |     0.50425 |
| 13858.5 |    0.504131 |
| 13859.6 |    0.504061 |
| 13860.8 |    0.503974 |
| 13861.9 |    0.503872 |
| 13863.0 |     0.50377 |
| 13864.1 |     0.50369 |
| 13865.2 |    0.503663 |
| 13866.4 |    0.503637 |
| 13867.5 |     0.50361 |
| 13868.6 |    0.503584 |
| 13869.8 |    0.503585 |
| 13870.9 |    0.503591 |
| 13872.0 |    0.503597 |
| 13873.1 |    0.503603 |
| 13874.2 |    0.503615 |
| 13875.4 |    0.503637 |
| 13876.5 |    0.503658 |
| 13877.6 |     0.50368 |
| 13878.8 |    0.503702 |
| 13879.9 |    0.503882 |
| 13881.0 |    0.504064 |
| 13882.1 |    0.504249 |
| 13883.3 |    0.504434 |
| 13884.4 |     0.50465 |
| 13885.5 |    0.504894 |
| 13886.6 |    0.505139 |
| 13887.8 |    0.505384 |
| 13888.9 |    0.505636 |
| 13890.0 |    0.505965 |
| 13891.2 |    0.506292 |
| 13892.3 |    0.506616 |
| 13893.4 |    0.506944 |
| 13894.5 |    0.507331 |
| 13895.7 |     0.50775 |
| 13896.8 |    0.508169 |
| 13897.9 |    0.508582 |
| 13899.0 |    0.509006 |
| 13900.2 |    0.509448 |
| 13901.3 |    0.509889 |
| 13902.4 |     0.51033 |
| 13903.5 |    0.510772 |
| 13904.7 |    0.511225 |
| 13905.8 |    0.511682 |
| 13906.9 |    0.512139 |
| 13908.1 |    0.512596 |
| 13909.2 |     0.51303 |
| 13910.3 |    0.513412 |
| 13911.4 |    0.513801 |
| 13912.6 |    0.514189 |
| 13913.7 |    0.514577 |
| 13914.8 |    0.514904 |
| 13916.0 |    0.515224 |
| 13917.1 |    0.515545 |
| 13918.2 |    0.515861 |
| 13919.3 |    0.516091 |
| 13920.5 |    0.516219 |
| 13921.6 |    0.516346 |
| 13922.7 |    0.516474 |
| 13923.9 |    0.516588 |
| 13925.0 |    0.516441 |
| 13926.1 |    0.516293 |
| 13927.3 |    0.516145 |
| 13928.4 |    0.515997 |
| 13929.5 |     0.51561 |
| 13930.6 |     0.51509 |
| 13931.8 |    0.514562 |
| 13932.9 |    0.514035 |
| 13934.0 |    0.513409 |
| 13935.2 |    0.512389 |
| 13936.3 |    0.511383 |
| 13937.4 |    0.510363 |
| 13938.6 |    0.509328 |
| 13939.7 |    0.507967 |
| 13940.8 |    0.506483 |
| 13941.9 |    0.504998 |
| 13943.1 |    0.503513 |
| 13944.2 |    0.501839 |
| 13945.3 |    0.499819 |
| 13946.5 |    0.497796 |
| 13947.6 |    0.495803 |
| 13948.7 |    0.493778 |
| 13949.9 |     0.49131 |
| 13951.0 |    0.488803 |
| 13952.1 |    0.486294 |
| 13953.3 |    0.483785 |
| 13954.4 |    0.480937 |
| 13955.5 |    0.477766 |
| 13956.7 |    0.474639 |
| 13957.8 |    0.471465 |
| 13958.9 |    0.468237 |
| 13960.0 |     0.46449 |
| 13961.2 |    0.460738 |
| 13962.3 |    0.456988 |
| 13963.5 |    0.453232 |
| 13964.6 |    0.449087 |
| 13965.7 |    0.444757 |
| 13966.9 |    0.440425 |
| 13968.0 |    0.436092 |
| 13969.1 |     0.43166 |
| 13970.2 |    0.426717 |
| 13971.4 |    0.421768 |
| 13972.5 |    0.416821 |
| 13973.6 |    0.411935 |
| 13974.8 |    0.406725 |
| 13975.9 |    0.401469 |
| 13977.0 |    0.396205 |
| 13978.2 |    0.390939 |
| 13979.3 |    0.385277 |
| 13980.5 |    0.379098 |
| 13981.6 |    0.372916 |
| 13982.7 |    0.366727 |
| 13983.9 |    0.360534 |
| 13985.0 |    0.354176 |
| 13986.1 |    0.347907 |
| 13987.2 |    0.341543 |
| 13988.4 |    0.335176 |
| 13989.5 |    0.328687 |
| 13990.7 |    0.322122 |
| 13991.8 |    0.315553 |
| 13992.9 |    0.308982 |
| 13994.1 |    0.302446 |
| 13995.2 |    0.296125 |
| 13996.3 |    0.289719 |
| 13997.5 |    0.283304 |
| 13998.6 |    0.276892 |
| 13999.7 |     0.27068 |
| 14000.9 |    0.264493 |
| 14002.0 |    0.258298 |
| 14003.2 |    0.252101 |
| 14004.3 |    0.245863 |
| 14005.4 |    0.239566 |
| 14006.5 |    0.233349 |
| 14007.7 |     0.22705 |
| 14008.8 |    0.220749 |
| 14010.0 |    0.214767 |
| 14011.1 |    0.208783 |
| 14012.2 |     0.20288 |
| 14013.4 |    0.196894 |
| 14014.5 |    0.190979 |
| 14015.7 |     0.18531 |
| 14016.8 |    0.179566 |
| 14017.9 |    0.173821 |
| 14019.1 |    0.168166 |
| 14020.2 |    0.162866 |
| 14021.3 |     0.15757 |
| 14022.5 |    0.152268 |
| 14023.6 |     0.14697 |
| 14024.7 |     0.14228 |
| 14025.9 |    0.137654 |
| 14027.0 |    0.132963 |
| 14028.2 |    0.128398 |
| 14029.3 |     0.12397 |
| 14030.4 |    0.119838 |
| 14031.6 |    0.115706 |
| 14032.7 |    0.111626 |
| 14033.8 |    0.107498 |
| 14035.0 |    0.104028 |
| 14036.1 |    0.100557 |
| 14037.3 |   0.0970862 |
| 14038.4 |    0.093614 |
| 14039.5 |     0.09046 |
| 14040.7 |   0.0874968 |
| 14041.8 |   0.0845328 |
| 14043.0 |   0.0815682 |
| 14044.1 |   0.0787166 |
| 14045.2 |   0.0762662 |
| 14046.4 |    0.073779 |
| 14047.5 |   0.0712913 |
| 14048.7 |   0.0688029 |
| 14049.8 |   0.0665848 |
| 14050.9 |   0.0644415 |
| 14052.1 |   0.0622419 |
| 14053.2 |   0.0600679 |
| 14054.4 |   0.0580642 |
| 14055.5 |      0.0562 |
| 14056.6 |   0.0543338 |
| 14057.8 |   0.0524688 |
| 14058.9 |   0.0506194 |
| 14060.1 |   0.0489978 |
| 14061.2 |   0.0473759 |
| 14062.3 |   0.0457535 |
| 14063.5 |    0.044153 |
| 14064.6 |   0.0426566 |
| 14065.8 |   0.0411997 |
| 14066.9 |   0.0397817 |
| 14068.0 |   0.0383426 |
| 14069.2 |   0.0369697 |
| 14070.3 |   0.0357458 |
| 14071.5 |   0.0345405 |
| 14072.6 |    0.033318 |
| 14073.8 |    0.032096 |
| 14074.9 |   0.0310085 |
| 14076.0 |   0.0299329 |
| 14077.2 |   0.0288559 |
| 14078.3 |   0.0277794 |
| 14079.5 |   0.0268015 |
| 14080.6 |   0.0259044 |
| 14081.8 |   0.0250067 |
| 14082.9 |   0.0241079 |
| 14084.0 |   0.0232582 |
| 14085.2 |   0.0225918 |
| 14086.3 |   0.0219247 |
| 14087.5 |   0.0212574 |
| 14088.6 |   0.0205985 |
| 14089.7 |   0.0199313 |
| 14090.9 |    0.019255 |
| 14092.0 |   0.0185876 |
| 14093.2 |   0.0179286 |
| 14094.3 |   0.0173272 |
| 14095.5 |   0.0168237 |
| 14096.6 |   0.0163196 |
| 14097.8 |   0.0158154 |
| 14098.9 |    0.015314 |
| 14100.0 |   0.0148842 |
| 14101.2 |   0.0144601 |
| 14102.3 |   0.0140297 |
| 14103.5 |   0.0135937 |
| 14104.6 |   0.0132362 |
| 14105.8 |   0.0129071 |
| 14106.9 |   0.0125778 |
| 14108.0 |   0.0122488 |
| 14109.2 |   0.0119025 |
| 14110.3 |    0.011521 |
| 14111.5 |   0.0111342 |
| 14112.6 |   0.0107473 |
| 14113.8 |   0.0103604 |
| 14114.9 |   0.0100758 |
| 14116.1 |  0.00980013 |
| 14117.2 |   0.0095242 |
| 14118.3 |  0.00924845 |
| 14119.5 |  0.00899501 |
| 14120.7 |  0.00875929 |
| 14121.8 |  0.00852351 |
| 14122.9 |  0.00829089 |
| 14124.1 |  0.00805924 |
| 14125.2 |  0.00784583 |
| 14126.4 |  0.00763236 |
| 14127.5 |  0.00742158 |
| 14128.7 |  0.00720511 |
| 14129.8 |  0.00701322 |
| 14131.0 |   0.0068281 |
| 14132.1 |  0.00664038 |
| 14133.2 |  0.00645263 |
| 14134.4 |  0.00627394 |
| 14135.5 |  0.00610587 |
| 14136.7 |  0.00593777 |
| 14137.8 |  0.00576962 |
| 14139.0 |  0.00560343 |
| 14140.1 |  0.00545583 |
| 14141.3 |  0.00530425 |
| 14142.4 |  0.00515455 |
| 14143.6 |  0.00500697 |
| 14144.7 |  0.00485515 |
| 14145.9 |  0.00470256 |
| 14147.0 |  0.00454995 |
| 14148.2 |   0.0043973 |
| 14149.3 |   0.0042703 |
| 14150.5 |   0.0041805 |
| 14151.6 |  0.00409076 |
| 14152.8 |    0.004001 |
| 14153.9 |  0.00391186 |
| 14155.0 |  0.00384961 |
| 14156.2 |  0.00378741 |
| 14157.3 |  0.00372514 |
| 14158.5 |  0.00366285 |
| 14159.7 |   0.0036074 |
| 14160.8 |  0.00355592 |
| 14161.9 |  0.00350367 |
| 14163.1 |  0.00345146 |
| 14164.2 |  0.00337914 |
| 14165.4 |  0.00326333 |
| 14166.5 |  0.00314759 |
| 14167.7 |  0.00303173 |
| 14168.8 |  0.00291585 |
| 14170.0 |  0.00283298 |
| 14171.1 |  0.00274989 |
| 14172.3 |  0.00266677 |
| 14173.4 |  0.00258365 |
| 14174.6 |  0.00251481 |
| 14175.7 |   0.0024549 |
| 14176.9 |  0.00239504 |
| 14178.0 |   0.0023351 |
| 14179.2 |  0.00227773 |
| 14180.3 |  0.00222369 |
| 14181.5 |  0.00217035 |
| 14182.6 |  0.00211773 |
| 14183.8 |  0.00206437 |
| 14184.9 |  0.00201584 |
| 14186.1 |  0.00196774 |
| 14187.2 |  0.00192024 |
| 14188.4 |  0.00187211 |
| 14189.5 |  0.00182727 |
| 14190.7 |  0.00178482 |
| 14191.8 |   0.0017423 |
| 14193.0 |  0.00169978 |
| 14194.1 |  0.00165789 |
| 14195.3 |  0.00161798 |
| 14196.5 |  0.00157806 |
| 14197.6 |  0.00153812 |
| 14198.8 |   0.0014982 |
| 14199.9 |  0.00145471 |
| 14201.0 |  0.00141004 |
| 14202.2 |  0.00136542 |
| 14203.4 |  0.00132076 |
| 14204.5 |  0.00126985 |
| 14205.7 |  0.00121371 |
| 14206.8 |  0.00115757 |
| 14208.0 |  0.00110143 |
| 14209.1 |  0.00104816 |
| 14210.3 |  0.00100267 |
| 14211.4 | 0.000957188 |
| 14212.6 | 0.000911664 |
| 14213.7 | 0.000866176 |
| 14214.9 | 0.000889149 |
| 14216.0 |  0.00092268 |
| 14217.2 |  0.00095573 |
| 14218.3 | 0.000989716 |
| 14219.5 |  0.00100223 |
| 14220.6 | 0.000996615 |
| 14221.8 |  0.00099092 |
| 14223.0 | 0.000985229 |
| 14224.1 | 0.000980381 |
| 14225.3 | 0.000979024 |
| 14226.4 | 0.000977686 |
| 14227.6 | 0.000976328 |
| 14228.7 | 0.000974971 |
| 14229.9 | 0.000966983 |
| 14231.0 | 0.000957861 |
| 14232.2 | 0.000948738 |
| 14233.3 | 0.000939616 |
| 14234.5 | 0.000903204 |
| 14235.7 | 0.000842468 |
| 14236.8 | 0.000781679 |
| 14238.0 | 0.000720941 |
| 14239.1 | 0.000669206 |
| 14240.3 | 0.000651406 |
| 14241.4 | 0.000633605 |
| 14242.6 | 0.000615819 |
| 14243.7 | 0.000598018 |
| 14244.9 | 0.000586993 |
| 14246.1 | 0.000577005 |
| 14247.2 | 0.000567151 |
| 14248.3 | 0.000557162 |
| 14249.5 | 0.000545656 |
| 14250.7 | 0.000532835 |
| 14251.8 | 0.000520025 |
| 14253.0 | 0.000507204 |
| 14254.1 | 0.000494671 |
| 14255.3 | 0.000483186 |
| 14256.5 | 0.000471701 |
| 14257.6 | 0.000460216 |
| 14258.8 |  0.00044873 |
| 14259.9 |  0.00044004 |
| 14261.1 | 0.000431555 |
| 14262.2 | 0.000423061 |
| 14263.4 | 0.000414575 |
| 14264.6 | 0.000407024 |
| 14265.7 | 0.000400285 |
| 14266.9 | 0.000393454 |
| 14268.0 | 0.000386623 |
| 14269.2 | 0.000379554 |
| 14270.3 | 0.000371731 |
| 14271.5 | 0.000363902 |
| 14272.7 | 0.000356079 |
| 14273.8 | 0.000348249 |
| 14275.0 | 0.000345498 |
| 14276.1 | 0.000343151 |
| 14277.3 | 0.000340804 |
| 14278.4 |  0.00033849 |
| 14279.6 | 0.000336143 |
| 14280.8 | 0.000333793 |
| 14281.9 | 0.000331446 |
| 14283.1 | 0.000329099 |
| 14284.2 | 0.000326751 |
| 14285.4 | 0.000324402 |
| 14286.5 | 0.000322086 |
| 14287.7 | 0.000319736 |
| 14288.9 | 0.000317387 |
| 14290.0 | 0.000315037 |
| 14291.2 | 0.000312688 |
| 14292.3 | 0.000310338 |
| 14293.5 | 0.000307988 |
| 14294.7 | 0.000305639 |
| 14295.8 | 0.000303287 |
| 14297.0 | 0.000300937 |
| 14298.2 | 0.000298585 |
| 14299.3 | 0.000296267 |
| 14300.5 | 0.000293915 |
| 14301.6 | 0.000291563 |
| 14302.8 | 0.000289211 |
| 14303.9 | 0.000286891 |
| 14305.1 | 0.000284539 |
| 14306.3 | 0.000282187 |
| 14307.4 | 0.000279834 |
| 14308.6 |  0.00027748 |
| 14309.8 | 0.000275128 |
| 14310.9 | 0.000272774 |
| 14312.1 | 0.000270422 |
| 14313.2 | 0.000268067 |
| 14314.4 | 0.000265713 |
| 14315.6 | 0.000263358 |
| 14316.7 | 0.000261036 |
| 14317.9 | 0.000258681 |
| 14319.0 | 0.000256325 |
| 14320.2 |  0.00025397 |
| 14321.4 | 0.000251616 |
| 14322.5 | 0.000249259 |
| 14323.7 | 0.000246902 |
| 14324.9 | 0.000244548 |
| 14326.0 | 0.000242222 |
| 14327.2 | 0.000239866 |
| 14328.3 | 0.000237509 |
| 14329.5 | 0.000235152 |
| 14330.7 | 0.000232793 |
| 14331.8 | 0.000230436 |
| 14333.0 | 0.000228079 |
| 14334.2 |  0.00022572 |
| 14335.3 | 0.000223363 |
| 14336.5 | 0.000221004 |
| 14337.7 | 0.000218645 |
| 14338.8 | 0.000216318 |
| 14340.0 | 0.000213958 |
| 14341.1 | 0.000211599 |
| 14342.3 |  0.00020924 |
| 14343.4 | 0.000206912 |
| 14344.6 | 0.000204551 |
| 14345.8 | 0.000202192 |
| 14346.9 |  0.00019983 |
| 14348.1 | 0.000197469 |
| 14349.3 | 0.000195109 |
| 14350.4 | 0.000192748 |
| 14351.6 | 0.000190386 |
| 14352.8 | 0.000188025 |
| 14353.9 | 0.000185661 |
| 14355.1 |   0.0001833 |
| 14356.2 | 0.000180969 |
| 14357.4 | 0.000178606 |
| 14358.6 | 0.000176244 |
| 14359.8 |  0.00017388 |
| 14360.9 | 0.000171516 |
| 14362.1 | 0.000169154 |
| 14363.2 | 0.000166791 |
| 14364.4 | 0.000164426 |
| 14365.6 | 0.000162094 |
| 14366.7 | 0.000159728 |
| 14367.9 | 0.000157364 |
| 14369.1 |    0.000155 |
| 14370.2 | 0.000152634 |
| 14371.4 | 0.000150268 |
| 14372.6 | 0.000147903 |
| 14373.7 | 0.000145537 |
| 14374.9 | 0.000143171 |
| 14376.1 | 0.000140805 |
| 14377.2 |  0.00013847 |
| 14378.4 | 0.000136104 |
| 14379.6 | 0.000133735 |
| 14380.7 | 0.000131369 |
| 14381.9 |    0.000129 |
| 14383.1 | 0.000126665 |
| 14384.2 | 0.000124375 |
| 14385.4 | 0.000122289 |
| 14386.6 |  0.00012026 |
| 14387.7 | 0.000118201 |
| 14388.9 | 0.000116143 |
| 14390.1 | 0.000114082 |
| 14391.2 | 0.000112012 |
| 14392.4 | 0.000109943 |
| 14393.6 | 0.000107873 |
| 14394.8 | 0.000105805 |
| 14395.9 | 0.000103762 |
| 14397.1 | 0.000101693 |
