# Units:
#  "lambda" is in Angstroms
#  "pass" is the contribution to the detector signal per photon
#         entering the atmosphere of Earth
# 
# Bandpass Name(s): F606W
# 
# Instrument: ACS_WFC_F606W
# 
# Determined by: 
# 
# Date of determination: 2010-May-02
# 
# Meaning of/Reason for default column: Only column available
# 
# Notes:
# 
# 
# Obtained from Leonidas Moustakas on 2011-Apr-02 for the CLASH team.
# 
# J. Moustakas, UCSD 2011-Apr-07
|  lambda |        pass |
| 4569.75 | 0.000104907 |
| 4570.32 | 0.000110686 |
| 4570.89 | 0.000116456 |
| 4571.46 | 0.000122231 |
| 4572.04 | 0.000128005 |
| 4572.61 | 0.000133778 |
| 4573.18 |  0.00013955 |
| 4573.75 | 0.000145327 |
| 4574.32 | 0.000151098 |
|  4574.9 | 0.000156873 |
| 4575.47 | 0.000162671 |
| 4576.05 |  0.00016847 |
| 4576.62 | 0.000174242 |
| 4577.19 | 0.000180014 |
| 4577.77 | 0.000185791 |
| 4578.34 | 0.000191561 |
| 4578.92 | 0.000197385 |
| 4579.49 | 0.000203159 |
| 4580.06 | 0.000208931 |
| 4580.64 | 0.000214702 |
| 4581.21 | 0.000220476 |
| 4581.78 | 0.000226244 |
| 4582.36 | 0.000232017 |
| 4582.93 | 0.000237784 |
|  4583.5 | 0.000243555 |
| 4584.08 | 0.000249325 |
| 4584.65 | 0.000255094 |
| 4585.23 | 0.000260867 |
|  4585.8 | 0.000266659 |
| 4586.38 | 0.000272454 |
| 4586.95 | 0.000278225 |
| 4587.53 | 0.000283994 |
|  4588.1 | 0.000289763 |
| 4588.68 | 0.000295531 |
| 4589.25 | 0.000301352 |
| 4589.83 | 0.000307117 |
|  4590.4 | 0.000312879 |
| 4590.98 | 0.000318696 |
| 4591.55 | 0.000324489 |
| 4592.13 | 0.000330282 |
|  4592.7 | 0.000336075 |
| 4593.28 | 0.000341868 |
| 4593.85 | 0.000347665 |
| 4594.43 | 0.000353458 |
|  4595.0 | 0.000359256 |
| 4595.58 | 0.000365054 |
| 4596.16 | 0.000370881 |
| 4596.73 | 0.000376678 |
| 4597.31 |   0.0003825 |
| 4597.88 | 0.000388302 |
| 4598.46 | 0.000394104 |
| 4599.04 | 0.000399902 |
| 4599.62 | 0.000405758 |
| 4600.19 | 0.000429584 |
| 4600.77 | 0.000489066 |
| 4601.34 |   0.0005491 |
| 4601.92 | 0.000608825 |
|  4602.5 | 0.000668596 |
| 4603.07 | 0.000728362 |
| 4603.65 | 0.000788123 |
| 4604.23 |  0.00084788 |
|  4604.8 | 0.000907631 |
| 4605.38 | 0.000967429 |
| 4605.95 |  0.00102722 |
| 4606.53 |  0.00108726 |
| 4607.11 |  0.00114699 |
| 4607.69 |  0.00120708 |
| 4608.27 |  0.00126685 |
| 4608.84 |  0.00132662 |
| 4609.42 |  0.00138643 |
|  4610.0 |  0.00144675 |
| 4610.58 |   0.0015065 |
| 4611.15 |  0.00156593 |
| 4611.73 |  0.00162596 |
| 4612.31 |  0.00168568 |
| 4612.89 |  0.00174539 |
| 4613.46 |  0.00180514 |
| 4614.04 |  0.00186488 |
| 4614.62 |  0.00192462 |
|  4615.2 |  0.00198434 |
| 4615.77 |  0.00204405 |
| 4616.35 |  0.00210375 |
| 4616.93 |  0.00216375 |
| 4617.51 |  0.00222343 |
| 4618.09 |  0.00228341 |
| 4618.67 |  0.00234313 |
| 4619.25 |  0.00240283 |
| 4619.83 |  0.00246253 |
| 4620.41 |  0.00263055 |
| 4620.99 |  0.00284233 |
| 4621.56 |   0.0030534 |
| 4622.15 |  0.00326626 |
| 4622.72 |  0.00347823 |
|  4623.3 |   0.0036902 |
| 4623.88 |  0.00390217 |
| 4624.46 |  0.00411414 |
| 4625.04 |  0.00432628 |
| 4625.62 |  0.00453844 |
|  4626.2 |  0.00475041 |
| 4626.77 |  0.00496256 |
| 4627.36 |  0.00517578 |
| 4627.94 |  0.00538793 |
| 4628.52 |  0.00560116 |
|  4629.1 |  0.00581332 |
| 4629.68 |  0.00602565 |
| 4630.26 |  0.00618367 |
| 4630.84 |   0.0062742 |
| 4631.42 |  0.00636395 |
|  4632.0 |  0.00645333 |
| 4632.58 |   0.0065435 |
| 4633.16 |  0.00663329 |
| 4633.74 |  0.00672301 |
| 4634.32 |  0.00681279 |
|  4634.9 |  0.00690255 |
| 4635.48 |  0.00699236 |
| 4636.06 |  0.00708209 |
| 4636.64 |  0.00717182 |
| 4637.22 |  0.00726161 |
| 4637.81 |  0.00735176 |
| 4638.38 |  0.00744152 |
| 4638.97 |  0.00753164 |
| 4639.55 |  0.00762146 |
| 4640.13 |  0.00779878 |
| 4640.71 |  0.00827996 |
|  4641.3 |  0.00876596 |
| 4641.88 |  0.00924706 |
| 4642.46 |  0.00972651 |
| 4643.04 |   0.0102104 |
| 4643.62 |   0.0106918 |
|  4644.2 |   0.0111731 |
| 4644.78 |   0.0116549 |
| 4645.37 |   0.0121366 |
| 4645.95 |   0.0126178 |
| 4646.53 |   0.0130994 |
| 4647.11 |   0.0135814 |
| 4647.69 |    0.014063 |
| 4648.28 |   0.0145469 |
| 4648.86 |   0.0150284 |
| 4649.44 |   0.0155122 |
| 4650.02 |   0.0160336 |
| 4650.61 |   0.0174789 |
| 4651.19 |   0.0189241 |
| 4651.77 |   0.0203765 |
| 4652.36 |   0.0218289 |
| 4652.94 |   0.0232678 |
| 4653.52 |   0.0247199 |
|  4654.1 |   0.0261659 |
| 4654.69 |   0.0276118 |
| 4655.27 |   0.0290588 |
| 4655.85 |   0.0305046 |
| 4656.44 |   0.0319514 |
| 4657.02 |   0.0334043 |
|  4657.6 |   0.0348437 |
| 4658.19 |   0.0362903 |
| 4658.77 |   0.0377441 |
| 4659.35 |   0.0391905 |
| 4659.94 |   0.0406442 |
| 4660.52 |   0.0410752 |
| 4661.11 |   0.0413889 |
| 4661.69 |   0.0417025 |
| 4662.27 |   0.0420174 |
| 4662.86 |   0.0423326 |
| 4663.44 |   0.0426449 |
| 4664.03 |   0.0429601 |
| 4664.61 |   0.0432737 |
|  4665.2 |   0.0435875 |
| 4665.78 |   0.0439014 |
| 4666.37 |   0.0442152 |
| 4666.95 |   0.0445289 |
| 4667.54 |   0.0448443 |
| 4668.12 |   0.0451568 |
|  4668.7 |   0.0454708 |
| 4669.29 |   0.0457861 |
| 4669.87 |   0.0461002 |
| 4670.46 |   0.0463265 |
| 4671.04 |   0.0465272 |
| 4671.63 |   0.0467279 |
| 4672.21 |   0.0469288 |
|  4672.8 |   0.0471304 |
| 4673.39 |   0.0473321 |
| 4673.97 |    0.047532 |
| 4674.56 |   0.0477338 |
| 4675.15 |   0.0479346 |
| 4675.73 |   0.0481354 |
| 4676.31 |   0.0483363 |
|  4676.9 |   0.0485372 |
| 4677.49 |   0.0487381 |
| 4678.07 |   0.0489399 |
| 4678.66 |   0.0491398 |
| 4679.24 |   0.0493408 |
| 4679.83 |   0.0495425 |
| 4680.42 |   0.0515272 |
|  4681.0 |   0.0542488 |
| 4681.59 |   0.0569591 |
| 4682.18 |   0.0596692 |
| 4682.76 |   0.0623815 |
| 4683.35 |   0.0651048 |
| 4683.94 |   0.0678256 |
| 4684.52 |   0.0705261 |
| 4685.11 |    0.073249 |
|  4685.7 |   0.0759605 |
| 4686.29 |   0.0786718 |
| 4686.87 |   0.0813853 |
| 4687.46 |   0.0840963 |
| 4688.05 |   0.0868095 |
| 4688.64 |   0.0895338 |
| 4689.22 |   0.0922353 |
| 4689.81 |   0.0949481 |
|  4690.4 |   0.0969314 |
| 4690.98 |    0.098549 |
| 4691.57 |    0.100173 |
| 4692.16 |    0.101789 |
| 4692.75 |    0.103407 |
| 4693.33 |    0.105024 |
| 4693.93 |    0.106649 |
| 4694.51 |    0.108266 |
|  4695.1 |    0.109885 |
| 4695.69 |    0.111508 |
| 4696.28 |    0.113127 |
| 4696.87 |    0.114745 |
| 4697.46 |    0.116363 |
| 4698.04 |    0.117981 |
| 4698.63 |      0.1196 |
| 4699.22 |    0.121226 |
| 4699.81 |    0.122837 |
|  4700.4 |    0.122438 |
| 4700.99 |     0.12105 |
| 4701.58 |    0.119667 |
| 4702.17 |    0.118277 |
| 4702.75 |    0.116894 |
| 4703.34 |     0.11551 |
| 4703.93 |    0.114126 |
| 4704.52 |    0.112736 |
| 4705.11 |    0.111351 |
|  4705.7 |    0.109967 |
| 4706.29 |    0.108576 |
| 4706.88 |    0.107192 |
| 4707.47 |    0.105807 |
| 4708.06 |    0.104421 |
| 4708.65 |    0.103036 |
| 4709.24 |     0.10165 |
| 4709.83 |    0.100259 |
| 4710.42 |    0.100797 |
| 4711.01 |    0.102117 |
|  4711.6 |    0.103443 |
| 4712.19 |    0.104762 |
| 4712.78 |    0.106087 |
| 4713.37 |    0.107407 |
| 4713.96 |    0.108727 |
| 4714.55 |    0.110046 |
| 4715.15 |    0.111371 |
| 4715.73 |     0.11269 |
| 4716.33 |    0.114009 |
| 4716.92 |    0.115333 |
| 4717.51 |    0.116652 |
|  4718.1 |    0.117971 |
| 4718.69 |    0.119289 |
| 4719.28 |    0.120609 |
| 4719.87 |    0.121927 |
| 4720.46 |    0.125403 |
| 4721.05 |    0.129439 |
| 4721.64 |    0.133493 |
| 4722.24 |    0.137566 |
| 4722.83 |    0.141619 |
| 4723.42 |    0.145675 |
| 4724.01 |    0.149749 |
|  4724.6 |    0.153805 |
|  4725.2 |    0.157865 |
| 4725.79 |    0.161938 |
| 4726.38 |    0.165997 |
| 4726.97 |    0.170052 |
| 4727.57 |    0.174129 |
| 4728.16 |    0.178188 |
| 4728.75 |    0.182251 |
| 4729.34 |     0.18631 |
| 4729.94 |    0.190369 |
| 4730.53 |    0.190648 |
| 4731.12 |    0.190463 |
| 4731.71 |    0.190281 |
|  4732.3 |    0.190098 |
|  4732.9 |    0.189913 |
| 4733.49 |     0.18973 |
| 4734.08 |    0.189547 |
| 4734.68 |    0.189362 |
| 4735.27 |    0.189179 |
| 4735.87 |    0.188996 |
| 4736.46 |    0.188811 |
| 4737.05 |    0.188628 |
| 4737.65 |    0.188444 |
| 4738.24 |     0.18826 |
| 4738.83 |    0.188076 |
| 4739.43 |    0.187893 |
| 4740.02 |    0.187652 |
| 4740.62 |     0.18588 |
| 4741.21 |    0.184108 |
|  4741.8 |    0.182328 |
|  4742.4 |    0.180564 |
| 4742.99 |    0.178792 |
| 4743.58 |    0.177013 |
| 4744.18 |    0.175241 |
| 4744.77 |    0.173469 |
| 4745.37 |    0.171688 |
| 4745.96 |    0.169915 |
| 4746.56 |    0.168144 |
| 4747.15 |    0.166365 |
| 4747.75 |    0.164593 |
| 4748.34 |    0.162819 |
| 4748.94 |     0.16104 |
| 4749.53 |    0.159267 |
| 4750.13 |    0.158373 |
| 4750.72 |    0.160663 |
| 4751.32 |    0.162953 |
| 4751.91 |    0.165243 |
| 4752.51 |    0.167543 |
|  4753.1 |    0.169823 |
|  4753.7 |    0.172115 |
| 4754.29 |    0.174417 |
| 4754.89 |    0.176709 |
| 4755.48 |    0.178991 |
| 4756.08 |    0.181304 |
| 4756.68 |    0.183597 |
| 4757.27 |    0.185891 |
| 4757.87 |    0.188195 |
| 4758.47 |    0.190488 |
| 4759.06 |    0.192783 |
| 4759.66 |     0.19509 |
| 4760.26 |    0.198418 |
| 4760.85 |    0.203105 |
| 4761.45 |    0.207796 |
| 4762.04 |    0.212482 |
| 4762.64 |    0.217172 |
| 4763.24 |    0.221881 |
| 4763.83 |    0.226551 |
| 4764.43 |     0.23124 |
| 4765.03 |    0.235952 |
| 4765.62 |    0.240644 |
| 4766.22 |    0.245314 |
| 4766.82 |    0.250048 |
| 4767.42 |    0.254739 |
| 4768.02 |     0.25943 |
| 4768.61 |    0.264144 |
| 4769.21 |    0.268835 |
| 4769.81 |    0.273529 |
| 4770.41 |    0.274359 |
|  4771.0 |    0.273364 |
|  4771.6 |    0.272369 |
|  4772.2 |    0.271375 |
|  4772.8 |     0.27038 |
| 4773.39 |    0.269384 |
| 4773.99 |    0.268384 |
| 4774.59 |    0.267393 |
| 4775.19 |    0.266398 |
| 4775.79 |    0.265398 |
| 4776.38 |    0.264402 |
| 4776.98 |    0.263411 |
| 4777.58 |    0.262405 |
| 4778.18 |    0.261408 |
| 4778.78 |    0.260412 |
| 4779.38 |    0.259411 |
| 4779.98 |    0.258414 |
| 4780.58 |    0.256034 |
| 4781.18 |    0.253592 |
| 4781.78 |    0.251163 |
| 4782.38 |    0.248732 |
| 4782.97 |    0.246301 |
| 4783.57 |     0.24387 |
| 4784.17 |    0.241438 |
| 4784.77 |    0.238997 |
| 4785.37 |    0.236575 |
| 4785.97 |    0.234145 |
| 4786.57 |    0.231701 |
| 4787.17 |    0.229269 |
| 4787.77 |    0.226847 |
| 4788.37 |    0.224394 |
| 4788.97 |    0.221963 |
| 4789.57 |     0.21953 |
| 4790.17 |    0.218376 |
| 4790.77 |    0.220457 |
| 4791.37 |    0.222556 |
| 4791.97 |    0.224656 |
| 4792.57 |    0.226747 |
| 4793.17 |    0.228837 |
| 4793.77 |    0.230929 |
| 4794.37 |     0.23302 |
| 4794.97 |    0.235111 |
| 4795.58 |    0.237212 |
| 4796.17 |    0.239294 |
| 4796.77 |    0.241386 |
| 4797.38 |    0.243487 |
| 4797.98 |    0.245579 |
| 4798.58 |    0.247663 |
| 4799.18 |    0.249774 |
| 4799.78 |    0.251866 |
| 4800.38 |    0.255131 |
| 4800.98 |    0.259067 |
| 4801.58 |    0.263004 |
| 4802.19 |    0.266956 |
| 4802.79 |    0.270912 |
| 4803.39 |    0.274849 |
| 4803.99 |    0.278786 |
|  4804.6 |    0.282726 |
|  4805.2 |    0.286663 |
|  4805.8 |    0.290603 |
|  4806.4 |    0.294544 |
|  4807.0 |    0.298484 |
|  4807.6 |    0.302428 |
| 4808.21 |    0.306388 |
| 4808.81 |    0.310329 |
| 4809.41 |    0.314257 |
| 4810.02 |    0.318114 |
| 4810.62 |    0.317604 |
| 4811.22 |    0.317094 |
| 4811.82 |    0.316584 |
| 4812.42 |    0.316074 |
| 4813.03 |    0.315562 |
| 4813.63 |     0.31505 |
| 4814.24 |     0.31454 |
| 4814.84 |     0.31403 |
| 4815.44 |     0.31352 |
| 4816.05 |     0.31301 |
| 4816.65 |    0.312499 |
| 4817.25 |    0.311989 |
| 4817.85 |    0.311479 |
| 4818.46 |    0.310968 |
| 4819.06 |    0.310455 |
| 4819.67 |    0.309944 |
| 4820.27 |    0.309808 |
| 4820.88 |    0.310139 |
| 4821.48 |    0.310467 |
| 4822.08 |    0.310795 |
| 4822.69 |    0.311124 |
| 4823.29 |    0.311453 |
|  4823.9 |    0.311783 |
|  4824.5 |    0.312113 |
| 4825.11 |    0.312441 |
| 4825.71 |     0.31277 |
| 4826.31 |    0.313099 |
| 4826.92 |    0.313428 |
| 4827.52 |    0.313757 |
| 4828.13 |    0.314086 |
| 4828.73 |    0.314415 |
| 4829.34 |    0.314744 |
| 4829.94 |    0.315075 |
| 4830.55 |    0.316222 |
| 4831.15 |    0.317448 |
| 4831.76 |    0.318689 |
| 4832.37 |    0.319921 |
| 4832.97 |    0.321154 |
| 4833.58 |    0.322385 |
| 4834.18 |    0.323617 |
| 4834.79 |    0.324856 |
|  4835.4 |    0.326094 |
|  4836.0 |    0.327327 |
| 4836.61 |    0.328561 |
| 4837.21 |    0.329794 |
| 4837.82 |    0.331028 |
| 4838.42 |    0.332262 |
| 4839.03 |    0.333497 |
| 4839.63 |    0.334732 |
| 4840.24 |    0.335804 |
| 4840.85 |    0.336629 |
| 4841.46 |    0.337451 |
| 4842.06 |     0.33827 |
| 4842.67 |      0.3391 |
| 4843.27 |    0.339922 |
| 4843.88 |    0.340745 |
| 4844.49 |    0.341568 |
|  4845.1 |    0.342391 |
|  4845.7 |    0.343217 |
| 4846.31 |    0.344043 |
| 4846.92 |    0.344866 |
| 4847.53 |    0.345689 |
| 4848.13 |    0.346512 |
| 4848.74 |    0.347335 |
| 4849.35 |    0.348158 |
| 4849.95 |    0.348982 |
| 4850.56 |    0.348743 |
| 4851.17 |    0.348417 |
| 4851.78 |     0.34809 |
| 4852.38 |    0.347764 |
| 4852.99 |     0.34744 |
|  4853.6 |    0.347112 |
| 4854.21 |    0.346786 |
| 4854.82 |    0.346459 |
| 4855.43 |    0.346133 |
| 4856.03 |    0.345807 |
| 4856.64 |     0.34548 |
| 4857.25 |    0.345153 |
| 4857.86 |    0.344827 |
| 4858.47 |    0.344501 |
| 4859.08 |    0.344175 |
| 4859.69 |     0.34385 |
| 4860.29 |    0.343824 |
|  4860.9 |    0.344117 |
| 4861.51 |    0.344411 |
| 4862.12 |    0.344705 |
| 4862.73 |    0.344999 |
| 4863.34 |    0.345292 |
| 4863.95 |    0.345585 |
| 4864.56 |    0.345882 |
| 4865.17 |    0.346175 |
| 4865.78 |    0.346469 |
| 4866.39 |    0.346763 |
|  4867.0 |    0.347057 |
| 4867.61 |    0.347353 |
| 4868.22 |    0.347648 |
| 4868.83 |    0.347943 |
| 4869.44 |    0.348237 |
| 4870.05 |    0.348545 |
| 4870.66 |    0.349012 |
| 4871.27 |    0.349478 |
| 4871.88 |    0.349943 |
| 4872.49 |    0.350409 |
|  4873.1 |    0.350876 |
| 4873.71 |    0.351344 |
| 4874.32 |    0.351808 |
| 4874.93 |    0.352275 |
| 4875.54 |    0.352745 |
| 4876.15 |    0.353211 |
| 4876.77 |    0.353678 |
| 4877.38 |    0.354144 |
| 4877.99 |    0.354611 |
|  4878.6 |    0.355079 |
| 4879.21 |    0.355548 |
| 4879.82 |    0.356015 |
| 4880.43 |    0.354784 |
| 4881.04 |    0.352862 |
| 4881.66 |     0.35094 |
| 4882.27 |    0.349016 |
| 4882.88 |    0.347095 |
| 4883.49 |    0.345171 |
|  4884.1 |    0.343247 |
| 4884.71 |    0.341314 |
| 4885.32 |    0.339399 |
| 4885.94 |    0.337474 |
| 4886.55 |    0.335533 |
| 4887.16 |    0.333608 |
| 4887.77 |    0.331683 |
| 4888.39 |    0.329757 |
|  4889.0 |    0.327831 |
| 4889.61 |    0.325897 |
| 4890.23 |    0.324201 |
| 4890.84 |    0.322915 |
| 4891.45 |    0.321629 |
| 4892.06 |    0.320341 |
| 4892.68 |    0.319054 |
| 4893.29 |    0.317766 |
|  4893.9 |    0.316478 |
| 4894.52 |     0.31519 |
| 4895.13 |    0.313902 |
| 4895.74 |    0.312606 |
| 4896.35 |    0.311323 |
| 4896.97 |    0.310032 |
| 4897.58 |    0.308731 |
|  4898.2 |     0.30744 |
| 4898.81 |     0.30615 |
| 4899.42 |    0.304859 |
| 4900.04 |    0.303641 |
| 4900.65 |    0.303581 |
| 4901.27 |    0.303521 |
| 4901.88 |    0.303461 |
|  4902.5 |      0.3034 |
| 4903.11 |     0.30334 |
| 4903.72 |     0.30328 |
| 4904.34 |     0.30322 |
| 4904.95 |     0.30316 |
| 4905.56 |      0.3031 |
| 4906.18 |     0.30304 |
|  4906.8 |    0.302979 |
| 4907.41 |    0.302919 |
| 4908.02 |    0.302858 |
| 4908.64 |    0.302798 |
| 4909.26 |    0.302738 |
| 4909.87 |    0.302677 |
| 4910.48 |    0.303131 |
|  4911.1 |    0.303721 |
| 4911.72 |    0.304315 |
| 4912.33 |    0.304908 |
| 4912.95 |    0.305499 |
| 4913.56 |     0.30609 |
| 4914.18 |    0.306681 |
| 4914.79 |    0.307273 |
| 4915.41 |    0.307864 |
| 4916.03 |    0.308455 |
| 4916.64 |    0.309047 |
| 4917.26 |    0.309639 |
| 4917.88 |    0.310234 |
| 4918.49 |    0.310823 |
|  4919.1 |    0.311415 |
| 4919.73 |    0.312013 |
| 4920.34 |    0.312963 |
| 4920.96 |    0.314203 |
| 4921.57 |    0.315443 |
| 4922.19 |    0.316683 |
|  4922.8 |    0.317922 |
| 4923.43 |    0.319174 |
| 4924.04 |    0.320414 |
| 4924.66 |    0.321655 |
| 4925.27 |    0.322896 |
| 4925.89 |    0.324137 |
| 4926.51 |    0.325378 |
| 4927.12 |     0.32662 |
| 4927.74 |    0.327861 |
| 4928.36 |    0.329103 |
| 4928.98 |    0.330351 |
| 4929.59 |    0.331588 |
| 4930.21 |    0.332903 |
| 4930.83 |    0.334374 |
| 4931.45 |    0.335832 |
| 4932.07 |    0.337291 |
| 4932.68 |    0.338751 |
|  4933.3 |     0.34021 |
| 4933.92 |     0.34167 |
| 4934.54 |    0.343143 |
| 4935.16 |    0.344604 |
| 4935.78 |    0.346064 |
|  4936.4 |    0.347525 |
| 4937.01 |    0.348988 |
| 4937.63 |    0.350449 |
| 4938.25 |    0.351912 |
| 4938.87 |    0.353375 |
| 4939.48 |    0.354838 |
| 4940.11 |    0.356163 |
| 4940.72 |    0.356786 |
| 4941.34 |    0.357412 |
| 4941.96 |    0.358044 |
| 4942.58 |    0.358669 |
|  4943.2 |    0.359296 |
| 4943.82 |    0.359922 |
| 4944.44 |    0.360548 |
| 4945.06 |    0.361175 |
| 4945.68 |    0.361809 |
|  4946.3 |    0.362436 |
| 4946.92 |    0.363063 |
| 4947.54 |    0.363691 |
| 4948.16 |    0.364318 |
| 4948.78 |    0.364946 |
|  4949.4 |    0.365574 |
| 4950.02 |    0.366154 |
| 4950.64 |     0.36512 |
| 4951.26 |    0.364081 |
| 4951.88 |    0.363052 |
|  4952.5 |    0.362017 |
| 4953.12 |    0.360972 |
| 4953.74 |    0.359938 |
| 4954.36 |    0.358904 |
| 4954.98 |    0.357869 |
|  4955.6 |    0.356834 |
| 4956.22 |    0.355799 |
| 4956.85 |    0.354755 |
| 4957.47 |     0.35372 |
| 4958.09 |    0.352685 |
| 4958.71 |     0.35165 |
| 4959.33 |    0.350615 |
| 4959.95 |     0.34958 |
| 4960.57 |    0.348149 |
| 4961.19 |    0.346685 |
| 4961.81 |     0.34522 |
| 4962.44 |    0.343748 |
| 4963.06 |     0.34229 |
| 4963.68 |    0.340824 |
| 4964.31 |    0.339345 |
| 4964.93 |    0.337878 |
| 4965.55 |    0.336411 |
| 4966.17 |    0.334944 |
| 4966.79 |    0.333476 |
| 4967.41 |    0.332007 |
| 4968.04 |    0.330525 |
| 4968.66 |    0.329057 |
| 4969.28 |    0.327587 |
| 4969.91 |    0.326117 |
| 4970.53 |    0.326443 |
| 4971.15 |    0.327088 |
| 4971.77 |    0.327733 |
|  4972.4 |    0.328378 |
| 4973.02 |    0.329023 |
| 4973.64 |    0.329669 |
| 4974.26 |    0.330314 |
| 4974.88 |     0.33096 |
| 4975.51 |    0.331611 |
| 4976.14 |    0.332257 |
| 4976.76 |    0.332904 |
| 4977.38 |    0.333551 |
|  4978.0 |    0.334197 |
| 4978.63 |    0.334844 |
| 4979.26 |    0.335496 |
| 4979.88 |    0.336143 |
|  4980.5 |    0.337563 |
| 4981.13 |    0.339168 |
| 4981.75 |    0.340773 |
| 4982.37 |    0.342378 |
|  4983.0 |    0.343983 |
| 4983.62 |     0.34559 |
| 4984.25 |    0.347195 |
| 4984.87 |    0.348802 |
| 4985.49 |    0.350408 |
| 4986.12 |    0.352015 |
| 4986.75 |    0.353637 |
| 4987.37 |    0.355244 |
|  4988.0 |    0.356852 |
| 4988.62 |     0.35846 |
| 4989.24 |    0.360068 |
| 4989.87 |    0.361677 |
|  4990.5 |    0.362521 |
| 4991.12 |    0.363156 |
| 4991.75 |     0.36379 |
| 4992.37 |    0.364425 |
|  4993.0 |    0.365061 |
| 4993.62 |    0.365696 |
| 4994.25 |    0.366331 |
| 4994.87 |    0.366966 |
|  4995.5 |    0.367603 |
| 4996.12 |    0.368239 |
| 4996.75 |    0.368875 |
| 4997.38 |    0.369511 |
| 4998.01 |    0.370153 |
| 4998.63 |     0.37079 |
| 4999.26 |    0.371427 |
| 4999.88 |    0.372064 |
| 5000.51 |    0.372535 |
| 5001.13 |    0.372967 |
| 5001.76 |    0.373399 |
| 5002.39 |    0.373835 |
| 5003.02 |    0.374267 |
| 5003.65 |    0.374699 |
| 5004.27 |    0.375131 |
|  5004.9 |    0.375564 |
| 5005.52 |    0.375996 |
| 5006.15 |    0.376429 |
| 5006.78 |    0.376862 |
|  5007.4 |    0.377294 |
| 5008.03 |    0.377728 |
| 5008.66 |    0.378161 |
| 5009.29 |    0.378597 |
| 5009.92 |     0.37903 |
| 5010.54 |     0.37856 |
| 5011.17 |    0.377951 |
|  5011.8 |    0.377343 |
| 5012.43 |    0.376734 |
| 5013.05 |    0.376126 |
| 5013.69 |    0.375511 |
| 5014.31 |    0.374902 |
| 5014.94 |    0.374293 |
| 5015.57 |    0.373684 |
|  5016.2 |    0.373075 |
| 5016.83 |    0.372465 |
| 5017.45 |    0.371855 |
| 5018.08 |    0.371244 |
| 5018.71 |    0.370634 |
| 5019.34 |    0.370024 |
| 5019.97 |    0.369413 |
|  5020.6 |    0.368059 |
| 5021.23 |    0.366676 |
| 5021.86 |    0.365291 |
| 5022.48 |    0.363907 |
| 5023.11 |    0.362523 |
| 5023.74 |    0.361138 |
| 5024.37 |    0.359752 |
| 5025.01 |    0.358355 |
| 5025.63 |    0.356967 |
| 5026.26 |    0.355581 |
| 5026.89 |    0.354195 |
| 5027.52 |    0.352807 |
| 5028.15 |     0.35142 |
| 5028.78 |    0.350032 |
| 5029.41 |    0.348644 |
| 5030.04 |    0.347243 |
| 5030.67 |    0.345669 |
|  5031.3 |    0.344094 |
| 5031.94 |    0.342505 |
| 5032.56 |    0.340937 |
| 5033.19 |    0.339355 |
| 5033.83 |    0.337779 |
| 5034.46 |    0.336202 |
| 5035.08 |    0.334625 |
| 5035.71 |    0.333047 |
| 5036.35 |    0.331455 |
| 5036.98 |    0.329877 |
| 5037.61 |    0.328298 |
| 5038.24 |    0.326719 |
| 5038.87 |    0.325139 |
|  5039.5 |    0.323558 |
| 5040.13 |    0.322202 |
| 5040.77 |    0.321665 |
|  5041.4 |    0.321129 |
| 5042.03 |    0.320592 |
| 5042.66 |    0.320055 |
|  5043.3 |    0.319514 |
| 5043.92 |    0.318979 |
| 5044.56 |     0.31844 |
| 5045.19 |    0.317902 |
| 5045.82 |    0.317365 |
| 5046.45 |    0.316827 |
| 5047.08 |    0.316289 |
| 5047.72 |    0.315746 |
| 5048.35 |    0.315207 |
| 5048.99 |    0.314669 |
| 5049.62 |     0.31413 |
| 5050.25 |    0.313834 |
| 5050.88 |    0.313908 |
| 5051.51 |    0.313983 |
| 5052.15 |    0.314057 |
| 5052.78 |    0.314133 |
| 5053.41 |    0.314207 |
| 5054.04 |    0.314282 |
| 5054.68 |    0.314357 |
| 5055.31 |    0.314432 |
| 5055.95 |    0.314507 |
| 5056.58 |    0.314581 |
| 5057.21 |    0.314656 |
| 5057.85 |    0.314731 |
| 5058.48 |    0.314806 |
| 5059.12 |    0.314881 |
| 5059.75 |    0.314956 |
| 5060.38 |    0.316519 |
| 5061.02 |     0.31904 |
| 5061.65 |    0.321563 |
| 5062.29 |    0.324085 |
| 5062.92 |     0.32661 |
| 5063.55 |    0.329135 |
| 5064.19 |    0.331671 |
| 5064.82 |    0.334185 |
| 5065.46 |    0.336713 |
|  5066.1 |    0.339262 |
| 5066.73 |    0.341779 |
| 5067.36 |    0.344318 |
|  5068.0 |    0.346847 |
| 5068.63 |    0.349378 |
| 5069.27 |    0.351909 |
|  5069.9 |    0.354451 |
| 5070.54 |    0.355064 |
| 5071.17 |     0.35533 |
| 5071.81 |    0.355597 |
| 5072.44 |    0.355863 |
| 5073.08 |    0.356129 |
| 5073.71 |    0.356396 |
| 5074.35 |    0.356662 |
| 5074.98 |    0.356929 |
| 5075.62 |    0.357197 |
| 5076.26 |    0.357462 |
| 5076.89 |    0.357729 |
| 5077.53 |    0.357998 |
| 5078.17 |    0.358265 |
|  5078.8 |    0.358532 |
| 5079.44 |    0.358799 |
| 5080.08 |    0.359157 |
| 5080.71 |    0.360196 |
| 5081.35 |    0.361239 |
| 5081.99 |    0.362283 |
| 5082.62 |    0.363322 |
| 5083.26 |    0.364361 |
|  5083.9 |    0.365401 |
| 5084.53 |    0.366441 |
| 5085.17 |    0.367482 |
| 5085.81 |    0.368522 |
| 5086.44 |    0.369562 |
| 5087.08 |    0.370608 |
| 5087.72 |    0.371644 |
| 5088.35 |    0.372686 |
|  5089.0 |    0.373736 |
| 5089.63 |    0.374774 |
| 5090.27 |    0.374642 |
| 5090.91 |    0.372909 |
| 5091.54 |    0.371177 |
| 5092.18 |    0.369443 |
| 5092.82 |    0.367702 |
| 5093.46 |    0.365958 |
|  5094.1 |    0.364224 |
| 5094.74 |    0.362487 |
| 5095.38 |     0.36075 |
| 5096.01 |    0.359013 |
| 5096.65 |    0.357276 |
| 5097.29 |    0.355537 |
| 5097.93 |    0.353799 |
| 5098.57 |    0.352052 |
|  5099.2 |     0.35032 |
| 5099.84 |     0.34858 |
| 5100.49 |    0.348265 |
| 5101.12 |    0.348417 |
| 5101.76 |    0.348572 |
|  5102.4 |    0.348725 |
| 5103.04 |    0.348878 |
| 5103.68 |    0.349031 |
| 5104.32 |    0.349185 |
| 5104.96 |    0.349339 |
|  5105.6 |    0.349493 |
| 5106.24 |    0.349647 |
| 5106.88 |      0.3498 |
| 5107.52 |    0.349954 |
| 5108.16 |    0.350107 |
|  5108.8 |    0.350261 |
| 5109.44 |    0.350414 |
| 5110.08 |    0.350527 |
| 5110.72 |    0.350338 |
| 5111.36 |    0.350147 |
|  5112.0 |    0.349957 |
| 5112.64 |    0.349767 |
| 5113.28 |    0.349576 |
| 5113.92 |    0.349386 |
| 5114.56 |    0.349196 |
|  5115.2 |    0.349005 |
| 5115.84 |    0.348815 |
| 5116.49 |    0.348623 |
| 5117.13 |    0.348433 |
| 5117.77 |    0.348242 |
| 5118.41 |    0.348051 |
| 5119.05 |    0.347861 |
| 5119.69 |     0.34767 |
| 5120.33 |    0.347651 |
| 5120.97 |    0.347794 |
| 5121.61 |    0.347936 |
| 5122.25 |    0.348078 |
|  5122.9 |    0.348221 |
| 5123.54 |    0.348363 |
| 5124.18 |    0.348505 |
| 5124.83 |    0.348648 |
| 5125.47 |     0.34879 |
| 5126.11 |    0.348933 |
| 5126.75 |    0.349076 |
| 5127.39 |    0.349218 |
| 5128.04 |    0.349362 |
| 5128.68 |    0.349504 |
| 5129.32 |    0.349646 |
| 5129.97 |    0.349789 |
| 5130.61 |    0.350742 |
| 5131.25 |    0.351741 |
| 5131.89 |     0.35274 |
| 5132.54 |     0.35374 |
| 5133.18 |    0.354739 |
| 5133.82 |     0.35574 |
| 5134.46 |    0.356745 |
| 5135.11 |    0.357745 |
| 5135.75 |    0.358747 |
|  5136.4 |    0.359752 |
| 5137.04 |    0.360754 |
| 5137.68 |    0.361756 |
| 5138.33 |    0.362758 |
| 5138.97 |    0.363761 |
| 5139.62 |    0.364773 |
| 5140.26 |    0.365471 |
|  5140.9 |    0.365722 |
| 5141.55 |    0.365973 |
| 5142.19 |    0.366225 |
| 5142.83 |    0.366477 |
| 5143.48 |    0.366728 |
| 5144.12 |     0.36698 |
| 5144.77 |    0.367231 |
| 5145.41 |    0.367483 |
| 5146.06 |    0.367736 |
|  5146.7 |    0.367987 |
| 5147.35 |    0.368239 |
| 5147.99 |    0.368492 |
| 5148.64 |    0.368744 |
| 5149.28 |    0.368996 |
| 5149.93 |    0.369248 |
| 5150.57 |    0.370183 |
| 5151.22 |    0.371216 |
| 5151.87 |     0.37224 |
| 5152.51 |    0.373264 |
| 5153.16 |    0.374289 |
|  5153.8 |    0.375313 |
| 5154.45 |    0.376339 |
| 5155.09 |    0.377365 |
| 5155.74 |     0.37839 |
| 5156.38 |    0.379416 |
| 5157.03 |    0.380442 |
| 5157.68 |    0.381473 |
| 5158.32 |    0.382495 |
| 5158.97 |    0.383527 |
| 5159.62 |    0.384559 |
| 5160.26 |    0.384637 |
| 5160.91 |    0.383325 |
| 5161.55 |    0.382012 |
|  5162.2 |    0.380699 |
| 5162.85 |    0.379374 |
|  5163.5 |    0.378061 |
| 5164.15 |    0.376746 |
| 5164.79 |    0.375431 |
| 5165.44 |    0.374116 |
| 5166.08 |      0.3728 |
| 5166.73 |    0.371484 |
| 5167.38 |    0.370168 |
| 5168.02 |    0.368851 |
| 5168.67 |    0.367533 |
| 5169.32 |     0.36621 |
| 5169.96 |    0.364897 |
| 5170.62 |    0.364817 |
| 5171.27 |    0.364807 |
| 5171.91 |    0.364797 |
| 5172.56 |    0.364787 |
| 5173.21 |    0.364777 |
| 5173.85 |    0.364767 |
| 5174.51 |    0.364757 |
| 5175.16 |    0.364747 |
|  5175.8 |    0.364736 |
| 5176.45 |    0.364726 |
|  5177.1 |    0.364716 |
| 5177.75 |    0.364706 |
|  5178.4 |    0.364695 |
| 5179.04 |    0.364684 |
| 5179.69 |    0.364674 |
| 5180.34 |    0.364323 |
| 5180.99 |    0.363661 |
| 5181.64 |    0.363006 |
| 5182.29 |    0.362345 |
| 5182.94 |    0.361682 |
| 5183.59 |    0.361023 |
| 5184.24 |    0.360364 |
| 5184.89 |    0.359704 |
| 5185.54 |    0.359044 |
| 5186.19 |    0.358378 |
| 5186.84 |    0.357717 |
| 5187.49 |    0.357056 |
| 5188.14 |    0.356395 |
| 5188.79 |    0.355734 |
| 5189.44 |    0.355073 |
| 5190.09 |    0.354876 |
| 5190.74 |    0.357671 |
| 5191.39 |    0.360463 |
| 5192.04 |    0.363258 |
| 5192.69 |    0.366065 |
| 5193.34 |    0.368847 |
| 5193.99 |    0.371658 |
| 5194.64 |    0.374466 |
| 5195.29 |    0.377264 |
| 5195.94 |    0.380061 |
| 5196.59 |    0.382859 |
| 5197.24 |     0.38566 |
|  5197.9 |    0.388485 |
| 5198.55 |    0.391284 |
|  5199.2 |    0.394086 |
| 5199.85 |    0.396888 |
|  5200.5 |    0.396275 |
| 5201.15 |     0.39466 |
| 5201.81 |    0.393044 |
| 5202.46 |    0.391427 |
| 5203.11 |    0.389809 |
| 5203.76 |    0.388185 |
| 5204.41 |    0.386566 |
| 5205.06 |    0.384953 |
| 5205.72 |    0.383326 |
| 5206.37 |    0.381698 |
| 5207.02 |    0.380076 |
| 5207.67 |    0.378453 |
| 5208.33 |     0.37683 |
| 5208.98 |    0.375207 |
| 5209.63 |    0.373576 |
| 5210.29 |     0.37293 |
| 5210.94 |    0.373538 |
| 5211.59 |    0.374146 |
| 5212.25 |    0.374754 |
|  5212.9 |    0.375363 |
| 5213.55 |    0.375972 |
|  5214.2 |    0.376581 |
| 5214.85 |    0.377192 |
| 5215.51 |    0.377805 |
| 5216.16 |    0.378415 |
| 5216.81 |    0.379022 |
| 5217.47 |    0.379635 |
| 5218.12 |    0.380249 |
| 5218.78 |     0.38086 |
| 5219.43 |    0.381471 |
| 5220.08 |    0.381662 |
| 5220.74 |    0.379052 |
|  5221.4 |     0.37643 |
| 5222.05 |    0.373807 |
| 5222.71 |    0.371194 |
| 5223.36 |    0.368581 |
| 5224.01 |    0.365968 |
| 5224.67 |    0.363354 |
| 5225.32 |    0.360738 |
| 5225.98 |    0.358125 |
| 5226.63 |    0.355509 |
| 5227.29 |     0.35288 |
| 5227.94 |    0.350263 |
| 5228.59 |    0.347658 |
| 5229.25 |     0.34503 |
| 5229.91 |    0.342399 |
| 5230.56 |    0.341698 |
| 5231.22 |    0.341316 |
| 5231.87 |    0.340934 |
| 5232.53 |    0.340551 |
| 5233.18 |    0.340167 |
| 5233.84 |    0.339783 |
|  5234.5 |      0.3394 |
| 5235.15 |    0.339017 |
| 5235.81 |    0.338634 |
| 5236.46 |    0.338251 |
| 5237.12 |    0.337868 |
| 5237.77 |    0.337484 |
| 5238.43 |    0.337101 |
| 5239.09 |    0.336715 |
| 5239.74 |    0.336332 |
|  5240.4 |    0.337708 |
| 5241.06 |    0.340248 |
| 5241.71 |    0.342786 |
| 5242.37 |    0.345315 |
| 5243.03 |    0.347845 |
| 5243.68 |    0.350376 |
| 5244.34 |    0.352908 |
|  5245.0 |    0.355454 |
| 5245.66 |    0.357998 |
| 5246.31 |    0.360533 |
| 5246.97 |    0.363069 |
| 5247.63 |    0.365607 |
| 5248.29 |    0.368145 |
| 5248.94 |    0.370685 |
|  5249.6 |    0.373224 |
| 5250.26 |    0.374151 |
| 5250.92 |    0.372548 |
| 5251.57 |    0.370952 |
| 5252.23 |    0.369362 |
| 5252.89 |    0.367757 |
| 5253.55 |    0.366153 |
| 5254.21 |    0.364554 |
| 5254.86 |    0.362955 |
| 5255.52 |    0.361355 |
| 5256.18 |    0.359755 |
| 5256.84 |    0.358147 |
|  5257.5 |    0.356539 |
| 5258.16 |    0.354937 |
| 5258.82 |    0.353335 |
| 5259.48 |    0.351732 |
| 5260.13 |    0.350874 |
| 5260.79 |    0.352915 |
| 5261.45 |    0.354958 |
| 5262.11 |    0.357001 |
| 5262.77 |    0.359053 |
| 5263.43 |    0.361098 |
| 5264.09 |    0.363133 |
| 5264.75 |    0.365187 |
| 5265.41 |    0.367244 |
| 5266.07 |    0.369291 |
| 5266.73 |    0.371338 |
| 5267.39 |    0.373385 |
| 5268.05 |    0.375434 |
| 5268.71 |    0.377493 |
| 5269.37 |    0.379544 |
| 5270.03 |    0.381467 |
| 5270.69 |    0.380655 |
| 5271.35 |    0.379842 |
| 5272.01 |    0.379028 |
| 5272.67 |    0.378214 |
| 5273.33 |      0.3774 |
| 5273.99 |    0.376585 |
| 5274.65 |    0.375766 |
| 5275.31 |    0.374954 |
| 5275.97 |    0.374138 |
| 5276.63 |    0.373319 |
|  5277.3 |    0.372499 |
| 5277.96 |    0.371682 |
| 5278.62 |    0.370865 |
| 5279.28 |    0.370048 |
| 5279.94 |     0.36923 |
|  5280.6 |    0.370644 |
| 5281.27 |    0.372268 |
| 5281.93 |      0.3739 |
| 5282.59 |    0.375525 |
| 5283.25 |    0.377151 |
| 5283.91 |    0.378776 |
| 5284.58 |    0.380403 |
| 5285.24 |    0.382028 |
|  5285.9 |    0.383655 |
| 5286.56 |    0.385289 |
| 5287.22 |    0.386909 |
| 5287.88 |    0.388537 |
| 5288.55 |    0.390171 |
| 5289.21 |    0.391806 |
| 5289.88 |    0.393434 |
| 5290.54 |    0.392919 |
|  5291.2 |    0.391902 |
| 5291.86 |    0.390886 |
| 5292.53 |    0.389865 |
| 5293.19 |    0.388848 |
| 5293.85 |    0.387826 |
| 5294.52 |    0.386808 |
| 5295.18 |    0.385789 |
| 5295.84 |    0.384771 |
| 5296.51 |    0.383751 |
| 5297.17 |    0.382731 |
| 5297.83 |    0.381711 |
|  5298.5 |    0.380686 |
| 5299.16 |     0.37967 |
| 5299.82 |    0.378648 |
| 5300.49 |    0.377961 |
| 5301.15 |    0.377397 |
| 5301.82 |    0.376836 |
| 5302.48 |    0.376274 |
| 5303.15 |    0.375712 |
| 5303.81 |    0.375149 |
| 5304.48 |    0.374585 |
| 5305.14 |    0.374023 |
| 5305.81 |    0.373458 |
| 5306.47 |    0.372895 |
| 5307.14 |    0.372332 |
|  5307.8 |    0.371769 |
| 5308.46 |    0.371206 |
| 5309.13 |    0.370642 |
| 5309.79 |    0.370079 |
| 5310.46 |     0.36897 |
| 5311.12 |    0.367628 |
| 5311.79 |    0.366282 |
| 5312.46 |    0.364928 |
| 5313.12 |    0.363573 |
| 5313.79 |    0.362223 |
| 5314.45 |    0.360874 |
| 5315.12 |    0.359524 |
| 5315.78 |    0.358172 |
| 5316.45 |    0.356814 |
| 5317.12 |    0.355462 |
| 5317.79 |    0.354104 |
| 5318.45 |     0.35275 |
| 5319.12 |    0.351397 |
| 5319.78 |    0.350042 |
| 5320.45 |    0.351183 |
| 5321.12 |    0.353525 |
| 5321.78 |    0.355868 |
| 5322.45 |    0.358221 |
| 5323.11 |    0.360556 |
| 5323.78 |    0.362899 |
| 5324.45 |    0.365255 |
| 5325.12 |    0.367611 |
| 5325.79 |    0.369957 |
| 5326.45 |    0.372303 |
| 5327.12 |    0.374652 |
| 5327.79 |    0.377001 |
| 5328.46 |    0.379357 |
| 5329.12 |    0.381706 |
| 5329.79 |    0.384066 |
| 5330.46 |     0.38373 |
| 5331.13 |    0.382183 |
| 5331.79 |    0.380635 |
| 5332.46 |    0.379086 |
| 5333.13 |    0.377536 |
|  5333.8 |    0.375986 |
| 5334.47 |     0.37443 |
| 5335.13 |    0.372885 |
|  5335.8 |    0.371333 |
| 5336.47 |    0.369774 |
| 5337.14 |    0.368216 |
| 5337.81 |     0.36667 |
| 5338.48 |    0.365111 |
| 5339.15 |    0.363556 |
| 5339.81 |    0.362001 |
| 5340.49 |    0.363464 |
| 5341.15 |    0.366071 |
| 5341.83 |    0.368689 |
|  5342.5 |    0.371296 |
| 5343.16 |    0.373905 |
| 5343.83 |    0.376514 |
|  5344.5 |    0.379124 |
| 5345.17 |    0.381736 |
| 5345.84 |    0.384347 |
| 5346.51 |    0.386971 |
| 5347.18 |    0.389574 |
| 5347.85 |    0.392188 |
| 5348.52 |    0.394816 |
| 5349.19 |    0.397443 |
| 5349.86 |    0.400048 |
| 5350.53 |    0.400109 |
|  5351.2 |    0.399487 |
| 5351.87 |    0.398864 |
| 5352.54 |    0.398239 |
| 5353.21 |    0.397619 |
| 5353.89 |     0.39699 |
| 5354.56 |    0.396367 |
| 5355.23 |    0.395743 |
|  5355.9 |     0.39512 |
| 5356.57 |    0.394496 |
| 5357.24 |    0.393872 |
| 5357.91 |    0.393248 |
| 5358.58 |     0.39262 |
| 5359.25 |    0.391998 |
| 5359.92 |    0.391373 |
|  5360.6 |    0.391051 |
| 5361.27 |    0.390768 |
| 5361.94 |    0.390488 |
| 5362.61 |    0.390206 |
| 5363.28 |    0.389924 |
| 5363.95 |    0.389642 |
| 5364.63 |    0.389359 |
|  5365.3 |    0.389078 |
| 5365.97 |    0.388793 |
| 5366.65 |    0.388511 |
| 5367.32 |    0.388229 |
| 5367.99 |    0.387946 |
| 5368.66 |    0.387664 |
| 5369.33 |    0.387381 |
| 5370.01 |    0.387101 |
| 5370.68 |    0.387227 |
| 5371.35 |    0.387352 |
| 5372.02 |    0.387479 |
|  5372.7 |    0.387605 |
| 5373.37 |    0.387731 |
| 5374.04 |    0.387857 |
| 5374.72 |    0.387983 |
| 5375.39 |    0.388109 |
| 5376.06 |    0.388235 |
| 5376.74 |    0.388361 |
| 5377.41 |    0.388486 |
| 5378.09 |    0.388613 |
| 5378.76 |    0.388739 |
| 5379.44 |    0.388865 |
| 5380.11 |    0.388846 |
| 5380.78 |    0.388081 |
| 5381.46 |    0.387316 |
| 5382.13 |    0.386551 |
| 5382.81 |    0.385782 |
| 5383.48 |     0.38502 |
| 5384.15 |    0.384254 |
| 5384.83 |    0.383485 |
|  5385.5 |    0.382715 |
| 5386.18 |    0.381951 |
| 5386.85 |    0.381181 |
| 5387.53 |    0.380414 |
|  5388.2 |    0.379647 |
| 5388.88 |    0.378875 |
| 5389.55 |     0.37811 |
| 5390.23 |    0.377017 |
| 5390.91 |    0.375326 |
| 5391.58 |    0.373633 |
| 5392.26 |    0.371938 |
| 5392.93 |    0.370245 |
| 5393.61 |    0.368551 |
| 5394.28 |    0.366855 |
| 5394.96 |     0.36516 |
| 5395.63 |    0.363464 |
| 5396.31 |    0.361768 |
| 5396.99 |    0.360062 |
| 5397.66 |    0.358358 |
| 5398.34 |    0.356667 |
| 5399.02 |    0.354962 |
| 5399.69 |    0.353263 |
| 5400.37 |    0.352323 |
| 5401.04 |    0.352022 |
| 5401.72 |     0.35172 |
|  5402.4 |    0.351416 |
| 5403.08 |    0.351114 |
| 5403.75 |    0.350812 |
| 5404.43 |    0.350509 |
| 5405.11 |    0.350206 |
| 5405.78 |    0.349904 |
| 5406.46 |    0.349602 |
| 5407.14 |    0.349299 |
| 5407.81 |    0.348995 |
| 5408.49 |    0.348692 |
| 5409.17 |    0.348388 |
| 5409.85 |    0.348083 |
| 5410.52 |    0.349125 |
| 5411.21 |    0.350562 |
| 5411.88 |    0.351995 |
| 5412.56 |    0.353427 |
| 5413.24 |     0.35486 |
| 5413.92 |    0.356292 |
|  5414.6 |    0.357739 |
| 5415.28 |    0.359173 |
| 5415.96 |    0.360608 |
| 5416.63 |    0.362043 |
| 5417.31 |    0.363479 |
| 5417.99 |    0.364915 |
| 5418.67 |     0.36635 |
| 5419.35 |    0.367788 |
| 5420.02 |    0.369215 |
|  5420.7 |    0.370362 |
| 5421.38 |    0.371515 |
| 5422.06 |    0.372669 |
| 5422.74 |    0.373813 |
| 5423.42 |    0.374967 |
|  5424.1 |    0.376115 |
| 5424.78 |    0.377264 |
| 5425.46 |    0.378414 |
| 5426.14 |    0.379564 |
| 5426.82 |    0.380725 |
|  5427.5 |    0.381875 |
| 5428.18 |    0.383025 |
| 5428.86 |    0.384176 |
| 5429.54 |    0.385328 |
| 5430.22 |    0.386397 |
|  5430.9 |    0.387295 |
| 5431.58 |    0.388194 |
| 5432.26 |    0.389093 |
| 5432.94 |    0.389992 |
| 5433.62 |    0.390895 |
| 5434.31 |    0.391799 |
| 5434.98 |    0.392695 |
| 5435.67 |    0.393598 |
| 5436.35 |      0.3945 |
| 5437.03 |    0.395401 |
| 5437.71 |    0.396301 |
| 5438.39 |    0.397202 |
| 5439.08 |    0.398112 |
| 5439.76 |    0.399014 |
| 5440.44 |    0.399844 |
| 5441.12 |    0.400635 |
|  5441.8 |    0.401425 |
| 5442.48 |    0.402216 |
| 5443.16 |    0.403008 |
| 5443.84 |    0.403798 |
| 5444.52 |     0.40459 |
| 5445.21 |    0.405381 |
| 5445.89 |    0.406177 |
| 5446.58 |    0.406972 |
| 5447.25 |    0.407762 |
| 5447.94 |    0.408556 |
| 5448.62 |    0.409349 |
|  5449.3 |    0.410142 |
| 5449.99 |    0.410935 |
| 5450.67 |    0.410631 |
| 5451.36 |      0.4103 |
| 5452.04 |    0.409972 |
| 5452.72 |    0.409644 |
|  5453.4 |    0.409316 |
| 5454.09 |    0.408987 |
| 5454.77 |    0.408658 |
| 5455.45 |    0.408329 |
| 5456.13 |       0.408 |
| 5456.82 |    0.407672 |
|  5457.5 |    0.407343 |
| 5458.19 |    0.407012 |
| 5458.87 |    0.406682 |
| 5459.55 |    0.406353 |
| 5460.24 |    0.406179 |
| 5460.92 |    0.406298 |
| 5461.61 |    0.406417 |
| 5462.29 |    0.406536 |
| 5462.97 |    0.406655 |
| 5463.66 |    0.406776 |
| 5464.35 |    0.406894 |
| 5465.03 |    0.407013 |
| 5465.72 |    0.407132 |
|  5466.4 |    0.407251 |
| 5467.08 |     0.40737 |
| 5467.77 |    0.407489 |
| 5468.45 |    0.407608 |
| 5469.14 |    0.407727 |
| 5469.82 |    0.407845 |
| 5470.51 |    0.408244 |
| 5471.19 |    0.408739 |
| 5471.88 |    0.409233 |
| 5472.57 |    0.409731 |
| 5473.25 |    0.410226 |
| 5473.94 |     0.41072 |
| 5474.62 |    0.411216 |
| 5475.31 |    0.411711 |
|  5476.0 |     0.41221 |
| 5476.69 |    0.412706 |
| 5477.37 |    0.413201 |
| 5478.06 |    0.413696 |
| 5478.74 |    0.414192 |
| 5479.43 |    0.414688 |
| 5480.11 |    0.415052 |
|  5480.8 |    0.414749 |
| 5481.49 |    0.414445 |
| 5482.17 |    0.414142 |
| 5482.86 |    0.413837 |
| 5483.54 |    0.413535 |
| 5484.23 |    0.413229 |
| 5484.92 |    0.412924 |
| 5485.61 |     0.41262 |
|  5486.3 |    0.412316 |
| 5486.98 |    0.412012 |
| 5487.67 |    0.411708 |
| 5488.36 |      0.4114 |
| 5489.05 |    0.411095 |
| 5489.74 |     0.41079 |
| 5490.42 |    0.410544 |
| 5491.11 |    0.410332 |
|  5491.8 |    0.410121 |
| 5492.49 |    0.409909 |
| 5493.17 |    0.409698 |
| 5493.86 |    0.409486 |
| 5494.55 |    0.409274 |
| 5495.24 |    0.409061 |
| 5495.92 |     0.40885 |
| 5496.62 |    0.408637 |
| 5497.31 |    0.408423 |
|  5498.0 |    0.408211 |
| 5498.68 |    0.407999 |
| 5499.37 |    0.407787 |
| 5500.06 |    0.407469 |
| 5500.75 |    0.406025 |
| 5501.44 |    0.404582 |
| 5502.13 |    0.403144 |
| 5502.82 |    0.401706 |
| 5503.51 |    0.400267 |
|  5504.2 |    0.398828 |
| 5504.89 |    0.397388 |
| 5505.58 |    0.395947 |
| 5506.27 |    0.394506 |
| 5506.96 |    0.393058 |
| 5507.65 |    0.391615 |
| 5508.33 |    0.390179 |
| 5509.03 |    0.388728 |
| 5509.72 |    0.387278 |
| 5510.41 |    0.386873 |
|  5511.1 |    0.387186 |
| 5511.79 |    0.387498 |
| 5512.48 |    0.387811 |
| 5513.17 |    0.388125 |
| 5513.86 |    0.388439 |
| 5514.55 |    0.388752 |
| 5515.24 |    0.389065 |
| 5515.94 |    0.389378 |
| 5516.62 |     0.38969 |
| 5517.31 |    0.390003 |
| 5518.01 |    0.390317 |
|  5518.7 |    0.390629 |
| 5519.39 |    0.390943 |
| 5520.08 |    0.391277 |
| 5520.77 |    0.391757 |
| 5521.46 |    0.392241 |
| 5522.16 |    0.392724 |
| 5522.85 |    0.393206 |
| 5523.54 |    0.393689 |
| 5524.23 |    0.394171 |
| 5524.92 |    0.394653 |
| 5525.62 |    0.395138 |
| 5526.31 |    0.395622 |
|  5527.0 |    0.396105 |
|  5527.7 |    0.396588 |
| 5528.39 |     0.39707 |
| 5529.08 |    0.397553 |
| 5529.77 |    0.398036 |
| 5530.46 |    0.398505 |
| 5531.16 |    0.398967 |
| 5531.85 |    0.399431 |
| 5532.54 |    0.399893 |
| 5533.23 |    0.400354 |
| 5533.93 |    0.400818 |
| 5534.62 |    0.401282 |
| 5535.32 |    0.401744 |
| 5536.01 |    0.402207 |
|  5536.7 |     0.40267 |
|  5537.4 |    0.403132 |
| 5538.09 |    0.403597 |
| 5538.79 |    0.404061 |
| 5539.48 |    0.404524 |
| 5540.18 |    0.404967 |
| 5540.87 |    0.405348 |
| 5541.56 |    0.405729 |
| 5542.26 |     0.40611 |
| 5542.95 |    0.406492 |
| 5543.65 |    0.406873 |
| 5544.34 |    0.407256 |
| 5545.04 |    0.407637 |
| 5545.73 |    0.408016 |
| 5546.42 |    0.408399 |
| 5547.12 |    0.408782 |
| 5547.82 |    0.409164 |
| 5548.51 |    0.409544 |
| 5549.21 |    0.409926 |
|  5549.9 |    0.410308 |
|  5550.6 |    0.409649 |
| 5551.29 |    0.408814 |
| 5551.99 |    0.407982 |
| 5552.69 |     0.40715 |
| 5553.38 |    0.406318 |
| 5554.08 |    0.405484 |
| 5554.77 |    0.404652 |
| 5555.46 |    0.403819 |
| 5556.16 |    0.402986 |
| 5556.86 |    0.402149 |
| 5557.56 |    0.401314 |
| 5558.25 |    0.400483 |
| 5558.95 |    0.399645 |
| 5559.65 |    0.398805 |
| 5560.34 |     0.39871 |
| 5561.04 |    0.399384 |
| 5561.73 |    0.400058 |
| 5562.43 |    0.400732 |
| 5563.13 |     0.40141 |
| 5563.83 |    0.402087 |
| 5564.52 |    0.402761 |
| 5565.22 |    0.403436 |
| 5565.92 |     0.40411 |
| 5566.62 |    0.404785 |
| 5567.31 |     0.40546 |
| 5568.01 |    0.406134 |
| 5568.71 |    0.406809 |
|  5569.4 |    0.407487 |
|  5570.1 |    0.408091 |
|  5570.8 |    0.408278 |
|  5571.5 |    0.408467 |
|  5572.2 |    0.408656 |
|  5572.9 |    0.408843 |
| 5573.59 |    0.409032 |
| 5574.29 |    0.409219 |
| 5574.99 |    0.409407 |
| 5575.69 |    0.409596 |
| 5576.39 |    0.409785 |
| 5577.09 |    0.409973 |
| 5577.79 |    0.410161 |
| 5578.48 |    0.410348 |
| 5579.18 |    0.410536 |
| 5579.88 |    0.410723 |
| 5580.58 |    0.410468 |
| 5581.28 |    0.410122 |
| 5581.98 |    0.409774 |
| 5582.67 |    0.409429 |
| 5583.38 |    0.409083 |
| 5584.08 |    0.408735 |
| 5584.78 |    0.408386 |
| 5585.48 |    0.408039 |
| 5586.18 |    0.407692 |
| 5586.88 |    0.407345 |
| 5587.58 |    0.406998 |
| 5588.28 |    0.406649 |
| 5588.98 |    0.406302 |
| 5589.68 |    0.405953 |
| 5590.38 |    0.405655 |
| 5591.08 |      0.4054 |
| 5591.78 |    0.405145 |
| 5592.48 |     0.40489 |
| 5593.18 |    0.404634 |
| 5593.88 |    0.404379 |
| 5594.58 |    0.404124 |
| 5595.28 |    0.403867 |
| 5595.98 |     0.40361 |
| 5596.69 |    0.403354 |
| 5597.38 |    0.403099 |
| 5598.09 |    0.402842 |
| 5598.79 |    0.402585 |
| 5599.49 |    0.402327 |
| 5600.19 |    0.401807 |
| 5600.89 |    0.400574 |
|  5601.6 |     0.39933 |
|  5602.3 |    0.398096 |
|  5603.0 |    0.396862 |
|  5603.7 |    0.395627 |
|  5604.4 |    0.394393 |
|  5605.1 |    0.393158 |
| 5605.81 |    0.391916 |
| 5606.51 |    0.390685 |
| 5607.21 |    0.389449 |
| 5607.92 |    0.388207 |
| 5608.62 |    0.386969 |
| 5609.32 |    0.385727 |
| 5610.02 |    0.384533 |
| 5610.73 |    0.384566 |
| 5611.43 |    0.384598 |
| 5612.13 |    0.384631 |
| 5612.83 |    0.384663 |
| 5613.54 |    0.384695 |
| 5614.24 |    0.384727 |
| 5614.94 |    0.384759 |
| 5615.65 |    0.384792 |
| 5616.35 |    0.384824 |
| 5617.06 |    0.384856 |
| 5617.76 |    0.384888 |
| 5618.47 |    0.384921 |
| 5619.17 |    0.384952 |
| 5619.87 |    0.384984 |
| 5620.58 |    0.385845 |
| 5621.28 |    0.386889 |
| 5621.99 |    0.387938 |
| 5622.69 |    0.388981 |
|  5623.4 |    0.390025 |
|  5624.1 |     0.39107 |
| 5624.81 |    0.392119 |
| 5625.51 |    0.393159 |
| 5626.21 |    0.394204 |
| 5626.92 |    0.395254 |
| 5627.62 |    0.396299 |
| 5628.33 |    0.397349 |
| 5629.04 |    0.398396 |
| 5629.74 |    0.399441 |
| 5630.44 |    0.400346 |
| 5631.15 |    0.401171 |
| 5631.85 |    0.401991 |
| 5632.56 |    0.402813 |
| 5633.27 |    0.403639 |
| 5633.97 |    0.404463 |
| 5634.68 |     0.40529 |
| 5635.39 |    0.406114 |
| 5636.09 |    0.406938 |
|  5636.8 |    0.407762 |
|  5637.5 |     0.40859 |
| 5638.21 |     0.40941 |
| 5638.91 |    0.410234 |
| 5639.62 |    0.411063 |
| 5640.33 |    0.411551 |
| 5641.04 |    0.411653 |
| 5641.74 |    0.411756 |
| 5642.45 |    0.411858 |
| 5643.16 |    0.411961 |
| 5643.87 |    0.412063 |
| 5644.57 |    0.412165 |
| 5645.27 |    0.412268 |
| 5645.98 |    0.412371 |
| 5646.69 |    0.412472 |
|  5647.4 |    0.412575 |
| 5648.11 |    0.412677 |
| 5648.82 |     0.41278 |
| 5649.52 |    0.412882 |
| 5650.23 |    0.412759 |
| 5650.94 |    0.412177 |
| 5651.65 |    0.411593 |
| 5652.35 |    0.411005 |
| 5653.06 |     0.41042 |
| 5653.77 |    0.409833 |
| 5654.48 |    0.409248 |
| 5655.19 |    0.408663 |
|  5655.9 |    0.408078 |
| 5656.61 |     0.40749 |
| 5657.31 |    0.406907 |
| 5658.02 |    0.406321 |
| 5658.73 |    0.405734 |
| 5659.44 |    0.405148 |
| 5660.15 |    0.404553 |
| 5660.86 |    0.403936 |
| 5661.57 |    0.403319 |
| 5662.28 |    0.402702 |
| 5662.99 |    0.402082 |
|  5663.7 |    0.401468 |
|  5664.4 |     0.40085 |
| 5665.12 |     0.40023 |
| 5665.83 |    0.399612 |
| 5666.54 |    0.398992 |
| 5667.25 |    0.398374 |
| 5667.96 |    0.397755 |
| 5668.67 |    0.397137 |
| 5669.38 |    0.396516 |
| 5670.09 |    0.395982 |
| 5670.79 |    0.396048 |
| 5671.51 |    0.396115 |
| 5672.22 |    0.396181 |
| 5672.93 |    0.396249 |
| 5673.64 |    0.396315 |
| 5674.35 |    0.396381 |
| 5675.06 |    0.396448 |
| 5675.78 |    0.396514 |
| 5676.48 |    0.396581 |
| 5677.19 |    0.396648 |
| 5677.91 |    0.396714 |
| 5678.62 |    0.396781 |
| 5679.33 |    0.396848 |
| 5680.04 |    0.396939 |
| 5680.75 |    0.397414 |
| 5681.46 |    0.397888 |
| 5682.18 |    0.398363 |
| 5682.89 |    0.398837 |
|  5683.6 |    0.399312 |
| 5684.31 |     0.39979 |
| 5685.02 |    0.400265 |
| 5685.74 |    0.400743 |
| 5686.45 |    0.401219 |
| 5687.16 |    0.401695 |
| 5687.88 |    0.402171 |
| 5688.59 |    0.402647 |
|  5689.3 |    0.403123 |
| 5690.01 |    0.403603 |
| 5690.73 |    0.404236 |
| 5691.44 |    0.404866 |
| 5692.15 |    0.405499 |
| 5692.87 |    0.406131 |
| 5693.58 |    0.406762 |
| 5694.29 |    0.407393 |
|  5695.0 |    0.408025 |
| 5695.72 |    0.408657 |
| 5696.43 |    0.409289 |
| 5697.15 |    0.409923 |
| 5697.86 |    0.410556 |
| 5698.58 |    0.411191 |
| 5699.29 |    0.411823 |
|  5700.0 |    0.412454 |
| 5700.72 |    0.412692 |
| 5701.43 |    0.412931 |
| 5702.14 |    0.413169 |
| 5702.86 |    0.413408 |
| 5703.58 |    0.413647 |
| 5704.29 |    0.413886 |
| 5705.01 |    0.414126 |
| 5705.72 |    0.414364 |
| 5706.43 |    0.414603 |
| 5707.15 |    0.414843 |
| 5707.86 |    0.415081 |
| 5708.58 |     0.41532 |
| 5709.29 |     0.41556 |
| 5710.01 |    0.415789 |
| 5710.73 |     0.41518 |
| 5711.44 |    0.414567 |
| 5712.16 |    0.413957 |
| 5712.87 |    0.413347 |
| 5713.59 |    0.412737 |
|  5714.3 |    0.412126 |
| 5715.02 |    0.411516 |
| 5715.73 |    0.410906 |
| 5716.45 |    0.410292 |
| 5717.17 |    0.409682 |
| 5717.89 |    0.409068 |
|  5718.6 |    0.408457 |
| 5719.32 |    0.407846 |
| 5720.03 |    0.407261 |
| 5720.75 |    0.407214 |
| 5721.47 |    0.407168 |
| 5722.18 |    0.407122 |
|  5722.9 |    0.407075 |
| 5723.62 |    0.407028 |
| 5724.34 |    0.406981 |
| 5725.05 |    0.406935 |
| 5725.77 |    0.406889 |
| 5726.49 |    0.406843 |
|  5727.2 |    0.406796 |
| 5727.92 |    0.406751 |
| 5728.64 |    0.406705 |
| 5729.36 |    0.406659 |
| 5730.08 |     0.40669 |
|  5730.8 |    0.407381 |
| 5731.51 |     0.40807 |
| 5732.23 |    0.408759 |
| 5732.95 |    0.409449 |
| 5733.67 |    0.410138 |
| 5734.38 |    0.410828 |
|  5735.1 |    0.411519 |
| 5735.82 |    0.412212 |
| 5736.54 |    0.412903 |
| 5737.26 |    0.413597 |
| 5737.98 |    0.414289 |
|  5738.7 |    0.414981 |
| 5739.42 |    0.415673 |
| 5740.13 |    0.415872 |
| 5740.85 |    0.413931 |
| 5741.57 |    0.411992 |
| 5742.29 |    0.410044 |
| 5743.01 |    0.408104 |
| 5743.73 |    0.406155 |
| 5744.45 |    0.404215 |
| 5745.17 |    0.402274 |
| 5745.89 |    0.400334 |
| 5746.61 |    0.398393 |
| 5747.33 |    0.396452 |
| 5748.05 |    0.394512 |
| 5748.77 |    0.392562 |
| 5749.49 |     0.39062 |
| 5750.21 |    0.389235 |
| 5750.94 |    0.389181 |
| 5751.65 |    0.389128 |
| 5752.38 |    0.389075 |
|  5753.1 |    0.389021 |
| 5753.81 |    0.388967 |
| 5754.54 |    0.388914 |
| 5755.26 |    0.388861 |
| 5755.98 |    0.388807 |
|  5756.7 |    0.388754 |
| 5757.42 |      0.3887 |
| 5758.14 |    0.388647 |
| 5758.87 |    0.388593 |
| 5759.58 |    0.388541 |
| 5760.31 |    0.388424 |
| 5761.03 |    0.388222 |
| 5761.75 |     0.38802 |
| 5762.47 |    0.387819 |
|  5763.2 |    0.387616 |
| 5763.92 |    0.387414 |
| 5764.64 |    0.387213 |
| 5765.36 |    0.387011 |
| 5766.08 |    0.386809 |
| 5766.81 |    0.386609 |
| 5767.53 |    0.386407 |
| 5768.25 |    0.386205 |
| 5768.98 |    0.386004 |
|  5769.7 |    0.385801 |
| 5770.42 |    0.385933 |
| 5771.15 |    0.386303 |
| 5771.87 |    0.386673 |
| 5772.59 |    0.387043 |
| 5773.31 |    0.387413 |
| 5774.04 |    0.387783 |
| 5774.76 |    0.388155 |
| 5775.48 |    0.388526 |
| 5776.21 |    0.388898 |
| 5776.93 |    0.389269 |
| 5777.66 |    0.389641 |
| 5778.38 |    0.390013 |
|  5779.1 |    0.390384 |
| 5779.83 |    0.390757 |
| 5780.55 |    0.391439 |
| 5781.28 |    0.392224 |
|  5782.0 |    0.393005 |
| 5782.73 |    0.393791 |
| 5783.45 |    0.394573 |
| 5784.17 |    0.395356 |
|  5784.9 |    0.396139 |
| 5785.62 |    0.396922 |
| 5786.35 |    0.397705 |
| 5787.07 |    0.398488 |
|  5787.8 |    0.399275 |
| 5788.52 |    0.400059 |
| 5789.25 |    0.400847 |
| 5789.98 |    0.401631 |
|  5790.7 |    0.402595 |
| 5791.42 |    0.403565 |
| 5792.15 |    0.404535 |
| 5792.88 |    0.405507 |
|  5793.6 |    0.406478 |
| 5794.33 |    0.407455 |
| 5795.05 |    0.408426 |
| 5795.78 |    0.409402 |
| 5796.51 |    0.410376 |
| 5797.23 |     0.41135 |
| 5797.96 |    0.412323 |
| 5798.69 |    0.413298 |
| 5799.41 |    0.414272 |
| 5800.14 |    0.415154 |
| 5800.87 |    0.415633 |
| 5801.59 |     0.41611 |
| 5802.32 |    0.416589 |
| 5803.05 |    0.417067 |
| 5803.77 |    0.417544 |
|  5804.5 |    0.418022 |
| 5805.23 |    0.418499 |
| 5805.95 |    0.418977 |
| 5806.68 |    0.419455 |
| 5807.41 |    0.419935 |
| 5808.14 |    0.420414 |
| 5808.87 |    0.420895 |
|  5809.6 |    0.421373 |
| 5810.32 |    0.421726 |
| 5811.05 |    0.421919 |
| 5811.78 |    0.422111 |
|  5812.5 |    0.422304 |
| 5813.23 |    0.422498 |
| 5813.96 |    0.422692 |
| 5814.69 |    0.422885 |
| 5815.42 |     0.42308 |
| 5816.15 |    0.423274 |
| 5816.88 |    0.423468 |
|  5817.6 |    0.423662 |
| 5818.33 |    0.423856 |
| 5819.06 |    0.424051 |
| 5819.79 |    0.424246 |
| 5820.52 |    0.423732 |
| 5821.25 |    0.422938 |
| 5821.98 |    0.422139 |
| 5822.71 |    0.421345 |
| 5823.44 |     0.42055 |
| 5824.17 |    0.419755 |
|  5824.9 |     0.41896 |
| 5825.63 |    0.418164 |
| 5826.36 |    0.417368 |
| 5827.09 |    0.416569 |
| 5827.82 |    0.415772 |
| 5828.55 |    0.414972 |
| 5829.28 |    0.414176 |
| 5830.01 |    0.413389 |
| 5830.74 |    0.413325 |
| 5831.47 |    0.413262 |
|  5832.2 |    0.413199 |
| 5832.93 |    0.413135 |
| 5833.66 |    0.413072 |
| 5834.39 |    0.413009 |
| 5835.13 |    0.412945 |
| 5835.86 |    0.412883 |
| 5836.59 |    0.412819 |
| 5837.32 |    0.412756 |
| 5838.05 |    0.412693 |
| 5838.78 |    0.412631 |
| 5839.51 |    0.412568 |
| 5840.25 |    0.412242 |
| 5840.98 |    0.411399 |
| 5841.71 |    0.410551 |
| 5842.44 |    0.409708 |
| 5843.17 |    0.408864 |
|  5843.9 |     0.40802 |
| 5844.64 |    0.407176 |
| 5845.37 |    0.406331 |
|  5846.1 |    0.405485 |
| 5846.83 |    0.404637 |
| 5847.57 |    0.403793 |
|  5848.3 |    0.402944 |
| 5849.03 |    0.402098 |
| 5849.77 |    0.401253 |
|  5850.5 |    0.401814 |
| 5851.23 |    0.403037 |
| 5851.96 |    0.404261 |
| 5852.69 |    0.405484 |
| 5853.43 |    0.406714 |
| 5854.16 |    0.407939 |
|  5854.9 |    0.409168 |
| 5855.63 |    0.410393 |
| 5856.37 |    0.411618 |
|  5857.1 |    0.412844 |
| 5857.83 |    0.414071 |
| 5858.56 |    0.415297 |
|  5859.3 |    0.416524 |
| 5860.04 |    0.417688 |
| 5860.77 |    0.417494 |
| 5861.51 |    0.417299 |
| 5862.24 |    0.417105 |
| 5862.97 |    0.416911 |
| 5863.71 |    0.416717 |
| 5864.44 |    0.416522 |
| 5865.17 |    0.416328 |
| 5865.91 |    0.416134 |
| 5866.65 |    0.415939 |
| 5867.38 |    0.415744 |
| 5868.12 |    0.415549 |
| 5868.85 |    0.415354 |
| 5869.59 |     0.41516 |
| 5870.32 |    0.415047 |
| 5871.06 |    0.415037 |
| 5871.79 |    0.415026 |
| 5872.53 |    0.415016 |
| 5873.27 |    0.415006 |
|  5874.0 |    0.414996 |
| 5874.74 |    0.414986 |
| 5875.48 |    0.414976 |
| 5876.21 |    0.414966 |
| 5876.95 |    0.414956 |
| 5877.68 |    0.414946 |
| 5878.42 |    0.414937 |
| 5879.15 |    0.414927 |
| 5879.89 |    0.414918 |
| 5880.63 |    0.414231 |
| 5881.37 |    0.413423 |
|  5882.1 |     0.41262 |
| 5882.84 |    0.411815 |
| 5883.58 |     0.41101 |
| 5884.31 |    0.410206 |
| 5885.05 |    0.409402 |
| 5885.79 |    0.408596 |
| 5886.53 |    0.407787 |
| 5887.26 |    0.406981 |
|  5888.0 |    0.406172 |
| 5888.74 |    0.405366 |
| 5889.48 |     0.40456 |
| 5890.21 |      0.4046 |
| 5890.95 |    0.406708 |
| 5891.69 |    0.408818 |
| 5892.43 |    0.410927 |
| 5893.17 |    0.413047 |
|  5893.9 |    0.415159 |
| 5894.65 |    0.417281 |
| 5895.38 |    0.419396 |
| 5896.12 |     0.42151 |
| 5896.86 |    0.423626 |
|  5897.6 |    0.425743 |
| 5898.34 |    0.427861 |
| 5899.08 |     0.42998 |
| 5899.82 |    0.432109 |
| 5900.56 |    0.431582 |
|  5901.3 |    0.430173 |
| 5902.04 |    0.428768 |
| 5902.77 |    0.427364 |
| 5903.51 |    0.425959 |
| 5904.25 |    0.424555 |
| 5904.99 |    0.423149 |
| 5905.73 |    0.421743 |
| 5906.47 |    0.420332 |
| 5907.21 |    0.418925 |
| 5907.96 |    0.417511 |
| 5908.69 |    0.416106 |
| 5909.43 |    0.414699 |
| 5910.17 |    0.413949 |
| 5910.91 |    0.415343 |
| 5911.65 |    0.416738 |
| 5912.39 |    0.418133 |
| 5913.14 |    0.419534 |
| 5913.88 |     0.42093 |
| 5914.62 |    0.422333 |
| 5915.36 |     0.42373 |
|  5916.1 |    0.425126 |
| 5916.84 |    0.426524 |
| 5917.58 |    0.427922 |
| 5918.32 |    0.429321 |
| 5919.06 |    0.430719 |
| 5919.81 |    0.432125 |
| 5920.55 |    0.431961 |
| 5921.29 |    0.431247 |
| 5922.04 |    0.430537 |
| 5922.78 |    0.429826 |
| 5923.52 |    0.429114 |
| 5924.26 |    0.428403 |
|  5925.0 |    0.427691 |
| 5925.74 |    0.426979 |
| 5926.49 |    0.426263 |
| 5927.23 |    0.425551 |
| 5927.97 |    0.424835 |
| 5928.72 |    0.424122 |
| 5929.46 |    0.423409 |
|  5930.2 |    0.422619 |
| 5930.94 |    0.421622 |
| 5931.69 |    0.420626 |
| 5932.43 |    0.419628 |
| 5933.17 |    0.418626 |
| 5933.92 |    0.417628 |
| 5934.66 |    0.416627 |
|  5935.4 |    0.415628 |
| 5936.15 |    0.414629 |
| 5936.89 |    0.413631 |
| 5937.63 |    0.412632 |
| 5938.38 |    0.411632 |
| 5939.12 |    0.410631 |
| 5939.87 |    0.409627 |
| 5940.61 |    0.408108 |
| 5941.36 |    0.406471 |
|  5942.1 |    0.404841 |
| 5942.85 |    0.403208 |
| 5943.59 |    0.401577 |
| 5944.33 |    0.399945 |
| 5945.08 |    0.398312 |
| 5945.82 |    0.396678 |
| 5946.57 |    0.395037 |
| 5947.31 |    0.393403 |
| 5948.06 |     0.39176 |
| 5948.81 |    0.390126 |
| 5949.55 |     0.38849 |
| 5950.29 |    0.388314 |
| 5951.04 |    0.390362 |
| 5951.79 |    0.392412 |
| 5952.53 |    0.394463 |
| 5953.28 |    0.396522 |
| 5954.02 |    0.398574 |
| 5954.77 |    0.400637 |
| 5955.52 |    0.402691 |
| 5956.26 |    0.404736 |
| 5957.01 |    0.406801 |
| 5957.75 |    0.408857 |
|  5958.5 |    0.410915 |
| 5959.25 |    0.412974 |
|  5960.0 |    0.415042 |
| 5960.74 |    0.414349 |
| 5961.49 |    0.413636 |
| 5962.24 |    0.412925 |
| 5962.98 |    0.412217 |
| 5963.73 |    0.411503 |
| 5964.48 |    0.410791 |
| 5965.22 |    0.410079 |
| 5965.97 |    0.409366 |
| 5966.72 |    0.408651 |
| 5967.47 |    0.407938 |
| 5968.22 |    0.407221 |
| 5968.96 |    0.406508 |
| 5969.71 |    0.405797 |
| 5970.46 |     0.40577 |
| 5971.21 |    0.406181 |
| 5971.95 |    0.406592 |
|  5972.7 |    0.407004 |
| 5973.45 |    0.407417 |
|  5974.2 |     0.40783 |
| 5974.95 |    0.408243 |
|  5975.7 |    0.408655 |
| 5976.44 |    0.409066 |
| 5977.19 |     0.40948 |
| 5977.94 |    0.409893 |
| 5978.69 |    0.410306 |
| 5979.44 |    0.410719 |
| 5980.19 |    0.411013 |
| 5980.94 |    0.410951 |
| 5981.69 |     0.41089 |
| 5982.44 |    0.410828 |
| 5983.19 |    0.410766 |
| 5983.94 |    0.410704 |
| 5984.69 |    0.410642 |
| 5985.44 |     0.41058 |
| 5986.19 |    0.410517 |
| 5986.94 |    0.410455 |
| 5987.69 |    0.410393 |
| 5988.44 |    0.410331 |
| 5989.19 |    0.410268 |
| 5989.94 |    0.410206 |
| 5990.69 |    0.410079 |
| 5991.44 |    0.409946 |
| 5992.19 |    0.409813 |
| 5992.94 |    0.409681 |
| 5993.69 |    0.409546 |
| 5994.44 |    0.409413 |
|  5995.2 |     0.40928 |
| 5995.95 |    0.409146 |
| 5996.69 |    0.409013 |
| 5997.45 |    0.408879 |
|  5998.2 |    0.408746 |
| 5998.95 |    0.408612 |
|  5999.7 |    0.408479 |
| 6000.46 |     0.40867 |
| 6001.21 |    0.409074 |
| 6001.96 |     0.40948 |
| 6002.71 |    0.409884 |
| 6003.46 |    0.410286 |
| 6004.21 |    0.410692 |
| 6004.97 |    0.411096 |
| 6005.72 |    0.411501 |
| 6006.47 |    0.411906 |
| 6007.23 |    0.412312 |
| 6007.98 |    0.412717 |
| 6008.73 |    0.413123 |
| 6009.48 |    0.413529 |
| 6010.23 |    0.413856 |
| 6010.99 |    0.414016 |
| 6011.74 |    0.414174 |
| 6012.49 |    0.414334 |
| 6013.25 |    0.414493 |
|  6014.0 |    0.414653 |
| 6014.75 |    0.414813 |
| 6015.51 |    0.414973 |
| 6016.27 |    0.415132 |
| 6017.01 |    0.415291 |
| 6017.77 |    0.415451 |
| 6018.52 |     0.41561 |
| 6019.28 |     0.41577 |
| 6020.03 |    0.415931 |
| 6020.79 |    0.416117 |
| 6021.54 |    0.416303 |
|  6022.3 |    0.416489 |
| 6023.05 |    0.416675 |
|  6023.8 |     0.41686 |
| 6024.56 |    0.417046 |
| 6025.31 |    0.417232 |
| 6026.07 |    0.417418 |
| 6026.82 |    0.417604 |
| 6027.58 |    0.417791 |
| 6028.33 |    0.417977 |
| 6029.09 |    0.418164 |
| 6029.85 |    0.418351 |
|  6030.6 |    0.418499 |
| 6031.36 |    0.418639 |
| 6032.11 |    0.418779 |
| 6032.87 |    0.418919 |
| 6033.62 |    0.419059 |
| 6034.38 |      0.4192 |
| 6035.14 |    0.419339 |
|  6035.9 |     0.41948 |
| 6036.65 |     0.41962 |
|  6037.4 |    0.419759 |
| 6038.16 |      0.4199 |
| 6038.92 |    0.420041 |
| 6039.67 |    0.420181 |
| 6040.43 |    0.420718 |
| 6041.19 |     0.42156 |
| 6041.94 |      0.4224 |
| 6042.71 |    0.423243 |
| 6043.46 |    0.424083 |
| 6044.21 |    0.424919 |
| 6044.98 |    0.425763 |
| 6045.73 |    0.426604 |
| 6046.49 |    0.427444 |
| 6047.25 |    0.428285 |
|  6048.0 |    0.429129 |
| 6048.76 |    0.429971 |
| 6049.52 |    0.430816 |
| 6050.28 |    0.431264 |
| 6051.03 |    0.431044 |
| 6051.79 |    0.430823 |
| 6052.55 |    0.430602 |
| 6053.31 |    0.430382 |
| 6054.07 |     0.43016 |
| 6054.83 |     0.42994 |
| 6055.59 |    0.429718 |
| 6056.35 |    0.429496 |
| 6057.11 |    0.429275 |
| 6057.86 |    0.429054 |
| 6058.62 |    0.428832 |
| 6059.38 |     0.42861 |
| 6060.14 |    0.428337 |
|  6060.9 |    0.427839 |
| 6061.66 |    0.427336 |
| 6062.42 |    0.426837 |
| 6063.18 |    0.426335 |
| 6063.94 |    0.425834 |
|  6064.7 |    0.425336 |
| 6065.46 |    0.424834 |
| 6066.22 |    0.424333 |
| 6066.98 |    0.423831 |
| 6067.74 |    0.423331 |
|  6068.5 |    0.422827 |
| 6069.26 |    0.422325 |
| 6070.02 |    0.421821 |
| 6070.78 |    0.421324 |
| 6071.54 |    0.420829 |
|  6072.3 |    0.420329 |
| 6073.06 |    0.419832 |
| 6073.82 |    0.419334 |
| 6074.58 |    0.418837 |
| 6075.35 |    0.418337 |
| 6076.11 |    0.417838 |
| 6076.87 |    0.417338 |
| 6077.63 |    0.416839 |
| 6078.39 |    0.416343 |
| 6079.15 |    0.415842 |
| 6079.91 |    0.415343 |
| 6080.67 |    0.416085 |
| 6081.44 |    0.416987 |
|  6082.2 |    0.417893 |
| 6082.96 |    0.418796 |
| 6083.73 |    0.419702 |
| 6084.49 |    0.420605 |
| 6085.25 |    0.421506 |
| 6086.01 |    0.422414 |
| 6086.77 |    0.423317 |
| 6087.54 |    0.424223 |
|  6088.3 |    0.425128 |
| 6089.06 |    0.426037 |
| 6089.83 |    0.426942 |
| 6090.59 |    0.427586 |
| 6091.35 |    0.428147 |
| 6092.11 |     0.42871 |
| 6092.88 |    0.429275 |
| 6093.64 |    0.429839 |
|  6094.4 |    0.430403 |
| 6095.17 |    0.430966 |
| 6095.93 |    0.431533 |
| 6096.69 |    0.432097 |
| 6097.46 |    0.432663 |
| 6098.22 |    0.433225 |
| 6098.98 |     0.43379 |
| 6099.75 |    0.434357 |
| 6100.52 |    0.434135 |
| 6101.28 |    0.433535 |
| 6102.04 |    0.432936 |
| 6102.81 |    0.432333 |
| 6103.57 |    0.431733 |
| 6104.34 |     0.43113 |
|  6105.1 |    0.430531 |
| 6105.87 |     0.42993 |
| 6106.63 |    0.429327 |
|  6107.4 |    0.428725 |
| 6108.16 |    0.428123 |
| 6108.93 |    0.427521 |
| 6109.69 |    0.426917 |
| 6110.46 |    0.427067 |
| 6111.23 |    0.427719 |
| 6111.99 |    0.428364 |
| 6112.75 |    0.429013 |
| 6113.52 |    0.429665 |
| 6114.29 |    0.430314 |
| 6115.05 |    0.430963 |
| 6115.82 |    0.431614 |
| 6116.59 |    0.432266 |
| 6117.35 |    0.432917 |
| 6118.12 |    0.433571 |
| 6118.89 |    0.434218 |
| 6119.65 |    0.434869 |
| 6120.42 |     0.43517 |
| 6121.19 |    0.435176 |
| 6121.95 |    0.435183 |
| 6122.72 |     0.43519 |
| 6123.49 |    0.435198 |
| 6124.26 |    0.435205 |
| 6125.03 |    0.435212 |
| 6125.79 |    0.435219 |
| 6126.56 |    0.435225 |
| 6127.33 |    0.435232 |
| 6128.09 |     0.43524 |
| 6128.86 |    0.435246 |
| 6129.63 |    0.435254 |
|  6130.4 |    0.435297 |
| 6131.17 |    0.435375 |
| 6131.94 |    0.435452 |
|  6132.7 |    0.435529 |
| 6133.47 |    0.435607 |
| 6134.24 |    0.435685 |
| 6135.01 |    0.435762 |
| 6135.77 |     0.43584 |
| 6136.54 |    0.435918 |
| 6137.31 |    0.435996 |
| 6138.08 |    0.436073 |
| 6138.85 |    0.436152 |
| 6139.62 |    0.436229 |
| 6140.39 |    0.436317 |
| 6141.16 |    0.436417 |
| 6141.93 |    0.436516 |
|  6142.7 |    0.436615 |
| 6143.47 |    0.436715 |
| 6144.24 |    0.436814 |
| 6145.01 |    0.436913 |
| 6145.78 |    0.437012 |
| 6146.55 |    0.437111 |
| 6147.32 |     0.43721 |
| 6148.09 |     0.43731 |
| 6148.86 |     0.43741 |
| 6149.63 |    0.437509 |
|  6150.4 |     0.43716 |
| 6151.17 |    0.436393 |
| 6151.94 |    0.435623 |
| 6152.71 |    0.434851 |
| 6153.48 |    0.434087 |
| 6154.25 |    0.433319 |
| 6155.03 |    0.432547 |
|  6155.8 |    0.431778 |
| 6156.57 |     0.43101 |
| 6157.34 |    0.430241 |
| 6158.11 |    0.429472 |
| 6158.88 |    0.428699 |
| 6159.66 |    0.427926 |
| 6160.42 |    0.426628 |
| 6161.19 |    0.424891 |
| 6161.97 |    0.423145 |
| 6162.74 |    0.421408 |
| 6163.51 |    0.419669 |
| 6164.28 |     0.41793 |
| 6165.06 |    0.416189 |
| 6165.83 |     0.41444 |
| 6166.61 |     0.41269 |
| 6167.38 |    0.410955 |
| 6168.15 |    0.409211 |
| 6168.92 |    0.407458 |
| 6169.69 |    0.405713 |
| 6170.47 |    0.404319 |
| 6171.24 |    0.403156 |
| 6172.01 |    0.401991 |
| 6172.79 |    0.400821 |
| 6173.56 |    0.399651 |
| 6174.33 |     0.39849 |
| 6175.11 |    0.397324 |
| 6175.88 |    0.396151 |
| 6176.65 |    0.394985 |
| 6177.43 |    0.393817 |
|  6178.2 |    0.392649 |
| 6178.98 |     0.39148 |
| 6179.75 |    0.390305 |
| 6180.53 |    0.389286 |
|  6181.3 |    0.388346 |
| 6182.07 |    0.387403 |
| 6182.85 |    0.386455 |
| 6183.62 |     0.38551 |
|  6184.4 |    0.384566 |
| 6185.17 |     0.38362 |
| 6185.95 |    0.382676 |
| 6186.72 |    0.381726 |
|  6187.5 |    0.380775 |
| 6188.27 |    0.379833 |
| 6189.05 |    0.378885 |
| 6189.83 |    0.377934 |
|  6190.6 |    0.377546 |
| 6191.38 |    0.377321 |
| 6192.15 |    0.377095 |
| 6192.93 |     0.37687 |
|  6193.7 |    0.376643 |
| 6194.48 |    0.376416 |
| 6195.25 |    0.376191 |
| 6196.03 |    0.375965 |
| 6196.81 |    0.375738 |
| 6197.58 |    0.375512 |
| 6198.36 |    0.375285 |
| 6199.14 |    0.375058 |
| 6199.91 |    0.374832 |
| 6200.69 |    0.374451 |
| 6201.47 |    0.374052 |
| 6202.25 |    0.373655 |
| 6203.02 |    0.373257 |
|  6203.8 |    0.372857 |
| 6204.58 |    0.372458 |
| 6205.35 |     0.37206 |
| 6206.13 |    0.371661 |
| 6206.91 |    0.371262 |
| 6207.69 |    0.370861 |
| 6208.47 |     0.37046 |
| 6209.24 |    0.370063 |
| 6210.02 |    0.369691 |
|  6210.8 |    0.370389 |
| 6211.58 |    0.371082 |
| 6212.35 |    0.371776 |
| 6213.13 |     0.37247 |
| 6213.91 |    0.373164 |
| 6214.69 |    0.373861 |
| 6215.47 |    0.374559 |
| 6216.25 |     0.37525 |
| 6217.03 |    0.375944 |
| 6217.81 |    0.376642 |
| 6218.59 |    0.377338 |
| 6219.36 |    0.378033 |
| 6220.14 |    0.378996 |
| 6220.92 |    0.381161 |
|  6221.7 |    0.383336 |
| 6222.49 |    0.385512 |
| 6223.26 |    0.387669 |
| 6224.04 |    0.389835 |
| 6224.82 |    0.392014 |
|  6225.6 |    0.394183 |
| 6226.38 |    0.396353 |
| 6227.16 |    0.398524 |
| 6227.94 |    0.400695 |
| 6228.72 |    0.402877 |
| 6229.51 |    0.405059 |
| 6230.28 |    0.406706 |
| 6231.06 |    0.407454 |
| 6231.85 |    0.408204 |
| 6232.63 |    0.408952 |
| 6233.41 |      0.4097 |
| 6234.19 |    0.410448 |
| 6234.97 |    0.411196 |
| 6235.75 |    0.411947 |
| 6236.53 |    0.412692 |
| 6237.31 |    0.413444 |
| 6238.09 |    0.414192 |
| 6238.88 |    0.414945 |
| 6239.66 |    0.415693 |
| 6240.44 |    0.416775 |
| 6241.22 |    0.418116 |
|  6242.0 |    0.419458 |
| 6242.79 |    0.420806 |
| 6243.56 |    0.422142 |
| 6244.35 |    0.423491 |
| 6245.13 |    0.424834 |
| 6245.92 |    0.426184 |
|  6246.7 |    0.427528 |
| 6247.48 |    0.428873 |
| 6248.26 |    0.430218 |
| 6249.04 |    0.431562 |
| 6249.83 |    0.432914 |
| 6250.61 |    0.433186 |
| 6251.39 |    0.433158 |
| 6252.18 |     0.43313 |
| 6252.96 |    0.433103 |
| 6253.75 |    0.433075 |
| 6254.53 |    0.433047 |
| 6255.31 |    0.433019 |
| 6256.09 |    0.432992 |
| 6256.88 |    0.432963 |
| 6257.66 |    0.432935 |
| 6258.45 |    0.432907 |
| 6259.23 |    0.432879 |
| 6260.02 |    0.432857 |
|  6260.8 |    0.433113 |
| 6261.58 |    0.433368 |
| 6262.37 |    0.433623 |
| 6263.15 |    0.433878 |
| 6263.94 |    0.434135 |
| 6264.72 |    0.434389 |
| 6265.51 |    0.434646 |
| 6266.29 |    0.434902 |
| 6267.08 |    0.435158 |
| 6267.87 |    0.435414 |
| 6268.65 |     0.43567 |
| 6269.43 |    0.435926 |
| 6270.22 |    0.436256 |
| 6271.01 |    0.436777 |
| 6271.79 |    0.437294 |
| 6272.58 |    0.437816 |
| 6273.36 |    0.438337 |
| 6274.15 |    0.438859 |
| 6274.94 |     0.43938 |
| 6275.72 |      0.4399 |
| 6276.51 |    0.440421 |
| 6277.29 |    0.440942 |
| 6278.08 |    0.441466 |
| 6278.87 |    0.441985 |
| 6279.65 |    0.442509 |
| 6280.44 |    0.442106 |
| 6281.23 |     0.44097 |
| 6282.02 |    0.439839 |
|  6282.8 |    0.438709 |
| 6283.59 |    0.437577 |
| 6284.38 |    0.436446 |
| 6285.17 |    0.435309 |
| 6285.95 |    0.434182 |
| 6286.74 |    0.433045 |
| 6287.53 |    0.431913 |
| 6288.32 |    0.430775 |
|  6289.1 |    0.429643 |
| 6289.89 |    0.428509 |
| 6290.68 |    0.428696 |
| 6291.47 |    0.429095 |
| 6292.26 |    0.429496 |
| 6293.04 |    0.429894 |
| 6293.83 |    0.430296 |
| 6294.62 |    0.430695 |
| 6295.41 |    0.431097 |
|  6296.2 |    0.431496 |
| 6296.99 |    0.431896 |
| 6297.77 |    0.432296 |
| 6298.56 |    0.432697 |
| 6299.36 |    0.433099 |
| 6300.14 |    0.433277 |
| 6300.93 |    0.432435 |
| 6301.72 |    0.431599 |
| 6302.51 |    0.430758 |
|  6303.3 |    0.429921 |
| 6304.09 |    0.429083 |
| 6304.88 |    0.428246 |
| 6305.67 |    0.427407 |
| 6306.46 |    0.426565 |
| 6307.25 |    0.425731 |
| 6308.04 |    0.424888 |
| 6308.83 |     0.42405 |
| 6309.62 |    0.423207 |
| 6310.42 |    0.422904 |
| 6311.21 |    0.423085 |
|  6312.0 |    0.423267 |
| 6312.79 |    0.423448 |
| 6313.58 |     0.42363 |
| 6314.37 |    0.423811 |
| 6315.16 |    0.423994 |
| 6315.95 |    0.424177 |
| 6316.74 |    0.424359 |
| 6317.53 |    0.424541 |
| 6318.33 |    0.424723 |
| 6319.12 |    0.424905 |
| 6319.91 |    0.425087 |
|  6320.7 |    0.424781 |
| 6321.49 |    0.424414 |
| 6322.28 |    0.424043 |
| 6323.08 |    0.423674 |
| 6323.87 |    0.423302 |
| 6324.66 |    0.422933 |
| 6325.45 |    0.422563 |
| 6326.25 |    0.422193 |
| 6327.04 |    0.421823 |
| 6327.83 |    0.421451 |
| 6328.62 |    0.421082 |
| 6329.42 |     0.42071 |
| 6330.21 |    0.420627 |
|  6331.0 |    0.421349 |
|  6331.8 |    0.422068 |
| 6332.59 |    0.422788 |
| 6333.38 |    0.423508 |
| 6334.18 |    0.424228 |
| 6334.97 |    0.424951 |
| 6335.76 |    0.425669 |
| 6336.56 |    0.426393 |
| 6337.35 |    0.427114 |
| 6338.15 |    0.427838 |
| 6338.94 |    0.428559 |
| 6339.73 |    0.429281 |
| 6340.53 |    0.429183 |
| 6341.32 |    0.428672 |
| 6342.12 |     0.42816 |
| 6342.91 |    0.427652 |
| 6343.71 |     0.42714 |
|  6344.5 |    0.426629 |
|  6345.3 |    0.426116 |
| 6346.09 |    0.425606 |
| 6346.89 |    0.425095 |
| 6347.68 |    0.424585 |
| 6348.48 |    0.424074 |
| 6349.27 |    0.423561 |
| 6350.07 |    0.423342 |
| 6350.86 |     0.42634 |
| 6351.66 |    0.429325 |
| 6352.46 |    0.432326 |
| 6353.25 |    0.435312 |
| 6354.05 |    0.438302 |
| 6354.84 |    0.441292 |
| 6355.64 |    0.444282 |
| 6356.44 |    0.447288 |
| 6357.23 |    0.450267 |
| 6358.03 |     0.45326 |
| 6358.83 |    0.456268 |
| 6359.62 |    0.459276 |
| 6360.42 |    0.458925 |
| 6361.22 |     0.45559 |
| 6362.01 |    0.452254 |
| 6362.81 |    0.448919 |
| 6363.61 |    0.445568 |
|  6364.4 |    0.442246 |
|  6365.2 |    0.438906 |
|  6366.0 |    0.435553 |
|  6366.8 |    0.432198 |
|  6367.6 |    0.428858 |
| 6368.39 |    0.425517 |
| 6369.19 |    0.422173 |
| 6369.99 |     0.41883 |
| 6370.79 |    0.419998 |
| 6371.58 |     0.42122 |
| 6372.38 |    0.422448 |
| 6373.18 |    0.423683 |
| 6373.98 |    0.424917 |
| 6374.78 |    0.426147 |
| 6375.58 |    0.427378 |
| 6376.38 |    0.428609 |
| 6377.18 |    0.429841 |
| 6377.97 |    0.431072 |
| 6378.77 |    0.432305 |
| 6379.57 |    0.433538 |
| 6380.37 |    0.432658 |
| 6381.17 |    0.429334 |
| 6381.97 |    0.426024 |
| 6382.77 |    0.422713 |
| 6383.57 |    0.419402 |
| 6384.37 |    0.416088 |
| 6385.17 |    0.412772 |
| 6385.97 |    0.409458 |
| 6386.77 |     0.40614 |
| 6387.57 |    0.402808 |
| 6388.38 |    0.399474 |
| 6389.17 |    0.396155 |
| 6389.97 |    0.392833 |
| 6390.77 |     0.39371 |
| 6391.57 |    0.394731 |
| 6392.37 |    0.395752 |
| 6393.17 |    0.396774 |
| 6393.97 |    0.397795 |
| 6394.78 |     0.39882 |
| 6395.58 |    0.399846 |
| 6396.38 |    0.400868 |
| 6397.18 |     0.40189 |
| 6397.98 |    0.402913 |
| 6398.79 |    0.403935 |
| 6399.59 |    0.404959 |
| 6400.39 |    0.404901 |
| 6401.19 |    0.403683 |
| 6401.99 |     0.40246 |
|  6402.8 |    0.401237 |
|  6403.6 |    0.400019 |
|  6404.4 |      0.3988 |
|  6405.2 |    0.397581 |
|  6406.0 |    0.396362 |
| 6406.81 |    0.395144 |
| 6407.61 |    0.393925 |
| 6408.41 |    0.392704 |
| 6409.22 |    0.391477 |
| 6410.02 |    0.390339 |
| 6410.82 |    0.392396 |
| 6411.63 |    0.394453 |
| 6412.43 |    0.396511 |
| 6413.23 |    0.398569 |
| 6414.04 |    0.400629 |
| 6414.84 |    0.402688 |
| 6415.64 |    0.404748 |
| 6416.45 |    0.406818 |
| 6417.25 |     0.40889 |
| 6418.06 |    0.410953 |
| 6418.86 |    0.413016 |
| 6419.66 |     0.41508 |
| 6420.47 |     0.41511 |
| 6421.27 |    0.413676 |
| 6422.08 |    0.412241 |
| 6422.88 |    0.410807 |
| 6423.69 |    0.409366 |
| 6424.49 |    0.407925 |
|  6425.3 |     0.40649 |
|  6426.1 |    0.405053 |
| 6426.91 |    0.403618 |
| 6427.71 |    0.402182 |
| 6428.52 |    0.400747 |
| 6429.32 |    0.399311 |
| 6430.12 |    0.398617 |
| 6430.93 |    0.401962 |
| 6431.74 |    0.405309 |
| 6432.55 |    0.408642 |
| 6433.35 |    0.411976 |
| 6434.16 |     0.41531 |
| 6434.96 |    0.418646 |
| 6435.77 |     0.42198 |
| 6436.57 |    0.425317 |
| 6437.38 |    0.428653 |
| 6438.19 |    0.432006 |
|  6439.0 |    0.435358 |
| 6439.81 |    0.438697 |
| 6440.61 |    0.438516 |
| 6441.42 |    0.437208 |
| 6442.22 |    0.435899 |
| 6443.03 |    0.434591 |
| 6443.84 |    0.433282 |
| 6444.64 |    0.431972 |
| 6445.45 |    0.430657 |
| 6446.26 |    0.429342 |
| 6447.07 |    0.428032 |
| 6447.88 |     0.42672 |
| 6448.69 |     0.42541 |
| 6449.49 |    0.424099 |
|  6450.3 |    0.424442 |
| 6451.11 |    0.427599 |
| 6451.91 |    0.430757 |
| 6452.73 |    0.433928 |
| 6453.54 |    0.437101 |
| 6454.34 |    0.440259 |
| 6455.15 |    0.443421 |
| 6455.96 |     0.44658 |
| 6456.77 |    0.449742 |
| 6457.58 |    0.452906 |
| 6458.38 |    0.456069 |
| 6459.19 |    0.459234 |
|  6460.0 |    0.462375 |
| 6460.82 |    0.460023 |
| 6461.63 |    0.457678 |
| 6462.44 |    0.455336 |
| 6463.24 |    0.452992 |
| 6464.05 |    0.450648 |
| 6464.86 |    0.448304 |
| 6465.67 |     0.44596 |
| 6466.48 |    0.443615 |
| 6467.29 |     0.44126 |
| 6468.11 |    0.438906 |
| 6468.92 |    0.436561 |
| 6469.73 |    0.434217 |
| 6470.54 |    0.434988 |
| 6471.35 |    0.437351 |
| 6472.16 |    0.439715 |
| 6472.97 |    0.442077 |
| 6473.78 |    0.444441 |
| 6474.59 |    0.446817 |
|  6475.4 |    0.449194 |
| 6476.21 |     0.45156 |
| 6477.03 |    0.453928 |
| 6477.84 |    0.456295 |
| 6478.65 |    0.458664 |
| 6479.46 |    0.461033 |
| 6480.27 |    0.461684 |
| 6481.08 |    0.458881 |
|  6481.9 |    0.456066 |
| 6482.71 |     0.45325 |
| 6483.52 |    0.450447 |
| 6484.33 |    0.447641 |
| 6485.15 |    0.444837 |
| 6485.96 |    0.442033 |
| 6486.77 |    0.439228 |
| 6487.58 |    0.436423 |
| 6488.39 |    0.433618 |
| 6489.21 |    0.430799 |
| 6490.02 |    0.428115 |
| 6490.84 |    0.429794 |
| 6491.65 |    0.431473 |
| 6492.46 |    0.433152 |
| 6493.27 |    0.434831 |
| 6494.09 |    0.436512 |
|  6494.9 |    0.438192 |
| 6495.71 |    0.439873 |
| 6496.53 |    0.441561 |
| 6497.35 |    0.443249 |
| 6498.16 |    0.444929 |
| 6498.97 |    0.446612 |
| 6499.79 |    0.448294 |
|  6500.6 |    0.446292 |
| 6501.41 |    0.442982 |
| 6502.23 |    0.439668 |
| 6503.04 |    0.436354 |
| 6503.86 |    0.433027 |
| 6504.68 |    0.429697 |
| 6505.49 |    0.426382 |
| 6506.31 |    0.423064 |
| 6507.12 |    0.419747 |
| 6507.94 |    0.416428 |
| 6508.75 |    0.413107 |
| 6509.56 |    0.409788 |
| 6510.38 |    0.408441 |
|  6511.2 |    0.409369 |
| 6512.02 |    0.410299 |
| 6512.83 |    0.411224 |
| 6513.65 |    0.412149 |
| 6514.46 |    0.413075 |
| 6515.28 |    0.414001 |
| 6516.09 |    0.414926 |
| 6516.91 |    0.415852 |
| 6517.72 |    0.416778 |
| 6518.54 |    0.417708 |
| 6519.36 |    0.418639 |
| 6520.18 |    0.418965 |
|  6521.0 |    0.417159 |
| 6521.81 |    0.415352 |
| 6522.63 |    0.413545 |
| 6523.44 |    0.411738 |
| 6524.26 |     0.40993 |
| 6525.08 |    0.408123 |
|  6525.9 |    0.406308 |
| 6526.72 |    0.404492 |
| 6527.54 |    0.402684 |
| 6528.35 |    0.400876 |
| 6529.17 |    0.399068 |
| 6529.99 |    0.397262 |
|  6530.8 |    0.399645 |
| 6531.62 |    0.402099 |
| 6532.44 |    0.404552 |
| 6533.26 |    0.407016 |
| 6534.08 |    0.409481 |
|  6534.9 |    0.411935 |
| 6535.72 |     0.41439 |
| 6536.54 |    0.416845 |
| 6537.35 |    0.419301 |
| 6538.17 |    0.421757 |
| 6538.99 |    0.424213 |
| 6539.81 |    0.426669 |
| 6540.63 |    0.425603 |
| 6541.45 |    0.423471 |
| 6542.27 |    0.421348 |
| 6543.09 |    0.419224 |
| 6543.91 |    0.417098 |
| 6544.73 |    0.414973 |
| 6545.55 |    0.412846 |
| 6546.37 |    0.410718 |
| 6547.19 |     0.40859 |
| 6548.01 |    0.406451 |
| 6548.83 |    0.404312 |
| 6549.65 |     0.40218 |
| 6550.47 |     0.40303 |
| 6551.29 |    0.406054 |
| 6552.11 |    0.409079 |
| 6552.93 |    0.412103 |
| 6553.75 |    0.415128 |
| 6554.58 |    0.418154 |
|  6555.4 |    0.421193 |
| 6556.22 |    0.424232 |
| 6557.04 |     0.42726 |
| 6557.87 |    0.430286 |
| 6558.69 |    0.433313 |
| 6559.51 |    0.436339 |
| 6560.33 |    0.437473 |
| 6561.15 |    0.435753 |
| 6561.97 |    0.434031 |
| 6562.79 |    0.432303 |
| 6563.62 |    0.430574 |
| 6564.44 |    0.428851 |
| 6565.26 |    0.427128 |
| 6566.08 |    0.425405 |
| 6566.91 |    0.423681 |
| 6567.73 |    0.421957 |
| 6568.55 |    0.420232 |
| 6569.37 |    0.418506 |
|  6570.2 |    0.417488 |
| 6571.02 |    0.418716 |
| 6571.85 |    0.419938 |
| 6572.67 |    0.421161 |
| 6573.49 |    0.422383 |
| 6574.32 |    0.423607 |
| 6575.14 |     0.42483 |
| 6575.96 |    0.426053 |
| 6576.79 |    0.427276 |
| 6577.61 |    0.428505 |
| 6578.44 |    0.429734 |
| 6579.26 |    0.430958 |
| 6580.09 |    0.431918 |
| 6580.91 |    0.430629 |
| 6581.73 |    0.429339 |
| 6582.56 |    0.428048 |
| 6583.38 |    0.426758 |
| 6584.21 |    0.425467 |
| 6585.03 |     0.42417 |
| 6585.86 |    0.422873 |
| 6586.69 |    0.421581 |
| 6587.51 |    0.420289 |
| 6588.33 |    0.418997 |
| 6589.16 |    0.417705 |
| 6589.98 |    0.416411 |
| 6590.81 |    0.416792 |
| 6591.63 |    0.417204 |
| 6592.46 |    0.417619 |
| 6593.29 |    0.418033 |
| 6594.12 |    0.418446 |
| 6594.94 |     0.41886 |
| 6595.77 |    0.419274 |
| 6596.59 |    0.419686 |
| 6597.42 |    0.420099 |
| 6598.25 |    0.420512 |
| 6599.07 |    0.420925 |
|  6599.9 |     0.42134 |
| 6600.73 |    0.419574 |
| 6601.56 |     0.41752 |
| 6602.38 |    0.415464 |
| 6603.21 |    0.413409 |
| 6604.04 |    0.411352 |
| 6604.86 |    0.409296 |
| 6605.69 |    0.407239 |
| 6606.52 |    0.405181 |
| 6607.35 |    0.403114 |
| 6608.18 |    0.401046 |
|  6609.0 |    0.398987 |
| 6609.83 |    0.396928 |
| 6610.66 |    0.397764 |
| 6611.49 |    0.399336 |
| 6612.31 |     0.40091 |
| 6613.14 |    0.402484 |
| 6613.97 |    0.404058 |
|  6614.8 |     0.40564 |
| 6615.63 |    0.407221 |
| 6616.46 |    0.408796 |
| 6617.29 |     0.41037 |
| 6618.12 |    0.411944 |
| 6618.95 |     0.41352 |
| 6619.77 |    0.415096 |
|  6620.6 |    0.415678 |
| 6621.43 |    0.415889 |
| 6622.27 |    0.416101 |
|  6623.1 |    0.416314 |
| 6623.93 |    0.416526 |
| 6624.75 |    0.416738 |
| 6625.58 |    0.416949 |
| 6626.41 |    0.417161 |
| 6627.24 |    0.417373 |
| 6628.07 |    0.417584 |
|  6628.9 |    0.417796 |
| 6629.74 |    0.418009 |
| 6630.57 |    0.417964 |
|  6631.4 |    0.417801 |
| 6632.23 |    0.417638 |
| 6633.06 |    0.417474 |
| 6633.89 |    0.417311 |
| 6634.72 |    0.417147 |
| 6635.55 |    0.416983 |
| 6636.38 |     0.41682 |
| 6637.22 |    0.416655 |
| 6638.05 |    0.416491 |
| 6638.88 |    0.416328 |
| 6639.71 |    0.416164 |
| 6640.54 |    0.417881 |
| 6641.38 |    0.420594 |
| 6642.21 |    0.423306 |
| 6643.04 |    0.426019 |
| 6643.87 |    0.428733 |
| 6644.71 |     0.43146 |
| 6645.54 |    0.434187 |
| 6646.37 |    0.436901 |
|  6647.2 |    0.439616 |
| 6648.04 |    0.442332 |
| 6648.87 |     0.44505 |
|  6649.7 |    0.447766 |
| 6650.53 |    0.447531 |
| 6651.37 |    0.445634 |
|  6652.2 |    0.443729 |
| 6653.04 |    0.441824 |
| 6653.87 |    0.439926 |
|  6654.7 |     0.43803 |
| 6655.54 |    0.436132 |
| 6656.37 |    0.434233 |
|  6657.2 |    0.432336 |
| 6658.04 |    0.430438 |
| 6658.87 |    0.428539 |
| 6659.71 |    0.426633 |
| 6660.54 |    0.427986 |
| 6661.38 |    0.431083 |
| 6662.21 |    0.434183 |
| 6663.04 |    0.437282 |
| 6663.88 |    0.440383 |
| 6664.71 |    0.443484 |
| 6665.55 |    0.446587 |
| 6666.38 |    0.449691 |
| 6667.22 |    0.452808 |
| 6668.06 |    0.455927 |
| 6668.89 |    0.459032 |
| 6669.73 |     0.46214 |
| 6670.56 |    0.461674 |
|  6671.4 |    0.459481 |
| 6672.23 |    0.457289 |
| 6673.07 |    0.455096 |
|  6673.9 |    0.452904 |
| 6674.74 |      0.4507 |
| 6675.58 |    0.448499 |
| 6676.42 |    0.446305 |
| 6677.25 |    0.444113 |
| 6678.09 |    0.441919 |
| 6678.92 |    0.439726 |
| 6679.76 |    0.437534 |
|  6680.6 |    0.438913 |
| 6681.43 |    0.441722 |
| 6682.27 |    0.444546 |
| 6683.11 |    0.447369 |
| 6683.95 |    0.450182 |
| 6684.79 |    0.452996 |
| 6685.62 |     0.45581 |
| 6686.46 |    0.458625 |
|  6687.3 |     0.46144 |
| 6688.13 |    0.464256 |
| 6688.97 |    0.467074 |
| 6689.81 |    0.469903 |
| 6690.65 |    0.467862 |
| 6691.49 |    0.464434 |
| 6692.33 |    0.461007 |
| 6693.17 |    0.457579 |
|  6694.0 |     0.45415 |
| 6694.84 |    0.450722 |
| 6695.68 |    0.447294 |
| 6696.52 |    0.443866 |
| 6697.36 |    0.440419 |
|  6698.2 |    0.436975 |
| 6699.04 |    0.433543 |
| 6699.88 |     0.43011 |
| 6700.72 |    0.430678 |
| 6701.56 |    0.431918 |
|  6702.4 |    0.433158 |
| 6703.23 |    0.434398 |
| 6704.07 |    0.435638 |
| 6704.92 |    0.436884 |
| 6705.76 |     0.43813 |
|  6706.6 |     0.43937 |
| 6707.44 |    0.440612 |
| 6708.28 |    0.441853 |
| 6709.12 |    0.443093 |
| 6709.96 |    0.444335 |
|  6710.8 |    0.442618 |
| 6711.64 |    0.440743 |
| 6712.48 |     0.43886 |
| 6713.33 |    0.436976 |
| 6714.17 |    0.435099 |
| 6715.01 |    0.433223 |
| 6715.85 |    0.431345 |
| 6716.69 |    0.429467 |
| 6717.53 |    0.427588 |
| 6718.37 |    0.425709 |
| 6719.21 |    0.423829 |
| 6720.05 |    0.422078 |
|  6720.9 |    0.422333 |
| 6721.74 |    0.422587 |
| 6722.58 |     0.42284 |
| 6723.42 |    0.423093 |
| 6724.27 |    0.423347 |
| 6725.11 |      0.4236 |
| 6725.95 |    0.423855 |
| 6726.79 |    0.424108 |
| 6727.64 |    0.424363 |
| 6728.48 |    0.424618 |
| 6729.32 |    0.424872 |
| 6730.17 |    0.424835 |
| 6731.01 |    0.423614 |
| 6731.85 |    0.422395 |
| 6732.69 |    0.421174 |
| 6733.54 |    0.419954 |
| 6734.38 |    0.418734 |
| 6735.23 |    0.417508 |
| 6736.07 |    0.416283 |
| 6736.92 |    0.415062 |
| 6737.76 |    0.413842 |
|  6738.6 |    0.412621 |
| 6739.45 |    0.411401 |
| 6740.29 |     0.41133 |
| 6741.13 |    0.413448 |
| 6741.98 |    0.415565 |
| 6742.83 |    0.417692 |
| 6743.67 |    0.419821 |
| 6744.52 |     0.42194 |
| 6745.36 |    0.424058 |
| 6746.21 |    0.426177 |
| 6747.05 |    0.428296 |
|  6747.9 |    0.430417 |
| 6748.74 |    0.432536 |
| 6749.58 |    0.434656 |
| 6750.43 |    0.434664 |
| 6751.28 |    0.432634 |
| 6752.13 |    0.430612 |
| 6752.97 |    0.428589 |
| 6753.82 |    0.426567 |
| 6754.66 |    0.424544 |
| 6755.51 |    0.422519 |
| 6756.35 |    0.420495 |
|  6757.2 |    0.418469 |
| 6758.05 |    0.416435 |
|  6758.9 |      0.4144 |
| 6759.75 |    0.412373 |
| 6760.59 |    0.411462 |
| 6761.44 |    0.411032 |
| 6762.28 |    0.410602 |
| 6763.13 |    0.410172 |
| 6763.98 |    0.409742 |
| 6764.82 |    0.409312 |
| 6765.67 |     0.40888 |
| 6766.52 |    0.408449 |
| 6767.37 |    0.408019 |
| 6768.22 |    0.407589 |
| 6769.07 |    0.407158 |
| 6769.91 |    0.406729 |
| 6770.76 |    0.410597 |
| 6771.61 |    0.414956 |
| 6772.46 |    0.419317 |
| 6773.31 |    0.423697 |
| 6774.16 |    0.428078 |
| 6775.01 |    0.432443 |
| 6775.85 |    0.436806 |
|  6776.7 |    0.441171 |
| 6777.55 |    0.445536 |
|  6778.4 |      0.4499 |
| 6779.25 |    0.454268 |
|  6780.1 |    0.457692 |
| 6780.95 |    0.453763 |
|  6781.8 |    0.449834 |
| 6782.65 |    0.445923 |
|  6783.5 |    0.442009 |
| 6784.35 |    0.438095 |
|  6785.2 |    0.434181 |
| 6786.05 |    0.430264 |
|  6786.9 |     0.42635 |
| 6787.75 |    0.422433 |
|  6788.6 |    0.418498 |
| 6789.45 |    0.414563 |
|  6790.3 |    0.413127 |
| 6791.15 |    0.416176 |
|  6792.0 |    0.419224 |
| 6792.85 |    0.422272 |
|  6793.7 |    0.425322 |
| 6794.55 |     0.42837 |
|  6795.4 |    0.431419 |
| 6796.26 |    0.434483 |
| 6797.11 |    0.437545 |
| 6797.96 |    0.440594 |
| 6798.81 |    0.443645 |
| 6799.67 |    0.446695 |
| 6800.52 |    0.446178 |
| 6801.37 |    0.443356 |
| 6802.22 |    0.440535 |
| 6803.07 |    0.437713 |
| 6803.93 |    0.434879 |
| 6804.78 |    0.432044 |
| 6805.63 |    0.429222 |
| 6806.49 |    0.426399 |
| 6807.34 |    0.423577 |
| 6808.19 |    0.420754 |
| 6809.04 |    0.417932 |
|  6809.9 |    0.415108 |
| 6810.75 |    0.415165 |
|  6811.6 |     0.41563 |
| 6812.46 |    0.416096 |
| 6813.31 |    0.416559 |
| 6814.17 |    0.417024 |
| 6815.02 |    0.417487 |
| 6815.87 |    0.417951 |
| 6816.72 |    0.418414 |
| 6817.58 |    0.418878 |
| 6818.43 |    0.419341 |
| 6819.29 |    0.419807 |
| 6820.15 |    0.419944 |
|  6821.0 |    0.418477 |
| 6821.85 |     0.41701 |
| 6822.71 |    0.415543 |
| 6823.56 |    0.414076 |
| 6824.42 |    0.412609 |
| 6825.27 |    0.411141 |
| 6826.12 |    0.409673 |
| 6826.98 |    0.408198 |
| 6827.84 |    0.406723 |
| 6828.69 |    0.405255 |
| 6829.55 |    0.403786 |
|  6830.4 |    0.404044 |
| 6831.26 |    0.406223 |
| 6832.12 |    0.408402 |
| 6832.97 |    0.410582 |
| 6833.83 |    0.412762 |
| 6834.69 |    0.414953 |
| 6835.54 |    0.417142 |
|  6836.4 |    0.419324 |
| 6837.25 |    0.421505 |
| 6838.11 |    0.423686 |
| 6838.97 |    0.425867 |
| 6839.82 |     0.42805 |
| 6840.68 |    0.426875 |
| 6841.54 |    0.424825 |
|  6842.4 |    0.422766 |
| 6843.26 |    0.420707 |
| 6844.11 |    0.418658 |
| 6844.96 |    0.416616 |
| 6845.83 |    0.414558 |
| 6846.68 |    0.412508 |
| 6847.54 |    0.410459 |
|  6848.4 |    0.408411 |
| 6849.25 |    0.406361 |
| 6850.12 |    0.404923 |
| 6850.98 |    0.407496 |
| 6851.83 |    0.410057 |
| 6852.69 |    0.412608 |
| 6853.55 |    0.415182 |
| 6854.41 |    0.417744 |
| 6855.27 |    0.420306 |
| 6856.12 |    0.422868 |
| 6856.98 |    0.425431 |
| 6857.84 |    0.428005 |
| 6858.71 |     0.43058 |
| 6859.56 |    0.433144 |
| 6860.42 |     0.43363 |
| 6861.28 |    0.431957 |
| 6862.14 |    0.430291 |
|  6863.0 |    0.428625 |
| 6863.86 |     0.42696 |
| 6864.72 |    0.425292 |
| 6865.58 |    0.423618 |
| 6866.44 |    0.421943 |
|  6867.3 |    0.420276 |
| 6868.16 |    0.418615 |
| 6869.02 |    0.416939 |
| 6869.88 |     0.41527 |
| 6870.74 |    0.416604 |
|  6871.6 |    0.418408 |
| 6872.46 |    0.420213 |
| 6873.33 |    0.422026 |
| 6874.19 |     0.42384 |
| 6875.05 |    0.425644 |
| 6875.91 |    0.427443 |
| 6876.77 |    0.429256 |
| 6877.63 |    0.431062 |
|  6878.5 |    0.432868 |
| 6879.36 |    0.434673 |
| 6880.22 |    0.435379 |
| 6881.08 |    0.432804 |
| 6881.95 |    0.430228 |
| 6882.81 |    0.427664 |
| 6883.67 |     0.42511 |
| 6884.53 |    0.422534 |
| 6885.39 |    0.419968 |
| 6886.25 |    0.417403 |
| 6887.12 |    0.414836 |
| 6887.98 |     0.41227 |
| 6888.85 |    0.409691 |
| 6889.71 |    0.407114 |
| 6890.57 |    0.406747 |
| 6891.43 |    0.407481 |
|  6892.3 |    0.408222 |
| 6893.16 |     0.40896 |
| 6894.02 |    0.409698 |
| 6894.89 |    0.410435 |
| 6895.75 |    0.411173 |
| 6896.62 |    0.411914 |
| 6897.48 |    0.412655 |
| 6898.35 |    0.413393 |
| 6899.21 |    0.414127 |
| 6900.08 |    0.414516 |
| 6900.94 |    0.411211 |
|  6901.8 |    0.407906 |
| 6902.67 |    0.404599 |
| 6903.53 |    0.401294 |
|  6904.4 |    0.397973 |
| 6905.27 |    0.394652 |
| 6906.13 |    0.391346 |
| 6906.99 |    0.388054 |
| 6907.86 |    0.384734 |
| 6908.73 |    0.381427 |
| 6909.59 |     0.37812 |
| 6910.46 |    0.377152 |
| 6911.32 |    0.378295 |
| 6912.19 |    0.379442 |
| 6913.06 |     0.38059 |
| 6913.92 |    0.381734 |
| 6914.79 |    0.382872 |
| 6915.65 |     0.38402 |
| 6916.52 |    0.385164 |
| 6917.38 |    0.386309 |
| 6918.25 |    0.387454 |
| 6919.12 |    0.388598 |
| 6919.99 |    0.389748 |
| 6920.86 |    0.386924 |
| 6921.72 |    0.384055 |
| 6922.59 |    0.381197 |
| 6923.46 |    0.378315 |
| 6924.32 |    0.375444 |
| 6925.19 |    0.372574 |
| 6926.06 |    0.369705 |
| 6926.92 |    0.366833 |
| 6927.79 |     0.36395 |
| 6928.67 |    0.361066 |
| 6929.53 |    0.358196 |
|  6930.4 |    0.357846 |
| 6931.27 |    0.360479 |
| 6932.13 |    0.363097 |
|  6933.0 |    0.365718 |
| 6933.87 |    0.368337 |
| 6934.74 |    0.370955 |
| 6935.61 |    0.373586 |
| 6936.48 |    0.376217 |
| 6937.35 |    0.378835 |
| 6938.22 |    0.381442 |
| 6939.09 |    0.384071 |
| 6939.96 |    0.386689 |
| 6940.83 |    0.385235 |
| 6941.69 |    0.383566 |
| 6942.56 |    0.381898 |
| 6943.44 |    0.380221 |
| 6944.31 |    0.378544 |
| 6945.18 |    0.376874 |
| 6946.04 |    0.375211 |
| 6946.92 |    0.373534 |
| 6947.79 |    0.371862 |
| 6948.66 |    0.370191 |
| 6949.53 |     0.36852 |
|  6950.4 |    0.369217 |
| 6951.27 |    0.372766 |
| 6952.14 |    0.376315 |
| 6953.01 |     0.37985 |
| 6953.88 |    0.383366 |
| 6954.75 |    0.386915 |
| 6955.62 |    0.390446 |
|  6956.5 |    0.393977 |
| 6957.37 |    0.397507 |
| 6958.24 |    0.401038 |
| 6959.11 |    0.404581 |
| 6959.99 |    0.408125 |
| 6960.86 |    0.408551 |
| 6961.73 |    0.408929 |
|  6962.6 |    0.409311 |
| 6963.47 |    0.409691 |
| 6964.35 |    0.410071 |
| 6965.22 |     0.41045 |
| 6966.09 |     0.41083 |
| 6966.96 |    0.411211 |
| 6967.84 |    0.411591 |
| 6968.71 |     0.41197 |
| 6969.58 |    0.412348 |
| 6970.46 |    0.413443 |
| 6971.33 |    0.415186 |
|  6972.2 |    0.416928 |
| 6973.08 |    0.418671 |
| 6973.95 |    0.420414 |
| 6974.82 |    0.422163 |
|  6975.7 |    0.423914 |
| 6976.58 |    0.425657 |
| 6977.44 |    0.427391 |
| 6978.32 |    0.429142 |
| 6979.19 |    0.430884 |
| 6980.07 |    0.432344 |
| 6980.94 |    0.430476 |
| 6981.82 |    0.428605 |
| 6982.69 |    0.426727 |
| 6983.57 |    0.424848 |
| 6984.45 |    0.422977 |
| 6985.32 |    0.421113 |
| 6986.19 |    0.419233 |
| 6987.07 |     0.41736 |
| 6987.94 |    0.415488 |
| 6988.82 |    0.413613 |
| 6989.69 |     0.41174 |
| 6990.57 |    0.412081 |
| 6991.45 |    0.413616 |
| 6992.33 |    0.415144 |
|  6993.2 |    0.416665 |
| 6994.08 |    0.418201 |
| 6994.95 |    0.419729 |
| 6995.83 |    0.421257 |
|  6996.7 |    0.422785 |
| 6997.58 |    0.424313 |
| 6998.46 |    0.425849 |
| 6999.34 |    0.427384 |
| 7000.21 |    0.428187 |
| 7001.09 |    0.426698 |
| 7001.97 |    0.425209 |
| 7002.84 |    0.423727 |
| 7003.72 |    0.422245 |
|  7004.6 |    0.420764 |
| 7005.47 |    0.419281 |
| 7006.35 |    0.417792 |
| 7007.24 |    0.416304 |
|  7008.1 |    0.414836 |
| 7008.99 |    0.413348 |
| 7009.87 |     0.41186 |
| 7010.75 |    0.412291 |
| 7011.62 |    0.413064 |
|  7012.5 |    0.413836 |
| 7013.38 |    0.414608 |
| 7014.26 |    0.415382 |
| 7015.14 |    0.416157 |
| 7016.01 |    0.416921 |
| 7016.89 |    0.417695 |
| 7017.78 |     0.41847 |
| 7018.65 |    0.419241 |
| 7019.53 |    0.420011 |
| 7020.41 |    0.419375 |
| 7021.29 |    0.417144 |
| 7022.17 |    0.414902 |
| 7023.06 |     0.41266 |
| 7023.93 |    0.410448 |
| 7024.81 |    0.408207 |
| 7025.69 |    0.405965 |
| 7026.57 |    0.403732 |
| 7027.45 |    0.401499 |
| 7028.33 |    0.399268 |
| 7029.21 |    0.397035 |
|  7030.1 |    0.395298 |
| 7030.98 |    0.397701 |
| 7031.85 |    0.400073 |
| 7032.74 |    0.402475 |
| 7033.62 |    0.404879 |
|  7034.5 |    0.407271 |
| 7035.38 |    0.409663 |
| 7036.26 |    0.412057 |
| 7037.14 |    0.414448 |
| 7038.03 |    0.416852 |
| 7038.91 |    0.419255 |
| 7039.79 |    0.421626 |
| 7040.67 |    0.420616 |
| 7041.56 |    0.418519 |
| 7042.44 |    0.416431 |
| 7043.32 |    0.414343 |
|  7044.2 |    0.412255 |
| 7045.08 |    0.410167 |
| 7045.97 |     0.40807 |
| 7046.85 |    0.405974 |
| 7047.73 |    0.403904 |
| 7048.62 |    0.401808 |
|  7049.5 |    0.399712 |
| 7050.38 |    0.399652 |
| 7051.27 |    0.402232 |
| 7052.15 |    0.404814 |
| 7053.03 |    0.407394 |
| 7053.92 |    0.409985 |
| 7054.81 |    0.412577 |
| 7055.68 |    0.415134 |
| 7056.57 |    0.417725 |
| 7057.45 |    0.420315 |
| 7058.34 |    0.422895 |
| 7059.22 |    0.425474 |
|  7060.1 |    0.427468 |
| 7060.99 |     0.42512 |
| 7061.88 |    0.422761 |
| 7062.76 |    0.420404 |
| 7063.64 |    0.418077 |
| 7064.53 |    0.415722 |
| 7065.42 |    0.413366 |
|  7066.3 |    0.411019 |
| 7067.19 |    0.408674 |
| 7068.07 |    0.406329 |
| 7068.96 |    0.403984 |
| 7069.84 |     0.40163 |
| 7070.73 |    0.397068 |
| 7071.61 |      0.3921 |
|  7072.5 |    0.387065 |
| 7073.39 |    0.382031 |
| 7074.27 |     0.37702 |
| 7075.16 |    0.372007 |
| 7076.04 |    0.366994 |
| 7076.93 |    0.361982 |
| 7077.82 |    0.356948 |
| 7078.71 |    0.351914 |
| 7079.59 |    0.346945 |
| 7080.48 |    0.338002 |
| 7081.37 |    0.325697 |
| 7082.25 |    0.313447 |
| 7083.14 |    0.301193 |
| 7084.03 |    0.288939 |
| 7084.92 |    0.276688 |
| 7085.81 |    0.264384 |
|  7086.7 |    0.252075 |
| 7087.58 |    0.239935 |
| 7088.47 |    0.227629 |
| 7089.36 |    0.215318 |
| 7090.25 |    0.204325 |
| 7091.13 |    0.196612 |
| 7092.02 |    0.188906 |
| 7092.91 |    0.181193 |
|  7093.8 |    0.173454 |
| 7094.69 |    0.165718 |
| 7095.57 |    0.158081 |
| 7096.46 |    0.150346 |
| 7097.36 |    0.142613 |
| 7098.25 |    0.134912 |
| 7099.13 |    0.127215 |
| 7100.02 |      0.1196 |
| 7100.91 |    0.115093 |
|  7101.8 |    0.110568 |
|  7102.7 |    0.106042 |
| 7103.58 |    0.101579 |
| 7104.47 |   0.0970523 |
| 7105.36 |   0.0925297 |
| 7106.25 |   0.0880281 |
| 7107.14 |   0.0835251 |
| 7108.03 |   0.0790234 |
| 7108.92 |   0.0745231 |
| 7109.82 |   0.0700016 |
| 7110.71 |   0.0675109 |
| 7111.59 |   0.0655695 |
| 7112.49 |   0.0636026 |
| 7113.38 |   0.0616349 |
| 7114.27 |   0.0596771 |
| 7115.16 |   0.0577186 |
| 7116.05 |   0.0557604 |
| 7116.94 |   0.0538024 |
| 7117.84 |    0.051835 |
| 7118.73 |    0.049868 |
| 7119.62 |    0.047927 |
| 7120.51 |   0.0463927 |
| 7121.41 |   0.0451831 |
|  7122.3 |   0.0439782 |
| 7123.19 |   0.0427734 |
| 7124.08 |   0.0415687 |
| 7124.97 |    0.040364 |
| 7125.87 |   0.0391536 |
| 7126.76 |   0.0379438 |
| 7127.65 |   0.0367494 |
| 7128.54 |   0.0355384 |
| 7129.44 |   0.0343283 |
| 7130.33 |     0.03337 |
| 7131.23 |    0.032826 |
| 7132.12 |   0.0322822 |
| 7133.01 |   0.0317384 |
| 7133.91 |    0.031192 |
| 7134.81 |   0.0306458 |
| 7135.69 |   0.0301068 |
| 7136.59 |   0.0295608 |
| 7137.48 |   0.0290147 |
| 7138.38 |   0.0284713 |
| 7139.27 |   0.0279277 |
| 7140.17 |   0.0273791 |
| 7141.06 |   0.0268094 |
| 7141.96 |    0.026237 |
| 7142.85 |   0.0256648 |
| 7143.74 |   0.0251002 |
| 7144.64 |   0.0245282 |
| 7145.54 |   0.0239561 |
| 7146.43 |   0.0233865 |
| 7147.33 |   0.0228171 |
| 7148.22 |   0.0222479 |
| 7149.12 |   0.0216788 |
| 7150.02 |   0.0211071 |
| 7150.91 |   0.0205439 |
|  7151.8 |   0.0199883 |
|  7152.7 |   0.0194251 |
|  7153.6 |   0.0188624 |
|  7154.5 |   0.0183021 |
| 7155.39 |   0.0177419 |
| 7156.29 |   0.0171816 |
| 7157.18 |   0.0166219 |
| 7158.08 |   0.0160595 |
| 7158.98 |   0.0154973 |
| 7159.87 |   0.0149426 |
| 7160.77 |   0.0143901 |
| 7161.67 |   0.0138393 |
| 7162.57 |   0.0132908 |
| 7163.46 |   0.0127425 |
| 7164.36 |   0.0121941 |
| 7165.26 |   0.0116455 |
| 7166.16 |   0.0110945 |
| 7167.05 |   0.0105484 |
| 7167.95 |  0.00999984 |
| 7168.85 |  0.00944869 |
| 7169.75 |  0.00889757 |
| 7170.65 |  0.00846275 |
| 7171.54 |  0.00807182 |
| 7172.44 |  0.00768076 |
| 7173.34 |  0.00729002 |
| 7174.24 |  0.00689744 |
| 7175.14 |  0.00650833 |
| 7176.04 |  0.00611739 |
| 7176.94 |  0.00572485 |
| 7177.84 |   0.0053326 |
| 7178.74 |   0.0049417 |
| 7179.64 |   0.0045511 |
| 7180.54 |  0.00428985 |
| 7181.43 |   0.0041163 |
| 7182.34 |  0.00394204 |
| 7183.23 |  0.00376921 |
| 7184.13 |  0.00359576 |
| 7185.04 |   0.0034215 |
| 7185.94 |  0.00324727 |
| 7186.84 |  0.00307383 |
| 7187.74 |  0.00290041 |
| 7188.64 |  0.00272694 |
| 7189.54 |   0.0025535 |
| 7190.44 |  0.00243099 |
| 7191.34 |  0.00236344 |
| 7192.24 |  0.00229557 |
| 7193.14 |  0.00222742 |
| 7194.04 |  0.00215929 |
| 7194.95 |  0.00209147 |
| 7195.85 |  0.00202363 |
| 7196.75 |  0.00195584 |
| 7197.65 |  0.00188803 |
| 7198.55 |   0.0018199 |
| 7199.45 |  0.00175241 |
| 7200.35 |   0.0016846 |
| 7201.26 |  0.00161651 |
| 7202.16 |  0.00154838 |
| 7203.06 |  0.00148059 |
| 7203.96 |  0.00141279 |
| 7204.87 |  0.00134504 |
| 7205.77 |  0.00127727 |
| 7206.67 |  0.00120919 |
| 7207.57 |  0.00114175 |
| 7208.48 |    0.001074 |
| 7209.38 |  0.00100598 |
| 7210.29 | 0.000954236 |
| 7211.19 | 0.000937549 |
| 7212.09 | 0.000920877 |
|  7213.0 | 0.000904203 |
|  7213.9 | 0.000887534 |
| 7214.81 | 0.000870791 |
| 7215.71 | 0.000854208 |
| 7216.61 |  0.00083755 |
| 7217.52 | 0.000820827 |
| 7218.42 | 0.000804102 |
| 7219.33 | 0.000787464 |
| 7220.23 | 0.000770824 |
| 7221.13 |  0.00075419 |
| 7222.04 | 0.000737562 |
| 7222.95 |  0.00072086 |
| 7223.85 | 0.000704318 |
| 7224.75 | 0.000687701 |
| 7225.66 | 0.000671019 |
| 7226.57 | 0.000654335 |
| 7227.47 | 0.000637738 |
| 7228.38 | 0.000621138 |
| 7229.28 | 0.000604546 |
| 7230.19 | 0.000587969 |
|  7231.1 |  0.00057135 |
|  7232.0 | 0.000554879 |
|  7232.9 |  0.00053834 |
| 7233.81 | 0.000521733 |
| 7234.72 | 0.000505123 |
| 7235.62 | 0.000488597 |
| 7236.53 | 0.000472067 |
| 7237.44 |  0.00045554 |
| 7238.34 | 0.000439009 |
| 7239.25 | 0.000422412 |
| 7240.15 | 0.000405969 |
| 7241.06 | 0.000389448 |
| 7241.97 | 0.000372853 |
| 7242.88 |  0.00035627 |
| 7243.79 | 0.000339755 |
|  7244.7 | 0.000323243 |
|  7245.6 | 0.000306737 |
| 7246.51 | 0.000290226 |
| 7247.42 | 0.000273649 |
| 7248.32 | 0.000257217 |
| 7249.23 | 0.000240719 |
| 7250.14 | 0.000226177 |
| 7251.05 | 0.000222533 |
| 7251.96 | 0.000218905 |
| 7252.87 | 0.000215279 |
| 7253.78 | 0.000211655 |
| 7254.69 | 0.000208029 |
|  7255.6 |  0.00020439 |
|  7256.5 | 0.000200784 |
| 7257.41 | 0.000197163 |
| 7258.32 | 0.000193526 |
| 7259.23 | 0.000189891 |
| 7260.14 | 0.000186274 |
| 7261.05 | 0.000182669 |
| 7261.96 | 0.000179065 |
| 7262.87 |  0.00017546 |
| 7263.78 | 0.000171841 |
| 7264.69 | 0.000168253 |
|  7265.6 | 0.000164651 |
| 7266.51 | 0.000161033 |
| 7267.42 | 0.000157415 |
| 7268.33 | 0.000153814 |
| 7269.25 | 0.000150214 |
| 7270.15 | 0.000146611 |
| 7271.06 | 0.000143003 |
| 7271.98 | 0.000139381 |
| 7272.88 | 0.000135792 |
| 7273.79 | 0.000132188 |
| 7274.71 | 0.000128568 |
| 7275.62 |  0.00012495 |
| 7276.54 | 0.000121346 |
| 7277.45 | 0.000117746 |
| 7278.36 | 0.000114145 |
| 7279.27 | 0.000110547 |
| 7280.18 | 0.000106931 |
| 7281.09 | 0.000103348 |
