# Units:
#  "lambda" is in Angstroms
#  "pass" is the contribution to the detector signal per photon
# 
# Bandpass Names(s): z
# 
# collected by: Guangtun Zhu
# 
# from http://www.ctio.noao.edu/instruments/FILTERS/index.html
# 
# on July 11th 2008, NYU:
# 
# Note 1: I only include Q.E. between  7532.0 AA and 10994.0 AA
# 
# Note 2: It seems the curves didnot include atmospheric extinction. I added it by oke way
#   oke, filter.lambda, 1., 1.3, ext
#   filter.pass=filter.pass*10.^(-0.4*ext)
# 
# Note 3: mean CCD response:http://www.ctio.noao.edu/pfccd/mosaic_ccds.html
# 
|  lambda |          pass |
|  7532.0 | 0.00013584194 |
|  7538.0 | 0.00013577339 |
|  7568.0 | 0.00013104787 |
|  7610.0 |  6.479404e-05 |
|  7682.0 | 6.2594074e-05 |
|  7688.0 | 0.00025313208 |
|  7694.0 | 6.4174375e-05 |
|  7706.0 | 0.00019732138 |
|  7712.0 | 0.00052704295 |
|  7718.0 | 0.00033006939 |
|  7724.0 | 0.00026479794 |
|  7736.0 | 6.6664375e-05 |
|  7742.0 | 0.00013325211 |
|  7748.0 | 0.00019976318 |
|  7754.0 | 0.00013309876 |
|  7760.0 | 0.00013302207 |
|  7766.0 |  0.0002658907 |
|  7772.0 | 6.6434302e-05 |
|  7778.0 | 0.00019918777 |
|  7784.0 | 0.00033178765 |
|  7790.0 | 0.00053055305 |
|  7796.0 | 0.00026512292 |
|  7808.0 | 0.00026481549 |
|  7814.0 | 0.00092631613 |
|  7820.0 | 0.00019838096 |
|  7826.0 | 0.00039653122 |
|  7832.0 | 0.00066050072 |
|  7838.0 |  0.0010561855 |
|  7844.0 | 0.00098959659 |
|  7850.0 |  0.0011868229 |
|  7856.0 |  0.0017132987 |
|  7862.0 |   0.002700161 |
|  7868.0 |  0.0025669432 |
|  7874.0 |  0.0021707576 |
|  7880.0 |  0.0026296792 |
|  7886.0 |  0.0031537646 |
|  7892.0 |  0.0029549187 |
|  7898.0 |  0.0027563041 |
|  7904.0 |  0.0032793854 |
|  7910.0 |  0.0034741026 |
|  7916.0 |  0.0040616519 |
|  7922.0 |  0.0045175613 |
|  7928.0 |  0.0045803292 |
|  7934.0 |  0.0048392038 |
|  7940.0 |    0.00555526 |
|  7946.0 |  0.0058785616 |
|  7952.0 |  0.0060709184 |
|  7958.0 |  0.0067197215 |
|  7964.0 |  0.0075633549 |
|  7970.0 |  0.0078195175 |
|  7976.0 |  0.0086614853 |
|  7982.0 |  0.0098929564 |
|  7988.0 |   0.011122955 |
|  7994.0 |   0.011441371 |
|  8000.0 |   0.012344119 |
|  8006.0 |   0.012898034 |
|  8012.0 |   0.013643133 |
|  8018.0 |    0.01509406 |
|  8024.0 |   0.016087404 |
|  8030.0 |   0.016883194 |
|  8036.0 |   0.018507466 |
|  8042.0 |   0.020123664 |
|  8048.0 |   0.021986714 |
|  8054.0 |   0.023713285 |
|  8060.0 |   0.025240907 |
|  8066.0 |    0.02669749 |
|  8072.0 |   0.029156353 |
|  8078.0 |   0.030910287 |
|  8084.0 |   0.032969199 |
|  8090.0 |   0.035456024 |
|  8096.0 |   0.037680145 |
|  8102.0 |   0.040329073 |
|  8108.0 |   0.043294225 |
|  8114.0 |   0.046007842 |
|  8120.0 |   0.048738547 |
|  8126.0 |   0.051237263 |
|  8132.0 |   0.054688089 |
|  8138.0 |   0.058414418 |
|  8144.0 |    0.06143852 |
|  8150.0 |   0.064440489 |
|  8156.0 |   0.067427412 |
|  8162.0 |   0.071097754 |
|  8168.0 |   0.074967653 |
|  8174.0 |   0.079835206 |
|  8180.0 |   0.084610291 |
|  8186.0 |   0.089380778 |
|  8192.0 |   0.094610184 |
|  8198.0 |   0.099926241 |
|  8204.0 |    0.10615577 |
|  8210.0 |    0.11314056 |
|  8216.0 |     0.1170137 |
|  8222.0 |    0.12095031 |
|  8228.0 |    0.12560923 |
|  8234.0 |    0.13069572 |
|  8240.0 |    0.13764641 |
|  8246.0 |    0.14477992 |
|  8252.0 |    0.15206352 |
|  8258.0 |    0.16027066 |
|  8264.0 |    0.16698231 |
|  8270.0 |    0.17259674 |
|  8276.0 |    0.17905796 |
|  8282.0 |     0.1851587 |
|  8288.0 |    0.19188276 |
|  8294.0 |     0.1994268 |
|  8300.0 |    0.20652811 |
|  8306.0 |    0.21275261 |
|  8312.0 |    0.21903864 |
|  8318.0 |    0.22610334 |
|  8324.0 |    0.23269306 |
|  8330.0 |    0.24002168 |
|  8336.0 |    0.24757075 |
|  8342.0 |    0.25415802 |
|  8348.0 |    0.26072672 |
|  8354.0 |    0.26756948 |
|  8360.0 |    0.27422822 |
|  8366.0 |    0.28093168 |
|  8372.0 |    0.28801793 |
|  8378.0 |    0.29428416 |
|  8384.0 |    0.29895204 |
|  8390.0 |    0.30382484 |
|  8396.0 |    0.31123236 |
|  8402.0 |    0.31614059 |
|  8408.0 |    0.32175407 |
|  8414.0 |    0.32813725 |
|  8420.0 |    0.33279267 |
|  8426.0 |    0.33726746 |
|  8432.0 |    0.34194404 |
|  8438.0 |    0.34715372 |
|  8444.0 |    0.35233837 |
|  8450.0 |    0.35617241 |
|  8456.0 |    0.36093101 |
|  8462.0 |    0.36470303 |
|  8468.0 |    0.36865622 |
|  8474.0 |    0.37289354 |
|  8480.0 |    0.37720293 |
|  8486.0 |    0.38147879 |
|  8492.0 |    0.38457623 |
|  8498.0 |    0.38723212 |
|  8504.0 |    0.38939857 |
|  8510.0 |    0.39257541 |
|  8516.0 |    0.39562201 |
|  8522.0 |    0.39884689 |
|  8528.0 |    0.40056217 |
|  8534.0 |    0.40266612 |
|  8540.0 |    0.40474877 |
|  8546.0 |    0.40741733 |
|  8552.0 |    0.40854731 |
|  8558.0 |    0.40951103 |
|  8564.0 |    0.41186348 |
|  8570.0 |    0.41309321 |
|  8576.0 |     0.4139578 |
|  8582.0 |    0.41580084 |
|  8588.0 |    0.41742533 |
|  8594.0 |    0.41858652 |
|  8600.0 |     0.4206652 |
|  8606.0 |    0.42095721 |
|  8612.0 |    0.42182413 |
|  8618.0 |    0.42243284 |
|  8624.0 |    0.42288262 |
|  8630.0 |    0.42365843 |
|  8636.0 |    0.42384133 |
|  8642.0 |    0.42401335 |
|  8648.0 |    0.42498863 |
|  8654.0 |    0.42499325 |
|  8660.0 |    0.42479786 |
|  8666.0 |    0.42577869 |
|  8672.0 |    0.42612901 |
|  8678.0 |    0.42656103 |
|  8684.0 |    0.42730838 |
|  8690.0 |    0.42701194 |
|  8696.0 |    0.42582211 |
|  8702.0 |    0.42518726 |
|  8708.0 |    0.42403752 |
|  8714.0 |    0.42330027 |
|  8720.0 |    0.42320094 |
|  8726.0 |     0.4220387 |
|  8732.0 |    0.42160407 |
|  8738.0 |    0.42084348 |
|  8744.0 |    0.41926229 |
|  8750.0 |    0.41917107 |
|  8756.0 |    0.41924959 |
|  8762.0 |    0.41877896 |
|  8768.0 |     0.4187471 |
|  8774.0 |    0.41986141 |
|  8780.0 |    0.41958213 |
|  8786.0 |     0.4169966 |
|  8792.0 |    0.41499087 |
|  8798.0 |    0.41412851 |
|  8804.0 |    0.41334853 |
|  8810.0 |    0.41286758 |
|  8816.0 |    0.41185832 |
|  8822.0 |    0.41054252 |
|  8828.0 |    0.40999976 |
|  8834.0 |    0.40884897 |
|  8840.0 |    0.40773785 |
|  8846.0 |    0.40768731 |
|  8852.0 |    0.40643805 |
|  8858.0 |    0.40396145 |
|  8864.0 |    0.40309075 |
|  8870.0 |    0.40225655 |
|  8876.0 |    0.40083209 |
|  8882.0 |    0.39961448 |
|  8888.0 |    0.39839405 |
|  8894.0 |    0.39733592 |
|  8900.0 |    0.39598599 |
|  8906.0 |    0.39075482 |
|  8912.0 |     0.3872264 |
|  8918.0 |    0.38445312 |
|  8924.0 |    0.38262373 |
|  8930.0 |    0.38028157 |
|  8936.0 |    0.37844458 |
|  8942.0 |    0.37696007 |
|  8948.0 |    0.37464663 |
|  8954.0 |    0.37235221 |
|  8960.0 |    0.36983931 |
|  8966.0 |    0.35931578 |
|  8972.0 |    0.35234454 |
|  8978.0 |    0.34643242 |
|  8984.0 |    0.34137934 |
|  8990.0 |    0.33664143 |
|  8996.0 |    0.33220127 |
|  9002.0 |    0.33086714 |
|  9008.0 |    0.33099273 |
|  9014.0 |    0.33045197 |
|  9020.0 |    0.32908064 |
|  9026.0 |    0.33254123 |
|  9032.0 |    0.33759707 |
|  9038.0 |    0.34449503 |
|  9044.0 |    0.35766974 |
|  9050.0 |    0.35621861 |
|  9056.0 |     0.3541505 |
|  9062.0 |    0.34427363 |
|  9068.0 |    0.33684856 |
|  9074.0 |    0.33041739 |
|  9080.0 |    0.32697937 |
|  9086.0 |     0.3244428 |
|  9092.0 |    0.32198498 |
|  9098.0 |    0.32025832 |
|  9104.0 |    0.31928393 |
|  9110.0 |    0.31778857 |
|  9116.0 |     0.3161664 |
|  9122.0 |    0.31365147 |
|  9128.0 |    0.31270882 |
|  9134.0 |     0.3121736 |
|  9140.0 |    0.31040186 |
|  9146.0 |    0.30782044 |
|  9152.0 |    0.30646721 |
|  9158.0 |    0.30588856 |
|  9164.0 |    0.30607256 |
|  9170.0 |    0.30502796 |
|  9176.0 |    0.30456582 |
|  9182.0 |    0.30541998 |
|  9188.0 |    0.30653539 |
|  9194.0 |    0.30643094 |
|  9200.0 |    0.30747581 |
|  9206.0 |    0.30877101 |
|  9212.0 |    0.31038073 |
|  9218.0 |    0.30691347 |
|  9224.0 |    0.29723775 |
|  9230.0 |    0.29346937 |
|  9236.0 |    0.29456571 |
|  9242.0 |    0.29527301 |
|  9248.0 |     0.2964617 |
|  9254.0 |    0.29629624 |
|  9260.0 |    0.29335707 |
|  9266.0 |    0.29182309 |
|  9272.0 |     0.2899245 |
|  9278.0 |    0.28839839 |
|  9284.0 |    0.28636399 |
|  9290.0 |    0.26914704 |
|  9296.0 |    0.24436189 |
|  9302.0 |    0.22852781 |
|  9308.0 |    0.21622035 |
|  9314.0 |    0.20730107 |
|  9320.0 |    0.19824415 |
|  9326.0 |    0.18957828 |
|  9332.0 |     0.1825882 |
|  9338.0 |    0.17580608 |
|  9344.0 |    0.16970052 |
|  9350.0 |    0.16618991 |
|  9356.0 |    0.16826929 |
|  9362.0 |    0.17029852 |
|  9368.0 |    0.17247908 |
|  9374.0 |    0.17474142 |
|  9380.0 |    0.17703308 |
|  9386.0 |    0.18821977 |
|  9392.0 |    0.21528442 |
|  9398.0 |    0.21385808 |
|  9404.0 |    0.21383564 |
|  9410.0 |    0.21692367 |
|  9416.0 |    0.21432932 |
|  9422.0 |    0.20824528 |
|  9428.0 |    0.20181765 |
|  9434.0 |    0.19613957 |
|  9440.0 |    0.19034904 |
|  9446.0 |    0.18492807 |
|  9452.0 |    0.18174304 |
|  9458.0 |    0.18112002 |
|  9464.0 |    0.18131734 |
|  9470.0 |    0.18033817 |
|  9476.0 |    0.17910868 |
|  9482.0 |    0.17865872 |
|  9488.0 |    0.17944305 |
|  9494.0 |    0.17936985 |
|  9500.0 |     0.1785534 |
|  9506.0 |    0.17767289 |
|  9512.0 |    0.17789496 |
|  9518.0 |    0.17797847 |
|  9524.0 |    0.17750716 |
|  9530.0 |    0.17764504 |
|  9536.0 |    0.17715891 |
|  9542.0 |    0.17612447 |
|  9548.0 |    0.17591821 |
|  9554.0 |    0.17722447 |
|  9560.0 |     0.1783451 |
|  9566.0 |    0.17757109 |
|  9572.0 |    0.17787968 |
|  9578.0 |    0.17707583 |
|  9584.0 |    0.17590129 |
|  9590.0 |    0.17624624 |
|  9596.0 |    0.17654926 |
|  9602.0 |    0.17614967 |
|  9608.0 |    0.17604545 |
|  9614.0 |    0.17642854 |
|  9620.0 |    0.17663896 |
|  9626.0 |    0.17616221 |
|  9632.0 |    0.17704298 |
|  9638.0 |    0.17662144 |
|  9644.0 |    0.17669252 |
|  9650.0 |    0.17729978 |
|  9656.0 |    0.17625715 |
|  9662.0 |    0.17607845 |
|  9668.0 |    0.17605035 |
|  9674.0 |    0.17619978 |
|  9680.0 |    0.17804272 |
|  9686.0 |    0.17823365 |
|  9692.0 |    0.17868829 |
|  9698.0 |    0.18009438 |
|  9704.0 |    0.18406717 |
|  9710.0 |     0.1884938 |
|  9716.0 |    0.18654832 |
|  9722.0 |    0.18548992 |
|  9728.0 |     0.1834918 |
|  9734.0 |    0.18146326 |
|  9740.0 |    0.18057424 |
|  9746.0 |    0.17900221 |
|  9752.0 |    0.17662185 |
|  9758.0 |    0.17487723 |
|  9764.0 |    0.17288822 |
|  9770.0 |    0.17195255 |
|  9776.0 |    0.17095205 |
|  9782.0 |    0.16874158 |
|  9788.0 |    0.16701677 |
|  9794.0 |    0.16567981 |
|  9800.0 |    0.16448665 |
|  9806.0 |    0.16234687 |
|  9812.0 |     0.1610968 |
|  9818.0 |    0.15916175 |
|  9824.0 |    0.15787122 |
|  9830.0 |    0.15628929 |
|  9836.0 |    0.15370581 |
|  9842.0 |    0.15237962 |
|  9848.0 |    0.15090932 |
|  9854.0 |    0.14905711 |
|  9860.0 |    0.14792837 |
|  9866.0 |    0.14730453 |
|  9872.0 |    0.14550136 |
|  9878.0 |    0.14306475 |
|  9884.0 |     0.1416337 |
|  9890.0 |    0.13963208 |
|  9896.0 |    0.13741523 |
|  9902.0 |     0.1359168 |
|  9908.0 |    0.13475659 |
|  9914.0 |    0.13361202 |
|  9920.0 |    0.13152298 |
|  9926.0 |    0.12968187 |
|  9932.0 |    0.12849551 |
|  9938.0 |    0.12601522 |
|  9944.0 |    0.12407573 |
|  9950.0 |    0.12315653 |
|  9956.0 |    0.12118297 |
|  9962.0 |    0.11979033 |
|  9968.0 |    0.11849935 |
|  9974.0 |    0.11647705 |
|  9980.0 |    0.11483901 |
|  9986.0 |     0.1132587 |
|  9992.0 |    0.11149555 |
|  9998.0 |    0.10935637 |
| 10004.0 |    0.10755152 |
| 10010.0 |    0.10661968 |
| 10016.0 |    0.10577365 |
| 10022.0 |    0.10357884 |
| 10028.0 |    0.10158768 |
| 10034.0 |    0.10007638 |
| 10040.0 |   0.097810104 |
| 10046.0 |   0.095998332 |
| 10052.0 |   0.094648309 |
| 10058.0 |   0.093403496 |
| 10064.0 |   0.092155047 |
| 10070.0 |   0.090461358 |
| 10076.0 |    0.08921206 |
| 10082.0 |   0.087372959 |
| 10088.0 |   0.085245788 |
| 10094.0 |   0.083410278 |
| 10100.0 |   0.082168303 |
| 10106.0 |   0.080296569 |
| 10112.0 |   0.078185692 |
| 10118.0 |   0.077439964 |
| 10124.0 |   0.075933911 |
| 10130.0 |   0.073668957 |
| 10136.0 |   0.072227612 |
| 10142.0 |   0.071044765 |
| 10148.0 |   0.069433391 |
| 10154.0 |   0.067683473 |
| 10160.0 |   0.065804951 |
| 10166.0 |   0.063860059 |
| 10172.0 |   0.062543407 |
| 10178.0 |   0.061391205 |
| 10184.0 |   0.059065189 |
| 10190.0 |   0.057364769 |
| 10196.0 |   0.055800304 |
| 10202.0 |   0.054377005 |
| 10208.0 |   0.052828982 |
| 10214.0 |   0.050879743 |
| 10220.0 |   0.049046911 |
| 10226.0 |   0.047643501 |
| 10232.0 |   0.046362955 |
| 10238.0 |   0.044553272 |
| 10244.0 |   0.043138538 |
| 10250.0 |   0.041306965 |
| 10256.0 |   0.039393835 |
| 10262.0 |   0.037570622 |
| 10268.0 |   0.036007702 |
| 10274.0 |   0.034893472 |
| 10280.0 |   0.032749441 |
| 10286.0 |   0.031340443 |
| 10292.0 |   0.030113909 |
| 10298.0 |   0.028153505 |
| 10304.0 |   0.026320921 |
| 10310.0 |   0.025064047 |
| 10316.0 |   0.023415063 |
| 10322.0 |   0.021477371 |
| 10328.0 |   0.020015018 |
| 10334.0 |   0.018369682 |
| 10340.0 |   0.016875301 |
| 10346.0 |   0.015405784 |
| 10352.0 |   0.013747306 |
| 10358.0 |   0.012048966 |
| 10364.0 |   0.010383308 |
| 10370.0 |  0.0088848658 |
| 10376.0 |  0.0071180016 |
| 10382.0 |  0.0055537294 |
| 10388.0 |  0.0039304732 |
| 10394.0 |  0.0023271909 |
| 10400.0 | 0.00073917914 |
| 10406.0 | 0.00030032184 |
| 10412.0 |           0.0 |
| 10418.0 |           0.0 |
| 10424.0 |           0.0 |
| 10430.0 |           0.0 |
| 10436.0 |           0.0 |
| 10442.0 |           0.0 |
| 10448.0 |           0.0 |
| 10454.0 |           0.0 |
| 10460.0 |           0.0 |
| 10466.0 |           0.0 |
| 10472.0 |           0.0 |
| 10478.0 |           0.0 |
| 10484.0 |           0.0 |
| 10490.0 |           0.0 |
| 10496.0 |           0.0 |
| 10502.0 |           0.0 |
| 10508.0 |           0.0 |
| 10514.0 |           0.0 |
| 10520.0 |           0.0 |
| 10526.0 |           0.0 |
| 10532.0 |           0.0 |
| 10538.0 |           0.0 |
| 10544.0 |           0.0 |
| 10550.0 |           0.0 |
| 10556.0 |           0.0 |
| 10562.0 |           0.0 |
| 10568.0 |           0.0 |
| 10574.0 |           0.0 |
| 10580.0 |           0.0 |
| 10586.0 |           0.0 |
| 10592.0 |           0.0 |
| 10598.0 |           0.0 |
| 10604.0 |           0.0 |
| 10610.0 |           0.0 |
| 10616.0 |           0.0 |
| 10622.0 |           0.0 |
| 10628.0 |           0.0 |
| 10634.0 |           0.0 |
| 10640.0 |           0.0 |
| 10646.0 |           0.0 |
| 10652.0 |           0.0 |
| 10658.0 |           0.0 |
| 10664.0 |           0.0 |
| 10670.0 |           0.0 |
| 10676.0 |           0.0 |
| 10682.0 |           0.0 |
| 10688.0 |           0.0 |
| 10694.0 |           0.0 |
| 10700.0 |           0.0 |
| 10706.0 |           0.0 |
| 10712.0 |           0.0 |
| 10718.0 |           0.0 |
| 10724.0 |           0.0 |
| 10730.0 |           0.0 |
| 10736.0 |           0.0 |
| 10742.0 |           0.0 |
| 10748.0 |           0.0 |
| 10754.0 |           0.0 |
| 10760.0 |           0.0 |
| 10766.0 |           0.0 |
| 10772.0 |           0.0 |
| 10778.0 |           0.0 |
| 10784.0 |           0.0 |
| 10790.0 |           0.0 |
| 10796.0 |           0.0 |
| 10802.0 |           0.0 |
| 10808.0 |           0.0 |
| 10814.0 |           0.0 |
| 10820.0 |           0.0 |
| 10826.0 |           0.0 |
| 10832.0 |           0.0 |
| 10838.0 |           0.0 |
| 10844.0 |           0.0 |
| 10850.0 |           0.0 |
| 10856.0 |           0.0 |
| 10862.0 |           0.0 |
| 10868.0 |           0.0 |
| 10874.0 |           0.0 |
| 10880.0 |           0.0 |
| 10886.0 |           0.0 |
| 10892.0 |           0.0 |
| 10898.0 |           0.0 |
| 10904.0 |           0.0 |
| 10910.0 |           0.0 |
| 10916.0 |           0.0 |
| 10922.0 |           0.0 |
| 10928.0 |           0.0 |
| 10934.0 |           0.0 |
| 10940.0 |           0.0 |
| 10946.0 |           0.0 |
| 10952.0 |           0.0 |
| 10958.0 |           0.0 |
| 10964.0 |           0.0 |
| 10970.0 |           0.0 |
| 10976.0 |           0.0 |
| 10982.0 |           0.0 |
| 10988.0 |           0.0 |
| 10994.0 |           0.0 |
