# Units:
#  "lambda" is in Angstroms
#  "pass" is the contribution to the detector signal per photon
#         entering the atmosphere of Earth
# 
# Bandpass Name: epsi_I
# 
# Instrument: Combo-17
# 
# Determined by: Wolf et al
# 
# Date of determination: 2000-2004?
# 
# Meaning of/Reason for default column: Only available
# 
# Notes:
# 
# These are the COMBO-17 filter curves downloaded from:
# 
# http://www.mpia-hd.mpg.de/COMBO/combo_filters.html
# 
# Reference: Wolf et al., 2004, A&A, 421, 913
# 
# David Schiminovich
# 2005-06
# 
| lambda |   pass |
| 7305.0 |  0.046 |
| 7315.0 |  0.054 |
| 7325.0 |  0.062 |
| 7330.0 |  0.067 |
| 7335.0 |  0.073 |
| 7340.0 |  0.079 |
| 7345.0 |  0.085 |
| 7350.0 |  0.092 |
| 7355.0 |  0.101 |
| 7357.0 |  0.104 |
| 7360.0 |  0.108 |
| 7365.0 |  0.117 |
| 7370.0 |  0.127 |
| 7375.0 |  0.137 |
| 7380.0 |  0.148 |
| 7385.0 |   0.16 |
| 7390.0 |  0.174 |
| 7395.0 |  0.187 |
| 7400.0 |  0.203 |
| 7405.0 |  0.217 |
| 7410.0 |  0.234 |
| 7415.0 |  0.252 |
| 7420.0 |  0.269 |
| 7425.0 |  0.291 |
| 7430.0 |  0.314 |
| 7430.1 |  0.315 |
| 7435.0 |   0.34 |
| 7440.0 |  0.367 |
| 7445.0 |  0.396 |
| 7450.0 |  0.427 |
| 7451.5 |  0.437 |
| 7455.0 |  0.461 |
| 7460.0 |  0.499 |
| 7465.0 |  0.539 |
| 7470.0 |  0.581 |
| 7475.0 |  0.625 |
| 7480.0 |  0.675 |
| 7485.0 |  0.726 |
| 7490.0 |  0.782 |
| 7495.0 |  0.841 |
| 7500.0 |  0.903 |
| 7505.0 |  0.969 |
| 7510.0 |  1.039 |
| 7515.0 |  1.115 |
| 7520.0 |  1.193 |
| 7520.9 |  1.208 |
| 7525.0 |  1.276 |
| 7530.0 |  1.365 |
| 7535.0 |  1.455 |
| 7540.0 |  1.555 |
| 7545.0 |   1.66 |
| 7550.0 |  1.766 |
| 7555.0 |  1.878 |
| 7560.0 |  1.997 |
| 7565.0 |  2.123 |
| 7570.0 |   2.26 |
| 7575.0 |  2.401 |
| 7580.0 |  2.547 |
| 7585.0 |  2.705 |
| 7586.0 |  2.737 |
| 7590.0 |  2.865 |
| 7595.0 |  3.032 |
| 7600.0 |  3.205 |
| 7605.0 |  3.393 |
| 7610.0 |  3.586 |
| 7615.0 |  3.782 |
| 7620.0 |  3.976 |
| 7625.0 |  4.171 |
| 7626.2 |  4.219 |
| 7630.0 |  4.371 |
| 7635.0 |   4.59 |
| 7640.0 |  4.822 |
| 7645.0 |  5.062 |
| 7650.0 |  5.316 |
| 7655.0 |  5.577 |
| 7655.4 |  5.599 |
| 7660.0 |  5.846 |
| 7665.0 |  6.123 |
| 7670.0 |  6.413 |
| 7675.0 |  6.713 |
| 7680.0 |  7.016 |
| 7685.0 |   7.33 |
| 7690.0 |  7.647 |
| 7695.0 |  7.974 |
| 7700.0 |  8.321 |
| 7705.0 |  8.673 |
| 7710.0 |  9.015 |
| 7713.4 |  9.246 |
| 7715.0 |  9.358 |
| 7720.0 |   9.72 |
| 7725.0 | 10.073 |
| 7730.0 | 10.432 |
| 7735.0 | 10.805 |
| 7740.0 | 11.172 |
| 7745.0 | 11.545 |
| 7750.0 | 11.912 |
| 7755.0 | 12.296 |
| 7760.0 | 12.667 |
| 7765.0 |  13.04 |
| 7770.0 | 13.418 |
| 7775.0 | 13.796 |
| 7780.0 | 14.176 |
| 7780.6 | 14.221 |
| 7785.0 | 14.556 |
| 7790.0 |  14.95 |
| 7795.0 |  15.34 |
| 7800.0 | 15.729 |
| 7805.0 | 16.111 |
| 7810.0 | 16.492 |
| 7815.0 | 16.867 |
| 7820.0 | 17.239 |
| 7825.0 | 17.615 |
| 7829.2 | 17.931 |
| 7830.0 | 17.989 |
| 7835.0 | 18.343 |
| 7840.0 | 18.668 |
| 7842.3 | 18.823 |
| 7845.0 | 19.002 |
| 7850.0 | 19.336 |
| 7855.0 |  19.68 |
| 7860.0 |  20.03 |
| 7865.0 | 20.381 |
| 7870.0 | 20.734 |
| 7875.0 | 21.082 |
| 7880.0 | 21.402 |
| 7885.0 | 21.745 |
| 7887.2 |  21.89 |
| 7890.0 | 22.074 |
| 7895.0 | 22.405 |
| 7900.0 | 22.719 |
| 7905.0 | 23.013 |
| 7910.0 | 23.341 |
| 7915.0 | 23.635 |
| 7920.0 | 23.921 |
| 7925.0 |  24.21 |
| 7930.0 | 24.488 |
| 7935.0 | 24.749 |
| 7940.0 | 24.999 |
| 7945.0 | 25.233 |
| 7948.8 | 25.418 |
| 7950.0 | 25.476 |
| 7955.0 | 25.696 |
| 7960.0 | 25.917 |
| 7965.0 | 26.129 |
| 7970.0 | 26.323 |
| 7975.0 | 26.524 |
| 7980.0 | 26.708 |
| 7985.0 | 26.898 |
| 7990.0 |  27.08 |
| 7995.0 | 26.973 |
| 7998.8 | 26.891 |
| 8000.0 | 26.869 |
| 8005.0 | 27.021 |
| 8010.0 | 27.172 |
| 8015.0 | 27.314 |
| 8020.0 | 27.456 |
| 8025.0 | 27.588 |
| 8030.0 |  27.72 |
| 8035.0 | 27.844 |
| 8040.0 | 27.968 |
| 8045.0 | 28.081 |
| 8050.0 | 28.193 |
| 8051.9 | 28.233 |
| 8055.0 | 28.293 |
| 8060.0 | 28.387 |
| 8065.0 |  28.47 |
| 8070.0 | 28.553 |
| 8075.0 | 28.628 |
| 8077.9 | 28.672 |
| 8080.0 | 28.702 |
| 8085.0 | 28.772 |
| 8090.0 | 28.841 |
| 8095.0 | 28.899 |
| 8100.0 | 28.958 |
| 8105.0 | 29.008 |
| 8105.5 | 29.013 |
| 8110.0 | 29.068 |
| 8115.0 | 29.123 |
| 8120.0 | 29.177 |
| 8125.0 | 29.226 |
| 8130.0 | 29.274 |
| 8135.0 | 29.316 |
| 8140.0 | 29.357 |
| 8145.0 | 29.389 |
| 8150.0 | 29.421 |
| 8155.0 | 29.444 |
| 8160.0 | 29.467 |
| 8165.0 | 29.486 |
| 8170.0 | 29.504 |
| 8175.0 | 29.522 |
| 8180.0 | 29.539 |
| 8180.7 |  29.54 |
| 8185.0 | 29.545 |
| 8190.0 | 29.551 |
| 8195.0 | 29.556 |
| 8200.0 | 29.561 |
| 8205.0 | 29.563 |
| 8210.0 | 29.564 |
| 8215.0 | 29.561 |
| 8220.0 | 29.557 |
| 8223.0 | 29.554 |
| 8225.0 | 29.548 |
| 8230.0 | 29.532 |
| 8235.0 | 29.514 |
| 8240.0 | 29.496 |
| 8245.0 | 29.474 |
| 8250.0 | 29.451 |
| 8255.0 | 29.426 |
| 8260.0 | 29.401 |
| 8265.0 | 29.372 |
| 8270.0 | 29.342 |
| 8275.0 | 29.307 |
| 8280.0 | 29.272 |
| 8280.9 | 29.266 |
| 8285.0 | 29.256 |
| 8290.0 | 29.243 |
| 8295.0 | 29.227 |
| 8300.0 | 29.211 |
| 8305.0 | 29.194 |
| 8310.0 | 29.175 |
| 8315.0 | 29.151 |
| 8319.8 | 29.128 |
| 8320.0 | 29.127 |
| 8325.0 | 29.099 |
| 8330.0 |  29.07 |
| 8335.0 | 29.039 |
| 8340.0 | 29.008 |
| 8345.0 | 28.975 |
| 8346.4 | 28.966 |
| 8350.0 | 28.942 |
| 8355.0 | 28.906 |
| 8360.0 | 28.869 |
| 8362.9 | 28.848 |
| 8365.0 | 28.832 |
| 8370.0 | 28.792 |
| 8375.0 | 28.751 |
| 8380.0 | 28.708 |
| 8385.0 | 28.666 |
| 8390.0 | 28.623 |
| 8395.0 | 28.577 |
| 8400.0 | 28.531 |
| 8405.0 | 28.486 |
| 8410.0 | 28.441 |
| 8415.0 | 28.392 |
| 8420.0 | 28.343 |
| 8423.2 | 28.311 |
| 8425.0 | 28.298 |
| 8430.0 | 28.261 |
| 8435.0 | 28.223 |
| 8440.0 | 28.184 |
| 8445.0 | 28.145 |
| 8450.0 | 28.105 |
| 8455.0 | 28.064 |
| 8460.0 | 28.024 |
| 8465.0 | 27.982 |
| 8470.0 |  27.94 |
| 8475.0 | 27.897 |
| 8480.0 | 27.853 |
| 8481.6 |  27.84 |
| 8482.7 | 27.827 |
| 8485.0 |   27.8 |
| 8490.0 | 27.742 |
| 8495.0 | 27.683 |
| 8500.0 | 27.625 |
| 8505.0 | 27.539 |
| 8510.0 | 27.453 |
| 8515.0 | 27.368 |
| 8520.0 | 27.284 |
| 8525.0 | 27.199 |
| 8530.0 | 27.113 |
| 8533.3 | 27.056 |
| 8535.0 | 27.039 |
| 8540.0 | 26.991 |
| 8545.0 | 26.942 |
| 8550.0 | 26.894 |
| 8555.0 | 26.844 |
| 8559.4 | 26.799 |
| 8560.0 | 26.789 |
| 8565.0 | 26.701 |
| 8570.0 | 26.614 |
| 8575.0 | 26.523 |
| 8580.0 | 26.432 |
| 8585.0 | 26.342 |
| 8590.0 | 26.252 |
| 8595.0 |  26.16 |
| 8600.0 | 26.069 |
| 8605.0 | 25.978 |
| 8609.7 | 25.892 |
| 8610.0 | 25.889 |
| 8620.0 | 25.735 |
| 8625.0 |  25.66 |
| 8627.2 | 25.627 |
| 8630.0 | 25.584 |
| 8635.0 | 25.508 |
| 8640.0 | 25.431 |
| 8650.0 | 25.274 |
| 8655.0 | 25.198 |
| 8660.0 | 25.122 |
| 8663.2 | 25.072 |
| 8670.0 | 24.951 |
| 8680.0 | 24.773 |
| 8685.0 | 24.684 |
| 8690.0 | 24.596 |
| 8700.0 | 24.417 |
| 8705.0 | 24.329 |
| 8715.0 | 24.151 |
| 8722.9 | 24.007 |
| 8725.0 | 23.973 |
| 8735.0 | 23.807 |
| 8745.0 | 23.639 |
| 8755.0 | 23.471 |
| 8759.3 | 23.399 |
| 8763.4 | 23.328 |
| 8765.0 | 23.301 |
| 8775.0 | 23.134 |
| 8785.0 | 22.966 |
| 8795.0 | 22.797 |
| 8801.6 | 22.683 |
| 8820.0 | 22.357 |
| 8825.0 | 22.269 |
| 8835.0 | 22.092 |
| 8842.8 | 21.951 |
| 8850.0 | 21.808 |
| 8860.0 |  21.61 |
| 8870.0 | 21.411 |
| 8875.0 | 21.313 |
| 8880.0 | 21.214 |
| 8890.0 | 21.008 |
| 8900.0 | 20.808 |
| 8901.1 | 20.785 |
| 8925.0 | 20.343 |
| 8938.0 | 20.102 |
| 8940.0 | 20.064 |
| 8947.7 | 19.923 |
| 8965.0 | 19.591 |
| 8974.8 | 19.402 |
| 9000.0 | 18.907 |
| 9012.4 |  18.73 |
| 9040.0 | 18.301 |
| 9050.0 | 18.147 |
| 9059.9 | 17.992 |
| 9085.0 |  17.57 |
| 9103.8 | 17.253 |
| 9115.0 | 17.094 |
| 9135.0 | 16.809 |
| 9135.9 | 16.796 |
| 9155.0 | 16.512 |
| 9160.2 | 16.434 |
| 9185.0 | 16.014 |
| 9204.8 | 15.676 |
| 9230.0 | 15.254 |
| 9260.0 | 14.749 |
| 9271.1 | 14.561 |
| 9305.0 | 13.999 |
| 9318.8 |  13.77 |
| 9340.0 | 13.409 |
| 9359.1 | 13.083 |
| 9363.4 | 13.009 |
| 9370.0 | 12.891 |
| 9400.0 | 12.354 |
| 9402.3 | 12.312 |
| 9444.8 | 11.549 |
| 9480.0 | 10.907 |
| 9490.0 | 10.723 |
| 9499.5 | 10.551 |
| 9500.0 | 10.542 |
| 9526.1 | 10.163 |
| 9558.5 |  9.714 |
| 9562.8 |  9.653 |
| 9600.0 |  9.149 |
| 9601.8 |  9.124 |
| 9610.0 |  9.005 |
| 9635.0 |  8.645 |
| 9655.8 |  8.346 |
| 9661.0 |  8.274 |
| 9675.0 |  8.078 |
| 9688.9 |  7.884 |
| 9723.5 |  7.385 |
| 9735.0 |  7.218 |
| 9751.7 |  6.976 |
| 9771.0 |  6.693 |
