# Units:
#  "lambda" is in Angstroms
#  "pass" is the contribution to the detector signal per photon
#         entering the atmosphere of Earth
# 
# Bandpass Name: epsi_R
# 
# Instrument: Combo-17
# 
# Determined by: Wolf et al
# 
# Date of determination: 2000-2004?
# 
# Meaning of/Reason for default column: Only available
# 
# Notes:
# 
# These are the COMBO-17 filter curves downloaded from:
# 
# http://www.mpia-hd.mpg.de/COMBO/combo_filters.html
# 
# Reference: Wolf et al., 2004, A&A, 421, 913
# 
# David Schiminovich
# 2005-06
# 
| lambda |   pass |
| 5550.0 |  0.317 |
| 5555.0 |  0.429 |
| 5560.0 |  0.576 |
| 5565.0 |  0.763 |
| 5570.0 |  1.001 |
| 5575.0 |  1.295 |
| 5580.0 |  1.665 |
| 5585.0 |  2.103 |
| 5588.1 |  2.417 |
| 5590.0 |  2.614 |
| 5595.0 |  3.222 |
| 5600.0 |  3.918 |
| 5605.0 |  4.701 |
| 5610.0 |  5.593 |
| 5610.8 |  5.756 |
| 5615.0 |  6.578 |
| 5620.0 |   7.64 |
| 5625.0 |  8.785 |
| 5630.0 | 10.003 |
| 5635.0 | 11.289 |
| 5640.0 | 12.611 |
| 5645.0 |   14.0 |
| 5650.0 | 15.416 |
| 5655.0 | 16.823 |
| 5660.0 | 18.267 |
| 5661.7 | 18.765 |
| 5665.0 | 19.731 |
| 5670.0 | 21.162 |
| 5675.0 | 22.631 |
| 5680.0 |  24.04 |
| 5685.0 | 25.331 |
| 5690.0 | 26.639 |
| 5692.5 | 27.336 |
| 5695.0 | 28.004 |
| 5700.0 | 29.393 |
| 5705.0 | 30.812 |
| 5710.0 | 32.225 |
| 5710.4 | 32.351 |
| 5715.0 | 33.631 |
| 5720.0 | 35.001 |
| 5725.0 | 36.334 |
| 5730.0 | 37.647 |
| 5735.0 | 38.905 |
| 5740.0 | 40.113 |
| 5745.0 | 41.247 |
| 5750.0 | 42.309 |
| 5755.0 |  43.29 |
| 5760.0 | 44.151 |
| 5765.0 | 44.926 |
| 5770.0 | 45.604 |
| 5773.5 | 46.017 |
| 5775.0 | 46.187 |
| 5780.0 | 46.687 |
| 5785.0 | 47.102 |
| 5790.0 | 47.455 |
| 5795.0 | 47.749 |
| 5800.0 | 47.992 |
| 5805.0 | 48.199 |
| 5808.1 |  48.31 |
| 5810.0 | 48.374 |
| 5811.5 | 48.426 |
| 5815.0 | 48.544 |
| 5820.0 | 48.714 |
| 5825.0 | 48.869 |
| 5830.0 | 49.063 |
| 5835.0 | 49.265 |
| 5840.0 | 49.498 |
| 5845.0 | 49.763 |
| 5850.0 | 50.084 |
| 5855.0 | 50.411 |
| 5860.0 | 50.813 |
| 5863.8 | 51.139 |
| 5865.0 | 51.243 |
| 5870.0 | 51.705 |
| 5875.0 | 52.218 |
| 5880.0 | 52.733 |
| 5885.0 | 53.273 |
| 5890.0 | 53.831 |
| 5895.0 | 54.359 |
| 5900.0 | 54.864 |
| 5905.0 | 55.349 |
| 5906.2 |  55.46 |
| 5910.0 | 55.814 |
| 5915.0 | 56.296 |
| 5920.0 | 56.733 |
| 5925.0 | 57.139 |
| 5930.0 | 57.492 |
| 5935.0 | 57.821 |
| 5940.0 | 58.073 |
| 5945.0 |  58.29 |
| 5950.0 | 58.458 |
| 5955.0 |  58.57 |
| 5957.1 |  58.61 |
| 5960.0 | 58.663 |
| 5965.0 | 58.714 |
| 5970.0 | 58.747 |
| 5971.7 | 58.751 |
| 5975.0 | 58.753 |
| 5980.0 | 58.743 |
| 5985.0 | 58.734 |
| 5990.0 | 58.725 |
| 5995.0 | 58.722 |
| 6000.0 | 58.745 |
| 6005.0 | 58.765 |
| 6010.0 | 58.794 |
| 6015.0 | 58.833 |
| 6016.6 |  58.86 |
| 6020.0 | 58.905 |
| 6025.0 | 58.956 |
| 6030.0 | 59.038 |
| 6035.0 |   59.1 |
| 6040.0 | 59.191 |
| 6045.0 | 59.247 |
| 6050.0 | 59.322 |
| 6055.0 | 59.361 |
| 6060.0 | 59.406 |
| 6065.0 | 59.408 |
| 6066.7 | 59.397 |
| 6073.7 | 59.384 |
| 6075.0 | 59.379 |
| 6080.0 | 59.309 |
| 6085.0 | 59.183 |
| 6090.0 | 59.052 |
| 6095.0 | 58.855 |
| 6100.0 | 58.653 |
| 6105.0 | 58.435 |
| 6110.0 | 58.184 |
| 6115.0 | 57.935 |
| 6120.0 | 57.677 |
| 6125.0 | 57.407 |
| 6130.0 | 57.131 |
| 6134.9 | 56.835 |
| 6135.0 |  56.83 |
| 6140.0 | 56.537 |
| 6145.0 |  56.27 |
| 6150.0 | 56.017 |
| 6155.0 | 55.793 |
| 6160.0 | 55.606 |
| 6165.0 | 55.448 |
| 6180.0 | 55.215 |
| 6185.0 | 55.197 |
| 6190.0 | 55.251 |
| 6195.0 | 55.328 |
| 6200.0 | 55.461 |
| 6200.1 | 55.463 |
| 6205.0 | 55.592 |
| 6210.0 | 55.774 |
| 6215.0 | 55.953 |
| 6220.0 | 56.164 |
| 6225.0 | 56.412 |
| 6230.0 |  56.65 |
| 6232.4 | 56.757 |
| 6235.0 | 56.874 |
| 6240.0 | 57.118 |
| 6245.0 | 57.346 |
| 6250.0 | 57.562 |
| 6255.0 | 57.756 |
| 6260.0 | 57.909 |
| 6261.8 | 57.959 |
| 6265.0 | 58.052 |
| 6270.0 | 58.174 |
| 6275.0 | 58.266 |
| 6280.0 | 58.329 |
| 6285.0 | 58.337 |
| 6290.0 | 58.334 |
| 6295.0 | 58.328 |
| 6300.0 | 58.252 |
| 6305.0 | 58.175 |
| 6310.0 | 58.069 |
| 6313.4 | 57.983 |
| 6315.0 | 57.942 |
| 6320.0 |  57.83 |
| 6325.0 | 57.693 |
| 6330.0 |  57.55 |
| 6335.0 | 57.416 |
| 6340.0 |  57.28 |
| 6345.0 | 57.154 |
| 6350.0 | 57.016 |
| 6355.0 | 56.876 |
| 6360.0 |  56.76 |
| 6365.0 | 56.646 |
| 6370.0 | 56.542 |
| 6373.5 | 56.491 |
| 6375.0 |  56.47 |
| 6380.0 | 56.381 |
| 6384.4 | 56.317 |
| 6385.0 | 56.307 |
| 6390.0 | 56.234 |
| 6395.0 |  56.16 |
| 6400.0 | 56.122 |
| 6405.0 | 56.064 |
| 6410.0 | 56.007 |
| 6420.0 | 55.881 |
| 6425.0 | 55.822 |
| 6430.0 | 55.739 |
| 6435.0 | 55.656 |
| 6440.0 | 55.547 |
| 6445.0 | 55.435 |
| 6450.0 | 55.334 |
| 6451.0 | 55.306 |
| 6455.0 | 55.195 |
| 6460.0 | 55.051 |
| 6465.0 |  54.91 |
| 6470.0 | 54.745 |
| 6475.0 |   54.6 |
| 6480.0 | 54.432 |
| 6485.0 | 54.234 |
| 6490.0 | 54.053 |
| 6495.0 | 53.908 |
| 6500.0 |  53.74 |
| 6505.0 | 53.516 |
| 6507.7 |  53.41 |
| 6510.0 | 53.318 |
| 6515.0 | 53.137 |
| 6515.5 | 53.122 |
| 6520.0 | 52.979 |
| 6525.0 |  52.85 |
| 6530.0 | 52.698 |
| 6535.0 | 52.572 |
| 6545.0 | 52.392 |
| 6550.0 | 52.328 |
| 6555.0 | 52.291 |
| 6560.0 | 52.253 |
| 6565.0 | 52.232 |
| 6570.0 | 52.245 |
| 6575.0 | 52.285 |
| 6580.0 | 52.339 |
| 6585.0 | 52.399 |
| 6586.5 | 52.415 |
| 6590.0 | 52.449 |
| 6595.0 | 52.507 |
| 6600.0 | 52.589 |
| 6605.0 | 52.688 |
| 6610.0 | 52.796 |
| 6615.0 | 52.879 |
| 6620.0 | 52.971 |
| 6621.3 | 52.987 |
| 6625.0 | 53.033 |
| 6630.0 | 53.127 |
| 6635.0 | 53.204 |
| 6640.0 | 53.272 |
| 6645.0 | 53.307 |
| 6650.0 | 53.344 |
| 6655.0 | 53.351 |
| 6660.0 | 53.343 |
| 6665.0 | 53.343 |
| 6670.0 | 53.319 |
| 6675.0 |  53.28 |
| 6680.0 |  53.22 |
| 6685.0 | 53.139 |
| 6689.6 | 53.052 |
| 6690.0 | 53.044 |
| 6695.0 |  52.95 |
| 6700.0 | 52.839 |
| 6705.0 | 52.721 |
| 6710.0 |  52.61 |
| 6715.0 | 52.465 |
| 6720.0 | 52.334 |
| 6725.0 | 52.209 |
| 6730.0 | 52.061 |
| 6735.0 | 51.934 |
| 6740.0 | 51.814 |
| 6745.0 | 51.674 |
| 6749.6 |  51.56 |
| 6750.0 | 51.551 |
| 6755.0 | 51.436 |
| 6760.0 | 51.305 |
| 6765.0 | 51.198 |
| 6770.0 | 51.111 |
| 6777.0 | 50.993 |
| 6780.0 | 50.941 |
| 6785.0 | 50.852 |
| 6800.0 |  50.62 |
| 6805.0 | 50.559 |
| 6810.0 | 50.497 |
| 6815.0 | 50.449 |
| 6820.0 | 50.393 |
| 6825.0 | 50.349 |
| 6830.0 | 50.296 |
| 6835.0 | 50.241 |
| 6837.1 | 50.212 |
| 6840.0 | 50.173 |
| 6845.0 | 50.114 |
| 6850.0 | 50.051 |
| 6855.0 | 50.022 |
| 6860.0 | 49.977 |
| 6865.0 | 49.908 |
| 6870.0 | 49.841 |
| 6875.0 | 49.754 |
| 6880.0 | 49.664 |
| 6891.6 | 49.491 |
| 6895.0 | 49.438 |
| 6896.7 | 49.415 |
| 6900.0 |  49.38 |
| 6905.0 | 49.296 |
| 6910.0 | 49.214 |
| 6915.0 | 49.132 |
| 6920.0 |  49.04 |
| 6925.0 | 48.948 |
| 6930.0 |  48.87 |
| 6935.0 | 48.783 |
| 6940.0 | 48.697 |
| 6945.0 | 48.608 |
| 6950.0 | 48.537 |
| 6955.0 | 48.444 |
| 6960.0 |  48.37 |
| 6965.0 | 48.276 |
| 6968.2 | 48.222 |
| 6970.0 | 48.191 |
| 6980.0 | 48.041 |
| 6985.0 | 47.954 |
| 6990.0 | 47.884 |
| 6995.0 | 47.808 |
| 7000.0 | 47.728 |
| 7005.0 | 47.635 |
| 7010.0 |  47.54 |
| 7015.0 | 47.441 |
| 7020.0 | 47.346 |
| 7025.0 | 47.263 |
| 7035.0 | 47.093 |
| 7040.0 | 46.996 |
| 7045.0 | 46.881 |
| 7050.0 | 46.795 |
| 7052.0 |  46.76 |
| 7055.0 | 46.708 |
| 7060.0 | 46.574 |
| 7062.2 | 46.529 |
| 7065.0 | 46.472 |
| 7070.0 | 46.363 |
| 7075.0 | 46.267 |
| 7080.0 | 46.163 |
| 7085.0 | 46.063 |
| 7090.0 | 45.966 |
| 7095.0 | 45.846 |
| 7100.0 | 45.747 |
| 7105.0 | 45.627 |
| 7110.0 |  45.51 |
| 7115.0 | 45.395 |
| 7120.0 | 45.268 |
| 7125.0 | 45.166 |
| 7126.5 | 45.134 |
| 7130.0 | 45.058 |
| 7135.0 |  44.93 |
| 7140.0 | 44.808 |
| 7145.0 | 44.674 |
| 7150.0 | 44.537 |
| 7155.0 | 44.398 |
| 7160.0 | 44.253 |
| 7165.0 |  44.09 |
| 7170.0 | 43.949 |
| 7175.0 | 43.786 |
| 7180.0 | 43.621 |
| 7185.0 | 43.407 |
| 7190.0 | 43.191 |
| 7195.0 | 42.977 |
| 7200.0 | 42.727 |
| 7205.0 | 42.433 |
| 7210.0 | 42.126 |
| 7211.0 | 42.056 |
| 7215.0 |  41.78 |
| 7220.0 | 41.403 |
| 7225.0 | 40.976 |
| 7230.0 | 40.495 |
| 7235.0 | 39.978 |
| 7240.0 | 39.371 |
| 7245.0 | 38.736 |
| 7245.8 | 38.619 |
| 7250.0 | 38.029 |
| 7255.0 |  37.27 |
| 7260.0 | 36.454 |
| 7265.0 | 35.576 |
| 7270.0 |  34.63 |
| 7275.0 | 33.642 |
| 7280.0 | 32.585 |
| 7285.0 | 31.534 |
| 7285.5 | 31.433 |
| 7290.0 |  30.43 |
| 7295.0 | 29.309 |
| 7300.0 | 28.159 |
| 7305.0 | 27.013 |
| 7310.0 | 25.837 |
| 7315.0 | 24.655 |
| 7320.0 | 23.496 |
| 7325.0 | 22.359 |
| 7330.0 | 21.228 |
| 7335.0 | 20.143 |
| 7340.0 | 19.103 |
| 7345.0 | 18.064 |
| 7350.0 | 17.032 |
| 7355.0 | 16.061 |
| 7357.0 | 15.671 |
| 7360.0 | 15.105 |
| 7365.0 | 14.201 |
| 7370.0 | 13.344 |
| 7375.0 | 12.523 |
| 7380.0 | 11.741 |
| 7385.0 | 11.009 |
| 7390.0 | 10.321 |
| 7395.0 |  9.669 |
| 7400.0 |  9.063 |
| 7405.0 |  8.513 |
| 7410.0 |  8.006 |
| 7415.0 |  7.521 |
| 7420.0 |  7.067 |
| 7425.0 |  6.622 |
| 7430.0 |  6.194 |
| 7430.1 |  6.186 |
| 7435.0 |  5.793 |
| 7440.0 |  5.416 |
| 7445.0 |  5.065 |
| 7450.0 |  4.733 |
| 7451.5 |  4.644 |
| 7455.0 |  4.428 |
| 7460.0 |   4.14 |
| 7465.0 |  3.871 |
| 7470.0 |  3.625 |
| 7475.0 |  3.391 |
| 7480.0 |  3.172 |
| 7485.0 |  2.972 |
| 7490.0 |  2.783 |
| 7495.0 |  2.609 |
| 7500.0 |  2.446 |
| 7505.0 |  2.296 |
| 7510.0 |  2.156 |
| 7515.0 |  2.025 |
| 7520.0 |  1.905 |
| 7520.9 |  1.884 |
| 7525.0 |  1.792 |
| 7530.0 |  1.686 |
| 7535.0 |  1.589 |
| 7540.0 |  1.496 |
| 7545.0 |  1.408 |
| 7550.0 |   1.33 |
| 7555.0 |  1.257 |
| 7560.0 |  1.185 |
| 7565.0 |  1.121 |
| 7570.0 |  1.059 |
| 7575.0 |    1.0 |
| 7580.0 |  0.946 |
| 7585.0 |  0.895 |
| 7586.0 |  0.885 |
| 7590.0 |  0.847 |
| 7595.0 |  0.804 |
| 7600.0 |  0.762 |
| 7605.0 |  0.722 |
| 7610.0 |  0.685 |
| 7615.0 |  0.652 |
| 7620.0 |   0.62 |
| 7625.0 |  0.592 |
| 7626.2 |  0.585 |
| 7630.0 |  0.565 |
| 7635.0 |  0.539 |
| 7640.0 |  0.513 |
| 7645.0 |  0.489 |
| 7650.0 |  0.466 |
| 7655.0 |  0.444 |
| 7655.4 |  0.442 |
| 7660.0 |  0.424 |
| 7665.0 |  0.404 |
| 7670.0 |  0.385 |
| 7675.0 |  0.367 |
| 7680.0 |   0.35 |
| 7685.0 |  0.334 |
| 7690.0 |   0.32 |
| 7695.0 |  0.306 |
| 7700.0 |  0.292 |
| 7705.0 |   0.28 |
| 7710.0 |  0.268 |
| 7713.4 |   0.26 |
| 7715.0 |  0.256 |
| 7720.0 |  0.246 |
| 7725.0 |  0.235 |
| 7730.0 |  0.225 |
| 7735.0 |  0.216 |
| 7740.0 |  0.207 |
| 7745.0 |  0.199 |
| 7750.0 |  0.191 |
| 7755.0 |  0.184 |
| 7760.0 |  0.177 |
| 7765.0 |   0.17 |
| 7770.0 |  0.163 |
| 7775.0 |  0.157 |
| 7780.0 |  0.151 |
| 7780.6 |  0.151 |
| 7785.0 |  0.146 |
| 7790.0 |   0.14 |
| 7795.0 |  0.135 |
| 7800.0 |   0.13 |
| 7805.0 |  0.125 |
| 7810.0 |   0.12 |
| 7820.0 |  0.112 |
| 7825.0 |  0.107 |
| 7829.2 |  0.104 |
| 7835.0 |    0.1 |
| 7842.3 |  0.096 |
| 7845.0 |  0.094 |
