# Units:
#  "lambda" is in Angstroms
#  "pass" is the contribution to the detector signal per photon
# 
# Bandpass Names(s): J
# 
# Instrument: FLAMINGOS
# 
# Determined by: ???
# 
# Date of determination: July 2003(?)
# 
# Notes:
# 
# Retrieved from http://flamingos.astro.ufl.edu/Filter_Info/index.html
# Filter curve (measured within the dewar) has been convolved with the
# atmosphere (AM=1.0), but does not include the detector QE or telescope
# throughput.
# 
# J. Moustakas, 2008-Jul-12, NYU
|  lambda |           pass |
| 16000.0 |   0.0018688524 |
| 15995.0 |  0.00023206617 |
| 15990.0 |  -0.0006211577 |
| 15985.0 |  0.00095469173 |
| 15980.0 |  0.00096801372 |
| 15975.0 |  0.00018621463 |
| 15970.0 |  0.00069674692 |
| 15965.0 | -0.00015721444 |
| 15960.0 |  0.00045256954 |
| 15955.0 |  0.00013791448 |
| 15950.0 |  0.00080881524 |
| 15945.0 |  0.00012839015 |
| 15940.0 |   0.0002472183 |
| 15935.0 |  0.00063368311 |
| 15930.0 |  0.00053534872 |
| 15925.0 |  0.00079353241 |
| 15920.0 |  0.00096211681 |
| 15915.0 |   -0.001011667 |
| 15910.0 |   0.0029158564 |
| 15905.0 |  -0.0023603537 |
| 15900.0 |  0.00019834052 |
| 15895.0 |  0.00092224393 |
| 15890.0 | -0.00087262347 |
| 15885.0 |   0.0047694757 |
| 15880.0 |  -0.0032522264 |
| 15875.0 |   0.0037751438 |
| 15870.0 |   -0.003176796 |
| 15865.0 |   0.0031729592 |
| 15860.0 | -0.00091815699 |
| 15855.0 | -0.00063108496 |
| 15850.0 |   0.0018515647 |
| 15845.0 |  -0.0028133239 |
| 15840.0 |  0.00075651292 |
| 15835.0 |    0.002178462 |
| 15830.0 |  -0.0011565107 |
| 15825.0 |   0.0019168414 |
| 15820.0 |   0.0012188943 |
| 15815.0 |  -0.0029556416 |
| 15810.0 |   0.0023846889 |
| 15805.0 | -0.00048326049 |
| 15800.0 |  0.00017345809 |
| 15795.0 |  0.00049961143 |
| 15790.0 | -4.7896319e-05 |
| 15785.0 |            0.0 |
| 15780.0 |  -0.0002666151 |
| 15775.0 |   0.0011786347 |
| 15770.0 |  0.00013297201 |
| 15765.0 | -0.00016134501 |
| 15760.0 |  0.00063541229 |
| 15755.0 | -0.00018953295 |
| 15750.0 |  0.00056817173 |
| 15745.0 | -0.00048258295 |
| 15740.0 | -0.00050113059 |
| 15735.0 |   0.0010204031 |
| 15730.0 |  0.00071752036 |
| 15725.0 | -0.00068092544 |
| 15720.0 | -0.00027529124 |
| 15715.0 |  0.00024773591 |
| 15710.0 | -9.5638061e-05 |
| 15705.0 |  -1.919862e-05 |
| 15700.0 |  7.7078505e-05 |
| 15695.0 | -9.6703152e-05 |
| 15690.0 |  2.9117457e-05 |
| 15685.0 |  0.00025327434 |
| 15680.0 | -3.9107301e-05 |
| 15675.0 | -0.00069579354 |
| 15670.0 |  0.00052987947 |
| 15665.0 |  0.00076636992 |
| 15660.0 | -9.8379287e-06 |
| 15655.0 |  0.00013790843 |
| 15650.0 | -6.9042922e-05 |
| 15645.0 | -0.00025677466 |
| 15640.0 | -0.00017799517 |
| 15635.0 |   7.921036e-05 |
| 15630.0 | -1.9827938e-05 |
| 15625.0 |  0.00020831868 |
| 15620.0 |  0.00029760852 |
| 15615.0 | -6.9444432e-05 |
| 15610.0 | -0.00038691825 |
| 15605.0 | -0.00015874127 |
| 15600.0 |  0.00034725867 |
| 15595.0 |  0.00010914227 |
| 15590.0 | -0.00016868034 |
| 15585.0 |  -0.0002976816 |
| 15580.0 |  9.9230689e-05 |
| 15575.0 |  0.00048622862 |
| 15570.0 |  0.00090296328 |
| 15565.0 |  0.00013891239 |
| 15560.0 |   0.0004861757 |
| 15555.0 | -0.00046631484 |
| 15550.0 |  0.00041669179 |
| 15545.0 |    0.001101217 |
| 15540.0 | -4.9602564e-05 |
| 15535.0 |  0.00039680611 |
| 15530.0 |   0.0004364709 |
| 15525.0 |  0.00090267608 |
| 15520.0 |  0.00024798283 |
| 15515.0 |   0.0011803738 |
| 15510.0 |  3.9675619e-05 |
| 15505.0 |  0.00017853657 |
| 15500.0 |   0.0010711976 |
| 15495.0 |  0.00045624137 |
| 15490.0 |   0.0012298427 |
| 15485.0 |    0.001081049 |
| 15480.0 |  0.00083308487 |
| 15475.0 |  0.00063458289 |
| 15470.0 |  0.00064422935 |
| 15465.0 |  0.00063405343 |
| 15460.0 |  0.00049514743 |
| 15455.0 |  0.00020787504 |
| 15450.0 |    0.000702522 |
| 15445.0 |  0.00071211875 |
| 15440.0 |            0.0 |
| 15435.0 |  0.00037552608 |
| 15430.0 |   0.0007211034 |
| 15425.0 |  0.00079003011 |
| 15420.0 | -0.00013823352 |
| 15415.0 |  0.00091812102 |
| 15410.0 |  0.00070082076 |
| 15405.0 |   0.0014606357 |
| 15400.0 |   0.0001578817 |
| 15395.0 |  0.00066102546 |
| 15390.0 |   0.0014698101 |
| 15385.0 | -0.00035506592 |
| 15380.0 |   0.0002563961 |
| 15375.0 |  0.00075921661 |
| 15370.0 |  0.00022674854 |
| 15365.0 |  0.00042386426 |
| 15360.0 |  0.00044351927 |
| 15355.0 |  0.00035476769 |
| 15350.0 |      0.0001478 |
| 15345.0 |  0.00076845672 |
| 15340.0 | -0.00024626713 |
| 15335.0 |  0.00026593276 |
| 15330.0 | -0.00032498522 |
| 15325.0 |   0.0008469469 |
| 15320.0 |  0.00012804659 |
| 15315.0 | -5.9107544e-05 |
| 15310.0 |   0.0005813138 |
| 15305.0 |   0.0005124234 |
| 15300.0 | -0.00046322326 |
| 15295.0 |  0.00087730272 |
| 15290.0 |  0.00058167236 |
| 15285.0 |  0.00012818484 |
| 15280.0 | -0.00045364702 |
| 15275.0 |   4.931791e-05 |
| 15270.0 |  0.00025650114 |
| 15265.0 |  0.00031575278 |
| 15260.0 | -0.00014803679 |
| 15255.0 |  0.00021716126 |
| 15250.0 | -4.9364058e-05 |
| 15245.0 |            0.0 |
| 15240.0 |  0.00013827106 |
| 15235.0 | -0.00031610721 |
| 15230.0 | -0.00017784351 |
| 15225.0 |  0.00020738442 |
| 15220.0 |  0.00017756483 |
| 15215.0 |  2.9561934e-05 |
| 15210.0 |  2.9529727e-05 |
| 15205.0 | -0.00030480771 |
| 15200.0 |   0.0002062572 |
| 15195.0 | -2.9433109e-05 |
| 15190.0 |  0.00039201198 |
| 15185.0 | -9.7895654e-06 |
| 15180.0 | -8.8009459e-05 |
| 15175.0 | -7.8190467e-05 |
| 15170.0 |  0.00023457543 |
| 15165.0 | -0.00026390192 |
| 15160.0 |  0.00031277802 |
| 15155.0 |  0.00048872409 |
| 15150.0 | -9.7746506e-06 |
| 15145.0 |   0.0018474406 |
| 15140.0 |   -0.000762449 |
| 15135.0 |   0.0014076222 |
| 15130.0 | -0.00013685453 |
| 15125.0 | -0.00046896547 |
| 15120.0 | -0.00062463869 |
| 15115.0 |   0.0015892248 |
| 15110.0 | -0.00093501224 |
| 15105.0 |   0.0020626704 |
| 15100.0 |  -0.0019536079 |
| 15095.0 |   0.0017379662 |
| 15090.0 | -0.00044616198 |
| 15085.0 | -0.00033911638 |
| 15080.0 | -0.00085174368 |
| 15075.0 |   0.0022707502 |
| 15070.0 |  -0.0013979573 |
| 15065.0 |  0.00082726876 |
| 15060.0 |   0.0015452333 |
| 15055.0 |  -0.0033037339 |
| 15050.0 |   0.0014522625 |
| 15045.0 | -0.00084840826 |
| 15040.0 | -0.00084647856 |
| 15035.0 |   0.0014993115 |
| 15030.0 |  -0.0021396847 |
| 15025.0 |  0.00062404311 |
| 15020.0 | -0.00017012471 |
| 15015.0 |  -0.0016344256 |
| 15010.0 |  -0.0001794307 |
| 15005.0 | -0.00035871603 |
| 15000.0 |  -0.0010285316 |
| 14995.0 |   0.0014997268 |
| 14990.0 |  -0.0015934027 |
| 14985.0 |  0.00018849185 |
| 14980.0 | -9.4207671e-06 |
| 14975.0 |  -0.0010160491 |
| 14970.0 |  0.00030036611 |
| 14965.0 | -0.00066491636 |
| 14960.0 | -0.00047652339 |
| 14955.0 |   0.0013237488 |
| 14950.0 |  -0.0015532256 |
| 14945.0 |    0.001828028 |
| 14940.0 |   -0.001916387 |
| 14935.0 |   0.0015886759 |
| 14930.0 | -0.00040546287 |
| 14925.0 |  -0.0015231293 |
| 14920.0 | -0.00022796425 |
| 14915.0 |  3.6246649e-05 |
| 14910.0 | -0.00070237077 |
| 14905.0 |   -0.001977474 |
| 14900.0 |   0.0030762644 |
| 14895.0 |  -0.0021113332 |
| 14890.0 |   0.0012112428 |
| 14885.0 | -0.00015696386 |
| 14880.0 |  -0.0014727621 |
| 14875.0 |   0.0014829503 |
| 14870.0 | -0.00025785662 |
| 14865.0 | -0.00065121648 |
| 14860.0 | -0.00087983167 |
| 14855.0 |   0.0010814649 |
| 14850.0 |  0.00028862225 |
| 14845.0 |  -0.0012270343 |
| 14840.0 |  0.00089418661 |
| 14835.0 | -0.00059704896 |
| 14830.0 | -0.00063707423 |
| 14825.0 | -0.00018315691 |
| 14820.0 |  0.00022243621 |
| 14815.0 |  0.00014672593 |
| 14810.0 | -0.00044354779 |
| 14805.0 |  -1.595514e-05 |
| 14800.0 |  7.1015689e-05 |
| 14795.0 |  0.00044481072 |
| 14790.0 | -0.00069450849 |
| 14785.0 | -0.00042727016 |
| 14780.0 |  0.00087497506 |
| 14775.0 | -8.2479419e-05 |
| 14770.0 |  5.2464256e-05 |
| 14765.0 |  9.7391552e-05 |
| 14760.0 |  0.00039688637 |
| 14755.0 | -0.00047156677 |
| 14750.0 | -0.00053870038 |
| 14745.0 | -0.00057586102 |
| 14740.0 |  0.00040367592 |
| 14735.0 |  4.4833461e-05 |
| 14730.0 | -0.00013444212 |
| 14725.0 |  7.4656578e-05 |
| 14720.0 |  7.4621958e-06 |
| 14715.0 | -0.00094725896 |
| 14710.0 |  0.00089463225 |
| 14705.0 |  0.00017139154 |
| 14700.0 | -0.00011172515 |
| 14695.0 | -1.4889762e-05 |
| 14690.0 |  0.00060275482 |
| 14685.0 |    -0.00130908 |
| 14680.0 |   0.0008995735 |
| 14675.0 | -0.00021641237 |
| 14670.0 |  0.00021061511 |
| 14665.0 |  0.00046246781 |
| 14660.0 |  0.00016045914 |
| 14655.0 |  0.00042352107 |
| 14650.0 |  3.1039421e-05 |
| 14645.0 |  -0.0006099075 |
| 14640.0 | -0.00019696997 |
| 14635.0 |  8.7320972e-05 |
| 14630.0 |  0.00020794128 |
| 14625.0 |   5.636381e-05 |
| 14620.0 | -0.00030783343 |
| 14615.0 |  0.00033414128 |
| 14610.0 |  7.3788244e-05 |
| 14605.0 |  0.00034639929 |
| 14600.0 |  -0.0003401569 |
| 14595.0 |  0.00022532626 |
| 14590.0 | -5.8760274e-05 |
| 14585.0 | -0.00037994547 |
| 14580.0 |  0.00032270129 |
| 14575.0 | -0.00065111317 |
| 14570.0 |   0.0003166454 |
| 14565.0 |  0.00038584802 |
| 14560.0 | -0.00022641619 |
| 14555.0 |  3.9815255e-05 |
| 14550.0 | -0.00025871376 |
| 14545.0 |    0.000447561 |
| 14540.0 | -0.00024298653 |
| 14535.0 | -0.00042579498 |
| 14530.0 |   0.0002350991 |
| 14525.0 |  -2.179341e-05 |
| 14520.0 |  0.00018061551 |
| 14515.0 |  5.0293391e-05 |
| 14510.0 | -0.00026436202 |
| 14505.0 | -0.00014920646 |
| 14500.0 |  0.00026847835 |
| 14495.0 | -0.00018265963 |
| 14490.0 | -0.00048898638 |
| 14485.0 | -6.2511026e-05 |
| 14480.0 |  0.00032457351 |
| 14475.0 | -0.00045361448 |
| 14470.0 |  0.00010955929 |
| 14465.0 |   5.457571e-05 |
| 14460.0 | -0.00010194707 |
| 14455.0 | -0.00019635841 |
| 14450.0 |  0.00026307403 |
| 14445.0 | -0.00017471988 |
| 14440.0 | -9.3723058e-05 |
| 14435.0 |  0.00052018295 |
| 14430.0 | -0.00049162051 |
| 14425.0 |  1.9795882e-05 |
| 14420.0 |  0.00017639229 |
| 14415.0 | -0.00014228431 |
| 14410.0 |  0.00043532846 |
| 14405.0 | -0.00055125891 |
| 14400.0 |  0.00040759746 |
| 14395.0 | -0.00044056567 |
| 14390.0 |  0.00039293253 |
| 14385.0 | -0.00022473767 |
| 14380.0 |  0.00012617664 |
| 14375.0 | -4.7567541e-05 |
| 14370.0 | -0.00017660364 |
| 14365.0 | -0.00055362529 |
| 14360.0 |   0.0002653501 |
| 14355.0 |  0.00013131452 |
| 14350.0 | -6.7802073e-05 |
| 14345.0 | -1.1182038e-05 |
| 14340.0 | -0.00021021087 |
| 14335.0 | -9.3036098e-05 |
| 14330.0 |  3.2481345e-05 |
| 14325.0 | -0.00017904512 |
| 14320.0 |  0.00040253479 |
| 14315.0 | -0.00012326031 |
| 14310.0 |  1.1382616e-05 |
| 14305.0 | -0.00034101255 |
| 14300.0 |  0.00053402799 |
| 14295.0 | -0.00034550633 |
| 14290.0 | -6.0455727e-06 |
| 14285.0 |  0.00042938965 |
| 14280.0 | -0.00026135356 |
| 14275.0 |  0.00016879005 |
| 14270.0 |  0.00019889641 |
| 14265.0 | -0.00029043842 |
| 14260.0 |   8.600999e-05 |
| 14255.0 |   -1.83228e-05 |
| 14250.0 |  5.4644661e-05 |
| 14245.0 |  0.00020521242 |
| 14240.0 |  0.00045597626 |
| 14235.0 | -8.3492043e-05 |
| 14230.0 |  8.2988452e-05 |
| 14225.0 | -0.00044035984 |
| 14220.0 |  0.00025489178 |
| 14215.0 |  0.00026286821 |
| 14210.0 | -0.00031561917 |
| 14205.0 |  0.00048351008 |
| 14200.0 | -0.00012601972 |
| 14195.0 |  0.00025923114 |
| 14190.0 |  0.00043109656 |
| 14185.0 |  0.00013109276 |
| 14180.0 | -0.00011880054 |
| 14175.0 |  0.00019336015 |
| 14170.0 |  0.00012533538 |
| 14165.0 | -0.00012346014 |
| 14160.0 | -0.00057388068 |
| 14155.0 |  0.00038307087 |
| 14150.0 | -0.00039592359 |
| 14145.0 | -0.00018553465 |
| 14140.0 | -7.3013711e-05 |
| 14135.0 |  0.00014362711 |
| 14130.0 | -0.00021625352 |
| 14125.0 | -2.6049322e-05 |
| 14120.0 | -0.00014102054 |
| 14115.0 |  8.8308065e-05 |
| 14110.0 | -0.00013238215 |
| 14105.0 |  0.00012613089 |
| 14100.0 |  4.4005883e-05 |
| 14095.0 | -3.9323313e-06 |
| 14090.0 | -4.6369525e-05 |
| 14085.0 |  0.00014044918 |
| 14080.0 |  -5.964352e-05 |
| 14075.0 | -0.00034403941 |
| 14070.0 |  0.00024790314 |
| 14065.0 | -0.00028204834 |
| 14060.0 |  4.4959321e-05 |
| 14055.0 | -3.7303358e-05 |
| 14050.0 |  4.6536272e-05 |
| 14045.0 |  3.2568246e-06 |
| 14040.0 |  3.1896292e-05 |
| 14035.0 | -0.00019671339 |
| 14030.0 | -0.00011915435 |
| 14025.0 | -0.00026349211 |
| 14020.0 |  6.0949105e-06 |
| 14015.0 | -0.00032195781 |
| 14010.0 |  0.00011723285 |
| 14005.0 |   9.932433e-05 |
| 14000.0 |  6.5576598e-05 |
| 13995.0 | -7.2254617e-05 |
| 13990.0 | -3.1603154e-06 |
| 13985.0 |  9.2194627e-05 |
| 13980.0 | -0.00040933574 |
| 13975.0 |  0.00048616962 |
| 13970.0 | -0.00023202579 |
| 13965.0 | -1.5791933e-05 |
| 13960.0 | -0.00014436353 |
| 13955.0 |  -2.182802e-05 |
| 13950.0 | -2.4785919e-05 |
| 13945.0 |  0.00020623879 |
| 13940.0 |  9.7860546e-05 |
| 13935.0 | -0.00035849496 |
| 13930.0 | -0.00021428111 |
| 13925.0 |  0.00024319567 |
| 13920.0 | -0.00012127213 |
| 13915.0 |  0.00010809069 |
| 13910.0 | -0.00023715757 |
| 13905.0 |  0.00013605152 |
| 13900.0 | -0.00028797367 |
| 13895.0 |   0.0002869743 |
| 13890.0 | -0.00019751859 |
| 13885.0 | -0.00016904554 |
| 13880.0 |   -7.33262e-06 |
| 13875.0 | -0.00048918527 |
| 13870.0 | -6.0630613e-05 |
| 13865.0 |   0.0001538495 |
| 13860.0 |  4.3668046e-05 |
| 13855.0 | -0.00022265753 |
| 13850.0 | -0.00019141501 |
| 13845.0 | -0.00026705474 |
| 13840.0 |  4.5928104e-05 |
| 13835.0 | -3.7134127e-05 |
| 13830.0 |   2.771477e-05 |
| 13825.0 | -8.5827414e-05 |
| 13820.0 | -2.3726936e-05 |
| 13815.0 | -0.00018838176 |
| 13810.0 |  4.9748505e-05 |
| 13805.0 |  -0.0002239272 |
| 13800.0 |  3.6763911e-05 |
| 13795.0 | -0.00017423765 |
| 13790.0 | -0.00020368806 |
| 13785.0 |  9.0541129e-05 |
| 13780.0 |  4.4899043e-05 |
| 13775.0 |  -0.0003012692 |
| 13770.0 | -4.1626005e-05 |
| 13765.0 | -0.00018776013 |
| 13760.0 | -5.1963405e-05 |
| 13755.0 | -0.00029840058 |
| 13750.0 | -3.7847436e-05 |
| 13745.0 | -2.8386764e-06 |
| 13740.0 | -6.9150286e-05 |
| 13735.0 |  0.00015352074 |
| 13730.0 | -0.00012055137 |
| 13725.0 | -0.00011752104 |
| 13720.0 |  2.4967683e-05 |
| 13715.0 |  -5.609083e-05 |
| 13710.0 | -4.9994589e-05 |
| 13705.0 |  3.2517211e-05 |
| 13700.0 | -1.5852349e-05 |
| 13695.0 |  0.00010812264 |
| 13690.0 | -4.5119497e-05 |
| 13685.0 |   3.762919e-05 |
| 13680.0 |  0.00010772113 |
| 13675.0 | -8.6440967e-05 |
| 13670.0 |  0.00013195512 |
| 13665.0 |  0.00011375147 |
| 13660.0 | -5.3508615e-05 |
| 13655.0 |  7.7389719e-05 |
| 13650.0 |  0.00012536765 |
| 13645.0 | -8.9256082e-06 |
| 13640.0 |   0.0001027918 |
| 13635.0 |  1.9929184e-05 |
| 13630.0 |  4.9964725e-05 |
| 13625.0 |  1.0126359e-05 |
| 13620.0 |  1.9547882e-05 |
| 13615.0 |  3.9695755e-05 |
| 13610.0 |  3.9773815e-05 |
| 13605.0 |   0.0001215653 |
| 13600.0 | -5.3709809e-05 |
| 13595.0 |  6.1460691e-05 |
| 13590.0 |  7.4091862e-05 |
| 13585.0 |  0.00011086343 |
| 13580.0 |  0.00012932728 |
| 13575.0 |  8.2489547e-05 |
| 13570.0 |  0.00031598637 |
| 13565.0 |  0.00020091697 |
| 13560.0 |  0.00030466297 |
| 13555.0 |  0.00020873736 |
| 13550.0 |  0.00028456622 |
| 13545.0 |  0.00043189144 |
| 13540.0 |  0.00044656789 |
| 13535.0 |  0.00078699098 |
| 13530.0 |  0.00070477754 |
| 13525.0 |  0.00070571579 |
| 13520.0 |   0.0010177207 |
| 13515.0 |   0.0011545492 |
| 13510.0 |   0.0011181835 |
| 13505.0 |   0.0012679489 |
| 13500.0 |   0.0018304173 |
| 13495.0 |   0.0016707419 |
| 13490.0 |   0.0023757492 |
| 13485.0 |   0.0021517382 |
| 13480.0 |   0.0028044134 |
| 13475.0 |   0.0027199392 |
| 13470.0 |   0.0017516316 |
| 13465.0 |   0.0049308636 |
| 13460.0 |   0.0035431604 |
| 13455.0 |   0.0057486822 |
| 13450.0 |   0.0055131689 |
| 13445.0 |    0.004488938 |
| 13440.0 |   0.0076893591 |
| 13435.0 |   0.0077006705 |
| 13430.0 |   0.0093682948 |
| 13425.0 |     0.01034968 |
| 13420.0 |    0.011131341 |
| 13415.0 |    0.011662783 |
| 13410.0 |    0.013128116 |
| 13405.0 |    0.016042719 |
| 13400.0 |    0.017693875 |
| 13395.0 |    0.018414281 |
| 13390.0 |    0.021358974 |
| 13385.0 |    0.025086803 |
| 13380.0 |    0.026427966 |
| 13375.0 |    0.029143678 |
| 13370.0 |    0.033324264 |
| 13365.0 |     0.03838075 |
| 13360.0 |    0.041466504 |
| 13355.0 |    0.047503989 |
| 13350.0 |    0.050787382 |
| 13345.0 |    0.060765285 |
| 13340.0 |    0.066079877 |
| 13335.0 |     0.07419803 |
| 13330.0 |    0.084609754 |
| 13325.0 |    0.092673175 |
| 13320.0 |     0.10539074 |
| 13315.0 |     0.12053609 |
| 13310.0 |     0.13627844 |
| 13305.0 |     0.15217791 |
| 13300.0 |     0.17470163 |
| 13295.0 |     0.19112922 |
| 13290.0 |     0.21515688 |
| 13285.0 |     0.23786883 |
| 13280.0 |     0.27125013 |
| 13275.0 |     0.29955643 |
| 13270.0 |     0.33306938 |
| 13265.0 |     0.36415818 |
| 13260.0 |     0.39465776 |
| 13255.0 |     0.42939654 |
| 13250.0 |     0.46831226 |
| 13245.0 |     0.50059712 |
| 13240.0 |     0.53846979 |
| 13235.0 |     0.56751084 |
| 13230.0 |      0.5966897 |
| 13225.0 |     0.62165695 |
| 13220.0 |     0.64766175 |
| 13215.0 |     0.66978896 |
| 13210.0 |     0.68606466 |
| 13205.0 |     0.70025933 |
| 13200.0 |     0.71133983 |
| 13195.0 |     0.71714526 |
| 13190.0 |     0.72595662 |
| 13185.0 |     0.72949725 |
| 13180.0 |     0.73237777 |
| 13175.0 |     0.73466152 |
| 13170.0 |     0.73473227 |
| 13165.0 |     0.73498809 |
| 13160.0 |     0.73580778 |
| 13155.0 |     0.73473322 |
| 13150.0 |     0.73289263 |
| 13145.0 |       0.731897 |
| 13140.0 |     0.73022836 |
| 13135.0 |     0.72855061 |
| 13130.0 |     0.72686356 |
| 13125.0 |     0.72444558 |
| 13120.0 |     0.72178131 |
| 13115.0 |     0.71853983 |
| 13110.0 |     0.71586853 |
| 13105.0 |     0.71348119 |
| 13100.0 |      0.7118572 |
| 13095.0 |     0.70898497 |
| 13090.0 |     0.70706826 |
| 13085.0 |     0.70476514 |
| 13080.0 |     0.70293921 |
| 13075.0 |     0.70068032 |
| 13070.0 |     0.70064974 |
| 13065.0 |     0.69868964 |
| 13060.0 |     0.69778317 |
| 13055.0 |       0.697065 |
| 13050.0 |     0.69605225 |
| 13045.0 |     0.69474393 |
| 13040.0 |     0.69478738 |
| 13035.0 |     0.69298345 |
| 13030.0 |     0.69370061 |
| 13025.0 |     0.69180787 |
| 13020.0 |     0.69202167 |
| 13015.0 |     0.69204003 |
| 13010.0 |     0.69108212 |
| 13005.0 |     0.69236749 |
| 13000.0 |     0.69150466 |
| 12995.0 |     0.69367069 |
| 12990.0 |     0.69339317 |
| 12985.0 |     0.69458312 |
| 12980.0 |     0.69645995 |
| 12975.0 |      0.6977666 |
| 12970.0 |     0.69985104 |
| 12965.0 |     0.70085764 |
| 12960.0 |     0.70373029 |
| 12955.0 |      0.7055248 |
| 12950.0 |     0.70849973 |
| 12945.0 |      0.7106908 |
| 12940.0 |     0.71416205 |
| 12935.0 |     0.71645534 |
| 12930.0 |     0.72081786 |
| 12925.0 |     0.72411561 |
| 12920.0 |     0.72698104 |
| 12915.0 |     0.73132247 |
| 12910.0 |     0.73310369 |
| 12905.0 |      0.7389195 |
| 12900.0 |     0.74099451 |
| 12895.0 |     0.74484003 |
| 12890.0 |     0.74907815 |
| 12885.0 |     0.75085598 |
| 12880.0 |     0.75430542 |
| 12875.0 |     0.75814062 |
| 12870.0 |     0.76124614 |
| 12865.0 |     0.76464349 |
| 12860.0 |      0.7664662 |
| 12855.0 |     0.76956314 |
| 12850.0 |     0.77020407 |
| 12845.0 |     0.77437472 |
| 12840.0 |     0.77609068 |
| 12835.0 |     0.77702099 |
| 12830.0 |     0.77961516 |
| 12825.0 |     0.77975821 |
| 12820.0 |     0.77857006 |
| 12815.0 |     0.78127939 |
| 12810.0 |      0.7783305 |
| 12805.0 |     0.77897972 |
| 12800.0 |     0.77787626 |
| 12795.0 |     0.77764201 |
| 12790.0 |     0.77788544 |
| 12785.0 |     0.77407557 |
| 12780.0 |     0.77450585 |
| 12775.0 |      0.7711671 |
| 12770.0 |     0.77122808 |
| 12765.0 |       0.767937 |
| 12760.0 |     0.76474649 |
| 12755.0 |     0.76345515 |
| 12750.0 |     0.75998491 |
| 12745.0 |     0.75774491 |
| 12740.0 |      0.7544716 |
| 12735.0 |     0.75082976 |
| 12730.0 |     0.74859399 |
| 12725.0 |     0.74474478 |
| 12720.0 |     0.73831379 |
| 12715.0 |     0.73015505 |
| 12710.0 |     0.72419995 |
| 12705.0 |     0.71815211 |
| 12700.0 |     0.70943636 |
| 12695.0 |     0.70420146 |
| 12690.0 |     0.69633085 |
| 12685.0 |     0.69108826 |
| 12680.0 |     0.68256944 |
| 12675.0 |     0.68092912 |
| 12670.0 |     0.68363947 |
| 12665.0 |     0.68694198 |
| 12660.0 |      0.6895411 |
| 12655.0 |     0.69370151 |
| 12650.0 |     0.69487113 |
| 12645.0 |     0.69910926 |
| 12640.0 |     0.70183772 |
| 12635.0 |     0.70571721 |
| 12630.0 |      0.7090565 |
| 12625.0 |     0.71040118 |
| 12620.0 |     0.71548265 |
| 12615.0 |     0.71938539 |
| 12610.0 |     0.72300965 |
| 12605.0 |     0.72523993 |
| 12600.0 |     0.72884601 |
| 12595.0 |     0.73394525 |
| 12590.0 |     0.73670191 |
| 12585.0 |     0.74105352 |
| 12580.0 |     0.74531317 |
| 12575.0 |     0.74679816 |
| 12570.0 |     0.74938214 |
| 12565.0 |     0.74938095 |
| 12560.0 |      0.7518732 |
| 12555.0 |     0.75292563 |
| 12550.0 |     0.75494128 |
| 12545.0 |     0.75618649 |
| 12540.0 |     0.75752825 |
| 12535.0 |     0.75906396 |
| 12530.0 |     0.76098865 |
| 12525.0 |     0.76123792 |
| 12520.0 |     0.76289886 |
| 12515.0 |     0.76310039 |
| 12510.0 |     0.76359379 |
| 12505.0 |       0.764965 |
| 12500.0 |     0.76409203 |
| 12495.0 |     0.76546389 |
| 12490.0 |     0.76537037 |
| 12485.0 |     0.76713496 |
| 12480.0 |     0.76802003 |
| 12475.0 |     0.76699805 |
| 12470.0 |     0.76734352 |
| 12465.0 |     0.76788503 |
| 12460.0 |     0.76813257 |
| 12455.0 |     0.76926303 |
| 12450.0 |     0.76892185 |
| 12445.0 |     0.76897317 |
| 12440.0 |     0.77000636 |
| 12435.0 |     0.77133453 |
| 12430.0 |     0.77050191 |
| 12425.0 |     0.77138555 |
| 12420.0 |     0.77209795 |
| 12415.0 |     0.77517015 |
| 12410.0 |      0.7764734 |
| 12405.0 |     0.77551484 |
| 12400.0 |     0.77839226 |
| 12395.0 |     0.78097546 |
| 12390.0 |     0.78041059 |
| 12385.0 |      0.7845695 |
| 12380.0 |     0.78646576 |
| 12375.0 |     0.78763622 |
| 12370.0 |     0.78904945 |
| 12365.0 |     0.79243183 |
| 12360.0 |     0.79512537 |
| 12355.0 |     0.79555452 |
| 12350.0 |     0.79874068 |
| 12345.0 |     0.80015469 |
| 12340.0 |     0.80235666 |
| 12335.0 |     0.80603588 |
| 12330.0 |      0.8060717 |
| 12325.0 |     0.80800074 |
| 12320.0 |     0.81011462 |
| 12315.0 |     0.81193233 |
| 12310.0 |     0.81237137 |
| 12305.0 |     0.81448305 |
| 12300.0 |     0.81383914 |
| 12295.0 |     0.81457251 |
| 12290.0 |     0.81520724 |
| 12285.0 |     0.81446505 |
| 12280.0 |     0.81460786 |
| 12275.0 |     0.81388557 |
| 12270.0 |     0.81324613 |
| 12265.0 |     0.81152672 |
| 12260.0 |     0.81167352 |
| 12255.0 |     0.80985749 |
| 12250.0 |     0.80912155 |
| 12245.0 |      0.8069154 |
| 12240.0 |     0.80657279 |
| 12235.0 |     0.80436909 |
| 12230.0 |     0.80353761 |
| 12225.0 |     0.80215079 |
| 12220.0 |     0.80193228 |
| 12215.0 |     0.80004978 |
| 12210.0 |     0.79963553 |
| 12205.0 |     0.79912341 |
| 12200.0 |      0.7984156 |
| 12195.0 |     0.79888219 |
| 12190.0 |     0.79748935 |
| 12185.0 |     0.79668385 |
| 12180.0 |     0.79685682 |
| 12175.0 |     0.79709071 |
| 12170.0 |     0.79546267 |
| 12165.0 |     0.79588848 |
| 12160.0 |     0.79572749 |
| 12155.0 |     0.79468727 |
| 12150.0 |     0.79394048 |
| 12145.0 |     0.79377955 |
| 12140.0 |     0.79244804 |
| 12135.0 |     0.79150742 |
| 12130.0 |     0.79046983 |
| 12125.0 |     0.78849125 |
| 12120.0 |     0.78753614 |
| 12115.0 |      0.7860949 |
| 12110.0 |     0.78338945 |
| 12105.0 |      0.7818529 |
| 12100.0 |     0.77992833 |
| 12095.0 |     0.77751893 |
| 12090.0 |     0.77559686 |
| 12085.0 |     0.77309304 |
| 12080.0 |     0.77088219 |
| 12075.0 |     0.76743996 |
| 12070.0 |     0.76457953 |
| 12065.0 |     0.76220769 |
| 12060.0 |      0.7594527 |
| 12055.0 |     0.75592953 |
| 12050.0 |     0.75482398 |
| 12045.0 |     0.75227374 |
| 12040.0 |     0.75078601 |
| 12035.0 |     0.74910742 |
| 12030.0 |     0.74867857 |
| 12025.0 |     0.74942088 |
| 12020.0 |     0.75044358 |
| 12015.0 |     0.75252455 |
| 12010.0 |     0.75537848 |
| 12005.0 |     0.75833327 |
| 12000.0 |     0.76109976 |
| 11995.0 |     0.76493305 |
| 11990.0 |       0.769063 |
| 11985.0 |     0.77329701 |
| 11980.0 |     0.77792609 |
| 11975.0 |     0.78055048 |
| 11970.0 |     0.78505421 |
| 11965.0 |     0.79004788 |
| 11960.0 |     0.79164606 |
| 11955.0 |     0.79791158 |
| 11950.0 |     0.79912579 |
| 11945.0 |     0.80287105 |
| 11940.0 |     0.80525672 |
| 11935.0 |     0.80861878 |
| 11930.0 |     0.80730516 |
| 11925.0 |     0.81226754 |
| 11920.0 |     0.80772203 |
| 11915.0 |     0.80882454 |
| 11910.0 |     0.80691159 |
| 11905.0 |     0.80461276 |
| 11900.0 |     0.80231708 |
| 11895.0 |     0.80050856 |
| 11890.0 |     0.79705858 |
| 11885.0 |     0.79660785 |
| 11880.0 |     0.79123729 |
| 11875.0 |     0.79071164 |
| 11870.0 |     0.78751838 |
| 11865.0 |      0.7848109 |
| 11860.0 |     0.78345162 |
| 11855.0 |     0.78151804 |
| 11850.0 |     0.77843726 |
| 11845.0 |      0.7782321 |
| 11840.0 |      0.7756359 |
| 11835.0 |     0.77313906 |
| 11830.0 |      0.7709319 |
| 11825.0 |     0.77021229 |
| 11820.0 |     0.76507545 |
| 11815.0 |      0.7663275 |
| 11810.0 |      0.7599237 |
| 11805.0 |     0.75570536 |
| 11800.0 |     0.74888337 |
| 11795.0 |     0.73925579 |
| 11790.0 |      0.7295056 |
| 11785.0 |     0.71828407 |
| 11780.0 |     0.70211411 |
| 11775.0 |     0.69028634 |
| 11770.0 |     0.67126256 |
| 11765.0 |     0.65265179 |
| 11760.0 |     0.62944746 |
| 11755.0 |     0.61118275 |
| 11750.0 |     0.58833098 |
| 11745.0 |     0.57031494 |
| 11740.0 |     0.55098158 |
| 11735.0 |     0.52803224 |
| 11730.0 |     0.50760835 |
| 11725.0 |     0.49071184 |
| 11720.0 |     0.46878093 |
| 11715.0 |     0.45623684 |
| 11710.0 |     0.43794522 |
| 11705.0 |     0.42147326 |
| 11700.0 |         0.4073 |
| 11695.0 |     0.38776219 |
| 11690.0 |     0.37339675 |
| 11685.0 |     0.35979751 |
| 11680.0 |     0.34159982 |
| 11675.0 |      0.3235276 |
| 11670.0 |     0.30466032 |
| 11665.0 |     0.28201997 |
| 11660.0 |     0.26420546 |
| 11655.0 |     0.24138679 |
| 11650.0 |      0.2210992 |
| 11645.0 |     0.20200297 |
| 11640.0 |     0.17868477 |
| 11635.0 |     0.16101733 |
| 11630.0 |     0.13809432 |
| 11625.0 |     0.12142385 |
| 11620.0 |     0.10838231 |
| 11615.0 |    0.091396071 |
| 11610.0 |    0.081559569 |
| 11605.0 |    0.069909379 |
| 11600.0 |    0.057213854 |
| 11595.0 |    0.052758191 |
| 11590.0 |    0.044386145 |
| 11585.0 |    0.038897529 |
| 11580.0 |    0.034901932 |
| 11575.0 |    0.026629409 |
| 11570.0 |    0.026382839 |
| 11565.0 |    0.023340018 |
| 11560.0 |    0.017638424 |
| 11555.0 |    0.019604128 |
| 11550.0 |    0.014591916 |
| 11545.0 |    0.012369631 |
| 11540.0 |    0.014921419 |
| 11535.0 |   0.0084253792 |
| 11530.0 |   0.0086238589 |
| 11525.0 |   0.0099180015 |
| 11520.0 |   0.0080375671 |
| 11515.0 |   0.0083471742 |
| 11510.0 |   0.0039396035 |
| 11505.0 |   0.0064141173 |
| 11500.0 |   0.0055981292 |
| 11495.0 |   0.0025113032 |
| 11490.0 |   0.0050293147 |
| 11485.0 |   0.0029362508 |
| 11480.0 |    0.003345428 |
| 11475.0 |   0.0041261292 |
| 11470.0 |   0.0028696351 |
| 11465.0 |   0.0035111243 |
| 11460.0 |   0.0034652913 |
| 11455.0 |  0.00051902077 |
| 11450.0 |   0.0031184938 |
| 11445.0 |   0.0026589679 |
| 11440.0 |  0.00099647476 |
| 11435.0 |   0.0043614921 |
| 11430.0 |    0.001082578 |
| 11425.0 |   0.0021901054 |
| 11420.0 |   0.0031256443 |
| 11415.0 | -0.00056019804 |
| 11410.0 |   0.0025521449 |
| 11405.0 |   0.0017841371 |
| 11400.0 |  0.00069184118 |
| 11395.0 |   0.0035780501 |
| 11390.0 | -0.00036561734 |
| 11385.0 |    0.001311178 |
| 11380.0 |   0.0024288902 |
| 11375.0 |  -0.0015771138 |
| 11370.0 |    0.002150032 |
| 11365.0 |   0.0010789328 |
| 11360.0 |  -0.0010141273 |
| 11355.0 |   0.0015803057 |
| 11350.0 | -0.00022393074 |
| 11345.0 |   0.0011592372 |
| 11340.0 |  0.00031830862 |
| 11335.0 |  0.00025024638 |
| 11330.0 | -0.00068836851 |
| 11325.0 |   0.0015824799 |
| 11320.0 |  -0.0010157581 |
| 11315.0 |  0.00099867617 |
| 11310.0 | -8.6104752e-05 |
| 11305.0 | -0.00079529959 |
| 11300.0 |   0.0010305383 |
| 11295.0 |  -0.0004624539 |
| 11290.0 |  0.00018158517 |
| 11285.0 |  0.00072323665 |
| 11280.0 |  0.00031359802 |
| 11275.0 | -0.00026532053 |
| 11270.0 | -0.00047513592 |
| 11265.0 |     0.00124396 |
| 11260.0 | -0.00093613984 |
| 11255.0 |            0.0 |
| 11250.0 |  0.00060087978 |
| 11245.0 | -0.00034495859 |
| 11240.0 | -1.1075473e-05 |
| 11235.0 | -0.00015119834 |
| 11230.0 |  0.00013022924 |
| 11225.0 |   3.995615e-05 |
| 11220.0 | -0.00024051662 |
| 11215.0 |  0.00023555117 |
| 11210.0 |  0.00078386528 |
| 11205.0 |  -0.0012605368 |
| 11200.0 |   0.0011311645 |
| 11195.0 |  -0.0010882294 |
| 11190.0 | -0.00013427337 |
| 11185.0 |  0.00087262405 |
| 11180.0 |  -0.0017566554 |
| 11175.0 |  0.00071466638 |
| 11170.0 | -0.00097019115 |
| 11165.0 |   0.0014927819 |
| 11160.0 |  -0.0013280896 |
| 11155.0 |  8.7036817e-05 |
| 11150.0 | -0.00037840201 |
| 11145.0 |  0.00060758431 |
| 11140.0 | -0.00038424099 |
| 11135.0 |  -0.0007583421 |
| 11130.0 |   0.0012191398 |
| 11125.0 |  -0.0013296943 |
| 11120.0 |  1.5767526e-05 |
| 11115.0 |   0.0010628742 |
| 11110.0 |  -0.0015955637 |
| 11105.0 |  0.00095202139 |
| 11100.0 |   0.0010476717 |
| 11095.0 | -0.00046324448 |
| 11090.0 | -0.00022179038 |
| 11085.0 | -0.00057011936 |
| 11080.0 |  0.00082211877 |
| 11075.0 | -7.9429781e-05 |
| 11070.0 | -0.00072624994 |
| 11065.0 | -0.00010665458 |
| 11060.0 | -0.00062433392 |
| 11055.0 |   0.0019422001 |
| 11050.0 |  -0.0020208163 |
| 11045.0 |  0.00074804423 |
| 11040.0 | -0.00038888154 |
| 11035.0 |  4.5374651e-05 |
| 11030.0 | -0.00036424422 |
| 11025.0 |  0.00012789547 |
| 11020.0 |  -0.0013284032 |
| 11015.0 |  0.00058799452 |
| 11010.0 |  0.00060808612 |
| 11005.0 |  0.00026794366 |
| 11000.0 | -0.00037988342 |
| 10995.0 | -0.00047386446 |
| 10990.0 |  0.00026088921 |
| 10985.0 | -9.3434835e-05 |
| 10980.0 | -0.00049658329 |
| 10975.0 |  0.00074206502 |
| 10970.0 | -0.00074362243 |
| 10965.0 |  0.00020751843 |
| 10960.0 |  0.00044426133 |
| 10955.0 | -0.00052096456 |
| 10950.0 | -0.00097765517 |
| 10945.0 |  0.00075140939 |
| 10940.0 | -0.00058140472 |
| 10935.0 | -0.00022922255 |
| 10930.0 |  -0.0002009837 |
| 10925.0 | -0.00023959971 |
| 10920.0 |  0.00097776996 |
| 10915.0 |  -0.0010450891 |
| 10910.0 |  0.00019179932 |
| 10905.0 | -0.00076735677 |
| 10900.0 |  0.00023984881 |
| 10895.0 |  0.00019191891 |
| 10890.0 | -0.00022075258 |
| 10885.0 |  0.00070079498 |
| 10880.0 | -0.00078735774 |
| 10875.0 |  2.8822404e-05 |
| 10870.0 |  0.00010581316 |
| 10865.0 |  -0.0016565819 |
| 10860.0 |  0.00078109925 |
| 10855.0 |  0.00055999646 |
| 10850.0 | -0.00022234154 |
| 10845.0 |  -0.0004065152 |
| 10840.0 |  0.00079464924 |
| 10835.0 |  0.00091205898 |
| 10830.0 |  0.00053430669 |
| 10825.0 |  -0.0017016019 |
| 10820.0 |   0.0006127719 |
| 10815.0 | -0.00042810399 |
| 10810.0 | -0.00031144751 |
| 10805.0 |  0.00026286748 |
| 10800.0 |  0.00049668545 |
| 10795.0 | -0.00047735943 |
| 10790.0 |  0.00022413793 |
| 10785.0 |  0.00019496449 |
| 10780.0 | -0.00065333873 |
| 10775.0 | -3.9018709e-05 |
| 10770.0 |  0.00071236974 |
| 10765.0 | -0.00049787748 |
| 10760.0 |  0.00016602402 |
| 10755.0 | -0.00083044422 |
| 10750.0 |  0.00089918461 |
| 10745.0 |  8.7998029e-05 |
| 10740.0 | -0.00060644513 |
| 10735.0 |   0.0010176594 |
| 10730.0 | -0.00032303703 |
| 10725.0 |   0.0002545914 |
| 10720.0 | -0.00040152977 |
| 10715.0 | -0.00021548651 |
| 10710.0 |  0.00064655411 |
| 10705.0 | -8.8179346e-05 |
| 10700.0 |  0.00019598278 |
| 10695.0 | -0.00049982913 |
| 10690.0 |  3.9208018e-05 |
| 10685.0 | -0.00058820611 |
| 10680.0 | -0.00020590222 |
| 10675.0 | -0.00091199903 |
| 10670.0 | -5.8849662e-05 |
| 10665.0 |  0.00042183488 |
| 10660.0 |  0.00025511067 |
| 10655.0 | -0.00026497222 |
| 10650.0 | -0.00037299359 |
| 10645.0 | -0.00037306335 |
| 10640.0 | -5.8915761e-05 |
| 10635.0 | -0.00070712122 |
| 10630.0 | -0.00012769854 |
| 10625.0 | -0.00012771582 |
| 10620.0 | -0.00010807128 |
| 10615.0 |   0.0001572005 |
| 10610.0 |  0.00021615879 |
| 10605.0 | -0.00035372764 |
| 10600.0 |  0.00018669659 |
| 10595.0 | -0.00036358071 |
| 10590.0 | -0.00051099749 |
| 10585.0 |  0.00041274421 |
| 10580.0 |   0.0001572418 |
| 10575.0 |            0.0 |
| 10570.0 |  1.9655823e-05 |
| 10565.0 |  2.9483861e-05 |
| 10560.0 |  0.00012776395 |
| 10555.0 |  0.00021621685 |
| 10550.0 | -0.00023587396 |
| 10545.0 | -0.00010810936 |
| 10540.0 | -5.8968995e-05 |
| 10535.0 |  0.00036364372 |
| 10530.0 |  0.00011793902 |
| 10525.0 |  0.00045209919 |
| 10520.0 | -0.00011793767 |
| 10515.0 | -0.00013759249 |
| 10510.0 |  0.00035380546 |
| 10505.0 |  0.00037345738 |
| 10500.0 |  9.8277211e-05 |
| 10495.0 | -7.8620942e-05 |
| 10490.0 | -0.00037344545 |
| 10485.0 |   0.0001179289 |
| 10480.0 |  0.00010810034 |
| 10475.0 |  0.00016706495 |
| 10470.0 |  0.00088449218 |
| 10465.0 |  -0.0017493898 |
| 10460.0 | -5.8970247e-05 |
| 10455.0 | -0.00050126447 |
| 10450.0 |  3.9316234e-05 |
| 10445.0 |   0.0019855388 |
| 10440.0 |  -0.0027228384 |
| 10435.0 |    0.002133128 |
| 10430.0 |   0.0012189727 |
| 10425.0 |   -0.003833856 |
| 10420.0 |   0.0025262174 |
| 10415.0 |  -0.0021328665 |
| 10410.0 | -0.00033415598 |
| 10405.0 |  0.00020637446 |
| 10400.0 |  -0.0012578041 |
| 10395.0 |   0.0041563273 |
| 10390.0 |  -0.0019453642 |
| 10385.0 |   0.0003929724 |
| 10380.0 |   0.0017387681 |
| 10375.0 |  -0.0029764066 |
| 10370.0 |   0.0014931546 |
| 10365.0 |  -0.0007662446 |
| 10360.0 |  -0.0011592216 |
| 10355.0 |    0.003261626 |
| 10350.0 |  -0.0022203228 |
| 10345.0 |   0.0018961671 |
| 10340.0 |  -0.0019355175 |
| 10335.0 |  -0.0014443082 |
| 10330.0 |   0.0023581171 |
| 10325.0 |  -0.0032325485 |
| 10320.0 |    0.002406999 |
| 10315.0 |  -0.0014047744 |
| 10310.0 |    0.001974364 |
| 10305.0 |  -0.0013652326 |
| 10300.0 |  0.00074639049 |
| 10295.0 |  0.00034370134 |
| 10290.0 |  -0.0014630532 |
| 10285.0 |  0.00064800517 |
| 10280.0 | -0.00063812907 |
| 10275.0 |            0.0 |
| 10270.0 |  0.00014723586 |
| 10265.0 |  0.00073612016 |
| 10260.0 |  -0.0013739805 |
| 10255.0 |   0.0001668271 |
| 10250.0 | -0.00030418966 |
| 10245.0 |  0.00016680028 |
| 10240.0 | -0.00050036056 |
| 10235.0 |  0.00039240811 |
| 10230.0 | -0.00080437196 |
| 10225.0 |   0.0013830481 |
| 10220.0 | -0.00011770533 |
| 10215.0 | -0.00012751314 |
| 10210.0 |  0.00015693805 |
| 10205.0 | -0.00076506712 |
| 10200.0 | -0.00047080696 |
| 10195.0 |  0.00018635964 |
| 10190.0 |  0.00022559155 |
| 10185.0 |   0.0010592914 |
| 10180.0 |  -0.0010200506 |
| 10175.0 |  0.00021578073 |
| 10170.0 |  0.00015693586 |
| 10165.0 |  0.00036292436 |
| 10160.0 | -0.00011770851 |
| 10155.0 | -0.00015694909 |
| 10150.0 | -0.00019619186 |
| 10145.0 |  4.9049344e-05 |
| 10140.0 | -0.00023544348 |
| 10135.0 |  0.00055919396 |
| 10130.0 | -5.8864178e-05 |
| 10125.0 |  0.00021582465 |
| 10120.0 | -0.00032366667 |
| 10115.0 |    0.000392238 |
| 10110.0 | -4.9019094e-05 |
| 10105.0 |  0.00062730815 |
| 10100.0 |  0.00026458807 |
| 10095.0 | -0.00042128938 |
| 10090.0 | -0.00026447303 |
| 10085.0 |   9.793167e-06 |
| 10080.0 |  0.00033289523 |
| 10075.0 | -9.7896209e-06 |
| 10070.0 | -0.00056780584 |
| 10065.0 | -0.00046012489 |
| 10060.0 | -9.7900274e-06 |
| 10055.0 | -1.9580328e-05 |
| 10050.0 |  0.00059720821 |
| 10045.0 |   0.0014391938 |
| 10040.0 |  -0.0033581655 |
| 10035.0 |   0.0021441644 |
| 10030.0 |  3.9163366e-05 |
| 10025.0 |  -0.0013707028 |
| 10020.0 |   0.0015174658 |
| 10015.0 |  -0.0025061041 |
| 10010.0 |   0.0025255193 |
| 10005.0 |  -0.0037390932 |
| 10000.0 |   0.0021043273 |
|  9995.0 | -0.00032297344 |
