# Units:
#  "lambda" is in Angstroms
#  "pass" is the contribution to the detector signal per photon
#         entering the atmosphere of Earth
# 
# Bandpass Name(s): Ks(1)
# 
# Instrument: HAWK-I/
# 
# Determined by: ?
# 
# Date of determination: ?
# 
# Meaning of/Reason for default column: Only available
# 
# Notes:
# 
# ESO/HAWK-I Ks1-band filter curve (T=90K) restricted to 1.8-2.5 microns.
# Does not appear to include detector QE nor atmospheric absorption,
# so use at your own risk!
|  lambda |         pass |
| 18011.3 |  -0.00435187 |
| 18031.2 |  0.000719148 |
| 18051.0 |  0.000427268 |
| 18070.9 |  -0.00163147 |
| 18090.8 | -0.000893372 |
| 18110.7 |  -0.00191421 |
| 18130.6 |   -0.0010615 |
| 18150.4 |  -0.00248995 |
| 18170.3 |  -0.00505922 |
| 18190.2 |  -0.00225707 |
| 18210.1 |  -0.00368454 |
| 18230.0 |  -0.00532934 |
| 18249.8 |  -0.00345603 |
| 18269.7 |  -0.00311514 |
| 18289.6 |   0.00203871 |
| 18309.5 |  -0.00656476 |
| 18329.4 |  -0.00519403 |
| 18349.2 |  -0.00308714 |
| 18369.1 |  -0.00367645 |
| 18389.0 |  -0.00108334 |
| 18408.9 |  -0.00192048 |
| 18428.8 |  -0.00246887 |
| 18448.6 | -0.000656456 |
| 18468.5 |  -0.00296005 |
| 18488.4 |  -0.00437958 |
| 18508.3 |  -0.00092614 |
| 18528.2 |  -0.00453736 |
| 18548.0 |  -0.00040251 |
| 18567.9 |  -0.00509907 |
| 18587.8 |   0.00157213 |
| 18607.7 |   0.00193703 |
| 18627.6 |  -0.00475695 |
| 18647.4 |    -0.001676 |
| 18667.3 |  0.000106955 |
| 18687.2 |  0.000152225 |
| 18707.1 |  -0.00114311 |
| 18727.0 | -0.000460519 |
| 18746.8 |   -0.0030766 |
| 18766.7 |  -0.00437113 |
| 18786.6 |    -7.01e-05 |
| 18806.5 |  -0.00350798 |
| 18826.4 |   0.00900035 |
| 18846.2 |   0.00265412 |
| 18866.1 |  0.000940809 |
| 18886.0 |  -0.00246655 |
| 18905.9 |   0.00663151 |
| 18925.8 |   0.00819167 |
| 18945.6 |    0.0137976 |
| 18965.5 |   0.00959257 |
| 18985.4 |    0.0155695 |
| 19005.3 |    0.0225857 |
| 19025.2 |    0.0270114 |
| 19045.0 |    0.0371689 |
| 19064.9 |    0.0523343 |
| 19084.8 |    0.0654975 |
| 19104.7 |    0.0923104 |
| 19124.6 |     0.109788 |
| 19144.4 |     0.149835 |
| 19164.3 |     0.190114 |
| 19184.2 |     0.238006 |
| 19204.1 |     0.291509 |
| 19224.0 |       0.3499 |
| 19243.8 |     0.409219 |
| 19263.7 |     0.471947 |
| 19283.6 |     0.536276 |
| 19303.5 |     0.597074 |
| 19323.4 |     0.665005 |
| 19343.2 |      0.73998 |
| 19363.1 |     0.818478 |
| 19383.0 |      0.91234 |
| 19402.9 |      1.00839 |
| 19422.8 |      1.13607 |
| 19442.6 |      1.28724 |
| 19462.5 |      1.48028 |
| 19482.4 |      1.69891 |
| 19502.3 |       1.9718 |
| 19522.2 |      2.31701 |
| 19542.0 |       2.7843 |
| 19561.9 |      3.35106 |
| 19581.8 |      4.05346 |
| 19601.7 |      4.97245 |
| 19621.6 |      6.13807 |
| 19641.4 |      7.62993 |
| 19661.3 |        9.562 |
| 19681.2 |       11.992 |
| 19701.1 |      15.1441 |
| 19721.0 |      18.8898 |
| 19740.8 |      23.3436 |
| 19760.7 |      28.3781 |
| 19780.6 |      33.5879 |
| 19800.5 |      38.7428 |
| 19820.4 |       43.625 |
| 19840.2 |      48.0822 |
| 19860.1 |      51.5266 |
| 19880.0 |      54.4181 |
| 19899.9 |      56.7621 |
| 19919.8 |      58.7735 |
| 19939.6 |      60.5451 |
| 19959.5 |      62.2213 |
| 19979.4 |      63.9393 |
| 19999.3 |      65.5671 |
| 20019.2 |      67.2747 |
| 20039.0 |      69.0064 |
| 20058.9 |      70.5886 |
| 20078.8 |      72.1667 |
| 20098.7 |        73.54 |
| 20118.6 |      74.7657 |
| 20138.4 |      75.7275 |
| 20158.3 |      76.4611 |
| 20178.2 |      77.0151 |
| 20198.1 |      77.2692 |
| 20218.0 |      77.4471 |
| 20237.8 |      77.4904 |
| 20257.7 |      77.3802 |
| 20277.6 |       77.277 |
| 20297.5 |      77.1374 |
| 20317.4 |      77.0816 |
| 20337.2 |       76.984 |
| 20357.1 |      76.9821 |
| 20377.0 |      77.0729 |
| 20396.9 |      77.2116 |
| 20416.8 |      77.4129 |
| 20436.6 |      77.7027 |
| 20456.5 |      77.9965 |
| 20476.4 |      78.3401 |
| 20496.3 |      78.6676 |
| 20516.2 |      79.0208 |
| 20536.0 |      79.3924 |
| 20555.9 |      79.6736 |
| 20575.8 |      79.9705 |
| 20595.7 |      80.1859 |
| 20615.6 |      80.3399 |
| 20635.4 |      80.5139 |
| 20655.3 |      80.5537 |
| 20675.2 |      80.5883 |
| 20695.1 |      80.6335 |
| 20715.0 |      80.5885 |
| 20734.8 |      80.5576 |
| 20754.7 |      80.5038 |
| 20774.6 |      80.4727 |
| 20794.5 |      80.4133 |
| 20814.4 |      80.3998 |
| 20834.2 |      80.4295 |
| 20854.1 |      80.4219 |
| 20874.0 |      80.5041 |
| 20893.9 |      80.5836 |
| 20913.8 |      80.6782 |
| 20933.6 |      80.8434 |
| 20953.5 |      80.9909 |
| 20973.4 |      81.1714 |
| 20993.3 |      81.3773 |
| 21013.2 |      81.5366 |
| 21033.0 |      81.7463 |
| 21052.9 |       81.924 |
| 21072.8 |      82.0868 |
| 21092.7 |      82.2257 |
| 21112.6 |      82.3537 |
| 21132.4 |      82.4653 |
| 21152.3 |      82.5138 |
| 21172.2 |      82.5841 |
| 21192.1 |      82.6139 |
| 21212.0 |      82.5767 |
| 21231.8 |       82.567 |
| 21251.7 |      82.5048 |
| 21271.6 |      82.4093 |
| 21291.5 |      82.3366 |
| 21311.4 |      82.2455 |
| 21331.2 |       82.166 |
| 21351.1 |      82.0357 |
| 21371.0 |      81.9444 |
| 21390.9 |      81.8331 |
| 21410.8 |      81.7576 |
| 21430.6 |      81.6831 |
| 21450.5 |      81.6213 |
| 21470.4 |      81.5788 |
| 21490.3 |      81.5617 |
| 21510.2 |      81.5571 |
| 21530.0 |      81.6045 |
| 21549.9 |      81.6148 |
| 21569.8 |      81.6919 |
| 21589.7 |      81.7598 |
| 21609.6 |       81.823 |
| 21629.4 |      81.9752 |
| 21649.3 |      82.0894 |
| 21669.2 |      82.2492 |
| 21689.1 |      82.3297 |
| 21709.0 |       82.511 |
| 21728.8 |       82.664 |
| 21748.7 |      82.7869 |
| 21768.6 |      82.9224 |
| 21788.5 |      83.0143 |
| 21808.4 |      83.1485 |
| 21828.2 |       83.208 |
| 21848.1 |      83.2791 |
| 21868.0 |      83.3866 |
| 21887.9 |      83.4211 |
| 21907.8 |      83.4641 |
| 21927.6 |      83.5547 |
| 21947.5 |      83.5783 |
| 21967.4 |       83.697 |
| 21987.3 |      83.6947 |
| 22007.2 |      83.8148 |
| 22027.0 |      83.8697 |
| 22046.9 |      83.9203 |
| 22066.8 |      83.9969 |
| 22086.7 |      84.0589 |
| 22106.6 |       84.115 |
| 22126.4 |      84.1549 |
| 22146.3 |      84.1638 |
| 22166.2 |      84.2445 |
| 22186.1 |      84.2636 |
| 22206.0 |      84.3223 |
| 22225.8 |      84.3759 |
| 22245.7 |      84.3869 |
| 22265.6 |      84.4823 |
| 22285.5 |      84.4729 |
| 22305.4 |      84.5598 |
| 22325.2 |      84.6154 |
| 22345.1 |      84.6594 |
| 22365.0 |      84.7138 |
| 22384.9 |      84.7915 |
| 22404.8 |      84.8186 |
| 22424.6 |      84.8552 |
| 22444.5 |      84.8987 |
| 22464.4 |      84.9377 |
| 22484.3 |      84.9617 |
| 22504.2 |      84.9636 |
| 22524.0 |      84.9992 |
| 22543.9 |      84.9781 |
| 22563.8 |      84.9623 |
| 22583.7 |       84.922 |
| 22603.6 |      84.9069 |
| 22623.4 |      84.8822 |
| 22643.3 |      84.7899 |
| 22663.2 |      84.7239 |
| 22683.1 |      84.6086 |
| 22703.0 |      84.4456 |
| 22722.8 |      84.2642 |
| 22742.7 |      84.0222 |
| 22762.6 |      83.6502 |
| 22782.5 |       83.216 |
| 22802.4 |      82.4891 |
| 22822.2 |      81.6848 |
| 22842.1 |      80.5276 |
| 22862.0 |      79.0971 |
| 22881.9 |      77.2614 |
| 22901.8 |      75.0201 |
| 22921.6 |      72.3509 |
| 22941.5 |      69.2577 |
| 22961.4 |      65.5112 |
| 22981.3 |       61.386 |
| 23001.2 |      57.0899 |
| 23021.0 |      52.6108 |
| 23040.9 |      47.9929 |
| 23060.8 |      43.4709 |
| 23080.7 |      38.9649 |
| 23100.6 |        34.66 |
| 23120.4 |      30.5818 |
| 23140.3 |      26.9378 |
| 23160.2 |      23.6474 |
| 23180.1 |      20.6357 |
| 23200.0 |      18.0523 |
| 23219.8 |      15.7756 |
| 23239.7 |      13.8264 |
| 23259.6 |      12.1272 |
| 23279.5 |      10.5898 |
| 23299.4 |      9.28275 |
| 23319.2 |      8.12722 |
| 23339.1 |      7.11412 |
| 23359.0 |      6.27146 |
| 23378.9 |      5.49665 |
| 23398.8 |      4.83276 |
| 23418.6 |      4.29168 |
| 23438.5 |      3.81222 |
| 23458.4 |       3.3789 |
| 23478.3 |      3.00851 |
| 23498.2 |      2.68157 |
| 23518.0 |      2.40258 |
| 23537.9 |      2.16345 |
| 23557.8 |      1.93967 |
| 23577.7 |      1.74807 |
| 23597.6 |      1.57818 |
| 23617.4 |      1.42023 |
| 23637.3 |      1.29295 |
| 23657.2 |      1.17368 |
| 23677.1 |      1.06342 |
| 23697.0 |      0.96543 |
| 23716.8 |     0.878204 |
| 23736.7 |     0.800924 |
| 23756.6 |     0.730494 |
| 23776.5 |      0.67398 |
| 23796.4 |     0.611267 |
| 23816.2 |     0.558459 |
| 23836.1 |      0.51598 |
| 23856.0 |     0.471436 |
| 23875.9 |     0.427414 |
| 23895.8 |     0.394142 |
| 23915.6 |     0.373395 |
| 23935.5 |     0.337213 |
| 23955.4 |     0.310036 |
| 23975.3 |     0.286832 |
| 23995.2 |     0.253182 |
| 24015.0 |      0.23823 |
| 24034.9 |      0.22209 |
| 24054.8 |     0.204329 |
| 24074.7 |     0.182342 |
| 24094.6 |     0.173011 |
| 24114.4 |     0.159524 |
| 24134.3 |     0.140619 |
| 24154.2 |     0.128041 |
| 24174.1 |     0.136504 |
| 24194.0 |      0.11409 |
| 24213.8 |     0.109098 |
| 24233.7 |    0.0951492 |
| 24253.6 |    0.0869509 |
| 24273.5 |    0.0821645 |
| 24293.4 |    0.0748661 |
| 24313.2 |    0.0684488 |
| 24333.1 |    0.0634664 |
| 24353.0 |    0.0601952 |
| 24372.9 |    0.0543061 |
| 24392.8 |    0.0528972 |
| 24412.6 |    0.0472225 |
| 24432.5 |    0.0398039 |
| 24452.4 |    0.0328046 |
| 24472.3 |    0.0374479 |
| 24492.2 |    0.0323992 |
| 24512.0 |    0.0295616 |
| 24531.9 |    0.0283668 |
| 24551.8 |    0.0268485 |
| 24571.7 |    0.0296451 |
| 24591.6 |    0.0188411 |
| 24611.4 |    0.0163137 |
| 24631.3 |    0.0106979 |
| 24651.2 |    0.0301608 |
| 24671.1 |    0.0242907 |
| 24691.0 |    0.0138407 |
| 24710.8 |    0.0124342 |
| 24730.7 |    0.0124424 |
| 24750.6 |   0.00875485 |
| 24770.5 |   0.00868891 |
| 24790.4 |    0.0137569 |
| 24810.2 |    0.0116402 |
| 24830.1 |   0.00722016 |
| 24850.0 |   0.00516912 |
| 24869.9 |    0.0102033 |
| 24889.8 |   0.00369736 |
| 24909.6 |   0.00966077 |
| 24929.5 |    0.0109289 |
| 24949.4 |  -0.00185856 |
| 24969.3 |   0.00542962 |
| 24989.2 |   0.00194372 |
