# Copied from sedpy
|     lambda |           pass |
| 10000000.0 |  4.4895228e-07 |
|  9900990.0 |  5.7089517e-07 |
|  9803922.0 |   6.518523e-07 |
|  9718173.0 |  6.9931707e-07 |
|  9624639.0 |  7.4719094e-07 |
|  9532888.0 |   7.615913e-07 |
|  9442871.0 |   9.419063e-07 |
|  9363296.0 |  1.0670445e-06 |
|  9276438.0 |  1.2276536e-06 |
|  9191176.0 |   0.0004842068 |
|  9107468.0 |   0.0004724154 |
|  9025271.0 |     0.00049506 |
|  8952552.0 |  0.00051672605 |
|  8873114.0 |  0.00062694907 |
|  8795075.0 |  0.00063034537 |
|  8718396.0 |  0.00067153684 |
|  8643042.0 |  0.00070976466 |
|  8576329.0 |   0.0008227016 |
|  8503401.0 |   0.0009146538 |
|  8431703.0 |   0.0010380041 |
|  8361204.0 |   0.0011273446 |
|  8298755.0 |   0.0011285332 |
|  8230452.5 |   0.0012302641 |
|  8163265.5 |   0.0012332173 |
|  8097166.0 |   0.0013338593 |
|  8032128.5 |   0.0014112622 |
|  7974481.5 |   0.0015387078 |
|  7911392.5 |   0.0015485188 |
|  7849293.5 |    0.001693363 |
|  7788162.0 |   0.0017586265 |
|  7727975.5 |   0.0020544047 |
|  7674597.0 |   0.0022836898 |
|  7616146.0 |   0.0023588885 |
|  7558579.0 |   0.0025510977 |
|  7501875.5 |    0.003001002 |
|  7451565.0 |   0.0032310798 |
|  7396449.5 |   0.0033955872 |
|  7342144.0 |   0.0037489517 |
|  7288629.5 |    0.004101385 |
|  7235890.0 |   0.0042078504 |
|  7189072.5 |   0.0048236377 |
|  7137758.5 |   0.0051590386 |
|  7087172.0 |    0.005945108 |
|  7037297.5 |   0.0062740073 |
|  6988120.0 |    0.006909818 |
|  6944444.5 |   0.0077953157 |
|  6896551.5 |    0.009112996 |
|  6849315.0 |     0.01046219 |
|  6802721.0 |    0.011696542 |
|  6761325.0 |     0.01317933 |
|  6715916.5 |    0.014572138 |
|  6671114.0 |     0.01554471 |
|  6626905.0 |     0.01808309 |
|  6583278.5 |    0.020770986 |
|  6544502.5 |    0.022656677 |
|  6501950.5 |     0.02689455 |
|  6459948.5 |     0.03283537 |
|  6418485.0 |    0.039888985 |
|  6377551.0 |     0.04777565 |
|  6341154.0 |    0.058240723 |
|  6301197.0 |    0.072136976 |
|  6261741.0 |     0.09263804 |
|  6222775.5 |     0.11835973 |
|  6188119.0 |     0.16221216 |
|  6150061.5 |     0.24246271 |
|  6112469.5 |     0.43542835 |
|  6075334.0 |      0.9997445 |
|  6038647.5 |            1.0 |
|  6006006.0 |      0.9824251 |
|  5970149.5 |     0.97293085 |
|  5934718.0 |     0.99618864 |
|  5899705.0 |      0.9539368 |
|  5865102.5 |      0.9098038 |
|  5834305.5 |      0.9143149 |
|  5800464.0 |      0.8965869 |
|  5767012.5 |      0.9162891 |
|  5733945.0 |     0.93410563 |
|  5704506.5 |      0.9372358 |
|  5672149.5 |      0.9202624 |
|  5640158.0 |     0.90413356 |
|  5608525.0 |      0.8386707 |
|  5577245.0 |     0.80913156 |
|  5549389.5 |      0.8301491 |
|  5518764.0 |      0.8089541 |
|  5488474.0 |       0.815635 |
|  5458515.5 |      0.8416773 |
|  5431830.5 |      0.8400783 |
|  5402485.0 |      0.8546182 |
|  5373455.0 |     0.84162676 |
|  5344735.5 |     0.82892895 |
|  5316321.0 |      0.8363713 |
|  5291005.5 |     0.79226243 |
|  5263158.0 |     0.76630694 |
|  5235602.0 |     0.75941545 |
|  5208333.5 |       0.781994 |
|  5181347.0 |      0.7756925 |
|  5157297.5 |      0.7632844 |
|  5130836.5 |       0.780309 |
|  5104645.0 |      0.7636185 |
|  5078720.0 |     0.74797964 |
|  5055611.5 |      0.7631614 |
|  5030181.0 |      0.7716989 |
|  5005005.0 |     0.77102375 |
|  4980079.5 |      0.7661749 |
|  4955401.5 |     0.77055424 |
|  4933399.0 |      0.7701318 |
|  4909180.0 |      0.7814138 |
|  4885198.0 |      0.7763238 |
|  4861448.5 |     0.76044786 |
|  4837929.5 |      0.7370234 |
|  4816955.5 |      0.7145867 |
|  4793864.0 |     0.72753507 |
|  4770992.5 |     0.73083097 |
|  4748338.0 |     0.76021016 |
|  4728132.5 |      0.7657343 |
|  4705882.5 |      0.7925071 |
|  4683840.5 |     0.80140394 |
|  4662004.5 |      0.8135914 |
|  4640371.0 |     0.78429526 |
|  4621072.0 |      0.7779569 |
|  4599816.0 |     0.75320816 |
|  4578754.5 |      0.7272282 |
|  4557885.0 |      0.7299825 |
|  4537205.0 |      0.7378338 |
|  4518753.0 |     0.73914945 |
|  4498425.5 |     0.74806434 |
|  4478280.5 |      0.7850287 |
|  4458315.0 |      0.7810126 |
|  4440497.5 |      0.7871458 |
|  4420866.5 |      0.7821303 |
|  4401408.5 |     0.76556534 |
|  4382121.0 |      0.7513019 |
|  4363001.5 |     0.75143385 |
|  4345936.5 |     0.76912546 |
|  4327131.0 |      0.7582822 |
|  4308487.5 |      0.7575094 |
|  4290004.5 |     0.73910993 |
|  4271679.0 |      0.7264318 |
|  4255319.0 |     0.70677483 |
|  4237288.0 |     0.69126946 |
|  4219409.5 |     0.66929966 |
|  4201680.5 |     0.64946043 |
|  4185851.8 |     0.63356453 |
|  4168403.5 |      0.6125835 |
|  4151100.0 |       0.555489 |
|  4133939.5 |      0.4938408 |
|  4116920.5 |     0.42137924 |
|  4101722.8 |     0.33433923 |
|  4084967.2 |      0.2587166 |
|  4068348.2 |      0.1967809 |
|  4051864.0 |     0.15411276 |
|  4037141.8 |     0.12118284 |
|  4020908.8 |     0.09367001 |
|  4004805.8 |     0.07354159 |
|  3988831.2 |      0.0575225 |
|  3972983.8 |    0.044229746 |
|  3958828.2 |    0.034297444 |
|  3943217.8 |    0.026446315 |
|  3927729.8 |    0.020021165 |
|  3912363.0 |     0.01484671 |
|  3897116.0 |     0.01131443 |
|  3883495.0 |    0.008982811 |
|  3868472.0 |    0.007085888 |
|  3853564.5 |   0.0055538374 |
|  3838771.5 |     0.00451913 |
|  3825554.8 |   0.0036774916 |
|  3810975.5 |    0.002797524 |
|  3796507.2 |   0.0024121657 |
|  3782148.2 |   0.0019903104 |
|  3767897.5 |   0.0017036034 |
|  3755163.2 |   0.0012271882 |
|  3741115.0 |   0.0010077492 |
|  3727171.0 |  0.00093472993 |
|  3713331.0 |  0.00084989204 |
|  3699593.0 |   0.0008696647 |
|  3687315.5 |    0.000775095 |
|  3673769.2 |   0.0007757567 |
|  3660322.0 |   0.0007787446 |
|  3646973.0 |   0.0008328042 |
|  3635041.8 |  0.00071433774 |
|  3621876.0 |  0.00062316173 |
|  3608805.5 |   0.0005392248 |
|  3595828.8 |     0.00050554 |
|  3582945.2 |  0.00059955847 |
|  3571428.5 |  0.00061934075 |
|  3558719.0 |   0.0004956872 |
|  3546099.2 |  0.00040432002 |
|  3533569.0 |  0.00036320568 |
|  3521126.8 |  0.00027040037 |
|  3510003.5 |   0.0001731273 |
|  3497726.5 |  0.00011339457 |
|  3485535.0 |    8.89567e-05 |
|  3473428.2 |  6.7815454e-05 |
|  3462604.0 |   4.225633e-05 |
|  3450655.5 |  3.4209803e-05 |
|  3438789.5 |  3.0359444e-05 |
|  3427004.8 |  1.5911366e-05 |
|  3415300.5 |  1.1418243e-05 |
|  3404835.0 |    1.59267e-05 |
|  3393281.2 |  1.3515331e-05 |
|  3381806.0 |   8.019126e-06 |
|  3370407.8 |   7.900391e-06 |
|  3359086.2 |   5.980745e-06 |
|  3348961.8 |    6.04027e-06 |
|  3337783.8 |  5.5573205e-06 |
|  3326680.0 |    3.61873e-06 |
|  3315650.0 |  3.2449068e-06 |
|  3305785.0 |   2.003732e-06 |
|  3294893.0 |  1.8063823e-06 |
|  3284072.2 |   7.385267e-07 |
|  3273322.5 |  2.1271276e-06 |
|  3262642.8 |  6.8894286e-07 |
|  3253090.5 |  1.2401388e-06 |
|  3242542.2 |  3.6886425e-07 |
|  3232062.0 |  6.9586383e-07 |
|  3221649.5 |   7.503203e-07 |
|  3211303.8 |  3.3435683e-07 |
|  3202049.2 |  2.4163367e-07 |
|  3191829.0 |  2.9657397e-08 |
|  3181673.5 |  3.4011305e-07 |
|  3171582.5 |   3.559264e-07 |
|  3162555.2 |   3.436535e-07 |
|  3152585.0 | -1.1260829e-07 |
|  3142677.5 |  1.0333954e-07 |
|  3132832.0 |  -3.032437e-09 |
|  3123048.0 |   1.259268e-08 |
|  3114294.5 |  1.4180019e-07 |
|  3104626.0 |  2.4075226e-07 |
|  3095017.0 |  4.4113293e-07 |
|  3085467.5 |    -7.6969e-08 |
|  3076923.0 |  -2.687969e-08 |
|  3067484.8 | -2.7001457e-08 |
|  3058104.0 |  1.2994713e-07 |
|  3048780.5 |  -8.736747e-08 |
|  3039513.8 |  1.6822106e-07 |
|  3031221.5 |  1.6442796e-08 |
|  3022061.0 | -5.1899836e-08 |
|  3012955.8 | -1.0587656e-07 |
|  3003905.0 |  1.0599327e-07 |
|  2994908.8 |  6.2772656e-08 |
|  2986857.8 |  9.5622056e-08 |
|  2977963.0 |  -7.768351e-09 |
|  2969121.0 | -2.0858645e-08 |
|  2960331.5 | -2.2827741e-08 |
|  2952465.2 | -1.5254972e-10 |
|  2943774.0 | -1.0225254e-09 |
|  2935133.5 |  -1.634637e-09 |
|  2926543.8 | -7.0175176e-08 |
|  2918004.0 | -1.2348712e-08 |
|  2910361.0 |   3.013382e-08 |
|  2901915.2 |  1.1768233e-08 |
|  2893518.5 |  1.7119676e-08 |
|  2885170.2 |  1.1124079e-08 |
|  2876870.0 |   6.829288e-09 |
|  2869440.5 |   4.451121e-09 |
|  2861230.2 |   2.879691e-10 |
|  2853067.0 |  4.0507867e-10 |
|  2844950.2 |  -7.800182e-10 |
|  2837684.5 |   3.969806e-10 |
|  2829654.8 | -4.9873267e-10 |
|  2821670.5 | -1.2153395e-09 |
|  2813731.0 |  1.2730045e-09 |
|  2805836.0 |   5.720975e-10 |
|  2798768.5 |  3.7266035e-10 |
|  2790957.2 | -1.9994788e-09 |
|  2783189.5 |  2.4660082e-10 |
|  2775465.0 | -1.2356073e-09 |
|  2767783.0 | -2.8505348e-10 |
|  2760905.5 | -1.6622765e-09 |
|  2753304.0 | -2.6284106e-09 |
|  2745744.0 |  5.6652116e-10 |
|  2738225.5 | -2.4483613e-09 |
|  2731494.0 |  -1.608989e-09 |
|  2724053.5 |  -4.058431e-11 |
|  2716653.0 |   8.524165e-10 |
|  2709293.0 |  2.1825167e-10 |
|  2701972.5 |  6.8927586e-10 |
|  2695417.8 |  4.5026227e-10 |
|  2688172.0 | -2.1273745e-10 |
|  2680965.0 |  1.1089495e-09 |
|  2673796.8 |   1.185702e-09 |
|  2666666.8 |   1.306043e-11 |
|  2660282.0 |  3.9202988e-10 |
|  2653223.8 |   4.741643e-10 |
|  2646202.8 | -3.8581884e-11 |
|  2639218.8 |  1.9098699e-10 |
|  2632964.8 |  -4.102587e-10 |
|  2626050.5 | -4.5418141e-10 |
|  2619172.2 |  5.3176313e-10 |
|  2612330.2 | -1.0850965e-09 |
|  2605523.8 |  1.4065729e-10 |
|  2599428.0 |  2.8186034e-10 |
|  2592688.5 |   3.140756e-11 |
|  2585984.0 |  1.7717909e-10 |
|  2579314.0 |  3.7658904e-10 |
|  2573340.2 |  -4.738174e-10 |
|  2566735.0 |   6.465298e-10 |
|  2560164.0 |  7.9071605e-10 |
|  2553626.0 |  1.4687354e-10 |
|  2547121.8 |  2.4330557e-10 |
|  2541296.0 |  5.3706395e-10 |
|  2534854.2 |  3.4537076e-10 |
|  2528445.0 |   4.311525e-10 |
|  2522068.0 |    7.97201e-11 |
|  2515723.2 |  -4.427462e-10 |
|  2510040.2 |  3.7294115e-10 |
|  2503755.5 |  8.7475735e-11 |
|  2497502.5 | -1.7429765e-10 |
|  2491280.5 | -1.9117044e-10 |
|  2485707.2 |  -2.855745e-10 |
|  2479543.8 | -2.8314387e-10 |
|  2473410.8 | -1.1376497e-10 |
|  2467308.2 | -2.9174527e-10 |
|  2461235.5 |   4.447694e-10 |
|  2455795.8 |  -9.326409e-12 |
|  2449779.5 |   3.927776e-11 |
|  2443792.8 |    -2.7701e-10 |
|  2437835.2 | -3.6284806e-10 |
|  2431906.5 | -2.5010967e-11 |
|  2426595.5 | -7.0226155e-13 |
|  2420721.5 |   6.355365e-11 |
|  2414875.5 |   6.675542e-12 |
|  2409058.0 | -3.2962584e-11 |
|  2403846.2 | -5.2485477e-12 |
|  2398081.5 |  1.1564512e-10 |
|  2392344.5 |  -5.152109e-11 |
|  2386634.8 |    6.60162e-11 |
|  2380952.5 | -1.2522586e-10 |
|  2375861.2 |  -3.634582e-11 |
|  2370230.0 |  5.4687952e-11 |
|  2364625.2 |  1.6509275e-10 |
|  2359047.0 | -1.1150932e-10 |
|  2353495.0 |   8.433781e-11 |
|  2348520.5 |   6.107345e-11 |
|  2343017.8 |   4.599618e-10 |
|  2337541.0 |    4.31348e-10 |
|  2332089.5 |  -7.641525e-11 |
|  2327205.0 | -2.9653302e-10 |
|  2321801.8 |  3.5350802e-11 |
|  2316423.5 |   4.814944e-10 |
|  2311070.0 |   6.561849e-10 |
|  2305741.2 |   4.466372e-11 |
|  2300966.5 |  -5.615362e-11 |
|  2295684.0 |  -8.040552e-11 |
|  2290426.0 | -1.3650892e-10 |
|  2285192.0 | -4.6944626e-13 |
|  2279981.8 | -4.2356444e-12 |
|  2275313.0 | -1.0129449e-11 |
|  2270147.5 |   6.220266e-11 |
|  2265005.8 |    1.37223e-10 |
|  2259887.0 |  3.4990302e-11 |
|  2255300.0 |   3.327418e-11 |
|  2250225.0 |  1.7019773e-11 |
|  2245173.0 |   2.986883e-11 |
|  2240143.5 |   5.369014e-12 |
|  2235136.2 |   8.708382e-11 |
|  2230649.0 | -1.7711096e-10 |
|  2225684.5 | -1.6177027e-11 |
|  2220741.8 | -7.6945034e-11 |
|  2215821.0 | -1.3610323e-11 |
|  2210922.0 |  -4.898995e-11 |
|  2206531.2 |    -2.2246e-11 |
|  2201673.2 |  1.1420346e-10 |
|  2196836.5 |   2.937204e-11 |
|  2192021.0 |  1.5830828e-10 |
|  2187705.0 | -2.9921197e-11 |
|  2182929.5 |  1.1171471e-10 |
|  2178174.8 |   1.190373e-10 |
|  2173440.5 | -9.6759246e-11 |
|  2168727.0 |     -9.498e-11 |
|  2164502.2 |  -7.925687e-11 |
|  2159827.2 | -3.0165096e-11 |
|  2155172.5 |     5.0643e-12 |
|  2150537.5 |  -4.533004e-11 |
|  2146383.2 |  -8.430931e-11 |
|  2141786.2 | -1.2882793e-10 |
|  2137208.8 | -1.0281734e-10 |
|  2132651.0 | -1.8445429e-10 |
|  2128112.5 | -1.5942161e-10 |
|  2124044.2 | -4.2306148e-11 |
|  2119542.2 |    7.38681e-11 |
|  2115059.2 |  1.7497385e-10 |
|  2110595.2 |  5.8099695e-11 |
|  2106150.0 |  -9.766528e-11 |
|  2102165.2 |  9.0665385e-11 |
|  2097755.5 |   4.767253e-10 |
|  2093364.0 |   2.717057e-10 |
|  2088991.0 |  -4.761243e-11 |
|  2085070.9 |  4.3461232e-10 |
|  2080732.4 |   7.149165e-10 |
|  2076412.0 |  -5.526544e-10 |
|  2072109.4 | -3.8260767e-10 |
|  2067824.6 |  3.5045236e-09 |
|  2063983.5 |  -6.225329e-10 |
|  2059732.2 |  1.9579531e-09 |
|  2055498.5 |  -6.306834e-09 |
|  2051282.1 |  1.1376516e-08 |
|  2047082.9 | -4.1004347e-09 |
|  2043318.2 | -7.7954254e-10 |
|  2039151.8 |  1.2985558e-09 |
|  2035002.0 |   4.225266e-09 |
|  2030869.2 |   5.198991e-10 |
|  2027164.0 | -5.4834837e-10 |
|  2023062.9 |   9.867285e-10 |
|  2018978.4 |  8.7019135e-11 |
|  2014910.2 |  -4.230792e-12 |
|  2010858.6 |   6.559849e-10 |
|  2007226.0 |   5.856595e-10 |
|  2003205.1 |   3.882079e-10 |
|  1999200.2 | -1.2245044e-10 |
|  1995211.5 |  6.2142624e-10 |
|  1991238.6 |  8.9108915e-10 |
|  1987676.4 |  1.8186895e-10 |
|  1983733.4 |  2.5087288e-10 |
|  1979806.0 |   2.403474e-10 |
|  1975894.1 |  3.4722603e-10 |
|  1972386.6 |  1.4335973e-10 |
|  1968503.9 |   5.557288e-10 |
|  1964636.5 |  1.1140509e-10 |
|  1960784.2 |  2.0194084e-10 |
|  1956947.2 |  2.4250055e-10 |
|  1953506.5 |  2.8572783e-10 |
|  1949697.8 |  2.3635366e-10 |
|  1945903.9 |  1.5129192e-10 |
|  1942124.8 |   1.217654e-10 |
|  1938360.1 |  1.1608694e-10 |
|  1934984.5 |   2.917003e-10 |
|  1931247.6 |  1.4266156e-10 |
|  1927525.1 |    1.00541e-10 |
|  1923816.9 |  1.0747549e-10 |
|  1920491.6 |  3.6634158e-11 |
|  1916810.4 |  2.1372426e-10 |
|  1913143.2 |   2.566762e-10 |
|  1909490.2 |   6.162837e-11 |
|  1905851.0 |   8.407411e-11 |
|  1902587.5 |   1.233619e-10 |
|  1898974.6 |  1.6528787e-10 |
|  1895375.2 |  2.0250122e-10 |
|  1891789.6 |  7.7101686e-11 |
|  1888574.1 |  1.0938796e-10 |
|  1885014.1 |  1.5026815e-10 |
|  1881467.5 |  1.5619397e-10 |
|  1877934.2 |  3.7105224e-10 |
|  1874414.2 |  5.5070626e-10 |
|  1871257.5 |  4.2866496e-10 |
|  1867762.4 |   5.449674e-10 |
|  1864280.4 |   8.331955e-10 |
|  1860811.2 |   1.363273e-09 |
|  1857355.1 |  1.6397709e-09 |
|  1854255.5 |  2.0508553e-09 |
|  1850823.6 |  1.9758062e-09 |
|  1847404.4 |  1.7684165e-09 |
|  1843997.8 |  1.4497014e-09 |
|  1840942.6 |  1.8554848e-09 |
|  1837559.8 |  1.7823963e-09 |
|  1834189.2 |  2.2792577e-09 |
|  1830831.2 |  2.3619968e-09 |
|  1827485.4 |  2.5306581e-09 |
|  1824484.6 |   2.486366e-09 |
|  1821161.9 |  2.4502087e-09 |
|  1817851.2 |  2.1968642e-09 |
|  1814552.8 |   2.505396e-09 |
|  1811266.1 |  3.0450698e-09 |
|  1808318.2 |   4.552843e-09 |
|  1805054.2 |  6.6513075e-09 |
|  1801801.8 |   8.271773e-09 |
|  1798561.2 |   8.376636e-09 |
|  1795654.5 |  6.6842416e-09 |
|  1792435.9 |  5.1686673e-09 |
|  1789228.8 |   3.750704e-09 |
|  1786033.2 |  2.8118814e-09 |
|  1782849.0 |  2.4920694e-09 |
|  1779992.9 |   2.517961e-09 |
|  1776830.1 |   1.955963e-09 |
|  1773678.6 |  1.5453605e-09 |
|  1770538.2 |   1.253062e-09 |
|  1767409.0 |  8.3389823e-10 |
|  1764602.1 |   6.282613e-10 |
|  1761493.8 |  4.5180623e-10 |
|  1758396.2 |  3.7334064e-10 |
|  1755309.8 |  2.0013735e-10 |
|  1752541.2 |   3.174623e-10 |
|  1749475.2 |  2.2757746e-10 |
|  1746419.8 |  3.7934107e-11 |
|  1743375.2 |   3.175177e-10 |
|  1740341.1 |  3.5897862e-10 |
|  1737619.5 |  2.4650615e-10 |
|  1734605.4 |  3.5789594e-10 |
|  1731601.8 |  2.0034133e-10 |
|  1728608.5 |  1.3469767e-10 |
|  1725625.5 |  1.9610345e-10 |
|  1722949.8 |  3.7868175e-10 |
|  1719986.2 |  1.2516377e-11 |
|  1717033.0 |   8.727533e-11 |
|  1714089.8 |  1.8844167e-10 |
|  1711449.6 |  1.3450001e-10 |
|  1708525.5 |  1.2284612e-10 |
|  1705611.5 |   1.627749e-10 |
|  1702707.2 | -4.5708343e-11 |
|  1699813.0 | -5.4713477e-11 |
|  1697216.6 |  4.3954475e-11 |
|  1694340.9 | -5.4684476e-11 |
|  1691475.0 |  -8.842431e-12 |
|  1688618.8 |  -1.039162e-10 |
|  1685772.1 |  1.5400126e-10 |
|  1683218.2 |  1.4095396e-10 |
|  1680389.9 |   7.310674e-10 |
|  1677570.9 |  2.5770233e-10 |
|  1674761.2 | -2.2779635e-10 |
|  1672240.8 | -1.4124481e-10 |
|  1669449.1 | -2.1257664e-10 |
|  1666666.8 |   3.523209e-11 |
