# Copied from sedpy
|     lambda |          pass |
| 10000000.0 |           0.0 |
|  9900990.0 |           0.0 |
|  9803922.0 |           0.0 |
|  9718173.0 |           0.0 |
|  9624639.0 |           0.0 |
|  9532888.0 |           0.0 |
|  9442871.0 |           0.0 |
|  9363296.0 |           0.0 |
|  9276438.0 |           0.0 |
|  9191176.0 |           0.0 |
|  9107468.0 |           0.0 |
|  9025271.0 |           0.0 |
|  8952552.0 |           0.0 |
|  8873114.0 |           0.0 |
|  8795075.0 |           0.0 |
|  8718396.0 |           0.0 |
|  8643042.0 |           0.0 |
|  8576329.0 |           0.0 |
|  8503401.0 |           0.0 |
|  8431703.0 |           0.0 |
|  8361204.0 |           0.0 |
|  8298755.0 |           0.0 |
|  8230452.5 |           0.0 |
|  8163265.5 |           0.0 |
|  8097166.0 |           0.0 |
|  8032128.5 |           0.0 |
|  7974481.5 |           0.0 |
|  7911392.5 |           0.0 |
|  7849293.5 |           0.0 |
|  7788162.0 |           0.0 |
|  7727975.5 |           0.0 |
|  7674597.0 |           0.0 |
|  7616146.0 |           0.0 |
|  7558579.0 |           0.0 |
|  7501875.5 |           0.0 |
|  7451565.0 |           0.0 |
|  7396449.5 |           0.0 |
|  7342144.0 |           0.0 |
|  7288629.5 |           0.0 |
|  7235890.0 |           0.0 |
|  7189072.5 |           0.0 |
|  7137758.5 |           0.0 |
|  7087172.0 |           0.0 |
|  7037297.5 |           0.0 |
|  6988120.0 |           0.0 |
|  6944444.5 |           0.0 |
|  6896551.5 |           0.0 |
|  6849315.0 |           0.0 |
|  6802721.0 |           0.0 |
|  6761325.0 |           0.0 |
|  6715916.5 |           0.0 |
|  6671114.0 |           0.0 |
|  6626905.0 |           0.0 |
|  6583278.5 |           0.0 |
|  6544502.5 |           0.0 |
|  6501950.5 |           0.0 |
|  6459948.5 |           0.0 |
|  6418485.0 |           0.0 |
|  6377551.0 |           0.0 |
|  6341154.0 |           0.0 |
|  6301197.0 |           0.0 |
|  6261741.0 |           0.0 |
|  6222775.5 |           0.0 |
|  6188119.0 |           0.0 |
|  6150061.5 |           0.0 |
|  6112469.5 |           0.0 |
|  6075334.0 |           0.0 |
|  6038647.5 |           0.0 |
|  6006006.0 |           0.0 |
|  5970149.5 |           0.0 |
|  5934718.0 |           0.0 |
|  5899705.0 |           0.0 |
|  5865102.5 |           0.0 |
|  5834305.5 |           0.0 |
|  5800464.0 |           0.0 |
|  5767012.5 |           0.0 |
|  5733945.0 |           0.0 |
|  5704506.5 |           0.0 |
|  5672149.5 |           0.0 |
|  5640158.0 |           0.0 |
|  5608525.0 |           0.0 |
|  5577245.0 |           0.0 |
|  5549389.5 |           0.0 |
|  5518764.0 |           0.0 |
|  5488474.0 |           0.0 |
|  5458515.5 |           0.0 |
|  5431830.5 |           0.0 |
|  5402485.0 |           0.0 |
|  5373455.0 |           0.0 |
|  5344735.5 |           0.0 |
|  5316321.0 |           0.0 |
|  5291005.5 |           0.0 |
|  5263158.0 |           0.0 |
|  5235602.0 |           0.0 |
|  5208333.5 |           0.0 |
|  5181347.0 |           0.0 |
|  5157297.5 |           0.0 |
|  5130836.5 |           0.0 |
|  5104645.0 |           0.0 |
|  5078720.0 |           0.0 |
|  5055611.5 |           0.0 |
|  5030181.0 |           0.0 |
|  5005005.0 |           0.0 |
|  4980079.5 |           0.0 |
|  4955401.5 |           0.0 |
|  4933399.0 |           0.0 |
|  4909180.0 |           0.0 |
|  4885198.0 |           0.0 |
|  4861448.5 |           0.0 |
|  4837929.5 |           0.0 |
|  4816955.5 |           0.0 |
|  4793864.0 |           0.0 |
|  4770992.5 |           0.0 |
|  4748338.0 |           0.0 |
|  4728132.5 |  0.0001872549 |
|  4705882.5 | 0.00021481152 |
|  4683840.5 | 0.00023754947 |
|  4662004.5 | 0.00026024843 |
|  4640371.0 | 0.00027486376 |
|  4621072.0 | 0.00029399648 |
|  4599816.0 | 0.00030887526 |
|  4578754.5 |  0.0003162229 |
|  4557885.0 | 0.00032883455 |
|  4537205.0 | 0.00035288723 |
|  4518753.0 | 0.00039874436 |
|  4498425.5 | 0.00045999343 |
|  4478280.5 |  0.0005496779 |
|  4458315.0 |  0.0006349477 |
|  4440497.5 |  0.0007362964 |
|  4420866.5 |  0.0008426422 |
|  4401408.5 |  0.0009397517 |
|  4382121.0 |  0.0010765173 |
|  4363001.5 |   0.001303598 |
|  4345936.5 |  0.0016183337 |
|  4327131.0 |  0.0020121103 |
|  4308487.5 |  0.0026073786 |
|  4290004.5 |  0.0033500318 |
|  4271679.0 |  0.0042604306 |
|  4255319.0 |  0.0056386394 |
|  4237288.0 |  0.0079522375 |
|  4219409.5 |    0.01129956 |
|  4201680.5 |   0.017263733 |
|  4185851.8 |    0.02948499 |
|  4168403.5 |   0.063312896 |
|  4151100.0 |     0.1302453 |
|  4133939.5 |    0.15796065 |
|  4116920.5 |    0.19212165 |
|  4101722.8 |    0.22384676 |
|  4084967.2 |     0.2572894 |
|  4068348.2 |    0.29711232 |
|  4051864.0 |    0.35832018 |
|  4037141.8 |    0.40710095 |
|  4020908.8 |    0.47989163 |
|  4004805.8 |      0.546337 |
|  3988831.2 |    0.62775636 |
|  3972983.8 |     0.6787857 |
|  3958828.2 |    0.74133664 |
|  3943217.8 |    0.77036613 |
|  3927729.8 |     0.7975862 |
|  3912363.0 |     0.7985513 |
|  3897116.0 |     0.8135715 |
|  3883495.0 |    0.82545114 |
|  3868472.0 |    0.85101736 |
|  3853564.5 |    0.87514275 |
|  3838771.5 |     0.8979559 |
|  3825554.8 |     0.8833238 |
|  3810975.5 |    0.88655466 |
|  3796507.2 |    0.89365625 |
|  3782148.2 |     0.8998892 |
|  3767897.5 |    0.90719396 |
|  3755163.2 |     0.9191533 |
|  3741115.0 |    0.93801934 |
|  3727171.0 |     0.9541187 |
|  3713331.0 |    0.94305855 |
|  3699593.0 |    0.93479335 |
|  3687315.5 |     0.9265596 |
|  3673769.2 |     0.9247438 |
|  3660322.0 |    0.89894843 |
|  3646973.0 |     0.8954178 |
|  3635041.8 |     0.8807816 |
|  3621876.0 |     0.8853882 |
|  3608805.5 |     0.8978381 |
|  3595828.8 |    0.92576313 |
|  3582945.2 |      0.978955 |
|  3571428.5 |           1.0 |
|  3558719.0 |    0.99451596 |
|  3546099.2 |    0.99167776 |
|  3533569.0 |    0.94607466 |
|  3521126.8 |     0.8999638 |
|  3510003.5 |       0.86593 |
|  3497726.5 |     0.8634737 |
|  3485535.0 |      0.887256 |
|  3473428.2 |     0.8944178 |
|  3462604.0 |     0.9270938 |
|  3450655.5 |     0.9475075 |
|  3438789.5 |     0.9442007 |
|  3427004.8 |    0.92154664 |
|  3415300.5 |    0.91841424 |
|  3404835.0 |     0.9199089 |
|  3393281.2 |     0.9245405 |
|  3381806.0 |    0.94071776 |
|  3370407.8 |     0.9467507 |
|  3359086.2 |    0.94960505 |
|  3348961.8 |    0.94791776 |
|  3337783.8 |     0.9404211 |
|  3326680.0 |    0.91636807 |
|  3315650.0 |     0.9102087 |
|  3305785.0 |    0.89120483 |
|  3294893.0 |     0.8831693 |
|  3284072.2 |     0.8988187 |
|  3273322.5 |    0.92906016 |
|  3262642.8 |    0.94215184 |
|  3253090.5 |    0.97793925 |
|  3242542.2 |    0.96699744 |
|  3232062.0 |     0.9540399 |
|  3221649.5 |    0.90237045 |
|  3211303.8 |     0.8580947 |
|  3202049.2 |    0.81643367 |
|  3191829.0 |     0.8100143 |
|  3181673.5 |    0.81686443 |
|  3171582.5 |     0.8410329 |
|  3162555.2 |    0.85201454 |
|  3152585.0 |    0.86224115 |
|  3142677.5 |     0.8780921 |
|  3132832.0 |    0.86876047 |
|  3123048.0 |     0.8569997 |
|  3114294.5 |     0.8555962 |
|  3104626.0 |     0.8442387 |
|  3095017.0 |    0.82146853 |
|  3085467.5 |     0.7946933 |
|  3076923.0 |      0.808476 |
|  3067484.8 |    0.80082655 |
|  3058104.0 |    0.80217385 |
|  3048780.5 |     0.8094484 |
|  3039513.8 |     0.8189845 |
|  3031221.5 |     0.8163755 |
|  3022061.0 |     0.7934072 |
|  3012955.8 |    0.78023034 |
|  3003905.0 |    0.75849015 |
|  2994908.8 |     0.7279215 |
|  2986857.8 |     0.6963801 |
|  2977963.0 |    0.65802187 |
|  2969121.0 |     0.5996196 |
|  2960331.5 |    0.51526743 |
|  2952465.2 |     0.4285548 |
|  2943774.0 |    0.34646803 |
|  2935133.5 |    0.27718136 |
|  2926543.8 |    0.22177774 |
|  2918004.0 |     0.1821652 |
|  2910361.0 |    0.15536946 |
|  2901915.2 |    0.13427392 |
|  2893518.5 |    0.11334639 |
|  2885170.2 |    0.09533283 |
|  2876870.0 |    0.07794057 |
|  2869440.5 |   0.064862505 |
|  2861230.2 |    0.05060435 |
|  2853067.0 |    0.04577529 |
|  2844950.2 |   0.035373367 |
|  2837684.5 |   0.029706031 |
|  2829654.8 |   0.027232874 |
|  2821670.5 |    0.02418422 |
|  2813731.0 |    0.02172072 |
|  2805836.0 |    0.02011747 |
|  2798768.5 |    0.01803105 |
|  2790957.2 |   0.016347503 |
|  2783189.5 |    0.01484929 |
|  2775465.0 |   0.013366927 |
|  2767783.0 |   0.011765802 |
|  2760905.5 |    0.01036782 |
|  2753304.0 |   0.009211624 |
|  2745744.0 |   0.008067435 |
|  2738225.5 |   0.006966376 |
|  2731494.0 |   0.006126642 |
|  2724053.5 |   0.005398285 |
|  2716653.0 |   0.004707491 |
|  2709293.0 |  0.0041005085 |
|  2701972.5 |   0.003519461 |
|  2695417.8 |  0.0028756927 |
|  2688172.0 |   0.002326104 |
|  2680965.0 |  0.0018920351 |
|  2673796.8 |  0.0015046609 |
|  2666666.8 |  0.0012184383 |
|  2660282.0 |  0.0009969396 |
|  2653223.8 |  0.0008150583 |
|  2646202.8 |  0.0006490763 |
|  2639218.8 |  0.0005441134 |
|  2632964.8 | 0.00044083392 |
|  2626050.5 | 0.00037073295 |
|  2619172.2 |  0.0003153677 |
|  2612330.2 | 0.00026273727 |
|  2605523.8 | 0.00021785613 |
|  2599428.0 | 0.00019803102 |
|  2592688.5 | 0.00016714481 |
|  2585984.0 | 0.00016023227 |
|  2579314.0 | 0.00015113364 |
|  2573340.2 | 0.00012402174 |
|  2566735.0 |  9.141093e-05 |
|  2560164.0 | 8.7670574e-05 |
|  2553626.0 |   8.33785e-05 |
|  2547121.8 |  6.825375e-05 |
|  2541296.0 | 6.2403466e-05 |
|  2534854.2 |  4.732858e-05 |
|  2528445.0 | 2.7190123e-05 |
|  2522068.0 | 3.3490753e-05 |
|  2515723.2 | 2.6810732e-05 |
|  2510040.2 | 2.2884642e-05 |
|  2503755.5 | 2.8045342e-05 |
|  2497502.5 |  3.237138e-05 |
|  2491280.5 | 2.8571576e-05 |
|  2485707.2 | 2.3586303e-05 |
|  2479543.8 | 3.2902255e-05 |
|  2473410.8 |  3.211524e-05 |
|  2467308.2 |  1.754094e-05 |
|  2461235.5 | 1.9419595e-05 |
|  2455795.8 |  2.264192e-05 |
|  2449779.5 | 2.9055598e-05 |
|  2443792.8 | 1.9412453e-05 |
|  2437835.2 | 2.1347672e-05 |
|  2431906.5 | 1.7638202e-05 |
|  2426595.5 | 1.8876694e-05 |
|  2420721.5 | 2.4359624e-05 |
|  2414875.5 | 2.6806605e-05 |
|  2409058.0 | 2.9030434e-05 |
|  2403846.2 | 2.0219544e-05 |
|  2398081.5 | 2.4801782e-05 |
|  2392344.5 | 1.7835355e-05 |
|  2386634.8 | 2.0088197e-05 |
|  2380952.5 | 1.6996992e-05 |
|  2375861.2 | 2.2085376e-05 |
|  2370230.0 | 1.7820477e-05 |
|  2364625.2 | 1.0948117e-05 |
|  2359047.0 | 1.0667241e-05 |
|  2353495.0 | 1.1148833e-05 |
|  2348520.5 | 5.4116917e-06 |
|  2343017.8 | -7.147276e-06 |
|  2337541.0 |  3.284518e-07 |
|  2332089.5 | 2.5018749e-06 |
|  2327205.0 | 3.2140772e-06 |
|  2321801.8 |  8.771011e-06 |
|  2316423.5 | 1.0021485e-05 |
|  2311070.0 | 1.0531522e-05 |
|  2305741.2 | 1.4287806e-05 |
|  2300966.5 | 1.2194531e-05 |
|  2295684.0 | 1.1156222e-05 |
|  2290426.0 | 1.1581714e-05 |
|  2285192.0 |  7.434519e-06 |
|  2279981.8 | 1.3110191e-05 |
|  2275313.0 |  1.108714e-05 |
|  2270147.5 |  2.243144e-05 |
|  2265005.8 | 1.6868637e-05 |
|  2259887.0 | 1.8715613e-05 |
|  2255300.0 |  2.090956e-05 |
|  2250225.0 | 1.1577575e-05 |
|  2245173.0 | 1.3305896e-05 |
|  2240143.5 |  1.561981e-05 |
|  2235136.2 | 1.2874929e-05 |
|  2230649.0 |  7.897639e-06 |
|  2225684.5 |  1.015571e-05 |
|  2220741.8 |  8.997039e-06 |
|  2215821.0 | 7.3636434e-06 |
|  2210922.0 |  8.898912e-06 |
|  2206531.2 |  9.810844e-06 |
|  2201673.2 | 1.1211454e-05 |
|  2196836.5 | 1.5909713e-05 |
|  2192021.0 | 1.2462733e-05 |
|  2187705.0 | 9.3706585e-06 |
|  2182929.5 | 1.1253333e-05 |
|  2178174.8 | 4.1296057e-06 |
|  2173440.5 |  5.881443e-06 |
|  2168727.0 |  8.339509e-06 |
|  2164502.2 |  4.241887e-06 |
|  2159827.2 | 4.8557463e-06 |
|  2155172.5 | 4.9816595e-06 |
|  2150537.5 |  9.303891e-06 |
|  2146383.2 | 7.2673406e-06 |
|  2141786.2 | 5.2266105e-06 |
|  2137208.8 | 3.8463477e-06 |
|  2132651.0 | 9.2308155e-06 |
|  2128112.5 | 6.3573957e-06 |
|  2124044.2 |  5.587017e-06 |
|  2119542.2 |  1.395053e-06 |
|  2115059.2 |  9.636378e-06 |
|  2110595.2 |  5.303851e-06 |
|  2106150.0 | 7.4491168e-06 |
|  2102165.2 |  4.114866e-06 |
|  2097755.5 |  8.454555e-06 |
|  2093364.0 | 1.1391815e-05 |
|  2088991.0 |  7.932505e-06 |
|  2085070.9 |  8.468027e-06 |
|  2080732.4 | 7.5156586e-06 |
|  2076412.0 | 7.2154503e-06 |
|  2072109.4 | 5.1922693e-06 |
|  2067824.6 |  8.965176e-06 |
|  2063983.5 |   6.94389e-06 |
|  2059732.2 |  6.447678e-06 |
|  2055498.5 |  8.752138e-06 |
|  2051282.1 |  4.412625e-06 |
|  2047082.9 | 1.9095236e-05 |
|  2043318.2 | 1.0616634e-05 |
|  2039151.8 | 5.1708316e-06 |
|  2035002.0 |  6.498251e-06 |
|  2030869.2 |  4.153536e-06 |
|  2027164.0 | 2.2584993e-06 |
|  2023062.9 |  5.116937e-06 |
|  2018978.4 | 3.6319461e-06 |
|  2014910.2 |  2.437784e-06 |
|  2010858.6 | 2.7154183e-06 |
|  2007226.0 |  5.523475e-06 |
|  2003205.1 |  2.209027e-06 |
|  1999200.2 | 2.8505936e-05 |
|  1995211.5 | 4.0435807e-05 |
|  1991238.6 | 1.2393445e-05 |
|  1987676.4 | 1.1647677e-05 |
|  1983733.4 | 1.1174925e-05 |
|  1979806.0 | 1.0765887e-05 |
|  1975894.1 | 1.2029017e-05 |
|  1972386.6 |  6.105464e-06 |
|  1968503.9 | 1.1620389e-05 |
|  1964636.5 |  6.362644e-06 |
|  1960784.2 |  6.588514e-06 |
|  1956947.2 | 6.4598703e-06 |
|  1953506.5 |  9.984707e-06 |
|  1949697.8 |  8.052666e-06 |
|  1945903.9 |  1.130501e-05 |
|  1942124.8 |  9.728826e-06 |
|  1938360.1 | 6.7493193e-06 |
|  1934984.5 | 6.9101065e-06 |
|  1931247.6 |  8.510168e-06 |
|  1927525.1 |  7.810921e-06 |
|  1923816.9 |  4.931276e-06 |
|  1920491.6 |  2.828176e-06 |
|  1916810.4 | 4.7516833e-06 |
|  1913143.2 |  5.407975e-06 |
|  1909490.2 |  7.040857e-06 |
|  1905851.0 | 3.2957648e-06 |
|  1902587.5 | 2.1760832e-06 |
|  1898974.6 | -1.150996e-06 |
|  1895375.2 |   5.46762e-06 |
|  1891789.6 |  3.562333e-06 |
|  1888574.1 | 2.8349607e-06 |
|  1885014.1 | 2.7782296e-06 |
|  1881467.5 | 2.7669396e-06 |
|  1877934.2 | 3.8505364e-06 |
|  1874414.2 | 5.0491813e-06 |
|  1871257.5 |  4.583351e-06 |
|  1867762.4 | 2.3244174e-06 |
|  1864280.4 |  4.512558e-06 |
|  1860811.2 |  7.811435e-06 |
|  1857355.1 |  8.672187e-06 |
|  1854255.5 |  7.335963e-06 |
|  1850823.6 | 4.2093525e-06 |
|  1847404.4 | 4.0671866e-06 |
|  1843997.8 |  5.089543e-06 |
|  1840942.6 | 5.2546143e-06 |
|  1837559.8 |  7.673369e-06 |
|  1834189.2 |  9.965352e-06 |
|  1830831.2 |  8.309913e-06 |
|  1827485.4 |  8.433407e-06 |
|  1824484.6 |  8.044435e-06 |
|  1821161.9 | 7.3295705e-06 |
|  1817851.2 | 4.8797287e-06 |
|  1814552.8 |  6.219021e-06 |
|  1811266.1 | 5.6060267e-06 |
|  1808318.2 | 6.0528732e-06 |
|  1805054.2 |  4.883003e-06 |
|  1801801.8 |   5.89591e-06 |
|  1798561.2 |  4.542278e-06 |
|  1795654.5 | 3.3500396e-06 |
|  1792435.9 |  2.693045e-06 |
|  1789228.8 | 1.1486021e-06 |
|  1786033.2 | 3.5611813e-06 |
|  1782849.0 |  4.661588e-06 |
|  1779992.9 |  3.922652e-06 |
|  1776830.1 |  4.228732e-06 |
|  1773678.6 | 5.2020714e-06 |
|  1770538.2 | 5.7030506e-06 |
|  1767409.0 | 4.7151066e-06 |
|  1764602.1 | 6.0778734e-06 |
|  1761493.8 | 7.5168673e-06 |
|  1758396.2 | 4.5752963e-06 |
|  1755309.8 | 7.2309217e-06 |
|  1752541.2 |  6.610051e-06 |
|  1749475.2 | 5.7232387e-06 |
|  1746419.8 | 4.3671125e-06 |
|  1743375.2 | 4.6374184e-06 |
|  1740341.1 | 4.0347654e-06 |
|  1737619.5 |  4.656033e-06 |
|  1734605.4 | 3.7938782e-06 |
|  1731601.8 |  4.143284e-06 |
|  1728608.5 | 4.6803043e-06 |
|  1725625.5 |  4.943947e-06 |
|  1722949.8 | 4.4561343e-06 |
|  1719986.2 |  5.085064e-06 |
|  1717033.0 |  4.787589e-06 |
|  1714089.8 |   6.31965e-06 |
|  1711449.6 | 6.1212822e-06 |
|  1708525.5 |  6.962342e-06 |
|  1705611.5 | 6.0726247e-06 |
|  1702707.2 |  7.756466e-06 |
|  1699813.0 |  6.026819e-06 |
|  1697216.6 | 8.3678415e-06 |
|  1694340.9 | 7.9582705e-06 |
|  1691475.0 | 6.2236504e-06 |
|  1688618.8 | 4.5969527e-06 |
|  1685772.1 | 5.6745653e-06 |
|  1683218.2 | 4.5243714e-06 |
|  1680389.9 | 4.7843246e-06 |
|  1677570.9 | 3.7105435e-06 |
|  1674761.2 |  3.612118e-06 |
|  1672240.8 | 4.3343134e-06 |
|  1669449.1 | 4.8800234e-06 |
|  1666666.8 | 5.8074584e-06 |
