# Copied from sedpy
|     lambda |           pass |
| 10000000.0 |  5.5384615e-05 |
|  9900990.0 |  5.9569145e-05 |
|  9803922.0 |   6.022409e-05 |
|  9718173.0 |  6.3648695e-05 |
|  9624639.0 |   6.361781e-05 |
|  9532888.0 |   6.253994e-05 |
|  9442871.0 |  6.8071684e-05 |
|  9363296.0 |   7.295139e-05 |
|  9276438.0 |  7.5128955e-05 |
|  9191176.0 |    7.29234e-05 |
|  9107468.0 |   7.210913e-05 |
|  9025271.0 |   5.702781e-06 |
|  8952552.0 |  5.4059637e-06 |
|  8873114.0 |  5.6553918e-06 |
|  8795075.0 |   5.455846e-06 |
|  8718396.0 |  5.2166665e-06 |
|  8643042.0 |  5.0671024e-06 |
|  8576329.0 |  5.5180667e-06 |
|  8503401.0 |  5.7935263e-06 |
|  8431703.0 |   5.957786e-06 |
|  8361204.0 |   5.797714e-06 |
|  8298755.0 |   5.521864e-06 |
|  8230452.5 |   5.268394e-06 |
|  8163265.5 |   4.790312e-06 |
|  8097166.0 |   4.309294e-06 |
|  8032128.5 |  4.0760847e-06 |
|  7974481.5 |   3.848783e-06 |
|  7911392.5 |   3.494488e-06 |
|  7849293.5 |  3.4247935e-06 |
|  7788162.0 |  3.2320872e-06 |
|  7727975.5 |  3.2334358e-06 |
|  7674597.0 |  3.0951396e-06 |
|  7616146.0 |  2.8832553e-06 |
|  7558579.0 |  2.6978314e-06 |
|  7501875.5 |  2.6953167e-06 |
|  7451565.0 |   2.742749e-06 |
|  7396449.5 |  2.8155278e-06 |
|  7342144.0 |   3.110326e-06 |
|  7288629.5 |   3.400426e-06 |
|  7235890.0 |  3.4783957e-06 |
|  7189072.5 |  3.3966394e-06 |
|  7137758.5 |  3.1798322e-06 |
|  7087172.0 |   2.953248e-06 |
|  7037297.5 |    2.62468e-06 |
|  6988120.0 |  2.6055704e-06 |
|  6944444.5 |  2.8411173e-06 |
|  6896551.5 |  3.2231906e-06 |
|  6849315.0 |  3.6655126e-06 |
|  6802721.0 |  4.0928458e-06 |
|  6761325.0 |   4.242546e-06 |
|  6715916.5 |  4.2251236e-06 |
|  6671114.0 |  3.9440215e-06 |
|  6626905.0 |   3.695774e-06 |
|  6583278.5 |  3.2543821e-06 |
|  6544502.5 |   2.973074e-06 |
|  6501950.5 |  3.0852113e-06 |
|  6459948.5 |  3.2580147e-06 |
|  6418485.0 |  3.5724865e-06 |
|  6377551.0 |   3.914134e-06 |
|  6341154.0 |  4.1356866e-06 |
|  6301197.0 |  4.2619636e-06 |
|  6261741.0 |    4.39354e-06 |
|  6222775.5 |  4.2875604e-06 |
|  6188119.0 |  4.1378794e-06 |
|  6150061.5 |   4.021194e-06 |
|  6112469.5 |   3.946237e-06 |
|  6075334.0 |   3.938953e-06 |
|  6038647.5 |  3.9284387e-06 |
|  6006006.0 |   3.864304e-06 |
|  5970149.5 |   3.903559e-06 |
|  5934718.0 |  3.8445232e-06 |
|  5899705.0 |   3.604655e-06 |
|  5865102.5 |  3.4030486e-06 |
|  5834305.5 |  3.3723568e-06 |
|  5800464.0 |  3.2922414e-06 |
|  5767012.5 |  3.4316895e-06 |
|  5733945.0 |  3.6924084e-06 |
|  5704506.5 |  3.8959897e-06 |
|  5672149.5 |  4.0640016e-06 |
|  5640158.0 |  4.1402477e-06 |
|  5608525.0 |   3.898233e-06 |
|  5577245.0 |  3.7539148e-06 |
|  5549389.5 |  3.7412642e-06 |
|  5518764.0 |  3.5326152e-06 |
|  5488474.0 |   3.416726e-06 |
|  5458515.5 |  3.2961034e-06 |
|  5431830.5 |  2.9379637e-06 |
|  5402485.0 |  2.6249547e-06 |
|  5373455.0 |  2.4325218e-06 |
|  5344735.5 |  2.2582976e-06 |
|  5316321.0 |  2.1855337e-06 |
|  5291005.5 |  2.1300657e-06 |
|  5263158.0 |  2.0789473e-06 |
|  5235602.0 |  1.9199124e-06 |
|  5208333.5 |  1.7433608e-06 |
|  5181347.0 |  1.5780334e-06 |
|  5157297.5 |  1.4270412e-06 |
|  5130836.5 |  1.3342994e-06 |
|  5104645.0 |  1.3706814e-06 |
|  5078720.0 |   1.424274e-06 |
|  5055611.5 |  1.5936288e-06 |
|  5030181.0 |  1.8642072e-06 |
|  5005005.0 |  2.1692022e-06 |
|  4980079.5 |  2.5931986e-06 |
|  4955401.5 |  3.1257148e-06 |
|  4933399.0 |  3.6024655e-06 |
|  4909180.0 |    4.00287e-06 |
|  4885198.0 |  4.2946795e-06 |
|  4861448.5 |  4.4500953e-06 |
|  4837929.5 |   4.622615e-06 |
|  4816955.5 |   4.756082e-06 |
|  4793864.0 |  5.2363744e-06 |
|  4770992.5 |   5.657034e-06 |
|  4748338.0 |  6.3998204e-06 |
|  4728132.5 |   7.229886e-06 |
|  4705882.5 |    8.07757e-06 |
|  4683840.5 |   8.834959e-06 |
|  4662004.5 |  9.5571095e-06 |
|  4640371.0 |   9.910507e-06 |
|  4621072.0 |  1.0331397e-05 |
|  4599816.0 |  1.0609905e-05 |
|  4578754.5 |   1.104939e-05 |
|  4557885.0 |  1.2050848e-05 |
|  4537205.0 |  1.3013302e-05 |
|  4518753.0 |  1.4062756e-05 |
|  4498425.5 |  1.5131517e-05 |
|  4478280.5 |   1.658194e-05 |
|  4458315.0 |  1.7294342e-05 |
|  4440497.5 |    1.81914e-05 |
|  4420866.5 |  1.8907705e-05 |
|  4401408.5 |  1.9080831e-05 |
|  4382121.0 |  1.9288555e-05 |
|  4363001.5 |  1.9731795e-05 |
|  4345936.5 |  2.0609768e-05 |
|  4327131.0 |  2.0829668e-05 |
|  4308487.5 |  2.1227588e-05 |
|  4290004.5 |  2.1351021e-05 |
|  4271679.0 |  2.1579019e-05 |
|  4255319.0 |  2.1690437e-05 |
|  4237288.0 |  2.1840659e-05 |
|  4219409.5 |  2.1822692e-05 |
|  4201680.5 |  2.1844122e-05 |
|  4185851.8 |  2.2065418e-05 |
|  4168403.5 |   2.237883e-05 |
|  4151100.0 |   2.213996e-05 |
|  4133939.5 |  2.1950766e-05 |
|  4116920.5 |  2.1184043e-05 |
|  4101722.8 |  1.9424588e-05 |
|  4084967.2 |  1.7556382e-05 |
|  4068348.2 |   1.568773e-05 |
|  4051864.0 |  1.4159261e-05 |
|  4037141.8 |  1.3149547e-05 |
|  4020908.8 |  1.2935396e-05 |
|  4004805.8 |  1.2868189e-05 |
|  3988831.2 |  1.2886993e-05 |
|  3972983.8 |  1.2493069e-05 |
|  3958828.2 |  1.2124455e-05 |
|  3943217.8 |  1.1526329e-05 |
|  3927729.8 |  1.0835786e-05 |
|  3912363.0 |   9.780908e-06 |
|  3897116.0 |   8.616481e-06 |
|  3883495.0 |  7.7264485e-06 |
|  3868472.0 |  7.5966586e-06 |
|  3853564.5 |   8.037435e-06 |
|  3838771.5 |   8.803864e-06 |
|  3825554.8 |  1.0171351e-05 |
|  3810975.5 |  1.1600442e-05 |
|  3796507.2 |  1.2515958e-05 |
|  3782148.2 |  1.3006849e-05 |
|  3767897.5 |  1.3877042e-05 |
|  3755163.2 |  1.5682965e-05 |
|  3741115.0 |   1.758735e-05 |
|  3727171.0 |  1.9608606e-05 |
|  3713331.0 |  2.1484271e-05 |
|  3699593.0 |  2.3173276e-05 |
|  3687315.5 |  2.3521832e-05 |
|  3673769.2 |   2.383913e-05 |
|  3660322.0 |  2.3892651e-05 |
|  3646973.0 |  2.4426705e-05 |
|  3635041.8 |  2.4906029e-05 |
|  3621876.0 |  2.7243674e-05 |
|  3608805.5 |  2.9723074e-05 |
|  3595828.8 |  3.3468867e-05 |
|  3582945.2 |  3.8447757e-05 |
|  3571428.5 |   4.266091e-05 |
|  3558719.0 |   4.467952e-05 |
|  3546099.2 |   4.646949e-05 |
|  3533569.0 |   4.702365e-05 |
|  3521126.8 |  4.8134963e-05 |
|  3510003.5 |  5.0335766e-05 |
|  3497726.5 |  5.5387074e-05 |
|  3485535.0 |   6.197358e-05 |
|  3473428.2 |  6.8915106e-05 |
|  3462604.0 |   7.612021e-05 |
|  3450655.5 |    8.26451e-05 |
|  3438789.5 |  8.7103406e-05 |
|  3427004.8 |   9.064616e-05 |
|  3415300.5 |  9.5140516e-05 |
|  3404835.0 |   0.0001015651 |
|  3393281.2 |  0.00010854771 |
|  3381806.0 |  0.00011823314 |
|  3370407.8 |  0.00012970513 |
|  3359086.2 |  0.00014043564 |
|  3348961.8 |   0.0001508873 |
|  3337783.8 |  0.00015993853 |
|  3326680.0 |  0.00016892955 |
|  3315650.0 |   0.0001808851 |
|  3305785.0 |  0.00019525929 |
|  3294893.0 |  0.00021090935 |
|  3284072.2 |  0.00023583969 |
|  3273322.5 |  0.00026312476 |
|  3262642.8 |  0.00029023178 |
|  3253090.5 |  0.00032441533 |
|  3242542.2 |  0.00035614514 |
|  3232062.0 |   0.0003885578 |
|  3221649.5 |   0.0004143891 |
|  3211303.8 |  0.00044605363 |
|  3202049.2 |  0.00048505768 |
|  3191829.0 |   0.0005492752 |
|  3181673.5 |  0.00062671973 |
|  3171582.5 |   0.0007444506 |
|  3162555.2 |   0.0009001119 |
|  3152585.0 |   0.0010793274 |
|  3142677.5 |   0.0012872891 |
|  3132832.0 |   0.0015275138 |
|  3123048.0 |   0.0017622914 |
|  3114294.5 |   0.0019986243 |
|  3104626.0 |    0.002248295 |
|  3095017.0 |   0.0025219286 |
|  3085467.5 |    0.002820999 |
|  3076923.0 |   0.0032290786 |
|  3067484.8 |   0.0035781702 |
|  3058104.0 |     0.00394529 |
|  3048780.5 |   0.0042766687 |
|  3039513.8 |   0.0044974783 |
|  3031221.5 |   0.0047217105 |
|  3022061.0 |    0.004926624 |
|  3012955.8 |   0.0051849326 |
|  3003905.0 |   0.0057107206 |
|  2994908.8 |    0.006787911 |
|  2986857.8 |    0.008320533 |
|  2977963.0 |    0.012857601 |
|  2969121.0 |    0.020653337 |
|  2960331.5 |    0.034304064 |
|  2952465.2 |    0.062358662 |
|  2943774.0 |     0.13774274 |
|  2935133.5 |     0.23932627 |
|  2926543.8 |     0.29394078 |
|  2918004.0 |      0.3524051 |
|  2910361.0 |      0.4183244 |
|  2901915.2 |     0.49603617 |
|  2893518.5 |     0.56407714 |
|  2885170.2 |      0.6344204 |
|  2876870.0 |     0.68586475 |
|  2869440.5 |      0.7194097 |
|  2861230.2 |      0.7109057 |
|  2853067.0 |     0.77675533 |
|  2844950.2 |     0.72624385 |
|  2837684.5 |     0.73280865 |
|  2829654.8 |     0.78639525 |
|  2821670.5 |     0.80882716 |
|  2813731.0 |      0.8435009 |
|  2805836.0 |     0.87011755 |
|  2798768.5 |      0.8860717 |
|  2790957.2 |      0.8977068 |
|  2783189.5 |       0.913559 |
|  2775465.0 |      0.9125485 |
|  2767783.0 |      0.9168661 |
|  2760905.5 |      0.9300611 |
|  2753304.0 |      0.9486796 |
|  2745744.0 |     0.95829487 |
|  2738225.5 |     0.95687443 |
|  2731494.0 |      0.9444666 |
|  2724053.5 |      0.9365056 |
|  2716653.0 |     0.91784066 |
|  2709293.0 |     0.89883024 |
|  2701972.5 |      0.9064969 |
|  2695417.8 |     0.91362816 |
|  2688172.0 |      0.9379062 |
|  2680965.0 |     0.97015584 |
|  2673796.8 |      0.9915085 |
|  2666666.8 |            1.0 |
|  2660282.0 |      0.9901511 |
|  2653223.8 |      0.9612833 |
|  2646202.8 |      0.9244262 |
|  2639218.8 |       0.905165 |
|  2632964.8 |     0.88826394 |
|  2626050.5 |      0.8800155 |
|  2619172.2 |     0.89411634 |
|  2612330.2 |      0.9081436 |
|  2605523.8 |     0.91837555 |
|  2599428.0 |      0.9273674 |
|  2592688.5 |     0.93322545 |
|  2585984.0 |       0.920724 |
|  2579314.0 |       0.908287 |
|  2573340.2 |      0.8962859 |
|  2566735.0 |     0.88425434 |
|  2560164.0 |      0.8722844 |
|  2553626.0 |      0.8682329 |
|  2547121.8 |       0.864342 |
|  2541296.0 |       0.858595 |
|  2534854.2 |     0.84931546 |
|  2528445.0 |      0.8400828 |
|  2522068.0 |      0.8313125 |
|  2515723.2 |       0.822448 |
|  2510040.2 |     0.81865925 |
|  2503755.5 |      0.8284405 |
|  2497502.5 |      0.8381728 |
|  2491280.5 |     0.84402394 |
|  2485707.2 |     0.84828174 |
|  2479543.8 |      0.8498568 |
|  2473410.8 |     0.83022344 |
|  2467308.2 |     0.81068695 |
|  2461235.5 |      0.7955741 |
|  2455795.8 |      0.7846402 |
|  2449779.5 |       0.773565 |
|  2443792.8 |      0.7834907 |
|  2437835.2 |      0.7944396 |
|  2431906.5 |      0.8065378 |
|  2426595.5 |      0.8206426 |
|  2420721.5 |     0.83448386 |
|  2414875.5 |     0.82556903 |
|  2409058.0 |      0.8111378 |
|  2403846.2 |      0.7964391 |
|  2398081.5 |     0.77990353 |
|  2392344.5 |      0.7633156 |
|  2386634.8 |     0.75624853 |
|  2380952.5 |     0.75405544 |
|  2375861.2 |     0.75270414 |
|  2370230.0 |     0.75769216 |
|  2364625.2 |      0.7627865 |
|  2359047.0 |      0.7612463 |
|  2353495.0 |      0.7531184 |
|  2348520.5 |     0.74533266 |
|  2343017.8 |      0.7432001 |
|  2337541.0 |      0.7415913 |
|  2332089.5 |      0.7388367 |
|  2327205.0 |     0.73409253 |
|  2321801.8 |      0.7291988 |
|  2316423.5 |      0.7174549 |
|  2311070.0 |      0.7038605 |
|  2305741.2 |     0.68868184 |
|  2300966.5 |     0.66715384 |
|  2295684.0 |      0.6455665 |
|  2290426.0 |      0.6379214 |
|  2285192.0 |     0.63859814 |
|  2279981.8 |      0.6396476 |
|  2275313.0 |      0.6462138 |
|  2270147.5 |     0.65260506 |
|  2265005.8 |     0.65050465 |
|  2259887.0 |     0.63860434 |
|  2255300.0 |      0.6270229 |
|  2250225.0 |      0.6068189 |
|  2245173.0 |     0.58559537 |
|  2240143.5 |     0.57111347 |
|  2235136.2 |     0.57069665 |
|  2230649.0 |      0.5702863 |
|  2225684.5 |       0.572808 |
|  2220741.8 |     0.57617265 |
|  2215821.0 |      0.5789137 |
|  2210922.0 |     0.57860553 |
|  2206531.2 |      0.5784264 |
|  2201673.2 |     0.57207215 |
|  2196836.5 |      0.5617625 |
|  2192021.0 |     0.55149806 |
|  2187705.0 |      0.5498112 |
|  2182929.5 |      0.5478913 |
|  2178174.8 |      0.5441846 |
|  2173440.5 |     0.53810567 |
|  2168727.0 |     0.53205305 |
|  2164502.2 |      0.5239998 |
|  2159827.2 |      0.5155104 |
|  2155172.5 |     0.50741285 |
|  2150537.5 |     0.50017726 |
|  2146383.2 |     0.49296057 |
|  2141786.2 |     0.48696217 |
|  2137208.8 |     0.48145914 |
|  2132651.0 |      0.4735188 |
|  2128112.5 |     0.45064533 |
|  2124044.2 |     0.42784318 |
|  2119542.2 |      0.4002674 |
|  2115059.2 |     0.36908945 |
|  2110595.2 |     0.33804312 |
|  2106150.0 |     0.31314516 |
|  2102165.2 |     0.28852794 |
|  2097755.5 |     0.26579252 |
|  2093364.0 |     0.24579774 |
|  2088991.0 |     0.22600128 |
|  2085070.9 |     0.20449734 |
|  2080732.4 |     0.18257855 |
|  2076412.0 |     0.16132124 |
|  2072109.4 |     0.14151824 |
|  2067824.6 |     0.12179714 |
|  2063983.5 |     0.10670341 |
|  2059732.2 |    0.093842305 |
|  2055498.5 |     0.08144066 |
|  2051282.1 |     0.07257256 |
|  2047082.9 |     0.06375201 |
|  2043318.2 |     0.05605653 |
|  2039151.8 |     0.04934299 |
|  2035002.0 |     0.04265677 |
|  2030869.2 |    0.038341027 |
|  2027164.0 |     0.03414992 |
|  2023062.9 |    0.030257018 |
|  2018978.4 |    0.026845757 |
|  2014910.2 |    0.023459313 |
|  2010858.6 |    0.020937238 |
|  2007226.0 |    0.018638527 |
|  2003205.1 |    0.016531946 |
|  1999200.2 |    0.015048925 |
|  1995211.5 |    0.013582786 |
|  1991238.6 |    0.012319421 |
|  1987676.4 |    0.011161568 |
|  1983733.4 |    0.010052732 |
|  1979806.0 |   0.0093768835 |
|  1975894.1 |    0.008702619 |
|  1972386.6 |    0.008152893 |
|  1968503.9 |    0.007720429 |
|  1964636.5 |   0.0072907447 |
|  1960784.2 |    0.006597716 |
|  1956947.2 |   0.0058880453 |
|  1953506.5 |   0.0052980813 |
|  1949697.8 |    0.004924594 |
|  1945903.9 |   0.0045514903 |
|  1942124.8 |     0.00430362 |
|  1938360.1 |    0.004090792 |
|  1934984.5 |   0.0038412632 |
|  1931247.6 |   0.0034422898 |
|  1927525.1 |    0.003043795 |
|  1923816.9 |   0.0027356253 |
|  1920491.6 |    0.002480811 |
|  1916810.4 |   0.0022485661 |
|  1913143.2 |    0.002407197 |
|  1909490.2 |   0.0025652216 |
|  1905851.0 |    0.002673427 |
|  1902587.5 |    0.002728436 |
|  1898974.6 |    0.002782728 |
|  1895375.2 |   0.0026535254 |
|  1891789.6 |   0.0025050621 |
|  1888574.1 |    0.002347228 |
|  1885014.1 |   0.0021719092 |
|  1881467.5 |   0.0019962164 |
|  1877934.2 |   0.0020543775 |
|  1874414.2 |   0.0021916227 |
|  1871257.5 |   0.0023195369 |
|  1867762.4 |    0.002410645 |
|  1864280.4 |   0.0025014137 |
|  1860811.2 |   0.0023525972 |
|  1857355.1 |   0.0020430905 |
|  1854255.5 |    0.001737091 |
|  1850823.6 |    0.001526421 |
|  1847404.4 |   0.0013175445 |
|  1843997.8 |   0.0011215965 |
|  1840942.6 |   0.0009434325 |
|  1837559.8 |  0.00076561625 |
|  1834189.2 |   0.0006632308 |
|  1830831.2 |  0.00057248684 |
|  1827485.4 |  0.00059041835 |
|  1824484.6 |   0.0008679334 |
|  1821161.9 |   0.0011447303 |
|  1817851.2 |   0.0011776082 |
|  1814552.8 |   0.0011156508 |
|  1811266.1 |   0.0010001771 |
|  1808318.2 |  0.00055918767 |
|  1805054.2 |  0.00011951045 |
|  1801801.8 |  -7.016137e-05 |
|  1798561.2 | -6.9768364e-05 |
|  1795654.5 |  -6.938922e-05 |
|  1792435.9 |   0.0002497592 |
|  1789228.8 |  0.00057058706 |
|  1786033.2 |  0.00073374563 |
|  1782849.0 |   0.0006770908 |
|  1779992.9 |  0.00062065024 |
|  1776830.1 |   0.0004217531 |
|  1773678.6 |  0.00019637156 |
|  1770538.2 |   3.983711e-05 |
|  1767409.0 |   7.229868e-05 |
|  1764602.1 |  0.00010471265 |
|  1761493.8 |  0.00014924305 |
|  1758396.2 |   0.0001992205 |
|  1755309.8 |  0.00023687039 |
|  1752541.2 |   0.0001799725 |
|  1749475.2 |  0.00012323225 |
|  1746419.8 |  0.00010008329 |
|  1743375.2 |  0.00010556041 |
|  1740341.1 |  0.00011111409 |
|  1737619.5 |   0.0002447943 |
|  1734605.4 |   0.0003829475 |
|  1731601.8 |  0.00051310594 |
|  1728608.5 |  0.00063103705 |
|  1725625.5 |  0.00074846635 |
|  1722949.8 |   0.0006712877 |
|  1719986.2 |  0.00054916705 |
|  1717033.0 |  0.00044944754 |
|  1714089.8 |  0.00042117637 |
|  1711449.6 |   0.0003930692 |
|  1708525.5 |   0.0003849815 |
|  1705611.5 |  0.00038732376 |
|  1702707.2 |   0.0003804896 |
|  1699813.0 |    0.000274305 |
|  1697216.6 |  0.00016841611 |
|  1694340.9 |   6.512041e-05 |
|  1691475.0 | -3.5771907e-05 |
|  1688618.8 | -0.00013629565 |
|  1685772.1 | -0.00012661816 |
|  1683218.2 | -0.00010903925 |
|  1680389.9 |  -6.799116e-05 |
|  1677570.9 |  1.5254834e-05 |
|  1674761.2 |  9.8185184e-05 |
|  1672240.8 |  0.00016979675 |
|  1669449.1 |  0.00023794235 |
|  1666666.8 |   0.0003058608 |
