# Units:
#  "lambda" is in Angstroms
#  "pass" is the contribution to the detector signal per photon
#         entering the atmosphere of Earth
# 
# Bandpass Name(s): r
# 
# Instrument: MMT/Megacam 
# 
# Determined by: 
# 
# Date of determination: ???
# 
# Meaning of/Reason for default column: Only column available
# 
# Notes:
# 
# See the documentation in the MMT_MEGACAM directory
# 
# These curves correspond to the total transmission, a product
# of the T(transmission)*QE(CCD Quantum efficience)*ref(Telescope
# throughput) plus atmosphere at 1.2 airmass.
# 
# J. Moustakas, UCSD 2010-01-13
| lambda |        pass |
| 5005.0 | 2.90275e-05 |
| 5010.0 | 3.11969e-05 |
| 5015.0 | 3.57954e-05 |
| 5020.0 | 3.25545e-05 |
| 5025.0 | 3.71431e-05 |
| 5030.0 | 2.53587e-05 |
| 5035.0 | 3.08487e-05 |
| 5040.0 | 2.97847e-05 |
| 5045.0 | 3.42207e-05 |
| 5050.0 | 3.20792e-05 |
| 5055.0 | 2.88252e-05 |
| 5060.0 | 3.50066e-05 |
| 5065.0 | 3.78857e-05 |
| 5070.0 | 3.43742e-05 |
| 5075.0 | 4.54105e-05 |
| 5080.0 | 4.56526e-05 |
| 5085.0 | 4.85223e-05 |
| 5090.0 | 4.93865e-05 |
| 5095.0 | 5.13636e-05 |
| 5100.0 | 4.87097e-05 |
| 5105.0 | 5.33306e-05 |
| 5110.0 | 5.55095e-05 |
| 5115.0 | 5.23896e-05 |
| 5120.0 |  5.8728e-05 |
| 5125.0 |  5.4947e-05 |
| 5130.0 | 5.72986e-05 |
| 5135.0 | 5.59143e-05 |
| 5140.0 | 6.06568e-05 |
| 5145.0 | 6.31784e-05 |
| 5150.0 | 6.10853e-05 |
| 5155.0 | 6.24946e-05 |
| 5160.0 | 6.01903e-05 |
| 5165.0 | 6.59276e-05 |
| 5170.0 |  6.5591e-05 |
| 5175.0 | 7.15031e-05 |
| 5180.0 | 6.81119e-05 |
| 5185.0 |  7.3742e-05 |
| 5190.0 | 7.78715e-05 |
| 5195.0 | 8.54065e-05 |
| 5200.0 | 8.62789e-05 |
| 5205.0 | 9.09822e-05 |
| 5210.0 | 0.000107619 |
| 5215.0 | 0.000111675 |
| 5220.0 | 0.000121012 |
| 5225.0 | 0.000136628 |
| 5230.0 | 0.000140812 |
| 5235.0 | 0.000160018 |
| 5240.0 | 0.000183373 |
| 5245.0 | 0.000194781 |
| 5250.0 | 0.000218101 |
| 5255.0 | 0.000247717 |
| 5260.0 | 0.000271966 |
| 5265.0 | 0.000293904 |
| 5270.0 |  0.00033038 |
| 5275.0 |  0.00036556 |
| 5280.0 | 0.000407686 |
| 5285.0 | 0.000447343 |
| 5290.0 | 0.000498779 |
| 5295.0 | 0.000551415 |
| 5300.0 | 0.000613794 |
| 5305.0 | 0.000680444 |
| 5310.0 | 0.000753441 |
| 5315.0 | 0.000843048 |
| 5320.0 | 0.000934302 |
| 5325.0 |  0.00103991 |
| 5330.0 |  0.00115737 |
| 5335.0 |  0.00129914 |
| 5340.0 |  0.00144422 |
| 5345.0 |  0.00161871 |
| 5350.0 |  0.00181111 |
| 5355.0 |  0.00202454 |
| 5360.0 |  0.00227419 |
| 5365.0 |  0.00253912 |
| 5370.0 |  0.00282318 |
| 5375.0 |    0.003144 |
| 5380.0 |   0.0034889 |
| 5385.0 |  0.00388005 |
| 5390.0 |  0.00429583 |
| 5395.0 |  0.00474771 |
| 5400.0 |  0.00525563 |
| 5405.0 |  0.00577122 |
| 5410.0 |  0.00635042 |
| 5415.0 |  0.00699173 |
| 5420.0 |   0.0076534 |
| 5425.0 |  0.00839058 |
| 5430.0 |  0.00915984 |
| 5435.0 |  0.00998238 |
| 5440.0 |   0.0108909 |
| 5445.0 |    0.011827 |
| 5450.0 |   0.0128467 |
| 5455.0 |   0.0139435 |
| 5460.0 |   0.0151085 |
| 5465.0 |   0.0163774 |
| 5470.0 |   0.0177125 |
| 5475.0 |    0.019158 |
| 5480.0 |   0.0207238 |
| 5485.0 |   0.0223674 |
| 5490.0 |   0.0241555 |
| 5495.0 |   0.0260941 |
| 5500.0 |   0.0281314 |
| 5505.0 |   0.0303739 |
| 5510.0 |   0.0327781 |
| 5515.0 |   0.0353443 |
| 5520.0 |   0.0381769 |
| 5525.0 |   0.0411242 |
| 5530.0 |    0.044327 |
| 5535.0 |   0.0477246 |
| 5540.0 |   0.0513264 |
| 5545.0 |   0.0552763 |
| 5550.0 |   0.0594918 |
| 5555.0 |    0.064077 |
| 5560.0 |   0.0690194 |
| 5565.0 |    0.074289 |
| 5570.0 |   0.0800415 |
| 5575.0 |   0.0860966 |
| 5580.0 |   0.0924215 |
| 5585.0 |   0.0992783 |
| 5590.0 |    0.106324 |
| 5595.0 |    0.113798 |
| 5600.0 |     0.12161 |
| 5605.0 |    0.129602 |
| 5610.0 |    0.137787 |
| 5615.0 |    0.145967 |
| 5620.0 |    0.154085 |
| 5625.0 |    0.162308 |
| 5630.0 |    0.170221 |
| 5635.0 |    0.177847 |
| 5640.0 |     0.18519 |
| 5645.0 |    0.191925 |
| 5650.0 |    0.198471 |
| 5655.0 |    0.204722 |
| 5660.0 |    0.210725 |
| 5665.0 |     0.21662 |
| 5670.0 |    0.222555 |
| 5675.0 |    0.228666 |
| 5680.0 |    0.235035 |
| 5685.0 |    0.241773 |
| 5690.0 |    0.249492 |
| 5695.0 |    0.256748 |
| 5700.0 |    0.265049 |
| 5705.0 |     0.27442 |
| 5710.0 |    0.284095 |
| 5715.0 |    0.294611 |
| 5720.0 |    0.305698 |
| 5725.0 |    0.317118 |
| 5730.0 |     0.32908 |
| 5735.0 |    0.341289 |
| 5740.0 |    0.353558 |
| 5745.0 |    0.365902 |
| 5750.0 |    0.378045 |
| 5755.0 |    0.389865 |
| 5760.0 |    0.401396 |
| 5765.0 |     0.41245 |
| 5770.0 |    0.423138 |
| 5775.0 |    0.433264 |
| 5780.0 |    0.442861 |
| 5785.0 |    0.452262 |
| 5790.0 |    0.460751 |
| 5795.0 |    0.468658 |
| 5800.0 |    0.476002 |
| 5805.0 |    0.482697 |
| 5810.0 |    0.488866 |
| 5815.0 |    0.494162 |
| 5820.0 |    0.498788 |
| 5825.0 |    0.502628 |
| 5830.0 |    0.505561 |
| 5835.0 |    0.507775 |
| 5840.0 |    0.509065 |
| 5845.0 |    0.509422 |
| 5850.0 |    0.509278 |
| 5855.0 |    0.508524 |
| 5860.0 |    0.507303 |
| 5865.0 |    0.505993 |
| 5870.0 |    0.504609 |
| 5875.0 |     0.50328 |
| 5880.0 |    0.502328 |
| 5885.0 |    0.501532 |
| 5890.0 |    0.501609 |
| 5895.0 |    0.501817 |
| 5900.0 |    0.502863 |
| 5905.0 |    0.504194 |
| 5910.0 |    0.506119 |
| 5915.0 |    0.508338 |
| 5920.0 |    0.510496 |
| 5925.0 |    0.512776 |
| 5930.0 |     0.51497 |
| 5935.0 |    0.516506 |
| 5940.0 |     0.51771 |
| 5945.0 |    0.518304 |
| 5950.0 |    0.518016 |
| 5955.0 |    0.517258 |
| 5960.0 |    0.515658 |
| 5965.0 |    0.513798 |
| 5970.0 |    0.511386 |
| 5975.0 |    0.508785 |
| 5980.0 |    0.506035 |
| 5985.0 |    0.503531 |
| 5990.0 |     0.50127 |
| 5995.0 |    0.499462 |
| 6000.0 |    0.498348 |
| 6005.0 |    0.497861 |
| 6010.0 |    0.498313 |
| 6015.0 |    0.499612 |
| 6020.0 |    0.501546 |
| 6025.0 |    0.504117 |
| 6030.0 |    0.507214 |
| 6035.0 |    0.510697 |
| 6040.0 |    0.514368 |
| 6045.0 |    0.518077 |
| 6050.0 |    0.521381 |
| 6055.0 |    0.524354 |
| 6060.0 |    0.526602 |
| 6065.0 |    0.528058 |
| 6070.0 |     0.52854 |
| 6075.0 |    0.527925 |
| 6080.0 |    0.526598 |
| 6085.0 |    0.524581 |
| 6090.0 |    0.521691 |
| 6095.0 |    0.518631 |
| 6100.0 |    0.515096 |
| 6105.0 |    0.511792 |
| 6110.0 |    0.508345 |
| 6115.0 |    0.505289 |
| 6120.0 |    0.502972 |
| 6125.0 |    0.501464 |
| 6130.0 |    0.500742 |
| 6135.0 |    0.500753 |
| 6140.0 |     0.50144 |
| 6145.0 |    0.502845 |
| 6150.0 |     0.50504 |
| 6155.0 |     0.50769 |
| 6160.0 |    0.510588 |
| 6165.0 |    0.513649 |
| 6170.0 |    0.516632 |
| 6175.0 |    0.519307 |
| 6180.0 |    0.521412 |
| 6185.0 |    0.522757 |
| 6190.0 |     0.52309 |
| 6195.0 |    0.522361 |
| 6200.0 |    0.520731 |
| 6205.0 |    0.518091 |
| 6210.0 |    0.514406 |
| 6215.0 |    0.509807 |
| 6220.0 |    0.504417 |
| 6225.0 |    0.498484 |
| 6230.0 |    0.492419 |
| 6235.0 |    0.486239 |
| 6240.0 |    0.480419 |
| 6245.0 |    0.474921 |
| 6250.0 |    0.469732 |
| 6255.0 |    0.465226 |
| 6260.0 |    0.461338 |
| 6265.0 |    0.457946 |
| 6270.0 |    0.455458 |
| 6275.0 |    0.453574 |
| 6280.0 |     0.45251 |
| 6285.0 |    0.451752 |
| 6290.0 |     0.45158 |
| 6295.0 |    0.451854 |
| 6300.0 |    0.452395 |
| 6305.0 |    0.453059 |
| 6310.0 |    0.453577 |
| 6315.0 |     0.45414 |
| 6320.0 |    0.454478 |
| 6325.0 |    0.454626 |
| 6330.0 |    0.454475 |
| 6335.0 |    0.454073 |
| 6340.0 |    0.453333 |
| 6345.0 |    0.452387 |
| 6350.0 |    0.451165 |
| 6355.0 |    0.449931 |
| 6360.0 |    0.448796 |
| 6365.0 |    0.447617 |
| 6370.0 |    0.446722 |
| 6375.0 |    0.446274 |
| 6380.0 |    0.445943 |
| 6385.0 |    0.446171 |
| 6390.0 |     0.44694 |
| 6395.0 |    0.448273 |
| 6400.0 |    0.450004 |
| 6405.0 |    0.452185 |
| 6410.0 |    0.454886 |
| 6415.0 |    0.457936 |
| 6420.0 |    0.461428 |
| 6425.0 |    0.464929 |
| 6430.0 |    0.468652 |
| 6435.0 |     0.47252 |
| 6440.0 |    0.475962 |
| 6445.0 |    0.479385 |
| 6450.0 |    0.482312 |
| 6455.0 |    0.484846 |
| 6460.0 |    0.486998 |
| 6465.0 |    0.488538 |
| 6470.0 |    0.489753 |
| 6475.0 |    0.490358 |
| 6480.0 |    0.490677 |
| 6485.0 |    0.490493 |
| 6490.0 |    0.490053 |
| 6495.0 |    0.489461 |
| 6500.0 |    0.488908 |
| 6505.0 |    0.488034 |
| 6510.0 |     0.48694 |
| 6515.0 |    0.486219 |
| 6520.0 |    0.485794 |
| 6525.0 |    0.485614 |
| 6530.0 |    0.485807 |
| 6535.0 |    0.486392 |
| 6540.0 |    0.487376 |
| 6545.0 |    0.488446 |
| 6550.0 |    0.489851 |
| 6555.0 |    0.491506 |
| 6560.0 |    0.493447 |
| 6565.0 |    0.495466 |
| 6570.0 |    0.497321 |
| 6575.0 |    0.499287 |
| 6580.0 |    0.501104 |
| 6585.0 |     0.50301 |
| 6590.0 |    0.504645 |
| 6595.0 |    0.506272 |
| 6600.0 |    0.507611 |
| 6605.0 |    0.508419 |
| 6610.0 |    0.509201 |
| 6615.0 |    0.509991 |
| 6620.0 |    0.510486 |
| 6625.0 |    0.510934 |
| 6630.0 |    0.511211 |
| 6635.0 |    0.511458 |
| 6640.0 |    0.511626 |
| 6645.0 |     0.51189 |
| 6650.0 |    0.512086 |
| 6655.0 |    0.512189 |
| 6660.0 |    0.512357 |
| 6665.0 |    0.512456 |
| 6670.0 |    0.512709 |
| 6675.0 |     0.51281 |
| 6680.0 |    0.512769 |
| 6685.0 |    0.512597 |
| 6690.0 |    0.512282 |
| 6695.0 |    0.511811 |
| 6700.0 |    0.511033 |
| 6705.0 |    0.510321 |
| 6710.0 |    0.509161 |
| 6715.0 |    0.507813 |
| 6720.0 |    0.506478 |
| 6725.0 |    0.504812 |
| 6730.0 |    0.502916 |
| 6735.0 |    0.500881 |
| 6740.0 |    0.498833 |
| 6745.0 |    0.496829 |
| 6750.0 |    0.494515 |
| 6755.0 |    0.492119 |
| 6760.0 |    0.489766 |
| 6765.0 |    0.487838 |
| 6770.0 |    0.485561 |
| 6775.0 |    0.483234 |
| 6780.0 |    0.481021 |
| 6785.0 |    0.478855 |
| 6790.0 |     0.47672 |
| 6795.0 |     0.47436 |
| 6800.0 |    0.471865 |
| 6805.0 |    0.469461 |
| 6810.0 |    0.466964 |
| 6815.0 |    0.464288 |
| 6820.0 |    0.461546 |
| 6825.0 |     0.45882 |
| 6830.0 |    0.455854 |
| 6835.0 |    0.452946 |
| 6840.0 |    0.450253 |
| 6845.0 |    0.447516 |
| 6850.0 |    0.445263 |
| 6855.0 |    0.442947 |
| 6860.0 |    0.440937 |
| 6865.0 |    0.438988 |
| 6870.0 |    0.437568 |
| 6875.0 |      0.4364 |
| 6880.0 |    0.435677 |
| 6885.0 |    0.435504 |
| 6890.0 |    0.435409 |
| 6895.0 |    0.435517 |
| 6900.0 |     0.43592 |
| 6905.0 |     0.43617 |
| 6910.0 |    0.436283 |
| 6915.0 |    0.436273 |
| 6920.0 |    0.435689 |
| 6925.0 |     0.43456 |
| 6930.0 |    0.432732 |
| 6935.0 |    0.430199 |
| 6940.0 |    0.426891 |
| 6945.0 |    0.422529 |
| 6950.0 |    0.417466 |
| 6955.0 |    0.411597 |
| 6960.0 |    0.405274 |
| 6965.0 |    0.398438 |
| 6970.0 |    0.391464 |
| 6975.0 |    0.384531 |
| 6980.0 |    0.377677 |
| 6985.0 |    0.371787 |
| 6990.0 |     0.36652 |
| 6995.0 |    0.362108 |
| 7000.0 |     0.35881 |
| 7005.0 |    0.356764 |
| 7010.0 |    0.356018 |
| 7015.0 |    0.356901 |
| 7020.0 |    0.359213 |
| 7025.0 |    0.362947 |
| 7030.0 |    0.367963 |
| 7035.0 |    0.374502 |
| 7040.0 |    0.381705 |
| 7045.0 |    0.389669 |
| 7050.0 |    0.397336 |
| 7055.0 |    0.403943 |
| 7060.0 |    0.408655 |
| 7065.0 |    0.410413 |
| 7070.0 |    0.408106 |
| 7075.0 |    0.400393 |
| 7080.0 |    0.387445 |
| 7085.0 |    0.369064 |
| 7090.0 |     0.34671 |
| 7095.0 |    0.321158 |
| 7100.0 |     0.29393 |
| 7105.0 |    0.267279 |
| 7110.0 |    0.241248 |
| 7115.0 |    0.217021 |
| 7120.0 |    0.194982 |
| 7125.0 |    0.174822 |
| 7130.0 |    0.157367 |
| 7135.0 |    0.141909 |
| 7140.0 |    0.128362 |
| 7145.0 |    0.116617 |
| 7150.0 |    0.106278 |
| 7155.0 |   0.0971958 |
| 7160.0 |   0.0893274 |
| 7165.0 |   0.0823148 |
| 7170.0 |   0.0761171 |
| 7175.0 |   0.0705387 |
| 7180.0 |    0.065427 |
| 7185.0 |    0.060682 |
| 7190.0 |   0.0561421 |
| 7195.0 |   0.0519142 |
| 7200.0 |   0.0478535 |
| 7205.0 |   0.0439091 |
| 7210.0 |   0.0401883 |
| 7215.0 |   0.0365976 |
| 7220.0 |   0.0331584 |
| 7225.0 |   0.0299379 |
| 7230.0 |   0.0268898 |
| 7235.0 |   0.0240604 |
| 7240.0 |   0.0215161 |
| 7245.0 |   0.0191061 |
| 7250.0 |   0.0170174 |
| 7255.0 |   0.0151105 |
| 7260.0 |   0.0134187 |
| 7265.0 |   0.0119635 |
| 7270.0 |   0.0106426 |
| 7275.0 |  0.00951846 |
| 7280.0 |  0.00853802 |
| 7285.0 |   0.0076524 |
| 7290.0 |  0.00688546 |
| 7295.0 |  0.00621065 |
| 7300.0 |  0.00561802 |
| 7305.0 |  0.00511188 |
| 7310.0 |  0.00466164 |
| 7315.0 |  0.00428235 |
| 7320.0 |  0.00393605 |
| 7325.0 |  0.00363573 |
| 7330.0 |  0.00337194 |
| 7335.0 |  0.00311953 |
| 7340.0 |   0.0028945 |
| 7345.0 |  0.00270709 |
| 7350.0 |  0.00251979 |
| 7355.0 |  0.00236631 |
| 7360.0 |  0.00220645 |
| 7365.0 |   0.0020664 |
| 7370.0 |  0.00193629 |
| 7375.0 |  0.00181211 |
| 7380.0 |  0.00169664 |
| 7385.0 |   0.0015851 |
| 7390.0 |  0.00146951 |
| 7395.0 |  0.00137397 |
| 7400.0 |  0.00126467 |
| 7405.0 |  0.00116723 |
| 7410.0 |  0.00106729 |
| 7415.0 | 0.000971681 |
| 7420.0 | 0.000885347 |
| 7425.0 | 0.000797102 |
| 7430.0 | 0.000717695 |
| 7435.0 | 0.000644845 |
| 7440.0 |  0.00057442 |
| 7445.0 | 0.000514574 |
| 7450.0 | 0.000456895 |
| 7455.0 | 0.000422052 |
| 7460.0 |  0.00036139 |
| 7465.0 | 0.000326206 |
| 7470.0 | 0.000294566 |
| 7475.0 | 0.000264205 |
| 7480.0 | 0.000234844 |
| 7485.0 | 0.000217456 |
| 7490.0 | 0.000206565 |
| 7495.0 |  0.00017959 |
| 7500.0 | 0.000179541 |
| 7505.0 | 0.000166139 |
| 7510.0 | 0.000157863 |
| 7515.0 | 0.000150568 |
| 7520.0 |  0.00013124 |
| 7525.0 | 0.000131952 |
| 7530.0 | 0.000118794 |
| 7535.0 | 0.000100283 |
| 7540.0 |  0.00010927 |
| 7545.0 | 9.77749e-05 |
| 7550.0 | 8.57311e-05 |
| 7555.0 | 8.06967e-05 |
| 7560.0 | 8.08924e-05 |
| 7565.0 | 6.66442e-05 |
| 7570.0 | 6.76963e-05 |
| 7575.0 | 4.57967e-05 |
| 7580.0 |   5.655e-05 |
| 7585.0 | 4.65794e-05 |
| 7590.0 | 4.38386e-05 |
| 7595.0 |  4.0226e-05 |
| 7600.0 | 3.49326e-05 |
| 7605.0 | 2.98968e-05 |
| 7610.0 | 4.58885e-05 |
| 7615.0 | 4.15726e-05 |
| 7620.0 | 5.78975e-05 |
| 7625.0 | 4.97564e-05 |
| 7630.0 | 5.36939e-05 |
| 7635.0 | 5.88129e-05 |
| 7640.0 | 6.13425e-05 |
| 7645.0 | 6.07628e-05 |
| 7650.0 | 5.49561e-05 |
| 7655.0 | 6.66143e-05 |
| 7660.0 | 7.17883e-05 |
| 7665.0 | 7.38174e-05 |
| 7670.0 | 7.10522e-05 |
| 7675.0 | 8.20791e-05 |
| 7680.0 |  7.1556e-05 |
| 7685.0 | 7.74669e-05 |
| 7690.0 | 7.03472e-05 |
| 7695.0 | 5.28546e-05 |
| 7700.0 | 6.24126e-05 |
| 7705.0 | 5.96322e-05 |
| 7710.0 | 7.11163e-05 |
| 7715.0 | 5.00265e-05 |
| 7720.0 | 5.34695e-05 |
| 7725.0 | 4.52257e-05 |
| 7730.0 |  3.9325e-05 |
| 7735.0 | 3.11784e-05 |
| 7740.0 | 2.19265e-05 |
| 7745.0 | 1.99404e-05 |
| 7750.0 | 1.14467e-06 |
| 7755.0 | 2.73593e-06 |
| 7760.0 | 2.47514e-06 |
| 7765.0 | 6.90343e-06 |
| 7770.0 | 1.66699e-06 |
| 7775.0 | 1.38953e-06 |
| 7780.0 |  3.6425e-06 |
| 7785.0 | 7.43879e-06 |
| 7790.0 | 9.46476e-06 |
| 7795.0 | 2.60816e-05 |
| 7800.0 | 1.88518e-05 |
| 7805.0 | 4.60046e-05 |
| 7810.0 | 4.27172e-05 |
| 7815.0 | 4.73792e-05 |
| 7820.0 |   3.643e-05 |
| 7825.0 | 3.33063e-05 |
| 7830.0 | 3.25894e-05 |
| 7835.0 | 4.16103e-05 |
| 7840.0 | 5.00475e-05 |
| 7845.0 | 5.34452e-05 |
| 7850.0 | 6.20877e-05 |
| 7855.0 | 5.50314e-05 |
| 7860.0 | 5.22472e-05 |
| 7865.0 | 4.18877e-05 |
| 7870.0 | 3.29465e-05 |
| 7875.0 | 3.29053e-05 |
| 7880.0 | 3.12309e-05 |
| 7885.0 | 3.35861e-05 |
| 7890.0 | 2.96047e-05 |
| 7895.0 | 2.12094e-05 |
| 7900.0 | 7.39973e-06 |
| 7905.0 | 1.23234e-05 |
| 7910.0 | 9.94391e-06 |
| 7915.0 | 2.41158e-05 |
| 7920.0 | 3.20905e-05 |
| 7925.0 | 2.98654e-05 |
| 7930.0 | 4.31591e-05 |
| 7935.0 | 2.19134e-05 |
| 7940.0 | 2.55753e-05 |
| 7945.0 | 2.92626e-05 |
| 7950.0 | 2.20958e-05 |
| 7955.0 |  3.9578e-05 |
| 7960.0 | 4.03877e-05 |
| 7965.0 | 4.54334e-05 |
| 7970.0 |  2.5373e-05 |
| 7975.0 | 1.52047e-05 |
| 7980.0 | 1.54943e-05 |
| 7985.0 | 1.67163e-05 |
| 7990.0 | 2.44709e-06 |
| 7995.0 | 0.000101225 |
