# Units:
#  "lambda" is in Angstroms
#  "pass" is the contribution to the detector signal per photon
#         entering the atmosphere of Earth
# 
# Bandpass Name(s): g
# 
# Instrument: MMT/Megacam 
# 
# Determined by: 
# 
# Date of determination: ???
# 
# Meaning of/Reason for default column: Only column available
# 
# Notes:
# 
# See the documentation in the MMT_MEGACAM directory
# 
# These curves correspond to the total transmission, a product
# of the T(transmission)*QE(CCD Quantum efficience)*ref(Telescope
# throughput) plus atmosphere at 1.2 airmass.
# 
# J. Moustakas, UCSD 2010-01-13
| lambda |        pass |
| 3505.0 | 3.47394e-05 |
| 3510.0 | 4.59814e-06 |
| 3515.0 | 2.87067e-05 |
| 3520.0 | 7.79262e-06 |
| 3525.0 | 1.58219e-05 |
| 3530.0 | 2.86855e-05 |
| 3535.0 | 3.81149e-06 |
| 3540.0 | 1.45259e-05 |
| 3545.0 | 7.58162e-07 |
| 3550.0 | 1.13865e-05 |
| 3555.0 | 3.66046e-06 |
| 3560.0 | 5.90351e-06 |
| 3565.0 | 1.45735e-05 |
| 3570.0 | 1.70615e-05 |
| 3575.0 | 4.51123e-05 |
| 3580.0 | 2.49165e-05 |
| 3585.0 | 3.37015e-05 |
| 3590.0 | 1.97105e-05 |
| 3595.0 | 2.63941e-05 |
| 3600.0 | 4.66321e-06 |
| 3605.0 | 1.29989e-06 |
| 3610.0 | 9.72738e-07 |
| 3615.0 | 2.12592e-07 |
| 3620.0 | 7.41559e-06 |
| 3625.0 |  8.6546e-07 |
| 3630.0 | 3.05849e-06 |
| 3635.0 | 1.06829e-06 |
| 3640.0 | 3.20848e-07 |
| 3645.0 | 1.15439e-05 |
| 3650.0 | 4.69804e-06 |
| 3655.0 | 7.01261e-06 |
| 3660.0 | 1.37175e-05 |
| 3665.0 | 1.30531e-05 |
| 3670.0 | 4.62391e-06 |
| 3675.0 | 1.21887e-05 |
| 3680.0 | 5.13889e-06 |
| 3685.0 | 2.93448e-06 |
| 3690.0 | 5.04112e-06 |
| 3695.0 | 1.85039e-06 |
| 3700.0 | 5.08005e-06 |
| 3705.0 | 3.94696e-06 |
| 3710.0 | 8.91499e-06 |
| 3715.0 | 6.51777e-07 |
| 3720.0 | 9.65074e-07 |
| 3725.0 | 1.18566e-06 |
| 3730.0 | 1.04761e-07 |
| 3735.0 | 2.56269e-06 |
| 3740.0 | 6.71454e-06 |
| 3745.0 | 7.05626e-06 |
| 3750.0 | 3.99038e-06 |
| 3755.0 | 7.37932e-06 |
| 3760.0 | 1.96142e-06 |
| 3765.0 | 7.12197e-07 |
| 3770.0 |  8.8918e-06 |
| 3775.0 | 1.05291e-05 |
| 3780.0 | 7.97307e-06 |
| 3785.0 | 7.15054e-06 |
| 3790.0 | 2.00186e-05 |
| 3795.0 |  1.6319e-05 |
| 3800.0 | 2.31923e-05 |
| 3805.0 | 3.00182e-05 |
| 3810.0 | 2.88245e-05 |
| 3815.0 | 1.66679e-05 |
| 3820.0 |  3.2667e-05 |
| 3825.0 | 4.34127e-05 |
| 3830.0 | 4.90526e-05 |
| 3835.0 | 5.26844e-05 |
| 3840.0 | 6.31812e-05 |
| 3845.0 |  6.9981e-05 |
| 3850.0 | 9.48759e-05 |
| 3855.0 | 0.000107086 |
| 3860.0 | 0.000134543 |
| 3865.0 | 0.000163573 |
| 3870.0 |  0.00019765 |
| 3875.0 | 0.000221215 |
| 3880.0 | 0.000256345 |
| 3885.0 |  0.00027499 |
| 3890.0 | 0.000303191 |
| 3895.0 | 0.000327569 |
| 3900.0 | 0.000355985 |
| 3905.0 |  0.00040286 |
| 3910.0 |   0.0004775 |
| 3915.0 | 0.000575313 |
| 3920.0 |  0.00071219 |
| 3925.0 | 0.000887053 |
| 3930.0 |  0.00113675 |
| 3935.0 |  0.00144001 |
| 3940.0 |  0.00182848 |
| 3945.0 |  0.00228121 |
| 3950.0 |  0.00278696 |
| 3955.0 |  0.00331774 |
| 3960.0 |  0.00387153 |
| 3965.0 |  0.00445654 |
| 3970.0 |  0.00515442 |
| 3975.0 |  0.00607052 |
| 3980.0 |  0.00734149 |
| 3985.0 |  0.00921068 |
| 3990.0 |   0.0119925 |
| 3995.0 |   0.0160955 |
| 4000.0 |   0.0222269 |
| 4005.0 |   0.0304384 |
| 4010.0 |   0.0409246 |
| 4015.0 |   0.0527342 |
| 4020.0 |   0.0636442 |
| 4025.0 |   0.0725899 |
| 4030.0 |   0.0793187 |
| 4035.0 |   0.0852507 |
| 4040.0 |   0.0927027 |
| 4045.0 |    0.103491 |
| 4050.0 |    0.119632 |
| 4055.0 |    0.142476 |
| 4060.0 |    0.170782 |
| 4065.0 |    0.200925 |
| 4070.0 |    0.225973 |
| 4075.0 |    0.240387 |
| 4080.0 |    0.243019 |
| 4085.0 |    0.237727 |
| 4090.0 |    0.230797 |
| 4095.0 |    0.226999 |
| 4100.0 |    0.229312 |
| 4105.0 |    0.238575 |
| 4110.0 |    0.255182 |
| 4115.0 |    0.278284 |
| 4120.0 |    0.306081 |
| 4125.0 |    0.333158 |
| 4130.0 |    0.355697 |
| 4135.0 |    0.369652 |
| 4140.0 |    0.373535 |
| 4145.0 |    0.369187 |
| 4150.0 |    0.360374 |
| 4155.0 |    0.351667 |
| 4160.0 |    0.346061 |
| 4165.0 |     0.34533 |
| 4170.0 |    0.349791 |
| 4175.0 |    0.358186 |
| 4180.0 |    0.367938 |
| 4185.0 |    0.376783 |
| 4190.0 |    0.382196 |
| 4195.0 |    0.382673 |
| 4200.0 |    0.378445 |
| 4205.0 |    0.371643 |
| 4210.0 |    0.363734 |
| 4215.0 |    0.356279 |
| 4220.0 |    0.351071 |
| 4225.0 |     0.34823 |
| 4230.0 |    0.348676 |
| 4235.0 |    0.352128 |
| 4240.0 |    0.358774 |
| 4245.0 |     0.36764 |
| 4250.0 |    0.378391 |
| 4255.0 |    0.390014 |
| 4260.0 |    0.400388 |
| 4265.0 |    0.407342 |
| 4270.0 |    0.410255 |
| 4275.0 |    0.409122 |
| 4280.0 |    0.404396 |
| 4285.0 |    0.398335 |
| 4290.0 |     0.39249 |
| 4295.0 |    0.388038 |
| 4300.0 |    0.386172 |
| 4305.0 |    0.387199 |
| 4310.0 |    0.390317 |
| 4315.0 |    0.394726 |
| 4320.0 |    0.399465 |
| 4325.0 |    0.403469 |
| 4330.0 |    0.405934 |
| 4335.0 |    0.406602 |
| 4340.0 |    0.405634 |
| 4345.0 |    0.403361 |
| 4350.0 |    0.400375 |
| 4355.0 |    0.397435 |
| 4360.0 |    0.394958 |
| 4365.0 |    0.393457 |
| 4370.0 |    0.392925 |
| 4375.0 |    0.393973 |
| 4380.0 |    0.396534 |
| 4385.0 |    0.401078 |
| 4390.0 |     0.40699 |
| 4395.0 |    0.413676 |
| 4400.0 |    0.421058 |
| 4405.0 |    0.427918 |
| 4410.0 |    0.433753 |
| 4415.0 |    0.438034 |
| 4420.0 |    0.439991 |
| 4425.0 |     0.43909 |
| 4430.0 |    0.435893 |
| 4435.0 |    0.430846 |
| 4440.0 |    0.424508 |
| 4445.0 |     0.41779 |
| 4450.0 |    0.411541 |
| 4455.0 |    0.406296 |
| 4460.0 |    0.402933 |
| 4465.0 |     0.40167 |
| 4470.0 |    0.402727 |
| 4475.0 |    0.406047 |
| 4480.0 |    0.411469 |
| 4485.0 |    0.418487 |
| 4490.0 |    0.426522 |
| 4495.0 |    0.434872 |
| 4500.0 |    0.442595 |
| 4505.0 |    0.449406 |
| 4510.0 |    0.454671 |
| 4515.0 |    0.458438 |
| 4520.0 |    0.460925 |
| 4525.0 |    0.462346 |
| 4530.0 |    0.462954 |
| 4535.0 |    0.462919 |
| 4540.0 |    0.462403 |
| 4545.0 |    0.461742 |
| 4550.0 |    0.461149 |
| 4555.0 |    0.460847 |
| 4560.0 |    0.461163 |
| 4565.0 |    0.462224 |
| 4570.0 |    0.464043 |
| 4575.0 |    0.466985 |
| 4580.0 |    0.470666 |
| 4585.0 |    0.474608 |
| 4590.0 |    0.478475 |
| 4595.0 |    0.481484 |
| 4600.0 |    0.483458 |
| 4605.0 |    0.484672 |
| 4610.0 |    0.484921 |
| 4615.0 |    0.484601 |
| 4620.0 |    0.484354 |
| 4625.0 |    0.484274 |
| 4630.0 |    0.484424 |
| 4635.0 |    0.484811 |
| 4640.0 |    0.485183 |
| 4645.0 |     0.48486 |
| 4650.0 |    0.483489 |
| 4655.0 |    0.481115 |
| 4660.0 |    0.477759 |
| 4665.0 |    0.474087 |
| 4670.0 |    0.470543 |
| 4675.0 |    0.467699 |
| 4680.0 |    0.465938 |
| 4685.0 |    0.465896 |
| 4690.0 |    0.467639 |
| 4695.0 |    0.471322 |
| 4700.0 |    0.476016 |
| 4705.0 |    0.481189 |
| 4710.0 |     0.48596 |
| 4715.0 |    0.489865 |
| 4720.0 |    0.492786 |
| 4725.0 |    0.494453 |
| 4730.0 |    0.495017 |
| 4735.0 |    0.495152 |
| 4740.0 |    0.494881 |
| 4745.0 |    0.494651 |
| 4750.0 |    0.494667 |
| 4755.0 |    0.494686 |
| 4760.0 |    0.494935 |
| 4765.0 |    0.494861 |
| 4770.0 |    0.494888 |
| 4775.0 |    0.494926 |
| 4780.0 |    0.495015 |
| 4785.0 |    0.495191 |
| 4790.0 |    0.495773 |
| 4795.0 |    0.496848 |
| 4800.0 |    0.498269 |
| 4805.0 |    0.500175 |
| 4810.0 |    0.501978 |
| 4815.0 |    0.503461 |
| 4820.0 |    0.504323 |
| 4825.0 |     0.50457 |
| 4830.0 |    0.503837 |
| 4835.0 |    0.502265 |
| 4840.0 |    0.500022 |
| 4845.0 |    0.497746 |
| 4850.0 |    0.495654 |
| 4855.0 |     0.49392 |
| 4860.0 |    0.493255 |
| 4865.0 |    0.493409 |
| 4870.0 |    0.494401 |
| 4875.0 |    0.496174 |
| 4880.0 |    0.498626 |
| 4885.0 |    0.501282 |
| 4890.0 |    0.504234 |
| 4895.0 |    0.507372 |
| 4900.0 |     0.51043 |
| 4905.0 |     0.51376 |
| 4910.0 |    0.517285 |
| 4915.0 |    0.520613 |
| 4920.0 |    0.524261 |
| 4925.0 |    0.527742 |
| 4930.0 |    0.531157 |
| 4935.0 |     0.53379 |
| 4940.0 |    0.535981 |
| 4945.0 |     0.53765 |
| 4950.0 |    0.538643 |
| 4955.0 |    0.539164 |
| 4960.0 |    0.539489 |
| 4965.0 |    0.539461 |
| 4970.0 |    0.539599 |
| 4975.0 |    0.540159 |
| 4980.0 |     0.54112 |
| 4985.0 |    0.542423 |
| 4990.0 |    0.544045 |
| 4995.0 |    0.545802 |
| 5000.0 |    0.547696 |
| 5005.0 |    0.548386 |
| 5010.0 |    0.548704 |
| 5015.0 |     0.54864 |
| 5020.0 |    0.548093 |
| 5025.0 |    0.546894 |
| 5030.0 |     0.54544 |
| 5035.0 |    0.543418 |
| 5040.0 |    0.541141 |
| 5045.0 |     0.53858 |
| 5050.0 |    0.535901 |
| 5055.0 |    0.533225 |
| 5060.0 |    0.530431 |
| 5065.0 |    0.527963 |
| 5070.0 |    0.525499 |
| 5075.0 |    0.523302 |
| 5080.0 |    0.521296 |
| 5085.0 |    0.520007 |
| 5090.0 |    0.519083 |
| 5095.0 |    0.518466 |
| 5100.0 |    0.518655 |
| 5105.0 |     0.51891 |
| 5110.0 |    0.519238 |
| 5115.0 |    0.519779 |
| 5120.0 |    0.519983 |
| 5125.0 |    0.519714 |
| 5130.0 |    0.519022 |
| 5135.0 |    0.517997 |
| 5140.0 |    0.516487 |
| 5145.0 |    0.514667 |
| 5150.0 |     0.51275 |
| 5155.0 |    0.510835 |
| 5160.0 |    0.508819 |
| 5165.0 |    0.506761 |
| 5170.0 |    0.504672 |
| 5175.0 |    0.502581 |
| 5180.0 |    0.500046 |
| 5185.0 |    0.497531 |
| 5190.0 |    0.494658 |
| 5195.0 |    0.491541 |
| 5200.0 |    0.488309 |
| 5205.0 |    0.485179 |
| 5210.0 |    0.482515 |
| 5215.0 |     0.48045 |
| 5220.0 |    0.478933 |
| 5225.0 |    0.478122 |
| 5230.0 |    0.477766 |
| 5235.0 |    0.477753 |
| 5240.0 |    0.477709 |
| 5245.0 |    0.476838 |
| 5250.0 |    0.474845 |
| 5255.0 |    0.471045 |
| 5260.0 |    0.465654 |
| 5265.0 |    0.458202 |
| 5270.0 |    0.449561 |
| 5275.0 |    0.439999 |
| 5280.0 |    0.430145 |
| 5285.0 |    0.421293 |
| 5290.0 |     0.41399 |
| 5295.0 |     0.40927 |
| 5300.0 |    0.407675 |
| 5305.0 |    0.409572 |
| 5310.0 |    0.415286 |
| 5315.0 |    0.424847 |
| 5320.0 |     0.43826 |
| 5325.0 |    0.454435 |
| 5330.0 |    0.472581 |
| 5335.0 |    0.490416 |
| 5340.0 |     0.50498 |
| 5345.0 |    0.513631 |
| 5350.0 |    0.514263 |
| 5355.0 |     0.50597 |
| 5360.0 |    0.489625 |
| 5365.0 |    0.468781 |
| 5370.0 |    0.446057 |
| 5375.0 |    0.424516 |
| 5380.0 |    0.406235 |
| 5385.0 |     0.39274 |
| 5390.0 |    0.384702 |
| 5395.0 |     0.38284 |
| 5400.0 |    0.386929 |
| 5405.0 |    0.396736 |
| 5410.0 |    0.411781 |
| 5415.0 |     0.43087 |
| 5420.0 |    0.451402 |
| 5425.0 |    0.471473 |
| 5430.0 |    0.486545 |
| 5435.0 |     0.49462 |
| 5440.0 |    0.494261 |
| 5445.0 |    0.485846 |
| 5450.0 |    0.470874 |
| 5455.0 |    0.452077 |
| 5460.0 |    0.430835 |
| 5465.0 |    0.407341 |
| 5470.0 |    0.381972 |
| 5475.0 |    0.352854 |
| 5480.0 |    0.319004 |
| 5485.0 |    0.281648 |
| 5490.0 |    0.241921 |
| 5495.0 |    0.203155 |
| 5500.0 |    0.168478 |
| 5505.0 |    0.137899 |
| 5510.0 |    0.113489 |
| 5515.0 |   0.0942187 |
| 5520.0 |   0.0791656 |
| 5525.0 |   0.0677913 |
| 5530.0 |   0.0592443 |
| 5535.0 |   0.0526884 |
| 5540.0 |   0.0476741 |
| 5545.0 |    0.043494 |
| 5550.0 |   0.0399565 |
| 5555.0 |   0.0366037 |
| 5560.0 |   0.0332294 |
| 5565.0 |   0.0297113 |
| 5570.0 |   0.0259517 |
| 5575.0 |   0.0221527 |
| 5580.0 |     0.01865 |
| 5585.0 |   0.0154343 |
| 5590.0 |   0.0127497 |
| 5595.0 |   0.0105224 |
| 5600.0 |  0.00872515 |
| 5605.0 |  0.00732693 |
| 5610.0 |  0.00623514 |
| 5615.0 |  0.00538669 |
| 5620.0 |   0.0047258 |
| 5625.0 |  0.00419803 |
| 5630.0 |  0.00378897 |
| 5635.0 |  0.00345674 |
| 5640.0 |  0.00318958 |
| 5645.0 |  0.00295905 |
| 5650.0 |  0.00275289 |
| 5655.0 |  0.00255561 |
| 5660.0 |  0.00235765 |
| 5665.0 |  0.00217099 |
| 5670.0 |  0.00196654 |
| 5675.0 |  0.00176959 |
| 5680.0 |  0.00157687 |
| 5685.0 |  0.00139964 |
| 5690.0 |  0.00122839 |
| 5695.0 |   0.0010941 |
| 5700.0 | 0.000980321 |
| 5705.0 | 0.000879554 |
| 5710.0 | 0.000788286 |
| 5715.0 | 0.000726137 |
| 5720.0 | 0.000667402 |
| 5725.0 |  0.00062293 |
| 5730.0 | 0.000586335 |
| 5735.0 | 0.000564364 |
| 5740.0 | 0.000540775 |
| 5745.0 | 0.000518289 |
| 5750.0 | 0.000510186 |
| 5755.0 |  0.00050271 |
| 5760.0 | 0.000489411 |
| 5765.0 | 0.000483631 |
| 5770.0 | 0.000455248 |
| 5775.0 | 0.000439541 |
| 5780.0 | 0.000413561 |
| 5785.0 | 0.000390688 |
| 5790.0 | 0.000360957 |
| 5795.0 | 0.000332142 |
| 5800.0 | 0.000307768 |
| 5805.0 |  0.00028443 |
| 5810.0 | 0.000262543 |
| 5815.0 | 0.000246268 |
| 5820.0 | 0.000231478 |
| 5825.0 | 0.000214658 |
| 5830.0 | 0.000202996 |
| 5835.0 | 0.000197972 |
| 5840.0 | 0.000184678 |
| 5845.0 | 0.000194199 |
| 5850.0 | 0.000182437 |
| 5855.0 | 0.000185841 |
| 5860.0 | 0.000181752 |
| 5865.0 | 0.000182107 |
| 5870.0 |  0.00018156 |
| 5875.0 | 0.000173658 |
| 5880.0 | 0.000177941 |
| 5885.0 | 0.000171869 |
| 5890.0 | 0.000166978 |
| 5895.0 | 0.000164108 |
| 5900.0 | 0.000155476 |
| 5905.0 | 0.000147355 |
| 5910.0 | 0.000143161 |
| 5915.0 | 0.000135936 |
| 5920.0 | 0.000118099 |
| 5925.0 | 0.000110392 |
| 5930.0 | 0.000106855 |
| 5935.0 | 0.000102706 |
| 5940.0 | 9.95585e-05 |
| 5945.0 | 9.80601e-05 |
| 5950.0 | 9.62323e-05 |
| 5955.0 | 9.08249e-05 |
| 5960.0 | 8.87059e-05 |
| 5965.0 | 8.73998e-05 |
| 5970.0 | 8.68798e-05 |
| 5975.0 | 9.25188e-05 |
| 5980.0 | 9.22467e-05 |
| 5985.0 | 9.49853e-05 |
| 5990.0 | 8.78468e-05 |
| 5995.0 | 9.05867e-05 |
