# Units:
#  "lambda" is in Angstroms
#  "pass" is the contribution to the detector signal per photon
#         entering the atmosphere of Earth
# 
# Bandpass Name(s): K
# 
# Instrument: Subaru/MOIRCS
# 
# Determined by: ?
# 
# Date of determination: ?
# 
# Meaning of/Reason for default column: Only available
# 
# Notes:
# 
# Downloaded http://svo2.cab.inta-csic.es/svo/theory/fps3/index.php?id=Subaru/MOIRCS.K&&mode=browse&gname=Subaru&gname2=MOIRCS#filter 
# Atmosphere was included as follows:
#   oke, filter.lambda, 1., 1.3, ext
#   filter.pass=filter.pass*10.^(-0.4*ext)
|  lambda |     pass |
| 19450.0 | 0.004203 |
| 19452.0 | 0.004003 |
| 19454.0 | 0.004109 |
| 19456.0 | 0.004167 |
| 19458.0 | 0.004262 |
| 19460.0 | 0.004258 |
| 19462.0 | 0.004401 |
| 19464.0 | 0.004506 |
| 19466.0 | 0.004376 |
| 19468.0 | 0.004555 |
| 19470.0 | 0.004704 |
| 19472.0 | 0.004738 |
| 19474.0 | 0.004831 |
| 19476.0 | 0.004839 |
| 19478.0 | 0.004872 |
| 19480.0 | 0.004969 |
| 19482.0 | 0.004955 |
| 19484.0 | 0.005117 |
| 19486.0 | 0.005199 |
| 19488.0 | 0.005243 |
| 19490.0 | 0.005334 |
| 19492.0 | 0.005367 |
| 19494.0 | 0.005529 |
| 19496.0 | 0.005488 |
| 19498.0 | 0.005662 |
| 19500.0 | 0.005732 |
| 19502.0 | 0.005836 |
| 19504.0 | 0.005847 |
| 19506.0 | 0.005957 |
| 19508.0 | 0.006078 |
| 19510.0 | 0.006094 |
| 19512.0 | 0.006163 |
| 19514.0 |  0.00634 |
| 19516.0 | 0.006382 |
| 19518.0 | 0.006427 |
| 19520.0 | 0.006559 |
| 19522.0 |   0.0066 |
| 19524.0 |   0.0067 |
| 19526.0 | 0.006911 |
| 19528.0 | 0.007058 |
| 19530.0 | 0.007045 |
| 19532.0 |  0.00722 |
| 19534.0 | 0.007212 |
| 19536.0 | 0.007408 |
| 19538.0 | 0.007474 |
| 19540.0 | 0.007689 |
| 19542.0 | 0.007691 |
| 19544.0 | 0.007828 |
| 19546.0 | 0.007942 |
| 19548.0 | 0.008018 |
| 19550.0 | 0.008293 |
| 19552.0 | 0.008403 |
| 19554.0 | 0.008359 |
| 19556.0 | 0.008527 |
| 19558.0 | 0.008731 |
| 19560.0 | 0.008868 |
| 19562.0 | 0.008895 |
| 19564.0 | 0.009073 |
| 19566.0 | 0.009371 |
| 19568.0 | 0.009396 |
| 19570.0 |  0.00944 |
| 19572.0 | 0.009534 |
| 19574.0 | 0.009859 |
| 19576.0 | 0.010058 |
| 19578.0 | 0.010054 |
| 19580.0 | 0.010246 |
| 19582.0 | 0.010415 |
| 19584.0 | 0.010618 |
| 19586.0 | 0.010706 |
| 19588.0 | 0.010973 |
| 19590.0 | 0.011081 |
| 19592.0 | 0.011299 |
| 19594.0 | 0.011475 |
| 19596.0 |  0.01167 |
| 19598.0 |   0.0118 |
| 19600.0 | 0.011981 |
| 19602.0 | 0.012096 |
| 19604.0 | 0.012409 |
| 19606.0 | 0.012536 |
| 19608.0 | 0.012745 |
| 19610.0 | 0.013026 |
| 19612.0 | 0.013171 |
| 19614.0 | 0.013356 |
| 19616.0 | 0.013495 |
| 19618.0 |  0.01376 |
| 19620.0 | 0.013954 |
| 19622.0 | 0.014355 |
| 19624.0 | 0.014385 |
| 19626.0 | 0.014633 |
| 19628.0 | 0.015007 |
| 19630.0 | 0.015056 |
| 19632.0 | 0.015358 |
| 19634.0 | 0.015576 |
| 19636.0 | 0.015861 |
| 19638.0 | 0.016079 |
| 19640.0 | 0.016402 |
| 19642.0 | 0.016641 |
| 19644.0 | 0.016932 |
| 19646.0 | 0.017217 |
| 19648.0 | 0.017407 |
| 19650.0 | 0.017667 |
| 19652.0 | 0.017918 |
| 19654.0 | 0.018351 |
| 19656.0 | 0.018593 |
| 19658.0 | 0.018844 |
| 19660.0 | 0.019118 |
| 19662.0 | 0.019478 |
| 19664.0 | 0.019851 |
| 19666.0 | 0.020211 |
| 19668.0 | 0.020419 |
| 19670.0 | 0.020771 |
| 19672.0 | 0.021168 |
| 19674.0 | 0.021606 |
| 19676.0 | 0.021696 |
| 19678.0 | 0.022307 |
| 19680.0 |  0.02261 |
| 19682.0 | 0.022865 |
| 19684.0 | 0.023234 |
| 19686.0 | 0.023641 |
| 19688.0 |  0.02402 |
| 19690.0 | 0.024435 |
| 19692.0 | 0.024854 |
| 19694.0 | 0.025171 |
| 19696.0 | 0.025668 |
| 19698.0 | 0.026068 |
| 19700.0 | 0.026488 |
| 19702.0 | 0.026929 |
| 19704.0 | 0.027406 |
| 19706.0 | 0.027766 |
| 19708.0 | 0.028271 |
| 19710.0 | 0.028779 |
| 19712.0 |  0.02923 |
| 19714.0 | 0.029689 |
| 19716.0 | 0.030385 |
| 19718.0 | 0.030634 |
| 19720.0 | 0.031264 |
| 19722.0 | 0.031801 |
| 19724.0 | 0.032236 |
| 19726.0 | 0.032807 |
| 19728.0 | 0.033334 |
| 19730.0 | 0.034024 |
| 19732.0 | 0.034475 |
| 19734.0 |  0.03514 |
| 19736.0 | 0.035574 |
| 19738.0 | 0.036303 |
| 19740.0 | 0.036747 |
| 19742.0 | 0.037432 |
| 19744.0 | 0.038109 |
| 19746.0 |  0.03885 |
| 19748.0 | 0.039372 |
| 19750.0 | 0.039898 |
| 19752.0 | 0.040731 |
| 19754.0 |   0.0413 |
| 19756.0 | 0.042117 |
| 19758.0 | 0.042642 |
| 19760.0 |   0.0436 |
| 19762.0 | 0.044278 |
| 19764.0 | 0.045045 |
| 19766.0 | 0.045698 |
| 19768.0 | 0.046594 |
| 19770.0 | 0.047248 |
| 19772.0 | 0.048029 |
| 19774.0 | 0.048784 |
| 19776.0 | 0.049613 |
| 19778.0 |  0.05067 |
| 19780.0 | 0.051382 |
| 19782.0 | 0.052376 |
| 19784.0 | 0.053072 |
| 19786.0 | 0.054147 |
| 19788.0 | 0.054924 |
| 19790.0 | 0.055852 |
| 19792.0 | 0.056862 |
| 19794.0 | 0.057901 |
| 19796.0 | 0.058756 |
| 19798.0 | 0.059828 |
| 19800.0 |  0.06079 |
| 19802.0 | 0.061732 |
| 19804.0 |  0.06302 |
| 19806.0 | 0.063877 |
| 19808.0 | 0.065119 |
| 19810.0 | 0.066073 |
| 19812.0 | 0.067316 |
| 19814.0 | 0.068263 |
| 19816.0 | 0.069664 |
| 19818.0 | 0.070713 |
| 19820.0 |  0.07209 |
| 19822.0 | 0.073146 |
| 19824.0 |  0.07431 |
| 19826.0 | 0.075626 |
| 19828.0 | 0.076763 |
| 19830.0 | 0.078302 |
| 19832.0 | 0.079548 |
| 19834.0 | 0.081111 |
| 19836.0 | 0.082148 |
| 19838.0 | 0.083706 |
| 19840.0 | 0.084914 |
| 19842.0 | 0.086414 |
| 19844.0 | 0.087868 |
| 19846.0 | 0.089378 |
| 19848.0 | 0.090857 |
| 19850.0 | 0.092369 |
| 19852.0 | 0.093886 |
| 19854.0 | 0.095395 |
| 19856.0 | 0.096976 |
| 19858.0 | 0.098421 |
| 19860.0 | 0.100316 |
| 19862.0 | 0.101887 |
| 19864.0 | 0.103805 |
| 19866.0 | 0.105185 |
| 19868.0 | 0.107407 |
| 19870.0 |  0.10879 |
| 19872.0 | 0.110971 |
| 19874.0 | 0.112709 |
| 19876.0 |  0.11449 |
| 19878.0 | 0.116329 |
| 19880.0 | 0.118306 |
| 19882.0 |  0.12035 |
| 19884.0 | 0.122064 |
| 19886.0 |  0.12449 |
| 19888.0 | 0.126218 |
| 19890.0 | 0.128564 |
| 19892.0 | 0.130242 |
| 19894.0 | 0.132757 |
| 19896.0 | 0.134601 |
| 19898.0 | 0.137279 |
| 19900.0 | 0.139162 |
| 19902.0 | 0.141791 |
| 19904.0 | 0.143806 |
| 19906.0 | 0.146047 |
| 19908.0 | 0.148491 |
| 19910.0 | 0.150504 |
| 19912.0 | 0.153513 |
| 19914.0 | 0.155548 |
| 19916.0 | 0.158632 |
| 19918.0 | 0.160633 |
| 19920.0 | 0.163708 |
| 19922.0 |  0.16565 |
| 19924.0 | 0.168861 |
| 19926.0 | 0.171095 |
| 19928.0 | 0.173993 |
| 19930.0 | 0.176498 |
| 19932.0 | 0.179385 |
| 19934.0 | 0.182333 |
| 19936.0 | 0.184901 |
| 19938.0 | 0.187962 |
| 19940.0 | 0.190397 |
| 19942.0 | 0.193777 |
| 19944.0 | 0.196089 |
| 19946.0 | 0.199727 |
| 19948.0 | 0.202143 |
| 19950.0 | 0.205888 |
| 19952.0 | 0.208327 |
| 19954.0 | 0.211919 |
| 19956.0 | 0.214981 |
| 19958.0 | 0.218315 |
| 19960.0 | 0.221394 |
| 19962.0 | 0.224415 |
| 19964.0 | 0.228051 |
| 19966.0 | 0.230992 |
| 19968.0 | 0.234965 |
| 19970.0 | 0.237645 |
| 19972.0 | 0.241778 |
| 19974.0 |  0.24446 |
| 19976.0 | 0.248557 |
| 19978.0 | 0.251393 |
| 19980.0 | 0.255484 |
| 19982.0 | 0.258498 |
| 19984.0 | 0.262733 |
| 19986.0 | 0.266016 |
| 19988.0 | 0.269491 |
| 19990.0 | 0.273297 |
| 19992.0 |  0.27642 |
| 19994.0 | 0.280727 |
| 19996.0 | 0.283471 |
| 19998.0 |  0.28941 |
| 20000.0 | 0.289588 |
| 20002.0 | 0.294013 |
| 20004.0 | 0.297211 |
| 20006.0 | 0.302019 |
| 20008.0 | 0.305168 |
| 20010.0 | 0.309545 |
| 20012.0 | 0.313236 |
| 20014.0 | 0.317273 |
| 20016.0 | 0.321569 |
| 20018.0 | 0.325332 |
| 20020.0 | 0.329979 |
| 20022.0 | 0.333378 |
| 20024.0 | 0.338161 |
| 20026.0 | 0.341767 |
| 20028.0 | 0.346744 |
| 20030.0 | 0.350008 |
| 20032.0 | 0.355258 |
| 20034.0 | 0.358683 |
| 20036.0 | 0.363694 |
| 20038.0 | 0.367344 |
| 20040.0 | 0.372134 |
| 20042.0 |  0.37611 |
| 20044.0 |  0.38025 |
| 20046.0 | 0.384818 |
| 20048.0 | 0.388441 |
| 20050.0 | 0.393769 |
| 20052.0 | 0.397765 |
| 20054.0 | 0.402962 |
| 20056.0 |  0.40638 |
| 20058.0 | 0.411706 |
| 20060.0 | 0.415146 |
| 20062.0 | 0.420321 |
| 20064.0 |  0.42405 |
| 20066.0 | 0.428984 |
| 20068.0 |  0.43307 |
| 20070.0 |   0.4377 |
| 20072.0 | 0.442204 |
| 20074.0 |  0.44629 |
| 20076.0 |  0.45135 |
| 20078.0 |  0.45489 |
| 20080.0 | 0.460285 |
| 20082.0 | 0.463698 |
| 20084.0 | 0.469126 |
| 20086.0 | 0.472851 |
| 20088.0 | 0.478284 |
| 20090.0 | 0.482002 |
| 20092.0 | 0.486878 |
| 20094.0 | 0.490828 |
| 20096.0 | 0.495213 |
| 20098.0 | 0.499843 |
| 20100.0 | 0.503455 |
| 20102.0 | 0.508732 |
| 20104.0 | 0.512641 |
| 20106.0 | 0.517549 |
| 20108.0 | 0.521091 |
| 20110.0 | 0.526285 |
| 20112.0 | 0.529762 |
| 20114.0 | 0.535125 |
| 20116.0 |  0.53844 |
| 20118.0 | 0.543072 |
| 20120.0 | 0.546811 |
| 20122.0 | 0.551429 |
| 20124.0 | 0.555797 |
| 20126.0 | 0.559701 |
| 20128.0 | 0.564229 |
| 20130.0 | 0.567502 |
| 20132.0 | 0.572415 |
| 20134.0 | 0.575549 |
| 20136.0 | 0.580518 |
| 20138.0 | 0.583691 |
| 20140.0 | 0.588539 |
| 20142.0 | 0.591872 |
| 20144.0 | 0.596416 |
| 20146.0 | 0.599563 |
| 20148.0 | 0.603827 |
| 20150.0 | 0.607625 |
| 20152.0 | 0.611193 |
| 20154.0 | 0.615315 |
| 20156.0 | 0.618425 |
| 20158.0 | 0.622871 |
| 20160.0 | 0.626138 |
| 20162.0 | 0.630541 |
| 20164.0 | 0.633199 |
| 20166.0 | 0.637425 |
| 20168.0 | 0.640312 |
| 20170.0 | 0.644662 |
| 20172.0 | 0.647593 |
| 20174.0 | 0.651395 |
| 20176.0 | 0.654507 |
| 20178.0 | 0.657993 |
| 20180.0 | 0.661519 |
| 20182.0 | 0.664376 |
| 20184.0 | 0.668201 |
| 20186.0 | 0.670698 |
| 20188.0 | 0.674545 |
| 20190.0 | 0.677272 |
| 20192.0 |  0.68123 |
| 20194.0 | 0.683768 |
| 20196.0 | 0.687183 |
| 20198.0 |  0.68978 |
| 20200.0 | 0.692957 |
| 20202.0 | 0.695905 |
| 20204.0 | 0.698901 |
| 20206.0 | 0.701698 |
| 20208.0 | 0.704288 |
| 20210.0 | 0.707697 |
| 20212.0 | 0.710026 |
| 20214.0 |  0.71317 |
| 20216.0 |  0.71538 |
| 20218.0 | 0.718488 |
| 20220.0 | 0.720754 |
| 20222.0 | 0.723709 |
| 20224.0 | 0.726028 |
| 20226.0 | 0.728888 |
| 20228.0 | 0.731147 |
| 20230.0 | 0.733799 |
| 20232.0 | 0.736243 |
| 20234.0 | 0.738468 |
| 20236.0 |   0.7411 |
| 20238.0 | 0.743065 |
| 20240.0 | 0.745791 |
| 20242.0 | 0.747327 |
| 20244.0 | 0.750036 |
| 20246.0 | 0.751951 |
| 20248.0 | 0.754463 |
| 20250.0 |  0.75673 |
| 20252.0 | 0.759215 |
| 20254.0 | 0.760718 |
| 20256.0 |   0.7628 |
| 20258.0 | 0.764833 |
| 20260.0 | 0.766636 |
| 20262.0 |  0.76886 |
| 20264.0 | 0.770603 |
| 20266.0 |  0.77277 |
| 20268.0 | 0.774297 |
| 20270.0 | 0.776529 |
| 20272.0 | 0.777883 |
| 20274.0 | 0.779982 |
| 20276.0 | 0.781513 |
| 20278.0 | 0.783607 |
| 20280.0 | 0.785126 |
| 20282.0 | 0.786759 |
| 20284.0 | 0.788282 |
| 20286.0 | 0.790026 |
| 20288.0 | 0.791423 |
| 20290.0 | 0.793014 |
| 20292.0 | 0.794835 |
| 20294.0 | 0.796083 |
| 20296.0 | 0.797677 |
| 20298.0 | 0.798905 |
| 20300.0 | 0.800739 |
| 20302.0 | 0.802034 |
| 20304.0 | 0.803549 |
| 20306.0 | 0.804631 |
| 20308.0 | 0.806258 |
| 20310.0 | 0.807337 |
| 20312.0 | 0.808848 |
| 20314.0 | 0.809952 |
| 20316.0 | 0.811164 |
| 20318.0 | 0.812695 |
| 20320.0 |  0.81365 |
| 20322.0 | 0.814842 |
| 20324.0 |  0.81602 |
| 20326.0 | 0.817402 |
| 20328.0 | 0.818343 |
| 20330.0 | 0.819406 |
| 20332.0 | 0.820377 |
| 20334.0 | 0.821637 |
| 20336.0 | 0.822652 |
| 20338.0 | 0.823752 |
| 20340.0 | 0.824749 |
| 20342.0 | 0.825564 |
| 20344.0 | 0.826729 |
| 20346.0 | 0.827613 |
| 20348.0 | 0.828755 |
| 20350.0 | 0.829693 |
| 20352.0 | 0.830637 |
| 20354.0 |  0.83151 |
| 20356.0 | 0.832306 |
| 20358.0 | 0.833287 |
| 20360.0 | 0.834119 |
| 20362.0 | 0.834958 |
| 20364.0 | 0.835789 |
| 20366.0 | 0.836538 |
| 20368.0 | 0.837413 |
| 20370.0 | 0.838191 |
| 20372.0 | 0.839046 |
| 20374.0 | 0.839796 |
| 20376.0 | 0.840587 |
| 20378.0 | 0.841385 |
| 20380.0 | 0.841945 |
| 20382.0 |  0.84285 |
| 20384.0 | 0.843521 |
| 20386.0 | 0.844169 |
| 20388.0 | 0.844892 |
| 20390.0 | 0.845696 |
| 20392.0 | 0.846295 |
| 20394.0 | 0.846924 |
| 20396.0 |   0.8474 |
| 20398.0 | 0.848208 |
| 20400.0 | 0.848959 |
| 20402.0 | 0.849304 |
| 20404.0 | 0.850048 |
| 20406.0 | 0.850606 |
| 20408.0 | 0.851303 |
| 20410.0 |  0.85157 |
| 20412.0 | 0.852162 |
| 20414.0 | 0.852906 |
| 20416.0 | 0.853705 |
| 20418.0 | 0.854042 |
| 20420.0 | 0.854617 |
| 20422.0 |  0.85518 |
| 20424.0 | 0.855606 |
| 20426.0 |  0.85602 |
| 20428.0 | 0.856477 |
| 20430.0 | 0.857075 |
| 20432.0 | 0.857528 |
| 20434.0 | 0.857997 |
| 20436.0 | 0.858433 |
| 20438.0 |  0.85877 |
| 20440.0 | 0.859342 |
| 20442.0 | 0.859808 |
| 20444.0 | 0.860089 |
| 20446.0 | 0.860619 |
| 20448.0 | 0.861078 |
| 20450.0 |  0.86143 |
| 20452.0 | 0.861907 |
| 20454.0 | 0.862127 |
| 20456.0 | 0.862653 |
| 20458.0 | 0.863047 |
| 20460.0 | 0.863369 |
| 20462.0 | 0.863776 |
| 20464.0 | 0.864203 |
| 20466.0 | 0.864577 |
| 20468.0 | 0.864863 |
| 20470.0 | 0.865107 |
| 20472.0 | 0.865517 |
| 20474.0 | 0.865887 |
| 20476.0 | 0.866393 |
| 20478.0 | 0.866523 |
| 20480.0 | 0.866827 |
| 20482.0 | 0.867175 |
| 20484.0 | 0.867632 |
| 20486.0 | 0.867949 |
| 20488.0 | 0.868198 |
| 20490.0 | 0.868396 |
| 20492.0 | 0.868761 |
| 20494.0 | 0.868962 |
| 20496.0 | 0.869368 |
| 20498.0 | 0.869567 |
| 20500.0 | 0.869817 |
| 20502.0 | 0.869962 |
| 20504.0 | 0.870283 |
| 20506.0 | 0.870621 |
| 20508.0 | 0.870832 |
| 20510.0 | 0.871134 |
| 20512.0 | 0.871131 |
| 20514.0 | 0.871488 |
| 20516.0 | 0.871798 |
| 20518.0 | 0.871899 |
| 20520.0 | 0.872326 |
| 20522.0 |  0.87242 |
| 20524.0 | 0.872702 |
| 20526.0 | 0.872722 |
| 20528.0 | 0.873163 |
| 20530.0 |  0.87315 |
| 20532.0 | 0.873474 |
| 20534.0 | 0.873392 |
| 20536.0 | 0.873755 |
| 20538.0 | 0.873925 |
| 20540.0 | 0.874105 |
| 20542.0 | 0.874278 |
| 20544.0 | 0.874396 |
| 20546.0 | 0.874538 |
| 20548.0 | 0.874711 |
| 20550.0 | 0.874799 |
| 20552.0 |  0.87512 |
| 20554.0 | 0.875131 |
| 20556.0 | 0.875378 |
| 20558.0 | 0.875647 |
| 20560.0 | 0.875616 |
| 20562.0 | 0.875783 |
| 20564.0 | 0.875868 |
| 20566.0 | 0.875963 |
| 20568.0 | 0.876155 |
| 20570.0 | 0.876223 |
| 20572.0 | 0.876594 |
| 20574.0 | 0.876571 |
| 20576.0 | 0.876689 |
| 20578.0 |  0.87684 |
| 20580.0 | 0.876807 |
| 20582.0 | 0.876923 |
| 20584.0 | 0.877215 |
| 20586.0 | 0.877331 |
| 20588.0 | 0.877259 |
| 20590.0 |  0.87748 |
| 20592.0 | 0.877545 |
| 20594.0 | 0.877593 |
| 20596.0 | 0.877788 |
| 20598.0 | 0.877682 |
| 20600.0 |  0.87787 |
| 20602.0 | 0.877883 |
| 20604.0 | 0.877945 |
| 20606.0 | 0.878069 |
| 20608.0 | 0.877979 |
| 20610.0 | 0.878145 |
| 20612.0 | 0.877872 |
| 20614.0 | 0.878072 |
| 20616.0 | 0.878247 |
| 20618.0 | 0.878295 |
| 20620.0 | 0.878165 |
| 20622.0 | 0.878362 |
| 20624.0 | 0.878336 |
| 20626.0 | 0.878321 |
| 20628.0 | 0.878373 |
| 20630.0 | 0.878422 |
| 20632.0 |  0.87843 |
| 20634.0 | 0.878478 |
| 20636.0 | 0.878414 |
| 20638.0 |  0.87844 |
| 20640.0 | 0.878655 |
| 20642.0 | 0.878442 |
| 20644.0 | 0.878408 |
| 20646.0 | 0.878436 |
| 20648.0 |  0.87867 |
| 20650.0 | 0.878464 |
| 20652.0 | 0.878435 |
| 20654.0 | 0.878627 |
| 20656.0 |  0.87853 |
| 20658.0 | 0.878651 |
| 20660.0 | 0.878424 |
| 20662.0 | 0.878483 |
| 20664.0 |  0.87843 |
| 20666.0 | 0.878264 |
| 20668.0 |  0.87842 |
| 20670.0 |  0.87846 |
| 20672.0 | 0.878518 |
| 20674.0 | 0.878451 |
| 20676.0 | 0.878269 |
| 20678.0 | 0.878301 |
| 20680.0 | 0.878488 |
| 20682.0 |  0.87833 |
| 20684.0 |    0.878 |
| 20686.0 | 0.878034 |
| 20688.0 | 0.878163 |
| 20690.0 | 0.878084 |
| 20692.0 | 0.877909 |
| 20694.0 |  0.87809 |
| 20696.0 | 0.877984 |
| 20698.0 | 0.877863 |
| 20700.0 | 0.877706 |
| 20702.0 | 0.877696 |
| 20704.0 | 0.877731 |
| 20706.0 |  0.87759 |
| 20708.0 | 0.877504 |
| 20710.0 | 0.877356 |
| 20712.0 | 0.877219 |
| 20714.0 | 0.877185 |
| 20716.0 |  0.87725 |
| 20718.0 | 0.877301 |
| 20720.0 | 0.877186 |
| 20722.0 |  0.87711 |
| 20724.0 | 0.876911 |
| 20726.0 | 0.876726 |
| 20728.0 | 0.876731 |
| 20730.0 | 0.876677 |
| 20732.0 | 0.876533 |
| 20734.0 | 0.876452 |
| 20736.0 | 0.876521 |
| 20738.0 | 0.876324 |
| 20740.0 |  0.87625 |
| 20742.0 | 0.876312 |
| 20744.0 | 0.876073 |
| 20746.0 | 0.876039 |
| 20748.0 | 0.876002 |
| 20750.0 | 0.875945 |
| 20752.0 | 0.875516 |
| 20754.0 | 0.875368 |
| 20756.0 | 0.875631 |
| 20758.0 | 0.875355 |
| 20760.0 | 0.875236 |
| 20762.0 |   0.8752 |
| 20764.0 | 0.874956 |
| 20766.0 | 0.874901 |
| 20768.0 |  0.87467 |
| 20770.0 | 0.874653 |
| 20772.0 | 0.874623 |
| 20774.0 | 0.874646 |
| 20776.0 | 0.874423 |
| 20778.0 | 0.874175 |
| 20780.0 | 0.874105 |
| 20782.0 | 0.873917 |
| 20784.0 | 0.873849 |
| 20786.0 | 0.873633 |
| 20788.0 | 0.873664 |
| 20790.0 |  0.87361 |
| 20792.0 | 0.873311 |
| 20794.0 | 0.873145 |
| 20796.0 |  0.87315 |
| 20798.0 | 0.873204 |
| 20800.0 | 0.872754 |
| 20802.0 | 0.872715 |
| 20804.0 | 0.872564 |
| 20806.0 |  0.87271 |
| 20808.0 | 0.872326 |
| 20810.0 |  0.87216 |
| 20812.0 | 0.872099 |
| 20814.0 |  0.87191 |
| 20816.0 | 0.871784 |
| 20818.0 |  0.87168 |
| 20820.0 | 0.871515 |
| 20822.0 |  0.87124 |
| 20824.0 | 0.871231 |
| 20826.0 | 0.871019 |
| 20828.0 | 0.871021 |
| 20830.0 | 0.870776 |
| 20832.0 | 0.870617 |
| 20834.0 | 0.870479 |
| 20836.0 | 0.870308 |
| 20838.0 | 0.869988 |
| 20840.0 | 0.869998 |
| 20842.0 | 0.869943 |
| 20844.0 | 0.869832 |
| 20846.0 | 0.869771 |
| 20848.0 | 0.869477 |
| 20850.0 | 0.869356 |
| 20852.0 | 0.869166 |
| 20854.0 | 0.869042 |
| 20856.0 | 0.869004 |
| 20858.0 | 0.868762 |
| 20860.0 | 0.868546 |
| 20862.0 | 0.868455 |
| 20864.0 | 0.868278 |
| 20866.0 | 0.868142 |
| 20868.0 | 0.868146 |
| 20870.0 | 0.867905 |
| 20872.0 | 0.867785 |
| 20874.0 | 0.867641 |
| 20876.0 | 0.867582 |
| 20878.0 | 0.867455 |
| 20880.0 | 0.867197 |
| 20882.0 | 0.867071 |
| 20884.0 | 0.867026 |
| 20886.0 | 0.866869 |
| 20888.0 | 0.866401 |
| 20890.0 | 0.866458 |
| 20892.0 | 0.866245 |
| 20894.0 | 0.866238 |
| 20896.0 |  0.86582 |
| 20898.0 | 0.865862 |
| 20900.0 | 0.865619 |
| 20902.0 | 0.865627 |
| 20904.0 | 0.865497 |
| 20906.0 | 0.865273 |
| 20908.0 | 0.865059 |
| 20910.0 | 0.864983 |
| 20912.0 | 0.864746 |
| 20914.0 | 0.864773 |
| 20916.0 | 0.864596 |
| 20918.0 | 0.864326 |
| 20920.0 | 0.864204 |
| 20922.0 | 0.863837 |
| 20924.0 | 0.863837 |
| 20926.0 | 0.863746 |
| 20928.0 | 0.863633 |
| 20930.0 | 0.863474 |
| 20932.0 |  0.86325 |
| 20934.0 | 0.862982 |
| 20936.0 | 0.862882 |
| 20938.0 | 0.862775 |
| 20940.0 | 0.862773 |
| 20942.0 | 0.862726 |
| 20944.0 | 0.862264 |
| 20946.0 | 0.862089 |
| 20948.0 |  0.86217 |
| 20950.0 | 0.862068 |
| 20952.0 | 0.861721 |
| 20954.0 | 0.861978 |
| 20956.0 | 0.861524 |
| 20958.0 |  0.86146 |
| 20960.0 |  0.86122 |
| 20962.0 | 0.861168 |
| 20964.0 | 0.860941 |
| 20966.0 | 0.861068 |
| 20968.0 |  0.86068 |
| 20970.0 | 0.860643 |
| 20972.0 |  0.86039 |
| 20974.0 | 0.860231 |
| 20976.0 | 0.860116 |
| 20978.0 | 0.860171 |
| 20980.0 | 0.859901 |
| 20982.0 | 0.859809 |
| 20984.0 | 0.859701 |
| 20986.0 | 0.859643 |
| 20988.0 | 0.859229 |
| 20990.0 | 0.859176 |
| 20992.0 | 0.859129 |
| 20994.0 |  0.85895 |
| 20996.0 | 0.858874 |
| 20998.0 | 0.858786 |
| 21000.0 | 0.858536 |
| 21002.0 | 0.858344 |
| 21004.0 | 0.858379 |
| 21006.0 | 0.858161 |
| 21008.0 | 0.858001 |
| 21010.0 | 0.857856 |
| 21012.0 | 0.857716 |
| 21014.0 |  0.85756 |
| 21016.0 | 0.857773 |
| 21018.0 | 0.857452 |
| 21020.0 |  0.85731 |
| 21022.0 | 0.857014 |
| 21024.0 | 0.856936 |
| 21026.0 | 0.856763 |
| 21028.0 | 0.856935 |
| 21030.0 | 0.856636 |
| 21032.0 | 0.856576 |
| 21034.0 | 0.856377 |
| 21036.0 | 0.856421 |
| 21038.0 | 0.856242 |
| 21040.0 | 0.856153 |
| 21042.0 | 0.855956 |
| 21044.0 | 0.855901 |
| 21046.0 | 0.855668 |
| 21048.0 | 0.855651 |
| 21050.0 | 0.855481 |
| 21052.0 | 0.855376 |
| 21054.0 | 0.855507 |
| 21056.0 | 0.855123 |
| 21058.0 |  0.85524 |
| 21060.0 | 0.855036 |
| 21062.0 | 0.854806 |
| 21064.0 | 0.854789 |
| 21066.0 |  0.85464 |
| 21068.0 | 0.854694 |
| 21070.0 | 0.854396 |
| 21072.0 |  0.85444 |
| 21074.0 | 0.854329 |
| 21076.0 | 0.854187 |
| 21078.0 | 0.854065 |
| 21080.0 | 0.854076 |
| 21082.0 | 0.853979 |
| 21084.0 | 0.853776 |
| 21086.0 | 0.853672 |
| 21088.0 | 0.853647 |
| 21090.0 | 0.853554 |
| 21092.0 | 0.853222 |
| 21094.0 | 0.853342 |
| 21096.0 |  0.85322 |
| 21098.0 | 0.853045 |
| 21100.0 | 0.853013 |
| 21102.0 | 0.853024 |
| 21104.0 | 0.852776 |
| 21106.0 | 0.852813 |
| 21108.0 | 0.852794 |
| 21110.0 | 0.852694 |
| 21112.0 | 0.852546 |
| 21114.0 | 0.852427 |
| 21116.0 | 0.852372 |
| 21118.0 | 0.852359 |
| 21120.0 | 0.852209 |
| 21122.0 | 0.852278 |
| 21124.0 | 0.852028 |
| 21126.0 | 0.852033 |
| 21128.0 | 0.851996 |
| 21130.0 | 0.851871 |
| 21132.0 | 0.851858 |
| 21134.0 |  0.85177 |
| 21136.0 | 0.851699 |
| 21138.0 | 0.851554 |
| 21140.0 | 0.851446 |
| 21142.0 | 0.851521 |
| 21144.0 | 0.851475 |
| 21146.0 | 0.851404 |
| 21148.0 | 0.851312 |
| 21150.0 | 0.851308 |
| 21152.0 | 0.851265 |
| 21154.0 | 0.851304 |
| 21156.0 | 0.851234 |
| 21158.0 | 0.851194 |
| 21160.0 | 0.851024 |
| 21162.0 |  0.85095 |
| 21164.0 | 0.851006 |
| 21166.0 | 0.850906 |
| 21168.0 | 0.850787 |
| 21170.0 | 0.850851 |
| 21172.0 | 0.850923 |
| 21174.0 | 0.850808 |
| 21176.0 | 0.850678 |
| 21178.0 | 0.850574 |
| 21180.0 |  0.85063 |
| 21182.0 | 0.850503 |
| 21184.0 | 0.850555 |
| 21186.0 | 0.850453 |
| 21188.0 | 0.850447 |
| 21190.0 | 0.850507 |
| 21192.0 | 0.850348 |
| 21194.0 | 0.850217 |
| 21196.0 | 0.850349 |
| 21198.0 | 0.850179 |
| 21200.0 |  0.85028 |
| 21202.0 | 0.850214 |
| 21204.0 | 0.849972 |
| 21206.0 | 0.850183 |
| 21208.0 | 0.850019 |
| 21210.0 | 0.850076 |
| 21212.0 | 0.850013 |
| 21214.0 | 0.850108 |
| 21216.0 | 0.850131 |
| 21218.0 | 0.850072 |
| 21220.0 |  0.84999 |
| 21222.0 | 0.849839 |
| 21224.0 | 0.849835 |
| 21226.0 | 0.849854 |
| 21228.0 |  0.84977 |
| 21230.0 | 0.849931 |
| 21232.0 | 0.849913 |
| 21234.0 | 0.850029 |
| 21236.0 | 0.849952 |
| 21238.0 |   0.8499 |
| 21240.0 | 0.849924 |
| 21242.0 | 0.849772 |
| 21244.0 | 0.849787 |
| 21246.0 | 0.849798 |
| 21248.0 |  0.84972 |
| 21250.0 | 0.849916 |
| 21252.0 | 0.849804 |
| 21254.0 | 0.849939 |
| 21256.0 | 0.849812 |
| 21258.0 | 0.849843 |
| 21260.0 | 0.849982 |
| 21262.0 | 0.849972 |
| 21264.0 | 0.849973 |
| 21266.0 | 0.850026 |
| 21268.0 | 0.849848 |
| 21270.0 |  0.85006 |
| 21272.0 | 0.850023 |
| 21274.0 | 0.849917 |
| 21276.0 | 0.850064 |
| 21278.0 |  0.85009 |
| 21280.0 | 0.850115 |
| 21282.0 |  0.85018 |
| 21284.0 | 0.850114 |
| 21286.0 | 0.850106 |
| 21288.0 | 0.850149 |
| 21290.0 | 0.850276 |
| 21292.0 | 0.850118 |
| 21294.0 | 0.850029 |
| 21296.0 |   0.8503 |
| 21298.0 | 0.850329 |
| 21300.0 | 0.850095 |
| 21302.0 | 0.850149 |
| 21304.0 |  0.85023 |
| 21306.0 | 0.850341 |
| 21308.0 | 0.850322 |
| 21310.0 | 0.850306 |
| 21312.0 | 0.850343 |
| 21314.0 | 0.850457 |
| 21316.0 | 0.850449 |
| 21318.0 | 0.850568 |
| 21320.0 | 0.850693 |
| 21322.0 | 0.850671 |
| 21324.0 |  0.85064 |
| 21326.0 | 0.850677 |
| 21328.0 | 0.850654 |
| 21330.0 | 0.850918 |
| 21332.0 |   0.8507 |
| 21334.0 | 0.850843 |
| 21336.0 | 0.850829 |
| 21338.0 | 0.850887 |
| 21340.0 | 0.850703 |
| 21342.0 | 0.850928 |
| 21344.0 | 0.851068 |
| 21346.0 | 0.851064 |
| 21348.0 | 0.850926 |
| 21350.0 | 0.851142 |
| 21352.0 | 0.851215 |
| 21354.0 | 0.851327 |
| 21356.0 | 0.851244 |
| 21358.0 | 0.851449 |
| 21360.0 | 0.851643 |
| 21362.0 | 0.851512 |
| 21364.0 |  0.85146 |
| 21366.0 | 0.851512 |
| 21368.0 | 0.851679 |
| 21370.0 | 0.851647 |
| 21372.0 | 0.851766 |
| 21374.0 | 0.851759 |
| 21376.0 | 0.851942 |
| 21378.0 | 0.851964 |
| 21380.0 |  0.85203 |
| 21382.0 | 0.852041 |
| 21384.0 | 0.852125 |
| 21386.0 |  0.85221 |
| 21388.0 | 0.852486 |
| 21390.0 | 0.852417 |
| 21392.0 | 0.852417 |
| 21394.0 | 0.852409 |
| 21396.0 | 0.852432 |
| 21398.0 | 0.852636 |
| 21400.0 | 0.852719 |
| 21402.0 | 0.852728 |
| 21404.0 | 0.852735 |
| 21406.0 | 0.852868 |
| 21408.0 | 0.852905 |
| 21410.0 |  0.85306 |
| 21412.0 | 0.853025 |
| 21414.0 | 0.853023 |
| 21416.0 | 0.853023 |
| 21418.0 | 0.853283 |
| 21420.0 | 0.853347 |
| 21422.0 | 0.853231 |
| 21424.0 | 0.853528 |
| 21426.0 | 0.853467 |
| 21428.0 | 0.853681 |
| 21430.0 |  0.85361 |
| 21432.0 | 0.853788 |
| 21434.0 | 0.853875 |
| 21436.0 | 0.854014 |
| 21438.0 | 0.854111 |
| 21440.0 |  0.85407 |
| 21442.0 | 0.854182 |
| 21444.0 | 0.854311 |
| 21446.0 | 0.854266 |
| 21448.0 | 0.854441 |
| 21450.0 | 0.854447 |
| 21452.0 | 0.854528 |
| 21454.0 | 0.854741 |
| 21456.0 | 0.854789 |
| 21458.0 | 0.854816 |
| 21460.0 | 0.854875 |
| 21462.0 | 0.855126 |
| 21464.0 | 0.854901 |
| 21466.0 | 0.855164 |
| 21468.0 | 0.855097 |
| 21470.0 | 0.855202 |
| 21472.0 | 0.855389 |
| 21474.0 | 0.855467 |
| 21476.0 |  0.85542 |
| 21478.0 | 0.855631 |
| 21480.0 | 0.855667 |
| 21482.0 | 0.855626 |
| 21484.0 | 0.855816 |
| 21486.0 | 0.855932 |
| 21488.0 | 0.856041 |
| 21490.0 | 0.856144 |
| 21492.0 | 0.856097 |
| 21494.0 | 0.856143 |
| 21496.0 | 0.856279 |
| 21498.0 | 0.856319 |
| 21500.0 | 0.856546 |
| 21502.0 | 0.856699 |
| 21504.0 | 0.856694 |
| 21506.0 | 0.856916 |
| 21508.0 | 0.857002 |
| 21510.0 | 0.856821 |
| 21512.0 | 0.857074 |
| 21514.0 | 0.857152 |
| 21516.0 | 0.857125 |
| 21518.0 | 0.857132 |
| 21520.0 | 0.857349 |
| 21522.0 | 0.857424 |
| 21524.0 | 0.857595 |
| 21526.0 |  0.85765 |
| 21528.0 | 0.857768 |
| 21530.0 | 0.857766 |
| 21532.0 | 0.857845 |
| 21534.0 |  0.85785 |
| 21536.0 | 0.857953 |
| 21538.0 | 0.857997 |
| 21540.0 | 0.858244 |
| 21542.0 | 0.858241 |
| 21544.0 | 0.858295 |
| 21546.0 | 0.858281 |
| 21548.0 | 0.858429 |
| 21550.0 | 0.858451 |
| 21552.0 | 0.858535 |
| 21554.0 | 0.858683 |
| 21556.0 | 0.858818 |
| 21558.0 | 0.858917 |
| 21560.0 | 0.859005 |
| 21562.0 | 0.859012 |
| 21564.0 |  0.85899 |
| 21566.0 | 0.859151 |
| 21568.0 | 0.859211 |
| 21570.0 |  0.85916 |
| 21572.0 | 0.859279 |
| 21574.0 | 0.859427 |
| 21576.0 | 0.859497 |
| 21578.0 | 0.859511 |
| 21580.0 |  0.85953 |
| 21582.0 | 0.859802 |
| 21584.0 |  0.85986 |
| 21586.0 | 0.859908 |
| 21588.0 | 0.859958 |
| 21590.0 | 0.859973 |
| 21592.0 | 0.860121 |
| 21594.0 | 0.860282 |
| 21596.0 | 0.860274 |
| 21598.0 | 0.860311 |
| 21600.0 |  0.86042 |
| 21602.0 | 0.860564 |
| 21604.0 | 0.860544 |
| 21606.0 | 0.860523 |
| 21608.0 | 0.860553 |
| 21610.0 | 0.860703 |
| 21612.0 | 0.860749 |
| 21614.0 | 0.860803 |
| 21616.0 | 0.860962 |
| 21618.0 |  0.86102 |
| 21620.0 | 0.861056 |
| 21622.0 | 0.861159 |
| 21624.0 |  0.86113 |
| 21626.0 | 0.861273 |
| 21628.0 | 0.861237 |
| 21630.0 | 0.861392 |
| 21632.0 | 0.861374 |
| 21634.0 | 0.861271 |
| 21636.0 | 0.861358 |
| 21638.0 | 0.861619 |
| 21640.0 | 0.861477 |
| 21642.0 | 0.861609 |
| 21644.0 | 0.861821 |
| 21646.0 | 0.861813 |
| 21648.0 | 0.861868 |
| 21650.0 | 0.861964 |
| 21652.0 |  0.86198 |
| 21654.0 | 0.862033 |
| 21656.0 | 0.861973 |
| 21658.0 |  0.86203 |
| 21660.0 | 0.862129 |
| 21662.0 | 0.862165 |
| 21664.0 | 0.862228 |
| 21666.0 | 0.862339 |
| 21668.0 | 0.862235 |
| 21670.0 | 0.862243 |
| 21672.0 | 0.862477 |
| 21674.0 | 0.862248 |
| 21676.0 | 0.862332 |
| 21678.0 | 0.862362 |
| 21680.0 | 0.862484 |
| 21682.0 | 0.862526 |
| 21684.0 | 0.862511 |
| 21686.0 | 0.862564 |
| 21688.0 | 0.862715 |
| 21690.0 | 0.862675 |
| 21692.0 | 0.862648 |
| 21694.0 | 0.862815 |
| 21696.0 | 0.862695 |
| 21698.0 | 0.862828 |
| 21700.0 | 0.862751 |
| 21702.0 | 0.862802 |
| 21704.0 | 0.862804 |
| 21706.0 | 0.862733 |
| 21708.0 | 0.862798 |
| 21710.0 | 0.862817 |
| 21712.0 | 0.862783 |
| 21714.0 | 0.862765 |
| 21716.0 | 0.862875 |
| 21718.0 | 0.862859 |
| 21720.0 | 0.862908 |
| 21722.0 | 0.862779 |
| 21724.0 | 0.862932 |
| 21726.0 | 0.862804 |
| 21728.0 | 0.862742 |
| 21730.0 | 0.862879 |
| 21732.0 | 0.862931 |
| 21734.0 |  0.86288 |
| 21736.0 | 0.862826 |
| 21738.0 | 0.862825 |
| 21740.0 | 0.862767 |
| 21742.0 | 0.862795 |
| 21744.0 | 0.862763 |
| 21746.0 | 0.862745 |
| 21748.0 | 0.862826 |
| 21750.0 |  0.86278 |
| 21752.0 | 0.862825 |
| 21754.0 | 0.862746 |
| 21756.0 |  0.86288 |
| 21758.0 | 0.862646 |
| 21760.0 | 0.862569 |
| 21762.0 | 0.862718 |
| 21764.0 | 0.862647 |
| 21766.0 | 0.862543 |
| 21768.0 | 0.862565 |
| 21770.0 |  0.86248 |
| 21772.0 | 0.862453 |
| 21774.0 | 0.862381 |
| 21776.0 | 0.862226 |
| 21778.0 | 0.862333 |
| 21780.0 | 0.862393 |
| 21782.0 | 0.862352 |
| 21784.0 | 0.862191 |
| 21786.0 | 0.862095 |
| 21788.0 | 0.862153 |
| 21790.0 | 0.861999 |
| 21792.0 | 0.861939 |
| 21794.0 | 0.861835 |
| 21796.0 | 0.861994 |
| 21798.0 | 0.861714 |
| 21800.0 | 0.861811 |
| 21802.0 | 0.861862 |
| 21804.0 | 0.861725 |
| 21806.0 |  0.86145 |
| 21808.0 | 0.861496 |
| 21810.0 | 0.861522 |
| 21812.0 | 0.861386 |
| 21814.0 | 0.861422 |
| 21816.0 | 0.861271 |
| 21818.0 | 0.861224 |
| 21820.0 | 0.861052 |
| 21822.0 | 0.860985 |
| 21824.0 | 0.860826 |
| 21826.0 | 0.861003 |
| 21828.0 | 0.860743 |
| 21830.0 | 0.860667 |
| 21832.0 | 0.860769 |
| 21834.0 | 0.860345 |
| 21836.0 | 0.860541 |
| 21838.0 | 0.860388 |
| 21840.0 | 0.860298 |
| 21842.0 | 0.860144 |
| 21844.0 | 0.859985 |
| 21846.0 | 0.860093 |
| 21848.0 | 0.860054 |
| 21850.0 | 0.859782 |
| 21852.0 | 0.859756 |
| 21854.0 | 0.859508 |
| 21856.0 | 0.859461 |
| 21858.0 | 0.859351 |
| 21860.0 | 0.859189 |
| 21862.0 | 0.859163 |
| 21864.0 | 0.859057 |
| 21866.0 | 0.858966 |
| 21868.0 |  0.85885 |
| 21870.0 | 0.858711 |
| 21872.0 | 0.858533 |
| 21874.0 | 0.858376 |
| 21876.0 | 0.858319 |
| 21878.0 | 0.858161 |
| 21880.0 | 0.858083 |
| 21882.0 | 0.857944 |
| 21884.0 | 0.857883 |
| 21886.0 | 0.857862 |
| 21888.0 | 0.857645 |
| 21890.0 | 0.857657 |
| 21892.0 | 0.857407 |
| 21894.0 |  0.85721 |
| 21896.0 | 0.857148 |
| 21898.0 | 0.857178 |
| 21900.0 | 0.856984 |
| 21902.0 | 0.856725 |
| 21904.0 | 0.856598 |
| 21906.0 | 0.856514 |
| 21908.0 | 0.856292 |
| 21910.0 | 0.856289 |
| 21912.0 | 0.856128 |
| 21914.0 | 0.855952 |
| 21916.0 | 0.855885 |
| 21918.0 | 0.855742 |
| 21920.0 | 0.855539 |
| 21922.0 | 0.855574 |
| 21924.0 | 0.855172 |
| 21926.0 | 0.855177 |
| 21928.0 | 0.854893 |
| 21930.0 | 0.854915 |
| 21932.0 | 0.854754 |
| 21934.0 | 0.854537 |
| 21936.0 | 0.854465 |
| 21938.0 | 0.854425 |
| 21940.0 | 0.854197 |
| 21942.0 | 0.854105 |
| 21944.0 | 0.853881 |
| 21946.0 | 0.853727 |
| 21948.0 |  0.85361 |
| 21950.0 | 0.853483 |
| 21952.0 | 0.853359 |
| 21954.0 | 0.853255 |
| 21956.0 | 0.852948 |
| 21958.0 | 0.852845 |
| 21960.0 | 0.852762 |
| 21962.0 | 0.852528 |
| 21964.0 | 0.852455 |
| 21966.0 | 0.852342 |
| 21968.0 | 0.852039 |
| 21970.0 | 0.851834 |
| 21972.0 | 0.851786 |
| 21974.0 | 0.851546 |
| 21976.0 | 0.851605 |
| 21978.0 | 0.851348 |
| 21980.0 | 0.851189 |
| 21982.0 |  0.85124 |
| 21984.0 | 0.851033 |
| 21986.0 | 0.850778 |
| 21988.0 | 0.850719 |
| 21990.0 | 0.850393 |
| 21992.0 | 0.850401 |
| 21994.0 | 0.850243 |
| 21996.0 | 0.850213 |
| 21998.0 | 0.849856 |
| 22000.0 | 0.849664 |
| 22002.0 | 0.849653 |
| 22004.0 | 0.849493 |
| 22006.0 | 0.849271 |
| 22008.0 | 0.849139 |
| 22010.0 | 0.848892 |
| 22012.0 | 0.848838 |
| 22014.0 | 0.848701 |
| 22016.0 |  0.84864 |
| 22018.0 | 0.848288 |
| 22020.0 | 0.848233 |
| 22022.0 | 0.848178 |
| 22024.0 | 0.847919 |
| 22026.0 |   0.8478 |
| 22028.0 |  0.84765 |
| 22030.0 | 0.847601 |
| 22032.0 | 0.847404 |
| 22034.0 | 0.847241 |
| 22036.0 | 0.847049 |
| 22038.0 | 0.846988 |
| 22040.0 | 0.846771 |
| 22042.0 | 0.846566 |
| 22044.0 |   0.8466 |
| 22046.0 | 0.846379 |
| 22048.0 | 0.846157 |
| 22050.0 |  0.84604 |
| 22052.0 | 0.845845 |
| 22054.0 | 0.845795 |
| 22056.0 | 0.845512 |
| 22058.0 | 0.845481 |
| 22060.0 | 0.845202 |
| 22062.0 | 0.845227 |
| 22064.0 | 0.845021 |
| 22066.0 | 0.844862 |
| 22068.0 |  0.84475 |
| 22070.0 |  0.84449 |
| 22072.0 | 0.844316 |
| 22074.0 |  0.84423 |
| 22076.0 |  0.84409 |
| 22078.0 | 0.844047 |
| 22080.0 | 0.843894 |
| 22082.0 | 0.843781 |
| 22084.0 | 0.843587 |
| 22086.0 | 0.843358 |
| 22088.0 |  0.84309 |
| 22090.0 | 0.843049 |
| 22092.0 | 0.842846 |
| 22094.0 |  0.84285 |
| 22096.0 | 0.842419 |
| 22098.0 | 0.842409 |
| 22100.0 | 0.842388 |
| 22102.0 | 0.842243 |
| 22104.0 | 0.841955 |
| 22106.0 | 0.841857 |
| 22108.0 | 0.841851 |
| 22110.0 | 0.841479 |
| 22112.0 |  0.84145 |
| 22114.0 | 0.841227 |
| 22116.0 |  0.84122 |
| 22118.0 | 0.841001 |
| 22120.0 | 0.840857 |
| 22122.0 | 0.840699 |
| 22124.0 | 0.840559 |
| 22126.0 | 0.840415 |
| 22128.0 | 0.840309 |
| 22130.0 | 0.840036 |
| 22132.0 | 0.840029 |
| 22134.0 | 0.839894 |
| 22136.0 | 0.839637 |
| 22138.0 | 0.839615 |
| 22140.0 | 0.839481 |
| 22142.0 | 0.839386 |
| 22144.0 | 0.839245 |
| 22146.0 | 0.839028 |
| 22148.0 | 0.839101 |
| 22150.0 | 0.838941 |
| 22152.0 |  0.83869 |
| 22154.0 | 0.838466 |
| 22156.0 | 0.838384 |
| 22158.0 |  0.83833 |
| 22160.0 | 0.838139 |
| 22162.0 | 0.837816 |
| 22164.0 | 0.837804 |
| 22166.0 | 0.837665 |
| 22168.0 |   0.8375 |
| 22170.0 | 0.837495 |
| 22172.0 | 0.837226 |
| 22174.0 | 0.837161 |
| 22176.0 | 0.837114 |
| 22178.0 | 0.837111 |
| 22180.0 | 0.836815 |
| 22182.0 | 0.836614 |
| 22184.0 | 0.836633 |
| 22186.0 | 0.836464 |
| 22188.0 | 0.836215 |
| 22190.0 | 0.836292 |
| 22192.0 | 0.835891 |
| 22194.0 | 0.836001 |
| 22196.0 | 0.835794 |
| 22198.0 | 0.835775 |
| 22200.0 |  0.83551 |
| 22202.0 | 0.835412 |
| 22204.0 | 0.835317 |
| 22206.0 | 0.835052 |
| 22208.0 | 0.835074 |
| 22210.0 | 0.834991 |
| 22212.0 |  0.83481 |
| 22214.0 | 0.834918 |
| 22216.0 | 0.834642 |
| 22218.0 | 0.834609 |
| 22220.0 | 0.834433 |
| 22222.0 |  0.83436 |
| 22224.0 | 0.834277 |
| 22226.0 | 0.834243 |
| 22228.0 | 0.833977 |
| 22230.0 | 0.833966 |
| 22232.0 | 0.834026 |
| 22234.0 | 0.833671 |
| 22236.0 | 0.833666 |
| 22238.0 | 0.833494 |
| 22240.0 | 0.833309 |
| 22242.0 | 0.833429 |
| 22244.0 | 0.833233 |
| 22246.0 | 0.832992 |
| 22248.0 | 0.833082 |
| 22250.0 | 0.833018 |
| 22252.0 | 0.832813 |
| 22254.0 | 0.832695 |
| 22256.0 | 0.832633 |
| 22258.0 | 0.832572 |
| 22260.0 | 0.832495 |
| 22262.0 | 0.832445 |
| 22264.0 | 0.832317 |
| 22266.0 | 0.832258 |
| 22268.0 | 0.832185 |
| 22270.0 | 0.831968 |
| 22272.0 | 0.831888 |
| 22274.0 |  0.83175 |
| 22276.0 | 0.831984 |
| 22278.0 | 0.831674 |
| 22280.0 | 0.831536 |
| 22282.0 | 0.831494 |
| 22284.0 | 0.831483 |
| 22286.0 | 0.831427 |
| 22288.0 | 0.831332 |
| 22290.0 | 0.831214 |
| 22292.0 | 0.831255 |
| 22294.0 | 0.831167 |
| 22296.0 | 0.831072 |
| 22298.0 | 0.830911 |
| 22300.0 | 0.830949 |
| 22302.0 | 0.830802 |
| 22304.0 | 0.830848 |
| 22306.0 | 0.830801 |
| 22308.0 |  0.83059 |
| 22310.0 | 0.830485 |
| 22312.0 | 0.830558 |
| 22314.0 | 0.830476 |
| 22316.0 | 0.830395 |
| 22318.0 | 0.830366 |
| 22320.0 | 0.830299 |
| 22322.0 | 0.830317 |
| 22324.0 | 0.830199 |
| 22326.0 | 0.830239 |
| 22328.0 | 0.830048 |
| 22330.0 | 0.830003 |
| 22332.0 | 0.830023 |
| 22334.0 |  0.83005 |
| 22336.0 | 0.829865 |
| 22338.0 | 0.829984 |
| 22340.0 | 0.829793 |
| 22342.0 | 0.829729 |
| 22344.0 | 0.829631 |
| 22346.0 | 0.829671 |
| 22348.0 | 0.829724 |
| 22350.0 | 0.829772 |
| 22352.0 | 0.829437 |
| 22354.0 | 0.829537 |
| 22356.0 | 0.829489 |
| 22358.0 | 0.829482 |
| 22360.0 | 0.829408 |
| 22362.0 | 0.829497 |
| 22364.0 | 0.829412 |
| 22366.0 | 0.829399 |
| 22368.0 | 0.829208 |
| 22370.0 | 0.829331 |
| 22372.0 | 0.829205 |
| 22374.0 | 0.829247 |
| 22376.0 | 0.829307 |
| 22378.0 | 0.829155 |
| 22380.0 | 0.829336 |
| 22382.0 |  0.82915 |
| 22384.0 | 0.829247 |
| 22386.0 |  0.82929 |
| 22388.0 | 0.829154 |
| 22390.0 | 0.829118 |
| 22392.0 | 0.829225 |
| 22394.0 |  0.82907 |
| 22396.0 |  0.82909 |
| 22398.0 | 0.829108 |
| 22400.0 | 0.829167 |
| 22402.0 | 0.829066 |
| 22404.0 | 0.829193 |
| 22406.0 | 0.829109 |
| 22408.0 | 0.829108 |
| 22410.0 | 0.829133 |
| 22412.0 | 0.829232 |
| 22414.0 | 0.829224 |
| 22416.0 | 0.828961 |
| 22418.0 | 0.829116 |
| 22420.0 | 0.829074 |
| 22422.0 | 0.829076 |
| 22424.0 | 0.829076 |
| 22426.0 | 0.829087 |
| 22428.0 | 0.829087 |
| 22430.0 | 0.829171 |
| 22432.0 | 0.829104 |
| 22434.0 | 0.829287 |
| 22436.0 | 0.829355 |
| 22438.0 | 0.829249 |
| 22440.0 | 0.829344 |
| 22442.0 | 0.829311 |
| 22444.0 | 0.829485 |
| 22446.0 | 0.829187 |
| 22448.0 | 0.829453 |
| 22450.0 | 0.829295 |
| 22452.0 | 0.829531 |
| 22454.0 | 0.829427 |
| 22456.0 | 0.829534 |
| 22458.0 | 0.829502 |
| 22460.0 | 0.829705 |
| 22462.0 | 0.829634 |
| 22464.0 | 0.829782 |
| 22466.0 |  0.82982 |
| 22468.0 | 0.829839 |
| 22470.0 | 0.829837 |
| 22472.0 | 0.829806 |
| 22474.0 | 0.830003 |
| 22476.0 | 0.829982 |
| 22478.0 | 0.829939 |
| 22480.0 | 0.830145 |
| 22482.0 | 0.829912 |
| 22484.0 | 0.830317 |
| 22486.0 | 0.830214 |
| 22488.0 |  0.83033 |
| 22490.0 | 0.830371 |
| 22492.0 | 0.830375 |
| 22494.0 | 0.830486 |
| 22496.0 | 0.830518 |
| 22498.0 | 0.830647 |
| 22500.0 |  0.83072 |
| 22502.0 | 0.830703 |
| 22504.0 | 0.830742 |
| 22506.0 | 0.830806 |
| 22508.0 | 0.830989 |
| 22510.0 | 0.830976 |
| 22512.0 | 0.831048 |
| 22514.0 | 0.831174 |
| 22516.0 | 0.831182 |
| 22518.0 | 0.831272 |
| 22520.0 | 0.831384 |
| 22522.0 | 0.831519 |
| 22524.0 | 0.831499 |
| 22526.0 | 0.831427 |
| 22528.0 | 0.831684 |
| 22530.0 | 0.831666 |
| 22532.0 | 0.831789 |
| 22534.0 | 0.831831 |
| 22536.0 | 0.831862 |
| 22538.0 | 0.832144 |
| 22540.0 |  0.83202 |
| 22542.0 | 0.832196 |
| 22544.0 | 0.832242 |
| 22546.0 | 0.832362 |
| 22548.0 | 0.832649 |
| 22550.0 | 0.832505 |
| 22552.0 | 0.832522 |
| 22554.0 | 0.832613 |
| 22556.0 | 0.832714 |
| 22558.0 | 0.833053 |
| 22560.0 | 0.832901 |
| 22562.0 | 0.833187 |
| 22564.0 | 0.833335 |
| 22566.0 | 0.833245 |
| 22568.0 | 0.833451 |
| 22570.0 | 0.833485 |
| 22572.0 | 0.833721 |
| 22574.0 | 0.833729 |
| 22576.0 | 0.833877 |
| 22578.0 | 0.833931 |
| 22580.0 | 0.834205 |
| 22582.0 | 0.834071 |
| 22584.0 | 0.834165 |
| 22586.0 | 0.834522 |
| 22588.0 | 0.834388 |
| 22590.0 | 0.834748 |
| 22592.0 | 0.834892 |
| 22594.0 | 0.834859 |
| 22596.0 | 0.835049 |
| 22598.0 | 0.835009 |
| 22600.0 |  0.83517 |
| 22602.0 | 0.835332 |
| 22604.0 |  0.83567 |
| 22606.0 | 0.835715 |
| 22608.0 | 0.835564 |
| 22610.0 |  0.83579 |
| 22612.0 | 0.835897 |
| 22614.0 | 0.836178 |
| 22616.0 | 0.836216 |
| 22618.0 | 0.836396 |
| 22620.0 | 0.836531 |
| 22622.0 | 0.836625 |
| 22624.0 | 0.836777 |
| 22626.0 | 0.837178 |
| 22628.0 |  0.83717 |
| 22630.0 | 0.837175 |
| 22632.0 | 0.837418 |
| 22634.0 | 0.837661 |
| 22636.0 | 0.837782 |
| 22638.0 |  0.83783 |
| 22640.0 | 0.837993 |
| 22642.0 | 0.838091 |
| 22644.0 | 0.838354 |
| 22646.0 | 0.838396 |
| 22648.0 | 0.838524 |
| 22650.0 | 0.838795 |
| 22652.0 | 0.838981 |
| 22654.0 | 0.839097 |
| 22656.0 | 0.839264 |
| 22658.0 | 0.839472 |
| 22660.0 | 0.839804 |
| 22662.0 | 0.839773 |
| 22664.0 | 0.840001 |
| 22666.0 | 0.840079 |
| 22668.0 |  0.84022 |
| 22670.0 | 0.840518 |
| 22672.0 |  0.84069 |
| 22674.0 | 0.840864 |
| 22676.0 |  0.84083 |
| 22678.0 | 0.841124 |
| 22680.0 | 0.841334 |
| 22682.0 | 0.841464 |
| 22684.0 | 0.841482 |
| 22686.0 | 0.841695 |
| 22688.0 |  0.84183 |
| 22690.0 | 0.841938 |
| 22692.0 |  0.84233 |
| 22694.0 | 0.842447 |
| 22696.0 | 0.842558 |
| 22698.0 | 0.842743 |
| 22700.0 | 0.842991 |
| 22702.0 | 0.843045 |
| 22704.0 | 0.843285 |
| 22706.0 | 0.843532 |
| 22708.0 | 0.843541 |
| 22710.0 | 0.843995 |
| 22712.0 | 0.843938 |
| 22714.0 | 0.844176 |
| 22716.0 | 0.844178 |
| 22718.0 | 0.844472 |
| 22720.0 | 0.844554 |
| 22722.0 | 0.844799 |
| 22724.0 | 0.845041 |
| 22726.0 | 0.845204 |
| 22728.0 |  0.84527 |
| 22730.0 | 0.845441 |
| 22732.0 | 0.845513 |
| 22734.0 | 0.845797 |
| 22736.0 | 0.845966 |
| 22738.0 | 0.846159 |
| 22740.0 |  0.84639 |
| 22742.0 | 0.846592 |
| 22744.0 | 0.846669 |
| 22746.0 | 0.846824 |
| 22748.0 | 0.847027 |
| 22750.0 | 0.847306 |
| 22752.0 | 0.847629 |
| 22754.0 | 0.847601 |
| 22756.0 | 0.847838 |
| 22758.0 | 0.847895 |
| 22760.0 | 0.848137 |
| 22762.0 | 0.848196 |
| 22764.0 | 0.848412 |
| 22766.0 | 0.848755 |
| 22768.0 | 0.848782 |
| 22770.0 | 0.848976 |
| 22772.0 | 0.849197 |
| 22774.0 | 0.849479 |
| 22776.0 |   0.8493 |
| 22778.0 | 0.849649 |
| 22780.0 | 0.849916 |
| 22782.0 | 0.850003 |
| 22784.0 | 0.850101 |
| 22786.0 | 0.850265 |
| 22788.0 | 0.850556 |
| 22790.0 | 0.850787 |
| 22792.0 | 0.851093 |
| 22794.0 | 0.850882 |
| 22796.0 | 0.851261 |
| 22798.0 |  0.85127 |
| 22800.0 | 0.851597 |
| 22802.0 | 0.851639 |
| 22804.0 | 0.852031 |
| 22806.0 | 0.851994 |
| 22808.0 | 0.852272 |
| 22810.0 | 0.852332 |
| 22812.0 | 0.852521 |
| 22814.0 | 0.852795 |
| 22816.0 | 0.852967 |
| 22818.0 | 0.852939 |
| 22820.0 | 0.853214 |
| 22822.0 | 0.853381 |
| 22824.0 | 0.853553 |
| 22826.0 | 0.853595 |
| 22828.0 | 0.853857 |
| 22830.0 | 0.854006 |
| 22832.0 | 0.854285 |
| 22834.0 | 0.854407 |
| 22836.0 | 0.854432 |
| 22838.0 | 0.854715 |
| 22840.0 | 0.855113 |
| 22842.0 | 0.854945 |
| 22844.0 | 0.855142 |
| 22846.0 | 0.855273 |
| 22848.0 |  0.85551 |
| 22850.0 | 0.855565 |
| 22852.0 | 0.855738 |
| 22854.0 | 0.855828 |
| 22856.0 | 0.856148 |
| 22858.0 | 0.856086 |
| 22860.0 | 0.856199 |
| 22862.0 | 0.856357 |
| 22864.0 | 0.856461 |
| 22866.0 | 0.856747 |
| 22868.0 | 0.856915 |
| 22870.0 | 0.856974 |
| 22872.0 | 0.857156 |
| 22874.0 | 0.857341 |
| 22876.0 | 0.857468 |
| 22878.0 | 0.857654 |
| 22880.0 | 0.857813 |
| 22882.0 | 0.857804 |
| 22884.0 |  0.85795 |
| 22886.0 | 0.858136 |
| 22888.0 | 0.858043 |
| 22890.0 | 0.858453 |
| 22892.0 | 0.858641 |
| 22894.0 | 0.858584 |
| 22896.0 | 0.858905 |
| 22898.0 | 0.858885 |
| 22900.0 | 0.859096 |
| 22902.0 | 0.859007 |
| 22904.0 | 0.859203 |
| 22906.0 | 0.859205 |
| 22908.0 | 0.859412 |
| 22910.0 | 0.859463 |
| 22912.0 | 0.859545 |
| 22914.0 | 0.859739 |
| 22916.0 | 0.859746 |
| 22918.0 | 0.859878 |
| 22920.0 | 0.859942 |
| 22922.0 | 0.860199 |
| 22924.0 | 0.860172 |
| 22926.0 |  0.86026 |
| 22928.0 | 0.860389 |
| 22930.0 | 0.860735 |
| 22932.0 | 0.860681 |
| 22934.0 | 0.860888 |
| 22936.0 | 0.860714 |
| 22938.0 | 0.861031 |
| 22940.0 | 0.861158 |
| 22942.0 | 0.860954 |
| 22944.0 | 0.861135 |
| 22946.0 | 0.861339 |
| 22948.0 | 0.861379 |
| 22950.0 | 0.861276 |
| 22952.0 | 0.861611 |
| 22954.0 |  0.86137 |
| 22956.0 | 0.861582 |
| 22958.0 | 0.861695 |
| 22960.0 | 0.861656 |
| 22962.0 | 0.861809 |
| 22964.0 | 0.861787 |
| 22966.0 | 0.861861 |
| 22968.0 | 0.861896 |
| 22970.0 |  0.86192 |
| 22972.0 | 0.862057 |
| 22974.0 | 0.862127 |
| 22976.0 | 0.862146 |
| 22978.0 | 0.862418 |
| 22980.0 | 0.862101 |
| 22982.0 | 0.862235 |
| 22984.0 | 0.862257 |
| 22986.0 |  0.86229 |
| 22988.0 | 0.862246 |
| 22990.0 | 0.862304 |
| 22992.0 | 0.862475 |
| 22994.0 | 0.862304 |
| 22996.0 | 0.862475 |
| 22998.0 | 0.862407 |
| 23000.0 | 0.862489 |
| 23002.0 | 0.862378 |
| 23004.0 | 0.862552 |
| 23006.0 | 0.862484 |
| 23008.0 | 0.862443 |
| 23010.0 | 0.862418 |
| 23012.0 | 0.862348 |
| 23014.0 | 0.862388 |
| 23016.0 | 0.862551 |
| 23018.0 |  0.86241 |
| 23020.0 | 0.862269 |
| 23022.0 | 0.862462 |
| 23024.0 | 0.862287 |
| 23026.0 | 0.862476 |
| 23028.0 | 0.862543 |
| 23030.0 | 0.862323 |
| 23032.0 | 0.862344 |
| 23034.0 | 0.862414 |
| 23036.0 | 0.862251 |
| 23038.0 | 0.862285 |
| 23040.0 | 0.862293 |
| 23042.0 | 0.862266 |
| 23044.0 | 0.862143 |
| 23046.0 | 0.862002 |
| 23048.0 | 0.862101 |
| 23050.0 | 0.861982 |
| 23052.0 | 0.861905 |
| 23054.0 |  0.86175 |
| 23056.0 | 0.861881 |
| 23058.0 | 0.861767 |
| 23060.0 | 0.861747 |
| 23062.0 | 0.861437 |
| 23064.0 | 0.861552 |
| 23066.0 |  0.86144 |
| 23068.0 |  0.86139 |
| 23070.0 | 0.861237 |
| 23072.0 | 0.861206 |
| 23074.0 | 0.861145 |
| 23076.0 | 0.861011 |
| 23078.0 | 0.860997 |
| 23080.0 | 0.860764 |
| 23082.0 | 0.860836 |
| 23084.0 | 0.860663 |
| 23086.0 | 0.860614 |
| 23088.0 | 0.860346 |
| 23090.0 | 0.860478 |
| 23092.0 | 0.860379 |
| 23094.0 | 0.860244 |
| 23096.0 | 0.860023 |
| 23098.0 | 0.859793 |
| 23100.0 | 0.859778 |
| 23102.0 | 0.859648 |
| 23104.0 | 0.859662 |
| 23106.0 | 0.859441 |
| 23108.0 |  0.85909 |
| 23110.0 | 0.859112 |
| 23112.0 | 0.858998 |
| 23114.0 | 0.858851 |
| 23116.0 | 0.858615 |
| 23118.0 |  0.85845 |
| 23120.0 | 0.858532 |
| 23122.0 | 0.858425 |
| 23124.0 | 0.858246 |
| 23126.0 |  0.85803 |
| 23128.0 |  0.85804 |
| 23130.0 | 0.857804 |
| 23132.0 | 0.857483 |
| 23134.0 | 0.857337 |
| 23136.0 | 0.857263 |
| 23138.0 | 0.857062 |
| 23140.0 | 0.856954 |
| 23142.0 | 0.856725 |
| 23144.0 | 0.856741 |
| 23146.0 | 0.856513 |
| 23148.0 | 0.856331 |
| 23150.0 | 0.855923 |
| 23152.0 | 0.855942 |
| 23154.0 | 0.855797 |
| 23156.0 | 0.855383 |
| 23158.0 | 0.855398 |
| 23160.0 | 0.855241 |
| 23162.0 | 0.854954 |
| 23164.0 | 0.854823 |
| 23166.0 | 0.854537 |
| 23168.0 | 0.854417 |
| 23170.0 | 0.854275 |
| 23172.0 | 0.853964 |
| 23174.0 | 0.853789 |
| 23176.0 | 0.853415 |
| 23178.0 | 0.853477 |
| 23180.0 | 0.853191 |
| 23182.0 | 0.852961 |
| 23184.0 | 0.852724 |
| 23186.0 |  0.85245 |
| 23188.0 | 0.852138 |
| 23190.0 | 0.851871 |
| 23192.0 | 0.851806 |
| 23194.0 | 0.851645 |
| 23196.0 | 0.851267 |
| 23198.0 | 0.850936 |
| 23200.0 | 0.850785 |
| 23202.0 |  0.85051 |
| 23204.0 | 0.850269 |
| 23206.0 | 0.850179 |
| 23208.0 | 0.850036 |
| 23210.0 | 0.849666 |
| 23212.0 | 0.849614 |
| 23214.0 | 0.849424 |
| 23216.0 | 0.849032 |
| 23218.0 | 0.848621 |
| 23220.0 | 0.848439 |
| 23222.0 | 0.848232 |
| 23224.0 | 0.848007 |
| 23226.0 | 0.847668 |
| 23228.0 | 0.847554 |
| 23230.0 | 0.847179 |
| 23232.0 | 0.846893 |
| 23234.0 | 0.846625 |
| 23236.0 | 0.846489 |
| 23238.0 |  0.84621 |
| 23240.0 | 0.845998 |
| 23242.0 | 0.845857 |
| 23244.0 | 0.845278 |
| 23246.0 | 0.845298 |
| 23248.0 | 0.845066 |
| 23250.0 |  0.84457 |
| 23252.0 | 0.844578 |
| 23254.0 | 0.844154 |
| 23256.0 | 0.843961 |
| 23258.0 |   0.8437 |
| 23260.0 |   0.8432 |
| 23262.0 | 0.843241 |
| 23264.0 | 0.842847 |
| 23266.0 | 0.842621 |
| 23268.0 | 0.842304 |
| 23270.0 | 0.841996 |
| 23272.0 | 0.842019 |
| 23274.0 |  0.84157 |
| 23276.0 | 0.841298 |
| 23278.0 | 0.841317 |
| 23280.0 | 0.840896 |
| 23282.0 | 0.840702 |
| 23284.0 | 0.840215 |
| 23286.0 | 0.840066 |
| 23288.0 | 0.839704 |
| 23290.0 | 0.839612 |
| 23292.0 | 0.839177 |
| 23294.0 | 0.839081 |
| 23296.0 | 0.838588 |
| 23298.0 | 0.838357 |
| 23300.0 | 0.838166 |
| 23302.0 | 0.837975 |
| 23304.0 | 0.837647 |
| 23306.0 | 0.837403 |
| 23308.0 | 0.837108 |
| 23310.0 | 0.836907 |
| 23312.0 | 0.836538 |
| 23314.0 | 0.836294 |
| 23316.0 |   0.8361 |
| 23318.0 | 0.835895 |
| 23320.0 | 0.835566 |
| 23322.0 | 0.835313 |
| 23324.0 | 0.835255 |
| 23326.0 |  0.83501 |
| 23328.0 | 0.834741 |
| 23330.0 | 0.834546 |
| 23332.0 |  0.83433 |
| 23334.0 | 0.833992 |
| 23336.0 | 0.833933 |
| 23338.0 | 0.833699 |
| 23340.0 | 0.833216 |
| 23342.0 | 0.833019 |
| 23344.0 | 0.832877 |
| 23346.0 | 0.832713 |
| 23348.0 | 0.832439 |
| 23350.0 | 0.832409 |
| 23352.0 | 0.832091 |
| 23354.0 |  0.83189 |
| 23356.0 | 0.831569 |
| 23358.0 | 0.831286 |
| 23360.0 | 0.831218 |
| 23362.0 | 0.831066 |
| 23364.0 | 0.830872 |
| 23366.0 | 0.830627 |
| 23368.0 | 0.830504 |
| 23370.0 |  0.83028 |
| 23372.0 |   0.8301 |
| 23374.0 | 0.829732 |
| 23376.0 | 0.829572 |
| 23378.0 | 0.829342 |
| 23380.0 | 0.829257 |
| 23382.0 | 0.828982 |
| 23384.0 |  0.82896 |
| 23386.0 | 0.828703 |
| 23388.0 | 0.828586 |
| 23390.0 | 0.828325 |
| 23392.0 | 0.828206 |
| 23394.0 | 0.828112 |
| 23396.0 |  0.82786 |
| 23398.0 | 0.827676 |
| 23400.0 | 0.827501 |
| 23402.0 | 0.827318 |
| 23404.0 | 0.827244 |
| 23406.0 | 0.827034 |
| 23408.0 | 0.826911 |
| 23410.0 | 0.826903 |
| 23412.0 | 0.826692 |
| 23414.0 | 0.826577 |
| 23416.0 | 0.826518 |
| 23418.0 | 0.826283 |
| 23420.0 |  0.82631 |
| 23422.0 | 0.826198 |
| 23424.0 | 0.826044 |
| 23426.0 | 0.826003 |
| 23428.0 | 0.826089 |
| 23430.0 | 0.825791 |
| 23432.0 | 0.825798 |
| 23434.0 | 0.825627 |
| 23436.0 | 0.825378 |
| 23438.0 | 0.825659 |
| 23440.0 | 0.825444 |
| 23442.0 | 0.825462 |
| 23444.0 |  0.82529 |
| 23446.0 | 0.825193 |
| 23448.0 | 0.825268 |
| 23450.0 |  0.82518 |
| 23452.0 | 0.825113 |
| 23454.0 | 0.825328 |
| 23456.0 | 0.825183 |
| 23458.0 | 0.825153 |
| 23460.0 |  0.82506 |
| 23462.0 | 0.825047 |
| 23464.0 | 0.825041 |
| 23466.0 | 0.824904 |
| 23468.0 | 0.824947 |
| 23470.0 |  0.82507 |
| 23472.0 | 0.824986 |
| 23474.0 | 0.824993 |
| 23476.0 | 0.824952 |
| 23478.0 | 0.824886 |
| 23480.0 | 0.825079 |
| 23482.0 | 0.825295 |
| 23484.0 |  0.82523 |
| 23486.0 | 0.825257 |
| 23488.0 | 0.825313 |
| 23490.0 | 0.825379 |
| 23492.0 |  0.82544 |
| 23494.0 | 0.825455 |
| 23496.0 | 0.825472 |
| 23498.0 |  0.82563 |
| 23500.0 | 0.825653 |
| 23502.0 | 0.825741 |
| 23504.0 | 0.825957 |
| 23506.0 | 0.826028 |
| 23508.0 | 0.826217 |
| 23510.0 | 0.826424 |
| 23512.0 | 0.826476 |
| 23514.0 | 0.826489 |
| 23516.0 | 0.826572 |
| 23518.0 | 0.826623 |
| 23520.0 | 0.827041 |
| 23522.0 | 0.827074 |
| 23524.0 |  0.82723 |
| 23526.0 | 0.827385 |
| 23528.0 | 0.827443 |
| 23530.0 | 0.827642 |
| 23532.0 | 0.827809 |
| 23534.0 |  0.82809 |
| 23536.0 |  0.82831 |
| 23538.0 | 0.828414 |
| 23540.0 | 0.828757 |
| 23542.0 | 0.828869 |
| 23544.0 |  0.82909 |
| 23546.0 | 0.829181 |
| 23548.0 |  0.82939 |
| 23550.0 |  0.82951 |
| 23552.0 |  0.82986 |
| 23554.0 |  0.83005 |
| 23556.0 | 0.830367 |
| 23558.0 | 0.830822 |
| 23560.0 | 0.830822 |
| 23562.0 | 0.831076 |
| 23564.0 | 0.831669 |
| 23566.0 | 0.831785 |
| 23568.0 |  0.83206 |
| 23570.0 | 0.832311 |
| 23572.0 | 0.832404 |
| 23574.0 | 0.832794 |
| 23576.0 | 0.833175 |
| 23578.0 |  0.83347 |
| 23580.0 | 0.833828 |
| 23582.0 | 0.834122 |
| 23584.0 | 0.834394 |
| 23586.0 | 0.834558 |
| 23588.0 | 0.834933 |
| 23590.0 | 0.835409 |
| 23592.0 | 0.835655 |
| 23594.0 | 0.836095 |
| 23596.0 | 0.836376 |
| 23598.0 | 0.836575 |
| 23600.0 | 0.836895 |
| 23602.0 | 0.837184 |
| 23604.0 | 0.837649 |
| 23606.0 |  0.83812 |
| 23608.0 | 0.838292 |
| 23610.0 | 0.838635 |
| 23612.0 | 0.839046 |
| 23614.0 | 0.839412 |
| 23616.0 | 0.839897 |
| 23618.0 | 0.840172 |
| 23620.0 | 0.840595 |
| 23622.0 | 0.840999 |
| 23624.0 | 0.841349 |
| 23626.0 | 0.841525 |
| 23628.0 | 0.841938 |
| 23630.0 | 0.842441 |
| 23632.0 | 0.842745 |
| 23634.0 | 0.843108 |
| 23636.0 | 0.843508 |
| 23638.0 | 0.843995 |
| 23640.0 |  0.84439 |
| 23642.0 | 0.844493 |
| 23644.0 | 0.844948 |
| 23646.0 | 0.845601 |
| 23648.0 | 0.845794 |
| 23650.0 | 0.846227 |
| 23652.0 | 0.846369 |
| 23654.0 | 0.846805 |
| 23656.0 | 0.847258 |
| 23658.0 | 0.847465 |
| 23660.0 | 0.848011 |
| 23662.0 | 0.848184 |
| 23664.0 | 0.848593 |
| 23666.0 | 0.849044 |
| 23668.0 | 0.849493 |
| 23670.0 | 0.849653 |
| 23672.0 | 0.850059 |
| 23674.0 | 0.850274 |
| 23676.0 | 0.850689 |
| 23678.0 | 0.850971 |
| 23680.0 | 0.851225 |
| 23682.0 | 0.851261 |
| 23684.0 | 0.851759 |
| 23686.0 | 0.851993 |
| 23688.0 |  0.85228 |
| 23690.0 | 0.852625 |
| 23692.0 | 0.852863 |
| 23694.0 | 0.853024 |
| 23696.0 |  0.85311 |
| 23698.0 | 0.853607 |
| 23700.0 | 0.853683 |
| 23702.0 | 0.853901 |
| 23704.0 | 0.854284 |
| 23706.0 | 0.854229 |
| 23708.0 | 0.854172 |
| 23710.0 | 0.854622 |
| 23712.0 | 0.854621 |
| 23714.0 | 0.854648 |
| 23716.0 | 0.855042 |
| 23718.0 | 0.854883 |
| 23720.0 | 0.855007 |
| 23722.0 | 0.855141 |
| 23724.0 | 0.854969 |
| 23726.0 | 0.855197 |
| 23728.0 | 0.855168 |
| 23730.0 | 0.854944 |
| 23732.0 | 0.854771 |
| 23734.0 | 0.854858 |
| 23736.0 |  0.85481 |
| 23738.0 | 0.854538 |
| 23740.0 | 0.854631 |
| 23742.0 | 0.854218 |
| 23744.0 | 0.853844 |
| 23746.0 | 0.853676 |
| 23748.0 |  0.85367 |
| 23750.0 | 0.852965 |
| 23752.0 | 0.852915 |
| 23754.0 | 0.852381 |
| 23756.0 | 0.852188 |
| 23758.0 | 0.851618 |
| 23760.0 | 0.851412 |
| 23762.0 | 0.850776 |
| 23764.0 |  0.85022 |
| 23766.0 | 0.849754 |
| 23768.0 | 0.849181 |
| 23770.0 | 0.848581 |
| 23772.0 | 0.847889 |
| 23774.0 | 0.847321 |
| 23776.0 | 0.846322 |
| 23778.0 | 0.845732 |
| 23780.0 | 0.844736 |
| 23782.0 | 0.843938 |
| 23784.0 | 0.842952 |
| 23786.0 | 0.842311 |
| 23788.0 | 0.841274 |
| 23790.0 | 0.840182 |
| 23792.0 | 0.839257 |
| 23794.0 | 0.837955 |
| 23796.0 | 0.837341 |
| 23798.0 | 0.835857 |
| 23800.0 |  0.83463 |
| 23802.0 | 0.833062 |
| 23804.0 | 0.832099 |
| 23806.0 | 0.830539 |
| 23808.0 | 0.829335 |
| 23810.0 | 0.827474 |
| 23812.0 |  0.82648 |
| 23814.0 | 0.824553 |
| 23816.0 | 0.823132 |
| 23818.0 | 0.821348 |
| 23820.0 | 0.819463 |
| 23822.0 | 0.817952 |
| 23824.0 | 0.815581 |
| 23826.0 | 0.814258 |
| 23828.0 | 0.811859 |
| 23830.0 | 0.810279 |
| 23832.0 | 0.807895 |
| 23834.0 | 0.806067 |
| 23836.0 | 0.803432 |
| 23838.0 | 0.801597 |
| 23840.0 | 0.799212 |
| 23842.0 | 0.796971 |
| 23844.0 | 0.794468 |
| 23846.0 |  0.79205 |
| 23848.0 | 0.789688 |
| 23850.0 | 0.786907 |
| 23852.0 | 0.784768 |
| 23854.0 | 0.781588 |
| 23856.0 | 0.779194 |
| 23858.0 | 0.775882 |
| 23860.0 | 0.773511 |
| 23862.0 | 0.770334 |
| 23864.0 |  0.76764 |
| 23866.0 |  0.76412 |
| 23868.0 | 0.761629 |
| 23870.0 |  0.75817 |
| 23872.0 | 0.754748 |
| 23874.0 |  0.75175 |
| 23876.0 | 0.748349 |
| 23878.0 | 0.745294 |
| 23880.0 | 0.741604 |
| 23882.0 |  0.73865 |
| 23884.0 | 0.734468 |
| 23886.0 | 0.731443 |
| 23888.0 | 0.727032 |
| 23890.0 | 0.723705 |
| 23892.0 | 0.719479 |
| 23894.0 | 0.716151 |
| 23896.0 | 0.711999 |
| 23898.0 | 0.708495 |
| 23900.0 | 0.704662 |
| 23902.0 | 0.700482 |
| 23904.0 | 0.696743 |
| 23906.0 | 0.692043 |
| 23908.0 |   0.6884 |
| 23910.0 | 0.683535 |
| 23912.0 |  0.68004 |
| 23914.0 | 0.675238 |
| 23916.0 | 0.671547 |
| 23918.0 | 0.666513 |
| 23920.0 | 0.662592 |
| 23922.0 | 0.657731 |
| 23924.0 | 0.653397 |
| 23926.0 | 0.648758 |
| 23928.0 | 0.643896 |
| 23930.0 | 0.639604 |
| 23932.0 | 0.634652 |
| 23934.0 | 0.630749 |
| 23936.0 |  0.62569 |
| 23938.0 | 0.621073 |
| 23940.0 | 0.615472 |
| 23942.0 | 0.611456 |
| 23944.0 |  0.60608 |
| 23946.0 | 0.602169 |
| 23948.0 | 0.596542 |
| 23950.0 | 0.592171 |
| 23952.0 | 0.587171 |
| 23954.0 | 0.582501 |
| 23956.0 | 0.577586 |
| 23958.0 |  0.57221 |
| 23960.0 | 0.567681 |
| 23962.0 | 0.562111 |
| 23964.0 | 0.557795 |
| 23966.0 | 0.552086 |
| 23968.0 | 0.548236 |
| 23970.0 | 0.542298 |
| 23972.0 | 0.538065 |
| 23974.0 | 0.532108 |
| 23976.0 | 0.528117 |
| 23978.0 | 0.522475 |
| 23980.0 | 0.517391 |
| 23982.0 | 0.512376 |
| 23984.0 | 0.507671 |
| 23986.0 | 0.503116 |
| 23988.0 | 0.497634 |
| 23990.0 | 0.492947 |
| 23992.0 | 0.487122 |
| 23994.0 | 0.482966 |
| 23996.0 | 0.477225 |
| 23998.0 | 0.473228 |
| 24000.0 | 0.467072 |
| 24002.0 | 0.463248 |
| 24004.0 | 0.458032 |
| 24006.0 | 0.453483 |
| 24008.0 | 0.448255 |
| 24010.0 | 0.443557 |
| 24012.0 |  0.43884 |
| 24014.0 | 0.433288 |
| 24016.0 | 0.429294 |
| 24018.0 | 0.424033 |
| 24020.0 | 0.419814 |
| 24022.0 | 0.414417 |
| 24024.0 | 0.410404 |
| 24026.0 | 0.404972 |
| 24028.0 | 0.401085 |
| 24030.0 | 0.395507 |
| 24032.0 | 0.391538 |
| 24034.0 | 0.386964 |
| 24036.0 | 0.382541 |
| 24038.0 | 0.378219 |
| 24040.0 | 0.373331 |
| 24042.0 | 0.369183 |
| 24044.0 | 0.364324 |
| 24046.0 |  0.36011 |
| 24048.0 | 0.355223 |
| 24050.0 | 0.351664 |
| 24052.0 | 0.346769 |
| 24054.0 | 0.343014 |
| 24056.0 | 0.338225 |
| 24058.0 | 0.334584 |
| 24060.0 | 0.330189 |
| 24062.0 | 0.325891 |
| 24064.0 |  0.32198 |
| 24066.0 | 0.317876 |
| 24068.0 | 0.314149 |
| 24070.0 |  0.30962 |
| 24072.0 | 0.306172 |
| 24074.0 | 0.301762 |
| 24076.0 | 0.298335 |
| 24078.0 | 0.293812 |
| 24080.0 |  0.29039 |
| 24082.0 | 0.286233 |
| 24084.0 | 0.283133 |
| 24086.0 | 0.279129 |
| 24088.0 | 0.275792 |
| 24090.0 |  0.27219 |
| 24092.0 | 0.268375 |
| 24094.0 | 0.265139 |
| 24096.0 | 0.261376 |
| 24098.0 | 0.258233 |
| 24100.0 | 0.254462 |
| 24102.0 | 0.251377 |
| 24104.0 | 0.247542 |
| 24106.0 | 0.244919 |
| 24108.0 | 0.241333 |
| 24110.0 | 0.238495 |
| 24112.0 | 0.234753 |
| 24114.0 | 0.231933 |
| 24116.0 | 0.228694 |
| 24118.0 | 0.225627 |
| 24120.0 | 0.222904 |
| 24122.0 | 0.219835 |
| 24124.0 | 0.217007 |
| 24126.0 | 0.213786 |
| 24128.0 | 0.211287 |
| 24130.0 | 0.208128 |
| 24132.0 | 0.205541 |
| 24134.0 | 0.202409 |
| 24136.0 | 0.200047 |
| 24138.0 | 0.197001 |
| 24140.0 | 0.194641 |
| 24142.0 | 0.191912 |
| 24144.0 | 0.189516 |
| 24146.0 | 0.186581 |
| 24148.0 | 0.183955 |
| 24150.0 | 0.181629 |
| 24152.0 |  0.17892 |
| 24154.0 | 0.176778 |
| 24156.0 | 0.174012 |
| 24158.0 | 0.172084 |
| 24160.0 | 0.169356 |
| 24162.0 | 0.167188 |
| 24164.0 |  0.16464 |
| 24166.0 | 0.162696 |
| 24168.0 | 0.160339 |
| 24170.0 | 0.158246 |
| 24172.0 | 0.156089 |
| 24174.0 | 0.153845 |
| 24176.0 | 0.152007 |
| 24178.0 | 0.149644 |
| 24180.0 | 0.147828 |
| 24182.0 | 0.145489 |
| 24184.0 | 0.143739 |
| 24186.0 |  0.14151 |
| 24188.0 | 0.139646 |
| 24190.0 |  0.13755 |
| 24192.0 | 0.135901 |
| 24194.0 | 0.133844 |
| 24196.0 | 0.132361 |
| 24198.0 | 0.130338 |
| 24200.0 | 0.128387 |
| 24202.0 |  0.12678 |
| 24204.0 | 0.124906 |
| 24206.0 | 0.123346 |
| 24208.0 | 0.121509 |
| 24210.0 | 0.119911 |
| 24212.0 |  0.11821 |
| 24214.0 | 0.116747 |
| 24216.0 | 0.114899 |
| 24218.0 | 0.113611 |
| 24220.0 | 0.111877 |
| 24222.0 | 0.110613 |
| 24224.0 | 0.108964 |
| 24226.0 | 0.107562 |
| 24228.0 | 0.106167 |
| 24230.0 |  0.10459 |
| 24232.0 | 0.103113 |
| 24234.0 | 0.101708 |
| 24236.0 | 0.100576 |
| 24238.0 | 0.098936 |
| 24240.0 |  0.09783 |
| 24242.0 |  0.09614 |
| 24244.0 | 0.095161 |
| 24246.0 | 0.093682 |
| 24248.0 | 0.092679 |
| 24250.0 | 0.091166 |
| 24252.0 | 0.090038 |
| 24254.0 | 0.088874 |
| 24256.0 |  0.08764 |
| 24258.0 | 0.086619 |
| 24260.0 | 0.085303 |
| 24262.0 | 0.084252 |
| 24264.0 | 0.082944 |
| 24266.0 | 0.081953 |
| 24268.0 | 0.080695 |
| 24270.0 | 0.079765 |
| 24272.0 | 0.078644 |
| 24274.0 | 0.077855 |
| 24276.0 | 0.076617 |
| 24278.0 |  0.07576 |
| 24280.0 | 0.074763 |
| 24282.0 | 0.073759 |
| 24284.0 | 0.072659 |
| 24286.0 | 0.071647 |
| 24288.0 | 0.070902 |
| 24290.0 | 0.069799 |
| 24292.0 | 0.068929 |
| 24294.0 | 0.068005 |
| 24296.0 | 0.067145 |
| 24298.0 | 0.066296 |
| 24300.0 | 0.065465 |
| 24302.0 | 0.064491 |
| 24304.0 | 0.063855 |
| 24306.0 | 0.062798 |
| 24308.0 | 0.062103 |
| 24310.0 | 0.061351 |
| 24312.0 | 0.060498 |
| 24314.0 | 0.059867 |
| 24316.0 | 0.058895 |
| 24318.0 | 0.058216 |
| 24320.0 | 0.057351 |
| 24322.0 | 0.056763 |
| 24324.0 | 0.055881 |
| 24326.0 | 0.055172 |
| 24328.0 | 0.054599 |
| 24330.0 | 0.053931 |
| 24332.0 | 0.053245 |
| 24334.0 | 0.052593 |
| 24336.0 | 0.051772 |
| 24338.0 | 0.051111 |
| 24340.0 | 0.050598 |
| 24342.0 | 0.049754 |
| 24344.0 | 0.049258 |
| 24346.0 | 0.048495 |
| 24348.0 | 0.048092 |
| 24350.0 | 0.047315 |
| 24352.0 | 0.046815 |
| 24354.0 | 0.046104 |
| 24356.0 | 0.045597 |
| 24358.0 | 0.044974 |
| 24360.0 | 0.044385 |
| 24362.0 | 0.043802 |
| 24364.0 |  0.04327 |
| 24366.0 | 0.042774 |
| 24368.0 | 0.042268 |
| 24370.0 | 0.041714 |
| 24372.0 | 0.041145 |
| 24374.0 | 0.040756 |
| 24376.0 | 0.040187 |
| 24378.0 | 0.039592 |
| 24380.0 | 0.039059 |
| 24382.0 |  0.03871 |
| 24384.0 | 0.038226 |
| 24386.0 | 0.037792 |
| 24388.0 |  0.03725 |
| 24390.0 | 0.036813 |
| 24392.0 | 0.036442 |
| 24394.0 | 0.035959 |
| 24396.0 | 0.035453 |
| 24398.0 | 0.035112 |
| 24400.0 | 0.034736 |
| 24402.0 | 0.034151 |
| 24404.0 | 0.033844 |
| 24406.0 | 0.033397 |
| 24408.0 | 0.033008 |
| 24410.0 |  0.03256 |
| 24412.0 | 0.032219 |
| 24414.0 | 0.031874 |
| 24416.0 | 0.031445 |
| 24418.0 | 0.031032 |
| 24420.0 | 0.030692 |
| 24422.0 |  0.03038 |
| 24424.0 | 0.029861 |
| 24426.0 | 0.029596 |
| 24428.0 | 0.029139 |
| 24430.0 | 0.028917 |
| 24432.0 | 0.028458 |
| 24434.0 | 0.028201 |
| 24436.0 | 0.027829 |
| 24438.0 | 0.027539 |
| 24440.0 | 0.027166 |
| 24442.0 | 0.026947 |
| 24444.0 | 0.026544 |
| 24446.0 | 0.026271 |
| 24448.0 | 0.025961 |
| 24450.0 | 0.025591 |
| 24452.0 | 0.025303 |
| 24454.0 | 0.024971 |
| 24456.0 | 0.024967 |
| 24458.0 | 0.024412 |
| 24460.0 | 0.024172 |
| 24462.0 | 0.023857 |
| 24464.0 | 0.023538 |
| 24466.0 | 0.023283 |
| 24468.0 |  0.02308 |
| 24470.0 | 0.022785 |
| 24472.0 | 0.022525 |
| 24474.0 | 0.022161 |
| 24476.0 | 0.022025 |
| 24478.0 | 0.021805 |
| 24480.0 | 0.021473 |
| 24482.0 | 0.021185 |
| 24484.0 | 0.020926 |
| 24486.0 | 0.020819 |
| 24488.0 | 0.020525 |
| 24490.0 | 0.020308 |
| 24492.0 | 0.020031 |
| 24494.0 | 0.019822 |
| 24496.0 | 0.019565 |
| 24498.0 | 0.019385 |
| 24500.0 | 0.019218 |
| 24502.0 | 0.018943 |
| 24504.0 | 0.018678 |
| 24506.0 | 0.018459 |
| 24508.0 | 0.018352 |
| 24510.0 | 0.018096 |
| 24512.0 | 0.017977 |
| 24514.0 | 0.017702 |
| 24516.0 | 0.017445 |
| 24518.0 | 0.017215 |
| 24520.0 |   0.0171 |
| 24522.0 | 0.016862 |
| 24524.0 | 0.016767 |
| 24526.0 | 0.016556 |
| 24528.0 | 0.016246 |
| 24530.0 | 0.016206 |
| 24532.0 | 0.015906 |
| 24534.0 | 0.015811 |
| 24536.0 | 0.015584 |
| 24538.0 | 0.015485 |
| 24540.0 |  0.01536 |
| 24542.0 | 0.015178 |
| 24544.0 | 0.014823 |
| 24546.0 | 0.014721 |
| 24548.0 | 0.014548 |
| 24550.0 | 0.014502 |
| 24552.0 | 0.014316 |
| 24554.0 | 0.014032 |
| 24556.0 | 0.014035 |
| 24558.0 | 0.013822 |
| 24560.0 | 0.013716 |
| 24562.0 | 0.013513 |
| 24564.0 | 0.013408 |
| 24566.0 | 0.013303 |
| 24568.0 | 0.013182 |
| 24570.0 | 0.012997 |
| 24572.0 | 0.012901 |
| 24574.0 | 0.012604 |
| 24576.0 | 0.012607 |
| 24578.0 | 0.012395 |
| 24580.0 | 0.012168 |
| 24582.0 | 0.012149 |
| 24584.0 | 0.012245 |
| 24586.0 | 0.011968 |
| 24588.0 |  0.01178 |
| 24590.0 | 0.011616 |
| 24592.0 | 0.011468 |
| 24594.0 | 0.011605 |
| 24596.0 | 0.011342 |
| 24598.0 | 0.011005 |
| 24600.0 | 0.010926 |
| 24602.0 | 0.011008 |
| 24604.0 | 0.010797 |
| 24606.0 | 0.010786 |
| 24608.0 | 0.010539 |
| 24610.0 | 0.010357 |
| 24612.0 | 0.010442 |
| 24614.0 | 0.010282 |
| 24616.0 | 0.010139 |
| 24618.0 | 0.009942 |
| 24620.0 | 0.009931 |
| 24622.0 |  0.00982 |
| 24624.0 | 0.009741 |
| 24626.0 | 0.009758 |
| 24628.0 |  0.00947 |
| 24630.0 | 0.009398 |
| 24632.0 | 0.009214 |
| 24634.0 | 0.009141 |
| 24636.0 | 0.009014 |
| 24638.0 | 0.009144 |
| 24640.0 | 0.008878 |
| 24642.0 | 0.008882 |
| 24644.0 | 0.008705 |
| 24646.0 | 0.008675 |
| 24648.0 | 0.008579 |
| 24650.0 | 0.008547 |
| 24652.0 | 0.008442 |
| 24654.0 | 0.008314 |
| 24656.0 | 0.008269 |
| 24658.0 | 0.008168 |
| 24660.0 | 0.008156 |
| 24662.0 | 0.008087 |
| 24664.0 | 0.007985 |
| 24666.0 | 0.007881 |
| 24668.0 | 0.007871 |
| 24670.0 | 0.007744 |
| 24672.0 | 0.007597 |
| 24674.0 | 0.007515 |
| 24676.0 | 0.007471 |
| 24678.0 | 0.007493 |
| 24680.0 | 0.007351 |
| 24682.0 | 0.007278 |
| 24684.0 | 0.007154 |
| 24686.0 | 0.007152 |
| 24688.0 | 0.007077 |
| 24690.0 | 0.007017 |
| 24692.0 |   0.0069 |
| 24694.0 | 0.006929 |
| 24696.0 | 0.006766 |
| 24698.0 | 0.006784 |
| 24700.0 | 0.006716 |
| 24702.0 | 0.006706 |
| 24704.0 | 0.006565 |
| 24706.0 |  0.00649 |
| 24708.0 | 0.006418 |
| 24710.0 | 0.006325 |
| 24712.0 | 0.006265 |
| 24714.0 | 0.006289 |
| 24716.0 | 0.006218 |
| 24718.0 | 0.006171 |
| 24720.0 | 0.006051 |
| 24722.0 | 0.005978 |
| 24724.0 | 0.005849 |
| 24726.0 | 0.005911 |
| 24728.0 |  0.00583 |
| 24730.0 | 0.005749 |
| 24732.0 | 0.005759 |
| 24734.0 | 0.005741 |
| 24736.0 | 0.005602 |
| 24738.0 | 0.005474 |
| 24740.0 | 0.005394 |
| 24742.0 | 0.005552 |
| 24744.0 | 0.005483 |
| 24746.0 | 0.005413 |
| 24748.0 | 0.005339 |
| 24750.0 |  0.00523 |
| 24752.0 | 0.005183 |
| 24754.0 | 0.005105 |
| 24756.0 | 0.005071 |
| 24758.0 | 0.005099 |
| 24760.0 | 0.005065 |
| 24762.0 | 0.005069 |
| 24764.0 | 0.004843 |
| 24766.0 | 0.004919 |
| 24768.0 | 0.004825 |
| 24770.0 | 0.004724 |
| 24772.0 | 0.004905 |
| 24774.0 |  0.00464 |
| 24776.0 | 0.004632 |
| 24778.0 | 0.004618 |
| 24780.0 | 0.004573 |
| 24782.0 | 0.004603 |
| 24784.0 | 0.004417 |
| 24786.0 | 0.004416 |
| 24788.0 | 0.004464 |
| 24790.0 | 0.004353 |
| 24792.0 | 0.004292 |
| 24794.0 | 0.004223 |
| 24796.0 | 0.004293 |
| 24798.0 | 0.004251 |
| 24800.0 | 0.004172 |
| 24802.0 |  0.00411 |
| 24804.0 | 0.004168 |
| 24806.0 | 0.004115 |
| 24808.0 | 0.004099 |
| 24810.0 | 0.004012 |
