# Units:
#  "lambda" is in Angstroms
#  "pass" is the contribution to the detector signal per photon
#         entering the atmosphere of Earth
# 
# Bandpass Name(s): I
# 
# Instrument: KPNO/MOSAIC
# 
# Determined by: ?
# 
# Date of determination: ?
# 
# Meaning of/Reason for default column: Only available
# 
# Notes:
# 
# NDWFS I filter curve, convolved with the transmission of the
# Mayall+MOSAIC QE+atmosphere (AM=1.0).  Arjun Dey, 2006-Feb-21,
# private communication.  Negative transmission values below 6970 A
# have been removed.
# 
# I-band filter for the NOAO Deep Wide-Field Survey.
# 
# J. Moustakas, 2008-Jul-12, NYU
| lambda |       pass |
| 6971.0 |        0.0 |
| 6972.0 |        0.0 |
| 6973.0 |        0.0 |
| 6974.0 |   0.010595 |
| 6975.0 |  0.0105938 |
| 6976.0 |  0.0158888 |
| 6977.0 |  0.0211827 |
| 6978.0 |  0.0264752 |
| 6979.0 |  0.0264721 |
| 6980.0 |  0.0317628 |
| 6981.0 |  0.0370522 |
| 6982.0 |  0.0423403 |
| 6983.0 |  0.0423352 |
| 6984.0 |  0.0476213 |
| 6985.0 |  0.0529061 |
| 6986.0 |  0.0528996 |
| 6987.0 |  0.0581824 |
| 6988.0 |  0.0634639 |
| 6989.0 |  0.0687439 |
| 6990.0 |  0.0687353 |
| 6991.0 |  0.0740133 |
| 6992.0 |  0.0792899 |
| 6993.0 |  0.0792798 |
| 6994.0 |  0.0845543 |
| 6995.0 |  0.0898274 |
| 6996.0 |   0.095099 |
| 6997.0 |   0.100369 |
| 6998.0 |   0.105638 |
| 6999.0 |   0.110905 |
| 7000.0 |   0.116171 |
| 7001.0 |   0.121435 |
| 7002.0 |   0.126698 |
| 7003.0 |    0.13196 |
| 7004.0 |   0.142497 |
| 7005.0 |   0.147755 |
| 7006.0 |   0.153011 |
| 7007.0 |   0.163541 |
| 7008.0 |   0.168794 |
| 7009.0 |   0.179319 |
| 7010.0 |   0.184567 |
| 7011.0 |   0.195087 |
| 7012.0 |   0.200331 |
| 7013.0 |   0.210845 |
| 7014.0 |   0.221357 |
| 7015.0 |   0.226595 |
| 7016.0 |   0.237101 |
| 7017.0 |   0.247603 |
| 7018.0 |   0.258102 |
| 7019.0 |   0.268599 |
| 7020.0 |   0.284358 |
| 7021.0 |   0.294847 |
| 7022.0 |   0.305333 |
| 7023.0 |   0.315815 |
| 7024.0 |   0.326295 |
| 7025.0 |   0.342033 |
| 7026.0 |   0.357767 |
| 7027.0 |   0.373495 |
| 7028.0 |   0.383959 |
| 7029.0 |   0.404938 |
| 7030.0 |   0.420652 |
| 7031.0 |   0.436361 |
| 7032.0 |   0.452065 |
| 7033.0 |   0.467764 |
| 7034.0 |   0.483459 |
| 7035.0 |   0.504402 |
| 7036.0 |   0.520086 |
| 7037.0 |   0.541017 |
| 7038.0 |   0.561941 |
| 7039.0 |   0.577608 |
| 7040.0 |   0.598519 |
| 7041.0 |   0.619425 |
| 7042.0 |   0.645572 |
| 7043.0 |   0.666462 |
| 7044.0 |   0.692593 |
| 7045.0 |   0.713469 |
| 7046.0 |   0.739584 |
| 7047.0 |    0.76569 |
| 7048.0 |   0.791788 |
| 7049.0 |   0.817877 |
| 7050.0 |   0.843958 |
| 7051.0 |    0.87003 |
| 7052.0 |   0.896093 |
| 7053.0 |   0.927387 |
| 7054.0 |   0.953433 |
| 7055.0 |   0.984707 |
| 7056.0 |    1.01597 |
| 7057.0 |    1.05246 |
| 7058.0 |     1.0837 |
| 7059.0 |    1.11493 |
| 7060.0 |    1.15139 |
| 7061.0 |    1.18783 |
| 7062.0 |    1.21903 |
| 7063.0 |    1.25545 |
| 7064.0 |    1.29186 |
| 7065.0 |    1.32825 |
| 7066.0 |    1.36463 |
| 7067.0 |    1.40623 |
| 7068.0 |    1.44782 |
| 7069.0 |    1.48939 |
| 7070.0 |    1.53094 |
| 7071.0 |    1.57249 |
| 7072.0 |    1.61924 |
| 7073.0 |    1.66075 |
| 7074.0 |    1.70748 |
| 7075.0 |    1.74896 |
| 7076.0 |    1.79566 |
| 7077.0 |    1.84233 |
| 7078.0 |    1.89421 |
| 7079.0 |    1.94086 |
| 7080.0 |    1.98749 |
| 7081.0 |    2.04454 |
| 7082.0 |    2.09635 |
| 7083.0 |    2.14815 |
| 7084.0 |    2.20514 |
| 7085.0 |     2.2569 |
| 7086.0 |    2.31386 |
| 7087.0 |     2.3708 |
| 7088.0 |    2.43293 |
| 7089.0 |    2.48983 |
| 7090.0 |    2.55192 |
| 7091.0 |      2.614 |
| 7092.0 |    2.67605 |
| 7093.0 |    2.74329 |
| 7094.0 |     2.8053 |
| 7095.0 |     2.8725 |
| 7096.0 |    2.93968 |
| 7097.0 |    3.00684 |
| 7098.0 |    3.07398 |
| 7099.0 |    3.14109 |
| 7100.0 |    3.20819 |
| 7101.0 |    3.28047 |
| 7102.0 |    3.35792 |
| 7103.0 |    3.43015 |
| 7104.0 |    3.50236 |
| 7105.0 |    3.57975 |
| 7106.0 |    3.65711 |
| 7107.0 |    3.73445 |
| 7108.0 |    3.81176 |
| 7109.0 |    3.88905 |
| 7110.0 |    3.97151 |
| 7111.0 |    4.05395 |
| 7112.0 |    4.13636 |
| 7113.0 |    4.21874 |
| 7114.0 |     4.3011 |
| 7115.0 |    4.38344 |
| 7116.0 |    4.47093 |
| 7117.0 |     4.5584 |
| 7118.0 |    4.64585 |
| 7119.0 |    4.73326 |
| 7120.0 |    4.82065 |
| 7121.0 |    4.90801 |
| 7122.0 |    5.00052 |
| 7123.0 |    5.08782 |
| 7124.0 |    5.18028 |
| 7125.0 |     5.2727 |
| 7126.0 |    5.37028 |
| 7127.0 |      5.473 |
| 7128.0 |    5.57568 |
| 7129.0 |    5.67316 |
| 7130.0 |    5.77578 |
| 7131.0 |    5.88353 |
| 7132.0 |    5.98608 |
| 7133.0 |    6.09377 |
| 7134.0 |    6.19625 |
| 7135.0 |    6.30386 |
| 7136.0 |    6.40626 |
| 7137.0 |     6.5138 |
| 7138.0 |     6.6213 |
| 7139.0 |    6.72359 |
| 7140.0 |    6.83102 |
| 7141.0 |     6.9384 |
| 7142.0 |    7.05091 |
| 7143.0 |    7.15822 |
| 7144.0 |    7.27064 |
| 7145.0 |    7.38303 |
| 7146.0 |    7.50053 |
| 7147.0 |    7.62315 |
| 7148.0 |    7.74572 |
| 7149.0 |    7.86824 |
| 7150.0 |    7.98556 |
| 7151.0 |    8.10283 |
| 7152.0 |    8.20973 |
| 7153.0 |    8.32175 |
| 7154.0 |    8.43372 |
| 7155.0 |     8.5508 |
| 7156.0 |    8.67299 |
| 7157.0 |    8.80028 |
| 7158.0 |    8.92752 |
| 7159.0 |     9.0547 |
| 7160.0 |    9.18184 |
| 7161.0 |    9.30891 |
| 7162.0 |    9.44109 |
| 7163.0 |    9.56807 |
| 7164.0 |    9.70014 |
| 7165.0 |      9.827 |
| 7166.0 |    9.95897 |
| 7167.0 |    10.0909 |
| 7168.0 |    10.2227 |
| 7169.0 |    10.3494 |
| 7170.0 |    10.4811 |
| 7171.0 |    10.6128 |
| 7172.0 |    10.7393 |
| 7173.0 |    10.8709 |
| 7174.0 |    10.9973 |
| 7175.0 |    11.1339 |
| 7176.0 |    11.2756 |
| 7177.0 |    11.4223 |
| 7178.0 |     11.569 |
| 7179.0 |    11.7157 |
| 7180.0 |    11.8571 |
| 7181.0 |    11.9883 |
| 7182.0 |    12.1194 |
| 7183.0 |    12.2453 |
| 7184.0 |    12.3762 |
| 7185.0 |    12.5072 |
| 7186.0 |    12.6431 |
| 7187.0 |    12.7842 |
| 7188.0 |    12.9252 |
| 7189.0 |    13.0662 |
| 7190.0 |    13.2019 |
| 7191.0 |    13.3479 |
| 7192.0 |    13.4887 |
| 7193.0 |    13.6294 |
| 7194.0 |    13.7752 |
| 7195.0 |    13.9158 |
| 7196.0 |    14.0666 |
| 7197.0 |    14.2122 |
| 7198.0 |    14.3628 |
| 7199.0 |    14.5134 |
| 7200.0 |    14.6589 |
| 7201.0 |    14.8094 |
| 7202.0 |    14.9547 |
| 7203.0 |       15.1 |
| 7204.0 |    15.2452 |
| 7205.0 |    15.3955 |
| 7206.0 |    15.5406 |
| 7207.0 |    15.6907 |
| 7208.0 |    15.8357 |
| 7209.0 |    15.9858 |
| 7210.0 |    16.1307 |
| 7211.0 |    16.2755 |
| 7212.0 |    16.4152 |
| 7213.0 |    16.5599 |
| 7214.0 |    16.6995 |
| 7215.0 |    16.8441 |
| 7216.0 |    16.9836 |
| 7217.0 |    17.1231 |
| 7218.0 |    17.2624 |
| 7219.0 |    17.4069 |
| 7220.0 |    17.5462 |
| 7221.0 |    17.6956 |
| 7222.0 |     17.845 |
| 7223.0 |    17.9943 |
| 7224.0 |    18.1487 |
| 7225.0 |    18.2929 |
| 7226.0 |     18.437 |
| 7227.0 |    18.5708 |
| 7228.0 |    18.7097 |
| 7229.0 |    18.8486 |
| 7230.0 |    18.9874 |
| 7231.0 |    19.1313 |
| 7232.0 |     19.275 |
| 7233.0 |    19.4188 |
| 7234.0 |    19.5625 |
| 7235.0 |    19.7061 |
| 7236.0 |    19.8547 |
| 7237.0 |    19.9982 |
| 7238.0 |    20.1417 |
| 7239.0 |    20.2851 |
| 7240.0 |    20.4335 |
| 7241.0 |    20.5819 |
| 7242.0 |    20.7403 |
| 7243.0 |    20.8936 |
| 7244.0 |    21.0469 |
| 7245.0 |     21.195 |
| 7246.0 |    21.3278 |
| 7247.0 |    21.4606 |
| 7248.0 |    21.5933 |
| 7249.0 |    21.7209 |
| 7250.0 |    21.8585 |
| 7251.0 |    21.9911 |
| 7252.0 |    22.1286 |
| 7253.0 |    22.2711 |
| 7254.0 |    22.4085 |
| 7255.0 |    22.5408 |
| 7256.0 |    22.6679 |
| 7257.0 |    22.7899 |
| 7258.0 |    22.9068 |
| 7259.0 |    23.0287 |
| 7260.0 |    23.1556 |
| 7261.0 |    23.2874 |
| 7262.0 |    23.4293 |
| 7263.0 |    23.5711 |
| 7264.0 |    23.7128 |
| 7265.0 |    23.8494 |
| 7266.0 |    23.9708 |
| 7267.0 |     24.082 |
| 7268.0 |    24.1982 |
| 7269.0 |    24.3092 |
| 7270.0 |    24.4252 |
| 7271.0 |    24.5513 |
| 7272.0 |    24.6772 |
| 7273.0 |    24.8031 |
| 7274.0 |    24.9289 |
| 7275.0 |    25.0495 |
| 7276.0 |    25.1701 |
| 7277.0 |    25.2906 |
| 7278.0 |     25.411 |
| 7279.0 |    25.5314 |
| 7280.0 |    25.6516 |
| 7281.0 |    25.7768 |
| 7282.0 |     25.912 |
| 7283.0 |    26.0421 |
| 7284.0 |    26.1721 |
| 7285.0 |     26.297 |
| 7286.0 |    26.4117 |
| 7287.0 |    26.5113 |
| 7288.0 |    26.6109 |
| 7289.0 |    26.7153 |
| 7290.0 |    26.8248 |
| 7291.0 |    26.9442 |
| 7292.0 |    27.0685 |
| 7293.0 |    27.1978 |
| 7294.0 |     27.322 |
| 7295.0 |    27.4461 |
| 7296.0 |    27.5551 |
| 7297.0 |     27.669 |
| 7298.0 |    27.7778 |
| 7299.0 |    27.8866 |
| 7300.0 |    27.9952 |
| 7301.0 |    28.0938 |
| 7302.0 |    28.1924 |
| 7303.0 |    28.2858 |
| 7304.0 |    28.3842 |
| 7305.0 |    28.4876 |
| 7306.0 |    28.6008 |
| 7307.0 |     28.719 |
| 7308.0 |    28.8422 |
| 7309.0 |    28.9652 |
| 7310.0 |    29.0782 |
| 7311.0 |    29.1761 |
| 7312.0 |     29.269 |
| 7313.0 |    29.3568 |
| 7314.0 |    29.4495 |
| 7315.0 |    29.5422 |
| 7316.0 |    29.6348 |
| 7317.0 |    29.7224 |
| 7318.0 |    29.8149 |
| 7319.0 |    29.9023 |
| 7320.0 |    29.9997 |
| 7321.0 |     30.097 |
| 7322.0 |    30.1992 |
| 7323.0 |    30.3014 |
| 7324.0 |    30.4035 |
| 7325.0 |    30.5055 |
| 7326.0 |    30.6026 |
| 7327.0 |    30.6995 |
| 7328.0 |    30.7964 |
| 7329.0 |    30.8932 |
| 7330.0 |      30.99 |
| 7331.0 |    31.0867 |
| 7332.0 |    31.1784 |
| 7333.0 |     31.275 |
| 7334.0 |    31.3666 |
| 7335.0 |    31.4581 |
| 7336.0 |    31.5397 |
| 7337.0 |    31.6162 |
| 7338.0 |    31.6927 |
| 7339.0 |    31.7691 |
| 7340.0 |    31.8455 |
| 7341.0 |    31.9219 |
| 7342.0 |    31.9982 |
| 7343.0 |    32.0745 |
| 7344.0 |    32.1557 |
| 7345.0 |    32.2368 |
| 7346.0 |    32.3328 |
| 7347.0 |    32.4337 |
| 7348.0 |    32.5444 |
| 7349.0 |    32.6451 |
| 7350.0 |    32.7409 |
| 7351.0 |    32.8218 |
| 7352.0 |    32.9026 |
| 7353.0 |    32.9735 |
| 7354.0 |    33.0494 |
| 7355.0 |    33.1252 |
| 7356.0 |     33.196 |
| 7357.0 |    33.2717 |
| 7358.0 |    33.3375 |
| 7359.0 |    33.4082 |
| 7360.0 |    33.4838 |
| 7361.0 |    33.5742 |
| 7362.0 |    33.6695 |
| 7363.0 |    33.7648 |
| 7364.0 |      33.86 |
| 7365.0 |    33.9502 |
| 7366.0 |    34.0404 |
| 7367.0 |    34.1306 |
| 7368.0 |    34.2158 |
| 7369.0 |     34.301 |
| 7370.0 |    34.3861 |
| 7371.0 |    34.4565 |
| 7372.0 |    34.5219 |
| 7373.0 |    34.5872 |
| 7374.0 |    34.6526 |
| 7375.0 |    34.7228 |
| 7376.0 |    34.7881 |
| 7377.0 |    34.8533 |
| 7378.0 |    34.9185 |
| 7379.0 |    34.9886 |
| 7380.0 |    35.0587 |
| 7381.0 |    35.1386 |
| 7382.0 |    35.2233 |
| 7383.0 |    35.3129 |
| 7384.0 |    35.3976 |
| 7385.0 |    35.4724 |
| 7386.0 |    35.5373 |
| 7387.0 |    35.5875 |
| 7388.0 |    35.6426 |
| 7389.0 |    35.6976 |
| 7390.0 |    35.7576 |
| 7391.0 |    35.8322 |
| 7392.0 |    35.9067 |
| 7393.0 |     35.991 |
| 7394.0 |    36.0704 |
| 7395.0 |    36.1448 |
| 7396.0 |    36.2192 |
| 7397.0 |    36.2887 |
| 7398.0 |     36.363 |
| 7399.0 |    36.4323 |
| 7400.0 |    36.5017 |
| 7401.0 |    36.5612 |
| 7402.0 |    36.6158 |
| 7403.0 |    36.6703 |
| 7404.0 |    36.7248 |
| 7405.0 |    36.7793 |
| 7406.0 |    36.8387 |
| 7407.0 |    36.8979 |
| 7408.0 |    36.9572 |
| 7409.0 |    37.0164 |
| 7410.0 |    37.0756 |
| 7411.0 |    37.1444 |
| 7412.0 |    37.2181 |
| 7413.0 |    37.2869 |
| 7414.0 |    37.3556 |
| 7415.0 |    37.4292 |
| 7416.0 |    37.5076 |
| 7417.0 |    37.5956 |
| 7418.0 |    37.6739 |
| 7419.0 |    37.7569 |
| 7420.0 |    37.8302 |
| 7421.0 |    37.8889 |
| 7422.0 |    37.9377 |
| 7423.0 |    37.9865 |
| 7424.0 |    38.0305 |
| 7425.0 |    38.0889 |
| 7426.0 |    38.1473 |
| 7427.0 |    38.2154 |
| 7428.0 |    38.2834 |
| 7429.0 |    38.3465 |
| 7430.0 |    38.3998 |
| 7431.0 |    38.4482 |
| 7432.0 |    38.4869 |
| 7433.0 |    38.5304 |
| 7434.0 |     38.569 |
| 7435.0 |    38.6124 |
| 7436.0 |    38.6654 |
| 7437.0 |    38.7233 |
| 7438.0 |    38.7762 |
| 7439.0 |    38.8339 |
| 7440.0 |    38.8964 |
| 7441.0 |    38.9637 |
| 7442.0 |    39.0357 |
| 7443.0 |    39.1174 |
| 7444.0 |    39.1893 |
| 7445.0 |    39.2563 |
| 7446.0 |    39.2894 |
| 7447.0 |     39.308 |
| 7448.0 |    39.3217 |
| 7449.0 |     39.345 |
| 7450.0 |    39.3731 |
| 7451.0 |    39.4253 |
| 7452.0 |    39.4773 |
| 7453.0 |    39.5342 |
| 7454.0 |     39.591 |
| 7455.0 |    39.6477 |
| 7456.0 |    39.7092 |
| 7457.0 |    39.7754 |
| 7458.0 |    39.8368 |
| 7459.0 |    39.9028 |
| 7460.0 |     39.964 |
| 7461.0 |    40.0059 |
| 7462.0 |    40.0381 |
| 7463.0 |    40.0654 |
| 7464.0 |    40.0926 |
| 7465.0 |    40.1294 |
| 7466.0 |    40.1662 |
| 7467.0 |    40.2077 |
| 7468.0 |    40.2491 |
| 7469.0 |    40.2905 |
| 7470.0 |    40.3271 |
| 7471.0 |    40.3492 |
| 7472.0 |    40.3616 |
| 7473.0 |    40.3693 |
| 7474.0 |    40.3865 |
| 7475.0 |    40.4084 |
| 7476.0 |    40.4543 |
| 7477.0 |    40.5145 |
| 7478.0 |    40.5747 |
| 7479.0 |      40.63 |
| 7480.0 |    40.6853 |
| 7481.0 |    40.7309 |
| 7482.0 |    40.7717 |
| 7483.0 |    40.8125 |
| 7484.0 |    40.8533 |
| 7485.0 |    40.8988 |
| 7486.0 |    40.9347 |
| 7487.0 |    40.9706 |
| 7488.0 |    41.0064 |
| 7489.0 |    41.0423 |
| 7490.0 |    41.0733 |
| 7491.0 |    41.0805 |
| 7492.0 |    41.0829 |
| 7493.0 |    41.0709 |
| 7494.0 |    41.0686 |
| 7495.0 |    41.0805 |
| 7496.0 |    41.1305 |
| 7497.0 |    41.1949 |
| 7498.0 |    41.2639 |
| 7499.0 |    41.3282 |
| 7500.0 |    41.3829 |
| 7501.0 |     41.409 |
| 7502.0 |    41.4304 |
| 7503.0 |    41.4518 |
| 7504.0 |    41.4732 |
| 7505.0 |    41.4994 |
| 7506.0 |     41.535 |
| 7507.0 |    41.5755 |
| 7508.0 |    41.6206 |
| 7509.0 |    41.6611 |
| 7510.0 |    41.6967 |
| 7511.0 |    41.6992 |
| 7512.0 |    41.6875 |
| 7513.0 |    41.6711 |
| 7514.0 |    41.6594 |
| 7515.0 |     41.662 |
| 7516.0 |    41.6836 |
| 7517.0 |    41.7242 |
| 7518.0 |      41.76 |
| 7519.0 |    41.7912 |
| 7520.0 |    41.8224 |
| 7521.0 |    41.8346 |
| 7522.0 |    41.8469 |
| 7523.0 |    41.8545 |
| 7524.0 |    41.8669 |
| 7525.0 |    41.8699 |
| 7526.0 |    41.8682 |
| 7527.0 |    41.8618 |
| 7528.0 |    41.8508 |
| 7529.0 |    41.8446 |
| 7530.0 |    41.8478 |
| 7531.0 |    41.8606 |
| 7532.0 |    41.8781 |
| 7533.0 |    41.9004 |
| 7534.0 |    41.9228 |
| 7535.0 |    41.9451 |
| 7536.0 |     41.977 |
| 7537.0 |     42.009 |
| 7538.0 |    42.0504 |
| 7539.0 |    42.0872 |
| 7540.0 |    42.1099 |
| 7541.0 |    42.0997 |
| 7542.0 |    42.0802 |
| 7543.0 |    42.0561 |
| 7544.0 |     42.032 |
| 7545.0 |    42.0269 |
| 7546.0 |     42.036 |
| 7547.0 |    42.0545 |
| 7548.0 |    42.0779 |
| 7549.0 |    42.0919 |
| 7550.0 |     42.106 |
| 7551.0 |    42.1155 |
| 7552.0 |    42.1251 |
| 7553.0 |    42.1301 |
| 7554.0 |    42.1351 |
| 7555.0 |    42.1402 |
| 7556.0 |    42.1407 |
| 7557.0 |    42.1413 |
| 7558.0 |    42.1466 |
| 7559.0 |    42.1472 |
| 7560.0 |    42.1479 |
| 7561.0 |    42.1345 |
| 7562.0 |    42.1258 |
| 7563.0 |    42.1125 |
| 7564.0 |    42.0992 |
| 7565.0 |    42.0906 |
| 7566.0 |    42.0914 |
| 7567.0 |    42.0921 |
| 7568.0 |    42.0975 |
| 7569.0 |    42.1029 |
| 7570.0 |    42.1035 |
| 7571.0 |    42.1041 |
| 7572.0 |    42.1047 |
| 7573.0 |    42.1053 |
| 7574.0 |    42.1057 |
| 7575.0 |    42.1014 |
| 7576.0 |    42.0924 |
| 7577.0 |    42.0787 |
| 7578.0 |    42.0648 |
| 7579.0 |    42.0555 |
| 7580.0 |    42.0462 |
| 7581.0 |    42.0367 |
| 7582.0 |    42.0318 |
| 7583.0 |    42.0268 |
| 7584.0 |    42.0217 |
| 7585.0 |    42.0212 |
| 7586.0 |    42.0205 |
| 7587.0 |    42.0198 |
| 7588.0 |    42.0236 |
| 7589.0 |    42.0273 |
| 7590.0 |    42.0356 |
| 7591.0 |    42.0578 |
| 7592.0 |    42.0845 |
| 7593.0 |    42.1111 |
| 7594.0 |    42.1422 |
| 7595.0 |    42.1547 |
| 7596.0 |    42.1391 |
| 7597.0 |    42.1095 |
| 7598.0 |    42.0706 |
| 7599.0 |    42.0362 |
| 7600.0 |    42.0157 |
| 7601.0 |    42.0044 |
| 7602.0 |    42.0023 |
| 7603.0 |    42.0002 |
| 7604.0 |    41.9933 |
| 7605.0 |    41.9771 |
| 7606.0 |    41.9469 |
| 7607.0 |    41.9073 |
| 7608.0 |    41.8631 |
| 7609.0 |    41.8235 |
| 7610.0 |    41.7977 |
| 7611.0 |    41.8042 |
| 7612.0 |      41.82 |
| 7613.0 |    41.8402 |
| 7614.0 |    41.8558 |
| 7615.0 |    41.8667 |
| 7616.0 |    41.8728 |
| 7617.0 |    41.8789 |
| 7618.0 |     41.885 |
| 7619.0 |    41.8863 |
| 7620.0 |     41.883 |
| 7621.0 |    41.8519 |
| 7622.0 |    41.8161 |
| 7623.0 |    41.7803 |
| 7624.0 |    41.7445 |
| 7625.0 |    41.7133 |
| 7626.0 |    41.6958 |
| 7627.0 |    41.6783 |
| 7628.0 |    41.6653 |
| 7629.0 |    41.6523 |
| 7630.0 |    41.6347 |
| 7631.0 |    41.6308 |
| 7632.0 |    41.6222 |
| 7633.0 |    41.6136 |
| 7634.0 |    41.6096 |
| 7635.0 |    41.6009 |
| 7636.0 |    41.6014 |
| 7637.0 |    41.6018 |
| 7638.0 |    41.6022 |
| 7639.0 |    41.6071 |
| 7640.0 |    41.6074 |
| 7641.0 |     41.603 |
| 7642.0 |    41.6032 |
| 7643.0 |    41.5988 |
| 7644.0 |    41.5989 |
| 7645.0 |    41.5944 |
| 7646.0 |    41.5898 |
| 7647.0 |    41.5807 |
| 7648.0 |     41.576 |
| 7649.0 |    41.5668 |
| 7650.0 |    41.5621 |
| 7651.0 |    41.5574 |
| 7652.0 |    41.5526 |
| 7653.0 |    41.5524 |
| 7654.0 |    41.5521 |
| 7655.0 |    41.5381 |
| 7656.0 |    41.5058 |
| 7657.0 |    41.4553 |
| 7658.0 |    41.4002 |
| 7659.0 |    41.3543 |
| 7660.0 |     41.322 |
| 7661.0 |    41.3261 |
| 7662.0 |    41.3485 |
| 7663.0 |    41.3754 |
| 7664.0 |    41.3931 |
| 7665.0 |    41.4062 |
| 7666.0 |    41.4147 |
| 7667.0 |    41.4278 |
| 7668.0 |    41.4362 |
| 7669.0 |    41.4447 |
| 7670.0 |    41.4395 |
| 7671.0 |    41.4116 |
| 7672.0 |    41.3655 |
| 7673.0 |    41.3149 |
| 7674.0 |    41.2734 |
| 7675.0 |    41.2409 |
| 7676.0 |    41.2402 |
| 7677.0 |    41.2531 |
| 7678.0 |    41.2659 |
| 7679.0 |    41.2788 |
| 7680.0 |    41.2916 |
| 7681.0 |    41.2953 |
| 7682.0 |    41.2945 |
| 7683.0 |    41.2937 |
| 7684.0 |    41.2929 |
| 7685.0 |    41.3011 |
| 7686.0 |    41.3093 |
| 7687.0 |    41.3265 |
| 7688.0 |    41.3436 |
| 7689.0 |    41.3563 |
| 7690.0 |    41.3689 |
| 7691.0 |    41.3545 |
| 7692.0 |    41.3356 |
| 7693.0 |    41.3076 |
| 7694.0 |    41.2842 |
| 7695.0 |    41.2743 |
| 7696.0 |     41.278 |
| 7697.0 |    41.2906 |
| 7698.0 |    41.3077 |
| 7699.0 |    41.3248 |
| 7700.0 |    41.3329 |
| 7701.0 |    41.3185 |
| 7702.0 |    41.2951 |
| 7703.0 |    41.2718 |
| 7704.0 |    41.2485 |
| 7705.0 |    41.2342 |
| 7706.0 |    41.2199 |
| 7707.0 |    41.2101 |
| 7708.0 |    41.2003 |
| 7709.0 |    41.1906 |
| 7710.0 |    41.1764 |
| 7711.0 |    41.1487 |
| 7712.0 |    41.1077 |
| 7713.0 |    41.0622 |
| 7714.0 |    41.0213 |
| 7715.0 |    41.0027 |
| 7716.0 |    41.0289 |
| 7717.0 |    41.0774 |
| 7718.0 |    41.1259 |
| 7719.0 |      41.17 |
| 7720.0 |    41.1961 |
| 7721.0 |    41.2045 |
| 7722.0 |    41.2039 |
| 7723.0 |    41.2033 |
| 7724.0 |    41.2027 |
| 7725.0 |    41.1978 |
| 7726.0 |    41.1839 |
| 7727.0 |    41.1567 |
| 7728.0 |    41.1295 |
| 7729.0 |    41.1068 |
| 7730.0 |    41.0887 |
| 7731.0 |    41.0794 |
| 7732.0 |    41.0791 |
| 7733.0 |    41.0743 |
| 7734.0 |    41.0739 |
| 7735.0 |    41.0781 |
| 7736.0 |    41.0867 |
| 7737.0 |    41.0997 |
| 7738.0 |    41.1172 |
| 7739.0 |    41.1346 |
| 7740.0 |    41.1388 |
| 7741.0 |    41.1296 |
| 7742.0 |     41.116 |
| 7743.0 |     41.098 |
| 7744.0 |    41.0845 |
| 7745.0 |    41.0798 |
| 7746.0 |    41.0884 |
| 7747.0 |    41.1102 |
| 7748.0 |    41.1365 |
| 7749.0 |    41.1583 |
| 7750.0 |    41.1713 |
| 7751.0 |    41.1665 |
| 7752.0 |    41.1529 |
| 7753.0 |    41.1437 |
| 7754.0 |    41.1345 |
| 7755.0 |    41.1209 |
| 7756.0 |    41.1029 |
| 7757.0 |    41.0761 |
| 7758.0 |    41.0536 |
| 7759.0 |    41.0267 |
| 7760.0 |    41.0087 |
| 7761.0 |    40.9994 |
| 7762.0 |    40.9902 |
| 7763.0 |    40.9809 |
| 7764.0 |    40.9716 |
| 7765.0 |     40.971 |
| 7766.0 |    40.9837 |
| 7767.0 |    41.0094 |
| 7768.0 |    41.0351 |
| 7769.0 |    41.0608 |
| 7770.0 |    41.0689 |
| 7771.0 |    41.0505 |
| 7772.0 |     41.019 |
| 7773.0 |    40.9831 |
| 7774.0 |    40.9515 |
| 7775.0 |    40.9287 |
| 7776.0 |    40.9234 |
| 7777.0 |    40.9225 |
| 7778.0 |    40.9171 |
| 7779.0 |    40.9116 |
| 7780.0 |    40.9105 |
| 7781.0 |    40.9094 |
| 7782.0 |    40.9125 |
| 7783.0 |    40.9157 |
| 7784.0 |    40.9187 |
| 7785.0 |    40.9261 |
| 7786.0 |    40.9379 |
| 7787.0 |    40.9495 |
| 7788.0 |    40.9655 |
| 7789.0 |     40.977 |
| 7790.0 |    40.9755 |
| 7791.0 |    40.9477 |
| 7792.0 |    40.9025 |
| 7793.0 |    40.8486 |
| 7794.0 |     40.799 |
| 7795.0 |    40.7626 |
| 7796.0 |    40.7435 |
| 7797.0 |     40.733 |
| 7798.0 |     40.727 |
| 7799.0 |    40.7122 |
| 7800.0 |    40.6886 |
| 7801.0 |    40.6521 |
| 7802.0 |    40.6026 |
| 7803.0 |    40.5487 |
| 7804.0 |    40.4948 |
| 7805.0 |     40.467 |
| 7806.0 |    40.4912 |
| 7807.0 |    40.5543 |
| 7808.0 |    40.6174 |
| 7809.0 |    40.6762 |
| 7810.0 |    40.7045 |
| 7811.0 |    40.6852 |
| 7812.0 |    40.6487 |
| 7813.0 |    40.6078 |
| 7814.0 |    40.5712 |
| 7815.0 |    40.5434 |
| 7816.0 |    40.5285 |
| 7817.0 |    40.5222 |
| 7818.0 |    40.5159 |
| 7819.0 |    40.5011 |
| 7820.0 |    40.4862 |
| 7821.0 |    40.4584 |
| 7822.0 |     40.422 |
| 7823.0 |     40.377 |
| 7824.0 |    40.3407 |
| 7825.0 |    40.3173 |
| 7826.0 |    40.3154 |
| 7827.0 |    40.3308 |
| 7828.0 |    40.3548 |
| 7829.0 |    40.3701 |
| 7830.0 |    40.3682 |
| 7831.0 |    40.3406 |
| 7832.0 |    40.2915 |
| 7833.0 |    40.2381 |
| 7834.0 |    40.1891 |
| 7835.0 |    40.1616 |
| 7836.0 |    40.1641 |
| 7837.0 |    40.1794 |
| 7838.0 |    40.2076 |
| 7839.0 |    40.2315 |
| 7840.0 |    40.2297 |
| 7841.0 |    40.2022 |
| 7842.0 |    40.1533 |
| 7843.0 |    40.1045 |
| 7844.0 |    40.0643 |
| 7845.0 |    40.0283 |
| 7846.0 |    40.0095 |
| 7847.0 |    39.9949 |
| 7848.0 |    39.9889 |
| 7849.0 |    39.9786 |
| 7850.0 |    39.9556 |
| 7851.0 |    39.9154 |
| 7852.0 |    39.8668 |
| 7853.0 |     39.814 |
| 7854.0 |    39.7655 |
| 7855.0 |    39.7297 |
| 7856.0 |    39.7153 |
| 7857.0 |    39.7094 |
| 7858.0 |    39.7077 |
| 7859.0 |    39.7018 |
| 7860.0 |    39.6959 |
| 7861.0 |      39.69 |
| 7862.0 |    39.6884 |
| 7863.0 |    39.6867 |
| 7864.0 |     39.685 |
| 7865.0 |    39.6791 |
| 7866.0 |    39.6563 |
| 7867.0 |    39.6292 |
| 7868.0 |    39.6021 |
| 7869.0 |    39.5751 |
| 7870.0 |    39.5522 |
| 7871.0 |    39.5379 |
| 7872.0 |     39.532 |
| 7873.0 |    39.5262 |
| 7874.0 |    39.5203 |
| 7875.0 |     39.506 |
| 7876.0 |    39.4748 |
| 7877.0 |    39.4309 |
| 7878.0 |    39.3828 |
| 7879.0 |     39.339 |
| 7880.0 |    39.2952 |
| 7881.0 |    39.2515 |
| 7882.0 |    39.2119 |
| 7883.0 |    39.1682 |
| 7884.0 |    39.1288 |
| 7885.0 |    39.1062 |
| 7886.0 |    39.1257 |
| 7887.0 |    39.1746 |
| 7888.0 |    39.2278 |
| 7889.0 |    39.2767 |
| 7890.0 |    39.2919 |
| 7891.0 |     39.244 |
| 7892.0 |    39.1584 |
| 7893.0 |    39.0728 |
| 7894.0 |    38.9957 |
| 7895.0 |    38.9396 |
| 7896.0 |    38.9129 |
| 7897.0 |     38.903 |
| 7898.0 |    38.8973 |
| 7899.0 |    38.8874 |
| 7900.0 |    38.8691 |
| 7901.0 |    38.8466 |
| 7902.0 |    38.8158 |
| 7903.0 |     38.785 |
| 7904.0 |    38.7584 |
| 7905.0 |    38.7318 |
| 7906.0 |    38.6969 |
| 7907.0 |    38.6578 |
| 7908.0 |    38.6187 |
| 7909.0 |    38.5797 |
| 7910.0 |    38.5407 |
| 7911.0 |    38.4975 |
| 7912.0 |    38.4543 |
| 7913.0 |     38.407 |
| 7914.0 |    38.3597 |
| 7915.0 |    38.3333 |
| 7916.0 |    38.3527 |
| 7917.0 |    38.4013 |
| 7918.0 |    38.4664 |
| 7919.0 |     38.519 |
| 7920.0 |    38.5342 |
| 7921.0 |    38.4745 |
| 7922.0 |    38.3898 |
| 7923.0 |    38.2969 |
| 7924.0 |    38.2166 |
| 7925.0 |    38.1529 |
| 7926.0 |    38.1141 |
| 7927.0 |    38.0836 |
| 7928.0 |    38.0532 |
| 7929.0 |    38.0269 |
| 7930.0 |    37.9965 |
| 7931.0 |    37.9661 |
| 7932.0 |    37.9316 |
| 7933.0 |    37.9012 |
| 7934.0 |    37.8708 |
| 7935.0 |    37.8488 |
| 7936.0 |    37.8474 |
| 7937.0 |    37.8583 |
| 7938.0 |    37.8693 |
| 7939.0 |    37.8761 |
| 7940.0 |    37.8788 |
| 7941.0 |    37.8732 |
| 7942.0 |    37.8635 |
| 7943.0 |    37.8538 |
| 7944.0 |    37.8441 |
| 7945.0 |    37.8302 |
| 7946.0 |    37.8081 |
| 7947.0 |    37.7778 |
| 7948.0 |    37.7516 |
| 7949.0 |    37.7254 |
| 7950.0 |    37.6992 |
| 7951.0 |    37.6689 |
| 7952.0 |    37.6386 |
| 7953.0 |    37.6042 |
| 7954.0 |    37.5739 |
| 7955.0 |    37.5437 |
| 7956.0 |     37.534 |
| 7957.0 |    37.5283 |
| 7958.0 |    37.5268 |
| 7959.0 |    37.5171 |
| 7960.0 |    37.5032 |
| 7961.0 |    37.4729 |
| 7962.0 |    37.4345 |
| 7963.0 |    37.3961 |
| 7964.0 |    37.3577 |
| 7965.0 |    37.3316 |
| 7966.0 |    37.3218 |
| 7967.0 |    37.3243 |
| 7968.0 |    37.3309 |
| 7969.0 |    37.3333 |
| 7970.0 |    37.3358 |
| 7971.0 |    37.3341 |
| 7972.0 |    37.3365 |
| 7973.0 |     37.343 |
| 7974.0 |    37.3413 |
| 7975.0 |    37.3396 |
| 7976.0 |    37.3378 |
| 7977.0 |     37.328 |
| 7978.0 |    37.3221 |
| 7979.0 |    37.3081 |
| 7980.0 |    37.2901 |
| 7981.0 |    37.2598 |
| 7982.0 |    37.2214 |
| 7983.0 |    37.1749 |
| 7984.0 |    37.1365 |
| 7985.0 |    37.1063 |
| 7986.0 |    37.0882 |
| 7987.0 |    37.0783 |
| 7988.0 |    37.0683 |
| 7989.0 |    37.0584 |
| 7990.0 |    37.0484 |
| 7991.0 |    37.0424 |
| 7992.0 |    37.0405 |
| 7993.0 |    37.0467 |
| 7994.0 |    37.0448 |
| 7995.0 |    37.0388 |
| 7996.0 |    37.0206 |
| 7997.0 |    36.9944 |
| 7998.0 |    36.9641 |
| 7999.0 |    36.9418 |
| 8000.0 |    36.9196 |
| 8001.0 |    36.9055 |
| 8002.0 |    36.8994 |
| 8003.0 |    36.8893 |
| 8004.0 |    36.8791 |
| 8005.0 |     36.869 |
| 8006.0 |    36.8628 |
| 8007.0 |    36.8567 |
| 8008.0 |    36.8545 |
| 8009.0 |    36.8443 |
| 8010.0 |    36.8381 |
| 8011.0 |    36.8238 |
| 8012.0 |    36.8015 |
| 8013.0 |    36.7792 |
| 8014.0 |    36.7609 |
| 8015.0 |    36.7626 |
| 8016.0 |    36.7925 |
| 8017.0 |    36.8463 |
| 8018.0 |    36.9121 |
| 8019.0 |    36.9659 |
| 8020.0 |    36.9955 |
| 8021.0 |     36.977 |
| 8022.0 |    36.9425 |
| 8023.0 |       36.9 |
| 8024.0 |    36.8616 |
| 8025.0 |    36.8311 |
| 8026.0 |    36.8046 |
| 8027.0 |    36.7782 |
| 8028.0 |    36.7477 |
| 8029.0 |    36.7213 |
| 8030.0 |    36.6988 |
| 8031.0 |    36.6883 |
| 8032.0 |    36.6818 |
| 8033.0 |    36.6792 |
| 8034.0 |    36.6727 |
| 8035.0 |    36.6622 |
| 8036.0 |    36.6357 |
| 8037.0 |    36.6053 |
| 8038.0 |    36.5708 |
| 8039.0 |    36.5364 |
| 8040.0 |    36.5179 |
| 8041.0 |    36.5233 |
| 8042.0 |    36.5484 |
| 8043.0 |    36.5775 |
| 8044.0 |    36.5987 |
| 8045.0 |    36.5999 |
| 8046.0 |    36.5615 |
| 8047.0 |    36.4993 |
| 8048.0 |    36.4293 |
| 8049.0 |    36.3632 |
| 8050.0 |    36.3288 |
| 8051.0 |    36.3459 |
| 8052.0 |    36.3986 |
| 8053.0 |    36.4551 |
| 8054.0 |    36.5037 |
| 8055.0 |    36.5246 |
| 8056.0 |    36.5099 |
| 8057.0 |    36.4755 |
| 8058.0 |    36.4371 |
| 8059.0 |    36.4027 |
| 8060.0 |    36.3683 |
| 8061.0 |    36.3339 |
| 8062.0 |    36.2956 |
| 8063.0 |    36.2533 |
| 8064.0 |     36.215 |
| 8065.0 |    36.1886 |
| 8066.0 |    36.1975 |
| 8067.0 |     36.234 |
| 8068.0 |    36.2743 |
| 8069.0 |    36.3106 |
| 8070.0 |    36.3234 |
| 8071.0 |    36.2929 |
| 8072.0 |    36.2389 |
| 8073.0 |    36.1771 |
| 8074.0 |    36.1271 |
| 8075.0 |    36.0967 |
| 8076.0 |    36.1016 |
| 8077.0 |    36.1221 |
| 8078.0 |    36.1465 |
| 8079.0 |    36.1709 |
| 8080.0 |    36.1835 |
| 8081.0 |    36.1804 |
| 8082.0 |    36.1735 |
| 8083.0 |    36.1665 |
| 8084.0 |    36.1634 |
| 8085.0 |    36.1642 |
| 8086.0 |    36.1649 |
| 8087.0 |    36.1735 |
| 8088.0 |    36.1821 |
| 8089.0 |    36.1906 |
| 8090.0 |    36.1952 |
| 8091.0 |    36.1803 |
| 8092.0 |    36.1616 |
| 8093.0 |    36.1389 |
| 8094.0 |    36.1202 |
| 8095.0 |    36.1053 |
| 8096.0 |    36.0943 |
| 8097.0 |     36.095 |
| 8098.0 |    36.0956 |
| 8099.0 |    36.0962 |
| 8100.0 |    36.0852 |
| 8101.0 |    36.0665 |
| 8102.0 |    36.0399 |
| 8103.0 |    36.0096 |
| 8104.0 |     35.983 |
| 8105.0 |    35.9643 |
| 8106.0 |    35.9533 |
| 8107.0 |      35.95 |
| 8108.0 |    35.9467 |
| 8109.0 |    35.9473 |
| 8110.0 |    35.9556 |
| 8111.0 |    35.9793 |
| 8112.0 |    36.0223 |
| 8113.0 |    36.0691 |
| 8114.0 |    36.1081 |
| 8115.0 |     36.124 |
| 8116.0 |    36.0859 |
| 8117.0 |    36.0208 |
| 8118.0 |    35.9481 |
| 8119.0 |     35.887 |
| 8120.0 |    35.8451 |
| 8121.0 |    35.8341 |
| 8122.0 |    35.8307 |
| 8123.0 |    35.8312 |
| 8124.0 |    35.8355 |
| 8125.0 |    35.8397 |
| 8126.0 |    35.8479 |
| 8127.0 |    35.8636 |
| 8128.0 |     35.887 |
| 8129.0 |    35.9066 |
| 8130.0 |    35.9108 |
| 8131.0 |    35.8575 |
| 8132.0 |    35.7737 |
| 8133.0 |    35.6784 |
| 8134.0 |    35.5946 |
| 8135.0 |    35.5416 |
| 8136.0 |    35.5382 |
| 8137.0 |    35.5539 |
| 8138.0 |    35.5811 |
| 8139.0 |    35.5968 |
| 8140.0 |    35.6048 |
| 8141.0 |    35.5938 |
| 8142.0 |    35.5827 |
| 8143.0 |    35.5678 |
| 8144.0 |     35.553 |
| 8145.0 |    35.5419 |
| 8146.0 |    35.5157 |
| 8147.0 |    35.4856 |
| 8148.0 |    35.4518 |
| 8149.0 |    35.4179 |
| 8150.0 |    35.3955 |
| 8151.0 |    35.3845 |
| 8152.0 |    35.3773 |
| 8153.0 |    35.3739 |
| 8154.0 |    35.3667 |
| 8155.0 |    35.3557 |
| 8156.0 |    35.3523 |
| 8157.0 |    35.3451 |
| 8158.0 |    35.3379 |
| 8159.0 |    35.3307 |
| 8160.0 |    35.3159 |
| 8161.0 |    35.2973 |
| 8162.0 |    35.2674 |
| 8163.0 |    35.2451 |
| 8164.0 |    35.2153 |
| 8165.0 |     35.193 |
| 8166.0 |    35.1707 |
| 8167.0 |    35.1485 |
| 8168.0 |    35.1224 |
| 8169.0 |    35.1002 |
| 8170.0 |     35.078 |
| 8171.0 |    35.0671 |
| 8172.0 |    35.0599 |
| 8173.0 |    35.0528 |
| 8174.0 |    35.0494 |
| 8175.0 |    35.0385 |
| 8176.0 |    35.0276 |
| 8177.0 |     35.013 |
| 8178.0 |    34.9983 |
| 8179.0 |    34.9837 |
| 8180.0 |    34.9653 |
| 8181.0 |    34.9357 |
| 8182.0 |    34.8949 |
| 8183.0 |    34.8578 |
| 8184.0 |    34.8245 |
| 8185.0 |    34.7912 |
| 8186.0 |    34.7617 |
| 8187.0 |    34.7285 |
| 8188.0 |    34.6953 |
| 8189.0 |    34.6696 |
| 8190.0 |    34.6514 |
| 8191.0 |    34.6482 |
| 8192.0 |    34.6524 |
| 8193.0 |    34.6603 |
| 8194.0 |    34.6682 |
| 8195.0 |    34.6687 |
| 8196.0 |    34.6654 |
| 8197.0 |    34.6622 |
| 8198.0 |    34.6626 |
| 8199.0 |    34.6556 |
| 8200.0 |    34.6412 |
| 8201.0 |    34.6193 |
| 8202.0 |    34.5938 |
| 8203.0 |    34.5645 |
| 8204.0 |    34.5279 |
| 8205.0 |    34.4912 |
| 8206.0 |    34.4435 |
| 8207.0 |    34.3847 |
| 8208.0 |    34.3222 |
| 8209.0 |    34.2598 |
| 8210.0 |    34.2196 |
| 8211.0 |    34.2165 |
| 8212.0 |    34.2394 |
| 8213.0 |    34.2696 |
| 8214.0 |    34.2961 |
| 8215.0 |    34.3003 |
| 8216.0 |    34.2713 |
| 8217.0 |    34.2239 |
| 8218.0 |    34.1728 |
| 8219.0 |    34.1291 |
| 8220.0 |    34.0928 |
| 8221.0 |    34.0455 |
| 8222.0 |    33.9872 |
| 8223.0 |    33.9252 |
| 8224.0 |    33.8743 |
| 8225.0 |    33.8308 |
| 8226.0 |    33.8131 |
| 8227.0 |    33.8102 |
| 8228.0 |    33.8109 |
| 8229.0 |    33.8115 |
| 8230.0 |    33.8085 |
| 8231.0 |    33.8019 |
| 8232.0 |    33.7915 |
| 8233.0 |    33.7848 |
| 8234.0 |    33.7744 |
| 8235.0 |    33.7714 |
| 8236.0 |    33.7757 |
| 8237.0 |    33.7836 |
| 8238.0 |    33.8025 |
| 8239.0 |     33.814 |
| 8240.0 |    33.8073 |
| 8241.0 |    33.7676 |
| 8242.0 |    33.7059 |
| 8243.0 |    33.6333 |
| 8244.0 |    33.5681 |
| 8245.0 |    33.5248 |
| 8246.0 |    33.5144 |
| 8247.0 |    33.5223 |
| 8248.0 |    33.5337 |
| 8249.0 |    33.5415 |
| 8250.0 |    33.5419 |
| 8251.0 |    33.5315 |
| 8252.0 |    33.5137 |
| 8253.0 |    33.4959 |
| 8254.0 |    33.4817 |
| 8255.0 |    33.4602 |
| 8256.0 |     33.417 |
| 8257.0 |    33.3628 |
| 8258.0 |    33.3087 |
| 8259.0 |    33.2582 |
| 8260.0 |     33.215 |
| 8261.0 |    33.1935 |
| 8262.0 |    33.1721 |
| 8263.0 |    33.1542 |
| 8264.0 |      33.14 |
| 8265.0 |    33.1221 |
| 8266.0 |    33.1043 |
| 8267.0 |    33.0828 |
| 8268.0 |    33.0649 |
| 8269.0 |    33.0434 |
| 8270.0 |    33.0291 |
| 8271.0 |    33.0256 |
| 8272.0 |    33.0293 |
| 8273.0 |    33.0403 |
| 8274.0 |    33.0439 |
| 8275.0 |    33.0476 |
| 8276.0 |    33.0404 |
| 8277.0 |    33.0332 |
| 8278.0 |     33.026 |
| 8279.0 |    33.0151 |
| 8280.0 |    33.0079 |
| 8281.0 |     32.997 |
| 8282.0 |    32.9862 |
| 8283.0 |    32.9753 |
| 8284.0 |    32.9644 |
| 8285.0 |    32.9499 |
| 8286.0 |     32.921 |
| 8287.0 |    32.8886 |
| 8288.0 |    32.8526 |
| 8289.0 |     32.813 |
| 8290.0 |     32.777 |
| 8291.0 |    32.7482 |
| 8292.0 |    32.7123 |
| 8293.0 |    32.6728 |
| 8294.0 |    32.6333 |
| 8295.0 |    32.6081 |
| 8296.0 |    32.6222 |
| 8297.0 |    32.6577 |
| 8298.0 |    32.7003 |
| 8299.0 |    32.7321 |
| 8300.0 |    32.7354 |
| 8301.0 |    32.6852 |
| 8302.0 |    32.5994 |
| 8303.0 |    32.4994 |
| 8304.0 |    32.4137 |
| 8305.0 |    32.3637 |
| 8306.0 |    32.3742 |
| 8307.0 |    32.4095 |
| 8308.0 |    32.4448 |
| 8309.0 |    32.4764 |
| 8310.0 |     32.501 |
| 8311.0 |    32.5219 |
| 8312.0 |    32.5393 |
| 8313.0 |    32.5567 |
| 8314.0 |    32.5704 |
| 8315.0 |    32.5771 |
| 8316.0 |    32.5519 |
| 8317.0 |    32.5232 |
| 8318.0 |    32.4945 |
| 8319.0 |    32.4622 |
| 8320.0 |    32.4229 |
| 8321.0 |    32.3731 |
| 8322.0 |    32.3127 |
| 8323.0 |    32.2452 |
| 8324.0 |    32.1849 |
| 8325.0 |    32.1423 |
| 8326.0 |    32.1666 |
| 8327.0 |    32.2191 |
| 8328.0 |    32.2822 |
| 8329.0 |    32.3346 |
| 8330.0 |    32.3658 |
| 8331.0 |    32.3618 |
| 8332.0 |    32.3438 |
| 8333.0 |    32.3223 |
| 8334.0 |    32.3008 |
| 8335.0 |    32.2758 |
| 8336.0 |    32.2402 |
| 8337.0 |    32.1977 |
| 8338.0 |    32.1517 |
| 8339.0 |    32.1058 |
| 8340.0 |    32.0774 |
| 8341.0 |    32.0771 |
| 8342.0 |    32.0942 |
| 8343.0 |    32.1148 |
| 8344.0 |    32.1249 |
| 8345.0 |     32.128 |
| 8346.0 |    32.1032 |
| 8347.0 |    32.0714 |
| 8348.0 |    32.0361 |
| 8349.0 |    32.0009 |
| 8350.0 |    31.9726 |
| 8351.0 |    31.9479 |
| 8352.0 |    31.9302 |
| 8353.0 |     31.909 |
| 8354.0 |    31.8878 |
| 8355.0 |    31.8701 |
| 8356.0 |    31.8559 |
| 8357.0 |    31.8418 |
| 8358.0 |    31.8311 |
| 8359.0 |     31.817 |
| 8360.0 |    31.8098 |
| 8361.0 |    31.8235 |
| 8362.0 |    31.8371 |
| 8363.0 |    31.8646 |
| 8364.0 |    31.8817 |
| 8365.0 |    31.8884 |
| 8366.0 |    31.8708 |
| 8367.0 |    31.8464 |
| 8368.0 |    31.8185 |
| 8369.0 |    31.7907 |
| 8370.0 |    31.7663 |
| 8371.0 |    31.7454 |
| 8372.0 |    31.7246 |
| 8373.0 |    31.7072 |
| 8374.0 |     31.683 |
| 8375.0 |    31.6553 |
| 8376.0 |    31.6104 |
| 8377.0 |    31.5552 |
| 8378.0 |    31.4932 |
| 8379.0 |    31.4347 |
| 8380.0 |    31.4004 |
| 8381.0 |    31.4314 |
| 8382.0 |    31.4934 |
| 8383.0 |    31.5621 |
| 8384.0 |    31.6205 |
| 8385.0 |    31.6583 |
| 8386.0 |    31.6583 |
| 8387.0 |    31.6446 |
| 8388.0 |     31.624 |
| 8389.0 |    31.6034 |
| 8390.0 |    31.5863 |
| 8391.0 |     31.559 |
| 8392.0 |    31.5282 |
| 8393.0 |    31.4975 |
| 8394.0 |    31.4634 |
| 8395.0 |    31.4293 |
| 8396.0 |    31.3952 |
| 8397.0 |    31.3543 |
| 8398.0 |    31.3135 |
| 8399.0 |    31.2727 |
| 8400.0 |    31.2422 |
| 8401.0 |    31.2322 |
| 8402.0 |     31.229 |
| 8403.0 |    31.2258 |
| 8404.0 |    31.2226 |
| 8405.0 |     31.216 |
| 8406.0 |     31.206 |
| 8407.0 |    31.1994 |
| 8408.0 |    31.1929 |
| 8409.0 |    31.1829 |
| 8410.0 |    31.1661 |
| 8411.0 |    31.1324 |
| 8412.0 |    31.0852 |
| 8413.0 |    31.0312 |
| 8414.0 |    30.9874 |
| 8415.0 |    30.9538 |
| 8416.0 |     30.927 |
| 8417.0 |    30.9036 |
| 8418.0 |    30.8803 |
| 8419.0 |    30.8536 |
| 8420.0 |    30.8438 |
| 8421.0 |    30.8509 |
| 8422.0 |    30.8614 |
| 8423.0 |    30.8719 |
| 8424.0 |    30.8823 |
| 8425.0 |    30.8928 |
| 8426.0 |    30.9033 |
| 8427.0 |    30.9171 |
| 8428.0 |    30.9309 |
| 8429.0 |    30.9413 |
| 8430.0 |    30.9449 |
| 8431.0 |    30.9217 |
| 8432.0 |     30.885 |
| 8433.0 |    30.8483 |
| 8434.0 |    30.8116 |
| 8435.0 |    30.7817 |
| 8436.0 |    30.7854 |
| 8437.0 |    30.8059 |
| 8438.0 |    30.8364 |
| 8439.0 |    30.8535 |
| 8440.0 |    30.8437 |
| 8441.0 |    30.7803 |
| 8442.0 |    30.6801 |
| 8443.0 |    30.5666 |
| 8444.0 |    30.4599 |
| 8445.0 |    30.4034 |
| 8446.0 |    30.4373 |
| 8447.0 |    30.5146 |
| 8448.0 |    30.5953 |
| 8449.0 |    30.6691 |
| 8450.0 |    30.7129 |
| 8451.0 |    30.7398 |
| 8452.0 |    30.7535 |
| 8453.0 |    30.7571 |
| 8454.0 |    30.7573 |
| 8455.0 |    30.7476 |
| 8456.0 |    30.7145 |
| 8457.0 |    30.6715 |
| 8458.0 |    30.6219 |
| 8459.0 |    30.5723 |
| 8460.0 |    30.5326 |
| 8461.0 |    30.5064 |
| 8462.0 |    30.4834 |
| 8463.0 |    30.4638 |
| 8464.0 |    30.4409 |
| 8465.0 |    30.4147 |
| 8466.0 |    30.3785 |
| 8467.0 |     30.339 |
| 8468.0 |    30.3029 |
| 8469.0 |    30.2668 |
| 8470.0 |    30.2275 |
| 8471.0 |    30.1749 |
| 8472.0 |     30.119 |
| 8473.0 |    30.0566 |
| 8474.0 |    30.0041 |
| 8475.0 |    29.9682 |
| 8476.0 |     29.962 |
| 8477.0 |    29.9723 |
| 8478.0 |     29.986 |
| 8479.0 |    29.9996 |
| 8480.0 |    30.0164 |
| 8481.0 |    30.0366 |
| 8482.0 |    30.0666 |
| 8483.0 |    30.0998 |
| 8484.0 |    30.1331 |
| 8485.0 |    30.1399 |
| 8486.0 |    30.0909 |
| 8487.0 |    30.0189 |
| 8488.0 |    29.9403 |
| 8489.0 |    29.8684 |
| 8490.0 |    29.8064 |
| 8491.0 |    29.7312 |
| 8492.0 |    29.6529 |
| 8493.0 |    29.5714 |
| 8494.0 |    29.4964 |
| 8495.0 |    29.4608 |
| 8496.0 |    29.5203 |
| 8497.0 |    29.6418 |
| 8498.0 |    29.7861 |
| 8499.0 |    29.9107 |
| 8500.0 |    29.9665 |
| 8501.0 |    29.9177 |
| 8502.0 |    29.8036 |
| 8503.0 |    29.6798 |
| 8504.0 |    29.5724 |
| 8505.0 |     29.501 |
| 8506.0 |    29.4915 |
| 8507.0 |    29.5049 |
| 8508.0 |    29.5183 |
| 8509.0 |    29.5218 |
| 8510.0 |    29.5189 |
| 8511.0 |    29.4964 |
| 8512.0 |    29.4707 |
| 8513.0 |    29.4417 |
| 8514.0 |     29.416 |
| 8515.0 |     29.387 |
| 8516.0 |    29.3516 |
| 8517.0 |    29.3162 |
| 8518.0 |    29.2776 |
| 8519.0 |    29.2422 |
| 8520.0 |    29.2101 |
| 8521.0 |    29.1942 |
| 8522.0 |     29.175 |
| 8523.0 |    29.1624 |
| 8524.0 |    29.1562 |
| 8525.0 |      29.15 |
| 8526.0 |    29.1406 |
| 8527.0 |    29.1311 |
| 8528.0 |    29.1249 |
| 8529.0 |    29.1251 |
| 8530.0 |    29.1415 |
| 8531.0 |    29.1965 |
| 8532.0 |    29.2837 |
| 8533.0 |    29.3902 |
| 8534.0 |    29.4869 |
| 8535.0 |     29.532 |
| 8536.0 |    29.4547 |
| 8537.0 |    29.3163 |
| 8538.0 |    29.1588 |
| 8539.0 |    29.0207 |
| 8540.0 |    28.9373 |
| 8541.0 |     28.931 |
| 8542.0 |    28.9664 |
| 8543.0 |     29.005 |
| 8544.0 |    29.0372 |
| 8545.0 |    29.0436 |
| 8546.0 |    29.0148 |
| 8547.0 |    28.9668 |
| 8548.0 |    28.9124 |
| 8549.0 |    28.8644 |
| 8550.0 |    28.8389 |
| 8551.0 |    28.8389 |
| 8552.0 |    28.8613 |
| 8553.0 |    28.8869 |
| 8554.0 |    28.9092 |
| 8555.0 |    28.9028 |
| 8556.0 |    28.8293 |
| 8557.0 |    28.7177 |
| 8558.0 |    28.5902 |
| 8559.0 |    28.4755 |
| 8560.0 |    28.4087 |
| 8561.0 |    28.4151 |
| 8562.0 |    28.4693 |
| 8563.0 |    28.5392 |
| 8564.0 |    28.5964 |
| 8565.0 |    28.6217 |
| 8566.0 |    28.5994 |
| 8567.0 |    28.5485 |
| 8568.0 |    28.4944 |
| 8569.0 |    28.4499 |
| 8570.0 |    28.4213 |
| 8571.0 |     28.418 |
| 8572.0 |    28.4274 |
| 8573.0 |    28.4367 |
| 8574.0 |    28.4397 |
| 8575.0 |    28.4364 |
| 8576.0 |    28.4109 |
| 8577.0 |    28.3759 |
| 8578.0 |    28.3283 |
| 8579.0 |    28.2934 |
| 8580.0 |    28.2742 |
| 8581.0 |     28.274 |
| 8582.0 |    28.2864 |
| 8583.0 |    28.2987 |
| 8584.0 |     28.311 |
| 8585.0 |     28.317 |
| 8586.0 |    28.3104 |
| 8587.0 |    28.2911 |
| 8588.0 |    28.2719 |
| 8589.0 |    28.2527 |
| 8590.0 |    28.2429 |
| 8591.0 |    28.2362 |
| 8592.0 |    28.2389 |
| 8593.0 |    28.2479 |
| 8594.0 |    28.2568 |
| 8595.0 |    28.2501 |
| 8596.0 |     28.237 |
| 8597.0 |     28.224 |
| 8598.0 |    28.2109 |
| 8599.0 |    28.1947 |
| 8600.0 |    28.1629 |
| 8601.0 |    28.0936 |
| 8602.0 |     27.993 |
| 8603.0 |    27.8769 |
| 8604.0 |    27.7766 |
| 8605.0 |    27.7324 |
| 8606.0 |     27.813 |
| 8607.0 |     27.959 |
| 8608.0 |    28.1235 |
| 8609.0 |    28.2629 |
| 8610.0 |    28.3492 |
| 8611.0 |     28.339 |
| 8612.0 |    28.3194 |
| 8613.0 |     28.303 |
| 8614.0 |    28.2896 |
| 8615.0 |    28.2732 |
| 8616.0 |    28.2598 |
| 8617.0 |    28.2464 |
| 8618.0 |     28.233 |
| 8619.0 |    28.2196 |
| 8620.0 |    28.2062 |
| 8621.0 |    28.1928 |
| 8622.0 |    28.1793 |
| 8623.0 |    28.1659 |
| 8624.0 |    28.1524 |
| 8625.0 |     28.139 |
| 8626.0 |    28.1224 |
| 8627.0 |    28.1058 |
| 8628.0 |    28.0892 |
| 8629.0 |    28.0726 |
| 8630.0 |     28.056 |
| 8631.0 |    28.0425 |
| 8632.0 |     28.032 |
| 8633.0 |    28.0215 |
| 8634.0 |    28.0079 |
| 8635.0 |    27.9974 |
| 8636.0 |    27.9807 |
| 8637.0 |     27.964 |
| 8638.0 |    27.9504 |
| 8639.0 |    27.9337 |
| 8640.0 |    27.9169 |
| 8641.0 |    27.9002 |
| 8642.0 |    27.8834 |
| 8643.0 |    27.8667 |
| 8644.0 |    27.8499 |
| 8645.0 |    27.8331 |
| 8646.0 |    27.8194 |
| 8647.0 |    27.8056 |
| 8648.0 |    27.7949 |
| 8649.0 |    27.7811 |
| 8650.0 |    27.7673 |
| 8651.0 |    27.7535 |
| 8652.0 |    27.7428 |
| 8653.0 |    27.7289 |
| 8654.0 |    27.7151 |
| 8655.0 |    27.7012 |
| 8656.0 |    27.6842 |
| 8657.0 |    27.6673 |
| 8658.0 |    27.6503 |
| 8659.0 |    27.6303 |
| 8660.0 |    27.6164 |
| 8661.0 |    27.6024 |
| 8662.0 |    27.5884 |
| 8663.0 |    27.5775 |
| 8664.0 |    27.5665 |
| 8665.0 |    27.5525 |
| 8666.0 |    27.5354 |
| 8667.0 |    27.5153 |
| 8668.0 |    27.4981 |
| 8669.0 |     27.478 |
| 8670.0 |    27.4609 |
| 8671.0 |    27.4467 |
| 8672.0 |    27.4356 |
| 8673.0 |    27.4245 |
| 8674.0 |    27.4133 |
| 8675.0 |    27.3991 |
| 8676.0 |    27.3818 |
| 8677.0 |    27.3616 |
| 8678.0 |    27.3413 |
| 8679.0 |     27.321 |
| 8680.0 |    27.3037 |
| 8681.0 |    27.2894 |
| 8682.0 |    27.2751 |
| 8683.0 |    27.2607 |
| 8684.0 |    27.2494 |
| 8685.0 |     27.232 |
| 8686.0 |    27.2146 |
| 8687.0 |    27.1971 |
| 8688.0 |    27.1797 |
| 8689.0 |    27.1622 |
| 8690.0 |    27.1418 |
| 8691.0 |    27.1243 |
| 8692.0 |    27.1038 |
| 8693.0 |    27.0833 |
| 8694.0 |    27.0627 |
| 8695.0 |    27.0422 |
| 8696.0 |    27.0246 |
| 8697.0 |     27.007 |
| 8698.0 |    26.9894 |
| 8699.0 |    26.9718 |
| 8700.0 |    26.9541 |
| 8701.0 |    26.9364 |
| 8702.0 |    26.9187 |
| 8703.0 |     26.901 |
| 8704.0 |    26.8833 |
| 8705.0 |    26.8655 |
| 8706.0 |    26.8478 |
| 8707.0 |     26.827 |
| 8708.0 |    26.8062 |
| 8709.0 |    26.7884 |
| 8710.0 |    26.7676 |
| 8711.0 |    26.7497 |
| 8712.0 |    26.7318 |
| 8713.0 |     26.711 |
| 8714.0 |     26.693 |
| 8715.0 |    26.6721 |
| 8716.0 |    26.6541 |
| 8717.0 |    26.6332 |
| 8718.0 |    26.6122 |
| 8719.0 |    26.5913 |
| 8720.0 |    26.5732 |
| 8721.0 |    26.5493 |
| 8722.0 |    26.5253 |
| 8723.0 |    26.5014 |
| 8724.0 |    26.4803 |
| 8725.0 |    26.4563 |
| 8726.0 |    26.4382 |
| 8727.0 |      26.42 |
| 8728.0 |    26.4048 |
| 8729.0 |    26.3866 |
| 8730.0 |    26.3684 |
| 8731.0 |    26.3472 |
| 8732.0 |     26.326 |
| 8733.0 |    26.3049 |
| 8734.0 |    26.2807 |
| 8735.0 |    26.2595 |
| 8736.0 |    26.2354 |
| 8737.0 |    26.2113 |
| 8738.0 |    26.1871 |
| 8739.0 |    26.1629 |
| 8740.0 |    26.1417 |
| 8741.0 |    26.1204 |
| 8742.0 |    26.0991 |
| 8743.0 |    26.0807 |
| 8744.0 |    26.0623 |
| 8745.0 |    26.0409 |
| 8746.0 |    26.0167 |
| 8747.0 |    25.9925 |
| 8748.0 |    25.9682 |
| 8749.0 |    25.9439 |
| 8750.0 |    25.9197 |
| 8751.0 |    25.8983 |
| 8752.0 |     25.874 |
| 8753.0 |    25.8526 |
| 8754.0 |    25.8312 |
| 8755.0 |    25.8097 |
| 8756.0 |    25.7854 |
| 8757.0 |    25.7639 |
| 8758.0 |    25.7396 |
| 8759.0 |    25.7152 |
| 8760.0 |    25.6909 |
| 8761.0 |    25.6637 |
| 8762.0 |    25.6364 |
| 8763.0 |    25.6092 |
| 8764.0 |    25.5819 |
| 8765.0 |    25.5547 |
| 8766.0 |    25.5303 |
| 8767.0 |    25.5088 |
| 8768.0 |    25.4901 |
| 8769.0 |    25.4685 |
| 8770.0 |    25.4441 |
| 8771.0 |    25.4168 |
| 8772.0 |    25.3896 |
| 8773.0 |    25.3594 |
| 8774.0 |    25.3293 |
| 8775.0 |     25.302 |
| 8776.0 |    25.2776 |
| 8777.0 |     25.256 |
| 8778.0 |    25.2344 |
| 8779.0 |    25.2099 |
| 8780.0 |    25.1883 |
| 8781.0 |    25.1638 |
| 8782.0 |    25.1422 |
| 8783.0 |    25.1205 |
| 8784.0 |     25.096 |
| 8785.0 |    25.0744 |
| 8786.0 |    25.0471 |
| 8787.0 |    25.0197 |
| 8788.0 |    24.9952 |
| 8789.0 |    24.9679 |
| 8790.0 |    24.9406 |
| 8791.0 |    24.9161 |
| 8792.0 |    24.8915 |
| 8793.0 |    24.8642 |
| 8794.0 |    24.8397 |
| 8795.0 |    24.8123 |
| 8796.0 |    24.7906 |
| 8797.0 |    24.7661 |
| 8798.0 |    24.7444 |
| 8799.0 |    24.7198 |
| 8800.0 |    24.6953 |
| 8801.0 |    24.6735 |
| 8802.0 |     24.649 |
| 8803.0 |    24.6272 |
| 8804.0 |    24.6054 |
| 8805.0 |    24.5808 |
| 8806.0 |    24.5591 |
| 8807.0 |    24.5345 |
| 8808.0 |    24.5127 |
| 8809.0 |    24.4909 |
| 8810.0 |    24.4663 |
| 8811.0 |    24.4417 |
| 8812.0 |    24.4171 |
| 8813.0 |    24.3925 |
| 8814.0 |    24.3679 |
| 8815.0 |    24.3405 |
| 8816.0 |    24.3159 |
| 8817.0 |    24.2885 |
| 8818.0 |    24.2639 |
| 8819.0 |    24.2365 |
| 8820.0 |    24.2119 |
| 8821.0 |    24.1873 |
| 8822.0 |    24.1655 |
| 8823.0 |    24.1436 |
| 8824.0 |    24.1245 |
| 8825.0 |    24.1026 |
| 8826.0 |    24.0807 |
| 8827.0 |    24.0616 |
| 8828.0 |    24.0424 |
| 8829.0 |    24.0205 |
| 8830.0 |    23.9986 |
| 8831.0 |    23.9767 |
| 8832.0 |     23.952 |
| 8833.0 |    23.9274 |
| 8834.0 |    23.9027 |
| 8835.0 |    23.8808 |
| 8836.0 |    23.8561 |
| 8837.0 |    23.8341 |
| 8838.0 |    23.8122 |
| 8839.0 |    23.7902 |
| 8840.0 |     23.771 |
| 8841.0 |     23.749 |
| 8842.0 |     23.727 |
| 8843.0 |    23.7051 |
| 8844.0 |    23.6858 |
| 8845.0 |    23.6638 |
| 8846.0 |    23.6472 |
| 8847.0 |    23.6307 |
| 8848.0 |    23.6141 |
| 8849.0 |    23.5974 |
| 8850.0 |    23.5781 |
| 8851.0 |    23.5588 |
| 8852.0 |    23.5367 |
| 8853.0 |    23.5147 |
| 8854.0 |    23.4899 |
| 8855.0 |    23.4705 |
| 8856.0 |    23.4512 |
| 8857.0 |    23.4318 |
| 8858.0 |    23.4124 |
| 8859.0 |     23.393 |
| 8860.0 |    23.3736 |
| 8861.0 |    23.3542 |
| 8862.0 |    23.3321 |
| 8863.0 |    23.3126 |
| 8864.0 |    23.2905 |
| 8865.0 |     23.271 |
| 8866.0 |    23.2569 |
| 8867.0 |    23.2428 |
| 8868.0 |    23.2287 |
| 8869.0 |    23.2145 |
| 8870.0 |    23.1977 |
| 8871.0 |    23.1808 |
| 8872.0 |    23.1613 |
| 8873.0 |    23.1444 |
| 8874.0 |    23.1275 |
| 8875.0 |     23.108 |
| 8876.0 |    23.0884 |
| 8877.0 |    23.0688 |
| 8878.0 |    23.0466 |
| 8879.0 |     23.027 |
| 8880.0 |    23.0074 |
| 8881.0 |    22.9878 |
| 8882.0 |    22.9708 |
| 8883.0 |    22.9511 |
| 8884.0 |    22.9341 |
| 8885.0 |    22.9171 |
| 8886.0 |    22.9001 |
| 8887.0 |    22.8857 |
| 8888.0 |    22.8713 |
| 8889.0 |    22.8595 |
| 8890.0 |    22.8424 |
| 8891.0 |    22.8253 |
| 8892.0 |    22.8056 |
| 8893.0 |    22.7858 |
| 8894.0 |    22.7661 |
| 8895.0 |    22.7463 |
| 8896.0 |    22.7292 |
| 8897.0 |     22.712 |
| 8898.0 |    22.6948 |
| 8899.0 |    22.6776 |
| 8900.0 |    22.6604 |
| 8901.0 |    22.6432 |
| 8902.0 |    22.6286 |
| 8903.0 |     22.614 |
| 8904.0 |    22.5993 |
| 8905.0 |    22.5846 |
| 8906.0 |    22.5648 |
| 8907.0 |    22.5449 |
| 8908.0 |    22.5224 |
| 8909.0 |    22.5025 |
| 8910.0 |    22.4851 |
| 8911.0 |    22.4678 |
| 8912.0 |    22.4556 |
| 8913.0 |    22.4434 |
| 8914.0 |    22.4312 |
| 8915.0 |    22.4164 |
| 8916.0 |    22.3964 |
| 8917.0 |    22.3764 |
| 8918.0 |    22.3539 |
| 8919.0 |    22.3313 |
| 8920.0 |    22.3113 |
| 8921.0 |    22.2912 |
| 8922.0 |    22.2738 |
| 8923.0 |    22.2563 |
| 8924.0 |    22.2388 |
| 8925.0 |    22.2188 |
| 8926.0 |    22.1987 |
| 8927.0 |    22.1812 |
| 8928.0 |    22.1611 |
| 8929.0 |     22.141 |
| 8930.0 |     22.121 |
| 8931.0 |    22.1009 |
| 8932.0 |    22.0808 |
| 8933.0 |    22.0581 |
| 8934.0 |    22.0354 |
| 8935.0 |    22.0153 |
| 8936.0 |    21.9927 |
| 8937.0 |    21.9725 |
| 8938.0 |    21.9499 |
| 8939.0 |    21.9297 |
| 8940.0 |     21.907 |
| 8941.0 |    21.8818 |
| 8942.0 |    21.8566 |
| 8943.0 |    21.8289 |
| 8944.0 |    21.8037 |
| 8945.0 |    21.7785 |
| 8946.0 |    21.7533 |
| 8947.0 |    21.7306 |
| 8948.0 |    21.7054 |
| 8949.0 |    21.6828 |
| 8950.0 |    21.6576 |
| 8951.0 |    21.6299 |
| 8952.0 |    21.6022 |
| 8953.0 |    21.5745 |
| 8954.0 |    21.5444 |
| 8955.0 |    21.5167 |
| 8956.0 |    21.4865 |
| 8957.0 |    21.4564 |
| 8958.0 |    21.4263 |
| 8959.0 |    21.3936 |
| 8960.0 |    21.3635 |
| 8961.0 |     21.331 |
| 8962.0 |    21.2984 |
| 8963.0 |    21.2658 |
| 8964.0 |    21.2333 |
| 8965.0 |    21.2008 |
| 8966.0 |    21.1683 |
| 8967.0 |    21.1358 |
| 8968.0 |    21.1033 |
| 8969.0 |    21.0709 |
| 8970.0 |    21.0384 |
| 8971.0 |    21.0011 |
| 8972.0 |    20.9637 |
| 8973.0 |     20.924 |
| 8974.0 |    20.8867 |
| 8975.0 |    20.8494 |
| 8976.0 |    20.8147 |
| 8977.0 |    20.7799 |
| 8978.0 |    20.7476 |
| 8979.0 |    20.7129 |
| 8980.0 |    20.6758 |
| 8981.0 |    20.6338 |
| 8982.0 |    20.5894 |
| 8983.0 |     20.545 |
| 8984.0 |    20.5006 |
| 8985.0 |    20.4563 |
| 8986.0 |    20.4169 |
| 8987.0 |    20.3776 |
| 8988.0 |    20.3382 |
| 8989.0 |    20.2989 |
| 8990.0 |    20.2572 |
| 8991.0 |    20.2131 |
| 8992.0 |    20.1691 |
| 8993.0 |    20.1251 |
| 8994.0 |    20.0811 |
| 8995.0 |    20.0347 |
| 8996.0 |     19.986 |
| 8997.0 |    19.9373 |
| 8998.0 |    19.8887 |
| 8999.0 |    19.8377 |
| 9000.0 |    19.7892 |
| 9001.0 |    19.7407 |
| 9002.0 |    19.6898 |
| 9003.0 |    19.6414 |
| 9004.0 |    19.5931 |
| 9005.0 |    19.5448 |
| 9006.0 |    19.4918 |
| 9007.0 |    19.4388 |
| 9008.0 |    19.3859 |
| 9009.0 |     19.333 |
| 9010.0 |    19.2802 |
| 9011.0 |    19.2274 |
| 9012.0 |    19.1771 |
| 9013.0 |    19.1269 |
| 9014.0 |    19.0743 |
| 9015.0 |    19.0217 |
| 9016.0 |    18.9669 |
| 9017.0 |    18.9121 |
| 9018.0 |     18.855 |
| 9019.0 |     18.798 |
| 9020.0 |    18.7411 |
| 9021.0 |    18.6842 |
| 9022.0 |    18.6273 |
| 9023.0 |    18.5706 |
| 9024.0 |    18.5139 |
| 9025.0 |    18.4573 |
| 9026.0 |    18.3984 |
| 9027.0 |    18.3372 |
| 9028.0 |    18.2784 |
| 9029.0 |    18.2174 |
| 9030.0 |    18.1587 |
| 9031.0 |    18.1025 |
| 9032.0 |    18.0487 |
| 9033.0 |     17.995 |
| 9034.0 |    17.9413 |
| 9035.0 |    17.8854 |
| 9036.0 |    17.8248 |
| 9037.0 |     17.762 |
| 9038.0 |    17.6993 |
| 9039.0 |    17.6367 |
| 9040.0 |    17.5765 |
| 9041.0 |    17.5163 |
| 9042.0 |    17.4586 |
| 9043.0 |    17.4009 |
| 9044.0 |    17.3433 |
| 9045.0 |    17.2857 |
| 9046.0 |     17.226 |
| 9047.0 |    17.1663 |
| 9048.0 |    17.1066 |
| 9049.0 |    17.0471 |
| 9050.0 |    16.9876 |
| 9051.0 |    16.9305 |
| 9052.0 |    16.8712 |
| 9053.0 |    16.8143 |
| 9054.0 |    16.7551 |
| 9055.0 |    16.6983 |
| 9056.0 |    16.6416 |
| 9057.0 |     16.585 |
| 9058.0 |    16.5284 |
| 9059.0 |    16.4719 |
| 9060.0 |    16.4154 |
| 9061.0 |    16.3568 |
| 9062.0 |     16.296 |
| 9063.0 |    16.2353 |
| 9064.0 |    16.1746 |
| 9065.0 |    16.1185 |
| 9066.0 |    16.0648 |
| 9067.0 |    16.0112 |
| 9068.0 |    15.9599 |
| 9069.0 |    15.9087 |
| 9070.0 |    15.8552 |
| 9071.0 |    15.8019 |
| 9072.0 |    15.7486 |
| 9073.0 |    15.6954 |
| 9074.0 |      15.64 |
| 9075.0 |    15.5869 |
| 9076.0 |    15.5339 |
| 9077.0 |     15.481 |
| 9078.0 |    15.4281 |
| 9079.0 |    15.3753 |
| 9080.0 |    15.3249 |
| 9081.0 |    15.2767 |
| 9082.0 |    15.2263 |
| 9083.0 |    15.1783 |
| 9084.0 |    15.1303 |
| 9085.0 |    15.0823 |
| 9086.0 |    15.0322 |
| 9087.0 |    14.9822 |
| 9088.0 |    14.9345 |
| 9089.0 |    14.8846 |
| 9090.0 |    14.8348 |
| 9091.0 |    14.7894 |
| 9092.0 |    14.7442 |
| 9093.0 |    14.6967 |
| 9094.0 |    14.6516 |
| 9095.0 |    14.6065 |
| 9096.0 |    14.5636 |
| 9097.0 |    14.5187 |
| 9098.0 |    14.4759 |
| 9099.0 |    14.4311 |
| 9100.0 |    14.3884 |
| 9101.0 |    14.3459 |
| 9102.0 |    14.3034 |
| 9103.0 |    14.2631 |
| 9104.0 |    14.2207 |
| 9105.0 |    14.1806 |
| 9106.0 |    14.1383 |
| 9107.0 |    14.0982 |
| 9108.0 |    14.0582 |
| 9109.0 |    14.0161 |
| 9110.0 |    13.9762 |
| 9111.0 |    13.9385 |
| 9112.0 |    13.8987 |
| 9113.0 |    13.8611 |
| 9114.0 |    13.8214 |
| 9115.0 |    13.7839 |
| 9116.0 |    13.7443 |
| 9117.0 |    13.7048 |
| 9118.0 |    13.6674 |
| 9119.0 |     13.628 |
| 9120.0 |    13.5907 |
| 9121.0 |    13.5535 |
| 9122.0 |    13.5185 |
| 9123.0 |    13.4836 |
| 9124.0 |    13.4486 |
| 9125.0 |    13.4137 |
| 9126.0 |    13.3768 |
| 9127.0 |    13.3398 |
| 9128.0 |    13.3051 |
| 9129.0 |    13.2683 |
| 9130.0 |    13.2315 |
| 9131.0 |    13.1947 |
| 9132.0 |    13.1559 |
| 9133.0 |    13.1193 |
| 9134.0 |    13.0806 |
| 9135.0 |    13.0419 |
| 9136.0 |    13.0033 |
| 9137.0 |    12.9647 |
| 9138.0 |    12.9262 |
| 9139.0 |    12.8856 |
| 9140.0 |    12.8472 |
| 9141.0 |    12.8068 |
| 9142.0 |    12.7685 |
| 9143.0 |    12.7281 |
| 9144.0 |    12.6878 |
| 9145.0 |    12.6455 |
| 9146.0 |    12.6032 |
| 9147.0 |    12.5589 |
| 9148.0 |    12.5147 |
| 9149.0 |    12.4685 |
| 9150.0 |    12.4223 |
| 9151.0 |    12.3761 |
| 9152.0 |     12.328 |
| 9153.0 |    12.2799 |
| 9154.0 |    12.2299 |
| 9155.0 |    12.1799 |
| 9156.0 |    12.1279 |
| 9157.0 |     12.076 |
| 9158.0 |    12.0242 |
| 9159.0 |    11.9704 |
| 9160.0 |    11.9146 |
| 9161.0 |    11.8569 |
| 9162.0 |    11.7972 |
| 9163.0 |    11.7376 |
| 9164.0 |    11.6781 |
| 9165.0 |    11.6166 |
| 9166.0 |    11.5532 |
| 9167.0 |    11.4899 |
| 9168.0 |    11.4246 |
| 9169.0 |    11.3574 |
| 9170.0 |    11.2883 |
| 9171.0 |    11.2173 |
| 9172.0 |    11.1444 |
| 9173.0 |    11.0716 |
| 9174.0 |    10.9948 |
| 9175.0 |    10.9182 |
| 9176.0 |    10.8397 |
| 9177.0 |    10.7593 |
| 9178.0 |    10.6771 |
| 9179.0 |     10.595 |
| 9180.0 |     10.511 |
| 9181.0 |    10.4251 |
| 9182.0 |    10.3394 |
| 9183.0 |    10.2499 |
| 9184.0 |    10.1605 |
| 9185.0 |    10.0713 |
| 9186.0 |     9.9782 |
| 9187.0 |     9.8833 |
| 9188.0 |    9.78657 |
| 9189.0 |    9.69004 |
| 9190.0 |    9.59168 |
| 9191.0 |    9.48952 |
| 9192.0 |    9.38756 |
| 9193.0 |     9.2838 |
| 9194.0 |    9.18025 |
| 9195.0 |     9.0749 |
| 9196.0 |    8.96778 |
| 9197.0 |    8.85888 |
| 9198.0 |     8.7502 |
| 9199.0 |    8.63975 |
| 9200.0 |    8.52952 |
| 9201.0 |    8.41753 |
| 9202.0 |    8.30576 |
| 9203.0 |    8.19422 |
| 9204.0 |    8.08093 |
| 9205.0 |    7.96591 |
| 9206.0 |    7.84718 |
| 9207.0 |    7.72868 |
| 9208.0 |    7.60848 |
| 9209.0 |    7.49047 |
| 9210.0 |     7.3727 |
| 9211.0 |    7.25713 |
| 9212.0 |    7.14179 |
| 9213.0 |    7.02865 |
| 9214.0 |    6.91378 |
| 9215.0 |    6.79915 |
| 9216.0 |    6.68086 |
| 9217.0 |    6.56088 |
| 9218.0 |    6.44114 |
| 9219.0 |    6.32166 |
| 9220.0 |    6.20436 |
| 9221.0 |    6.09117 |
| 9222.0 |    5.98014 |
| 9223.0 |    5.86935 |
| 9224.0 |    5.75879 |
| 9225.0 |    5.64653 |
| 9226.0 |    5.53451 |
| 9227.0 |    5.42272 |
| 9228.0 |    5.30924 |
| 9229.0 |    5.19793 |
| 9230.0 |    5.08685 |
| 9231.0 |    4.97983 |
| 9232.0 |    4.87494 |
| 9233.0 |    4.77028 |
| 9234.0 |    4.66775 |
| 9235.0 |    4.56543 |
| 9236.0 |    4.46523 |
| 9237.0 |    4.36525 |
| 9238.0 |    4.26548 |
| 9239.0 |    4.16781 |
| 9240.0 |    4.07036 |
| 9241.0 |     3.9769 |
| 9242.0 |    3.88175 |
| 9243.0 |    3.79057 |
| 9244.0 |    3.69959 |
| 9245.0 |     3.6107 |
| 9246.0 |    3.52199 |
| 9247.0 |    3.43535 |
| 9248.0 |    3.35078 |
| 9249.0 |    3.26639 |
| 9250.0 |    3.18405 |
| 9251.0 |    3.10377 |
| 9252.0 |    3.02179 |
| 9253.0 |    2.94372 |
| 9254.0 |    2.86581 |
| 9255.0 |    2.78994 |
| 9256.0 |    2.71796 |
| 9257.0 |    2.64799 |
| 9258.0 |    2.58003 |
| 9259.0 |    2.51408 |
| 9260.0 |    2.44641 |
| 9261.0 |    2.38259 |
| 9262.0 |    2.31706 |
| 9263.0 |    2.25353 |
| 9264.0 |    2.19013 |
| 9265.0 |    2.13055 |
| 9266.0 |    2.07111 |
| 9267.0 |    2.01547 |
| 9268.0 |    1.95995 |
| 9269.0 |    1.90638 |
| 9270.0 |    1.85294 |
| 9271.0 |    1.80144 |
| 9272.0 |    1.75189 |
| 9273.0 |    1.70244 |
| 9274.0 |    1.65492 |
| 9275.0 |    1.60751 |
| 9276.0 |    1.56384 |
| 9277.0 |    1.52209 |
| 9278.0 |    1.48043 |
| 9279.0 |    1.44067 |
| 9280.0 |      1.401 |
| 9281.0 |    1.36141 |
| 9282.0 |    1.32373 |
| 9283.0 |    1.28793 |
| 9284.0 |    1.25041 |
| 9285.0 |    1.21657 |
| 9286.0 |      1.181 |
| 9287.0 |    1.14911 |
| 9288.0 |     1.1173 |
| 9289.0 |    1.08555 |
| 9290.0 |    1.05387 |
| 9291.0 |    1.02584 |
| 9292.0 |   0.996085 |
| 9293.0 |   0.969965 |
| 9294.0 |   0.942121 |
| 9295.0 |    0.91612 |
| 9296.0 |   0.890177 |
| 9297.0 |   0.866067 |
| 9298.0 |   0.842011 |
| 9299.0 |    0.81801 |
| 9300.0 |   0.795832 |
| 9301.0 |   0.773703 |
| 9302.0 |   0.753389 |
| 9303.0 |    0.73312 |
| 9304.0 |   0.714658 |
| 9305.0 |   0.694479 |
| 9306.0 |   0.676103 |
| 9307.0 |   0.659522 |
| 9308.0 |   0.641226 |
| 9309.0 |   0.624722 |
| 9310.0 |   0.608255 |
| 9311.0 |   0.591826 |
| 9312.0 |   0.575434 |
| 9313.0 |   0.559079 |
| 9314.0 |   0.542762 |
| 9315.0 |   0.526482 |
| 9316.0 |   0.513711 |
| 9317.0 |   0.499235 |
| 9318.0 |   0.486523 |
| 9319.0 |   0.473841 |
| 9320.0 |   0.461187 |
| 9321.0 |   0.448563 |
| 9322.0 |    0.43769 |
| 9323.0 |   0.426843 |
| 9324.0 |   0.414301 |
| 9325.0 |   0.403506 |
| 9326.0 |   0.392735 |
| 9327.0 |   0.383701 |
| 9328.0 |   0.372978 |
| 9329.0 |   0.362279 |
| 9330.0 |   0.353312 |
| 9331.0 |   0.344365 |
| 9332.0 |   0.335439 |
| 9333.0 |   0.326534 |
| 9334.0 |   0.317649 |
| 9335.0 |   0.308785 |
| 9336.0 |   0.301636 |
| 9337.0 |   0.294503 |
| 9338.0 |   0.287387 |
| 9339.0 |   0.280287 |
| 9340.0 |   0.273204 |
| 9341.0 |   0.266137 |
| 9342.0 |   0.259086 |
| 9343.0 |   0.250372 |
| 9344.0 |   0.243356 |
| 9345.0 |   0.236357 |
| 9346.0 |   0.231048 |
| 9347.0 |    0.22408 |
| 9348.0 |   0.218798 |
| 9349.0 |   0.213528 |
| 9350.0 |   0.208271 |
| 9351.0 |   0.203025 |
| 9352.0 |   0.199455 |
| 9353.0 |   0.194232 |
| 9354.0 |   0.189021 |
| 9355.0 |   0.185479 |
| 9356.0 |   0.181945 |
| 9357.0 |   0.178419 |
| 9358.0 |   0.174902 |
| 9359.0 |   0.171392 |
| 9360.0 |   0.166245 |
| 9361.0 |   0.162754 |
| 9362.0 |   0.157629 |
| 9363.0 |   0.152516 |
| 9364.0 |   0.149054 |
| 9365.0 |   0.143963 |
| 9366.0 |   0.140519 |
| 9367.0 |   0.138714 |
| 9368.0 |   0.135284 |
| 9369.0 |   0.131862 |
| 9370.0 |   0.130074 |
| 9371.0 |   0.126666 |
| 9372.0 |   0.123266 |
| 9373.0 |   0.119875 |
| 9374.0 |   0.116491 |
| 9375.0 |   0.113115 |
| 9376.0 |   0.109748 |
| 9377.0 |      0.108 |
| 9378.0 |   0.104647 |
| 9379.0 |   0.101301 |
| 9380.0 |  0.0995701 |
| 9381.0 |  0.0962388 |
| 9382.0 |  0.0945175 |
| 9383.0 |  0.0928003 |
| 9384.0 |  0.0910871 |
| 9385.0 |  0.0893779 |
| 9386.0 |  0.0876728 |
| 9387.0 |  0.0859717 |
| 9388.0 |  0.0842746 |
| 9389.0 |  0.0809935 |
| 9390.0 |  0.0793064 |
| 9391.0 |  0.0776234 |
| 9392.0 |  0.0759444 |
| 9393.0 |  0.0758495 |
| 9394.0 |  0.0741766 |
| 9395.0 |  0.0725076 |
| 9396.0 |  0.0708426 |
| 9397.0 |  0.0691816 |
| 9398.0 |  0.0659543 |
| 9399.0 |  0.0643033 |
| 9400.0 |  0.0626562 |
| 9401.0 |  0.0610131 |
| 9402.0 |   0.059374 |
| 9403.0 |  0.0577389 |
| 9404.0 |  0.0561078 |
| 9405.0 |  0.0544806 |
| 9406.0 |   0.054412 |
| 9407.0 |  0.0527908 |
| 9408.0 |  0.0527242 |
| 9409.0 |   0.051109 |
| 9410.0 |  0.0510445 |
| 9411.0 |  0.0494351 |
| 9412.0 |  0.0493727 |
| 9413.0 |  0.0477693 |
| 9414.0 |  0.0477089 |
| 9415.0 |  0.0461114 |
| 9416.0 |   0.046053 |
| 9417.0 |  0.0429283 |
| 9418.0 |  0.0413426 |
| 9419.0 |  0.0397609 |
| 9420.0 |  0.0381831 |
| 9421.0 |  0.0381346 |
| 9422.0 |  0.0380861 |
| 9423.0 |  0.0380376 |
| 9424.0 |  0.0379892 |
| 9425.0 |  0.0379408 |
| 9426.0 |  0.0378924 |
| 9427.0 |  0.0363304 |
| 9428.0 |   0.036284 |
| 9429.0 |  0.0347277 |
| 9430.0 |  0.0331754 |
| 9431.0 |   0.033133 |
| 9432.0 |  0.0330906 |
| 9433.0 |   0.031546 |
| 9434.0 |  0.0315056 |
| 9435.0 |  0.0314653 |
| 9436.0 |  0.0299285 |
| 9437.0 |  0.0298901 |
| 9438.0 |  0.0283591 |
| 9439.0 |  0.0283227 |
| 9440.0 |  0.0267975 |
| 9441.0 |  0.0267631 |
| 9442.0 |  0.0267286 |
| 9443.0 |  0.0252112 |
| 9444.0 |  0.0251787 |
| 9445.0 |  0.0251463 |
| 9446.0 |  0.0236365 |
| 9447.0 |  0.0221307 |
| 9448.0 |  0.0221021 |
| 9449.0 |   0.020602 |
| 9450.0 |  0.0191056 |
| 9451.0 |  0.0190809 |
| 9452.0 |  0.0190562 |
| 9453.0 |  0.0190316 |
| 9454.0 |   0.020469 |
| 9455.0 |  0.0204424 |
| 9456.0 |  0.0189576 |
| 9457.0 |   0.018933 |
| 9458.0 |  0.0189084 |
| 9459.0 |  0.0188838 |
| 9460.0 |  0.0188593 |
| 9461.0 |  0.0173859 |
| 9462.0 |  0.0173633 |
| 9463.0 |  0.0158956 |
| 9464.0 |  0.0158749 |
| 9465.0 |  0.0144129 |
| 9466.0 |  0.0143941 |
| 9467.0 |  0.0158128 |
| 9468.0 |  0.0172279 |
| 9469.0 |  0.0172053 |
| 9470.0 |  0.0186147 |
| 9471.0 |  0.0185904 |
| 9472.0 |   0.018566 |
| 9473.0 |  0.0185417 |
| 9474.0 |  0.0185174 |
| 9475.0 |  0.0199157 |
| 9476.0 |  0.0198896 |
| 9477.0 |  0.0198635 |
| 9478.0 |  0.0198374 |
| 9479.0 |  0.0198113 |
| 9480.0 |  0.0197853 |
| 9481.0 |  0.0197593 |
| 9482.0 |  0.0183237 |
| 9483.0 |  0.0182996 |
| 9484.0 |  0.0168697 |
| 9485.0 |  0.0168474 |
| 9486.0 |  0.0168252 |
| 9487.0 |   0.016803 |
| 9488.0 |  0.0167808 |
| 9489.0 |  0.0167587 |
| 9490.0 |  0.0167365 |
| 9491.0 |  0.0153215 |
| 9492.0 |  0.0139102 |
| 9493.0 |  0.0125026 |
| 9494.0 |  0.0097114 |
| 9495.0 | 0.00969852 |
| 9496.0 |   0.008302 |
| 9497.0 | 0.00829099 |
| 9498.0 | 0.00827998 |
| 9499.0 | 0.00964716 |
