# Units:
#  "lambda" is in Angstroms
#  "pass" is the contribution to the detector signal per photon
#         entering the atmosphere of Earth
# 
# Bandpass Name(s): Bw
# 
# Instrument: KPNO/MOSAIC-I
# 
# Determined by: ?
# 
# Date of determination: ?
# 
# Meaning of/Reason for default column: Only available
# 
# Notes:
# 
# NDWFS Bw filter curve, convolved with the transmission of the
# Mayall+MOSAIC QE+atmosphere (AM=1.0).  Arjun Dey, 2006-Feb-21,
# private communication.
# 
# Bw-band filter for the NOAO Deep Wide-Field Survey.
# 
# J. Moustakas, 2008-Jul-12, NYU
| lambda |        pass |
| 3390.0 |         0.0 |
| 3392.0 |         0.0 |
| 3394.0 |         0.0 |
| 3396.0 |         0.0 |
| 3398.0 |  0.00072333 |
| 3400.0 | 0.000731655 |
| 3402.0 | 0.000370007 |
| 3404.0 |  0.00149682 |
| 3406.0 |  0.00113526 |
| 3408.0 |  0.00114795 |
| 3410.0 | 0.000773796 |
| 3412.0 |  0.00195581 |
| 3414.0 |  0.00237266 |
| 3416.0 |  0.00359767 |
| 3418.0 |  0.00444459 |
| 3420.0 |  0.00571736 |
| 3422.0 |  0.00784182 |
| 3424.0 |  0.00834176 |
| 3426.0 |    0.011801 |
| 3428.0 |   0.0166083 |
| 3430.0 |   0.0236644 |
| 3432.0 |   0.0299931 |
| 3434.0 |   0.0382033 |
| 3436.0 |   0.0514539 |
| 3438.0 |   0.0685491 |
| 3440.0 |     0.09548 |
| 3442.0 |    0.122477 |
| 3444.0 |    0.159683 |
| 3446.0 |    0.216704 |
| 3448.0 |    0.287044 |
| 3450.0 |    0.383414 |
| 3452.0 |    0.508929 |
| 3454.0 |    0.685202 |
| 3456.0 |     0.89015 |
| 3458.0 |     1.15954 |
| 3460.0 |     1.51699 |
| 3462.0 |     1.96484 |
| 3464.0 |     2.46281 |
| 3466.0 |      3.0387 |
| 3468.0 |     3.59162 |
| 3470.0 |     4.17179 |
| 3472.0 |     4.66138 |
| 3474.0 |     5.07842 |
| 3476.0 |     5.40206 |
| 3478.0 |     5.63726 |
| 3480.0 |     5.78482 |
| 3482.0 |     5.94789 |
| 3484.0 |      6.0448 |
| 3486.0 |     6.11349 |
| 3488.0 |     6.16618 |
| 3490.0 |     6.24221 |
| 3492.0 |      6.2952 |
| 3494.0 |      6.4054 |
| 3496.0 |     6.54511 |
| 3498.0 |      6.5747 |
| 3500.0 |     6.74713 |
| 3502.0 |     6.74191 |
| 3504.0 |     6.89868 |
| 3506.0 |     7.02254 |
| 3508.0 |      7.1261 |
| 3510.0 |      7.3061 |
| 3512.0 |     7.33735 |
| 3514.0 |     7.46381 |
| 3516.0 |     7.51833 |
| 3518.0 |     7.62037 |
| 3520.0 |     7.77616 |
| 3522.0 |      7.8742 |
| 3524.0 |     8.00981 |
| 3526.0 |     8.10215 |
| 3528.0 |      8.1937 |
| 3530.0 |     8.36061 |
| 3532.0 |     8.51442 |
| 3534.0 |     8.62792 |
| 3536.0 |      8.7625 |
| 3538.0 |     8.95133 |
| 3540.0 |     9.12687 |
| 3542.0 |     9.29504 |
| 3544.0 |     9.41045 |
| 3546.0 |     9.54692 |
| 3548.0 |     9.64777 |
| 3550.0 |      9.8564 |
| 3552.0 |     9.94408 |
| 3554.0 |     9.99973 |
| 3556.0 |     10.1365 |
| 3558.0 |     10.2305 |
| 3560.0 |     10.2963 |
| 3562.0 |     10.2832 |
| 3564.0 |     10.4744 |
| 3566.0 |     10.5094 |
| 3568.0 |     10.5508 |
| 3570.0 |     10.6285 |
| 3572.0 |     10.7987 |
| 3574.0 |     10.9136 |
| 3576.0 |     10.9797 |
| 3578.0 |     11.1347 |
| 3580.0 |     11.2344 |
| 3582.0 |     11.4426 |
| 3584.0 |     11.6059 |
| 3586.0 |     11.7194 |
| 3588.0 |     11.8496 |
| 3590.0 |     11.9888 |
| 3592.0 |     12.1817 |
| 3594.0 |      12.247 |
| 3596.0 |     12.4177 |
| 3598.0 |     12.5268 |
| 3600.0 |     12.5657 |
| 3602.0 |     12.6009 |
| 3604.0 |     12.7385 |
| 3606.0 |     12.7847 |
| 3608.0 |     12.8783 |
| 3610.0 |     12.9551 |
| 3612.0 |     13.0811 |
| 3614.0 |      13.148 |
| 3616.0 |     13.2419 |
| 3618.0 |     13.3737 |
| 3620.0 |     13.5662 |
| 3622.0 |     13.6865 |
| 3624.0 |     13.9313 |
| 3626.0 |     14.0803 |
| 3628.0 |     14.2887 |
| 3630.0 |     14.5957 |
| 3632.0 |     14.7418 |
| 3634.0 |     14.9887 |
| 3636.0 |     15.1839 |
| 3638.0 |     15.4555 |
| 3640.0 |     15.5723 |
| 3642.0 |     15.5639 |
| 3644.0 |      15.676 |
| 3646.0 |      15.941 |
| 3648.0 |     15.8773 |
| 3650.0 |     15.8867 |
| 3652.0 |     15.8914 |
| 3654.0 |     15.8915 |
| 3656.0 |       15.84 |
| 3658.0 |     15.8566 |
| 3660.0 |     15.8567 |
| 3662.0 |     15.9221 |
| 3664.0 |     15.9497 |
| 3666.0 |     16.0685 |
| 3668.0 |      16.021 |
| 3670.0 |     16.1185 |
| 3672.0 |     16.1381 |
| 3674.0 |     16.3281 |
| 3676.0 |     16.4629 |
| 3678.0 |     16.3719 |
| 3680.0 |     16.6161 |
| 3682.0 |     16.6261 |
| 3684.0 |     16.7888 |
| 3686.0 |     16.8159 |
| 3688.0 |     16.9351 |
| 3690.0 |     16.9891 |
| 3692.0 |     16.9991 |
| 3694.0 |     17.0138 |
| 3696.0 |     16.9634 |
| 3698.0 |     16.8858 |
| 3700.0 |     16.8143 |
| 3702.0 |     16.7621 |
| 3704.0 |     16.8453 |
| 3706.0 |     16.6264 |
| 3708.0 |     16.8075 |
| 3710.0 |     16.7567 |
| 3712.0 |     16.7493 |
| 3714.0 |     16.8685 |
| 3716.0 |     16.8902 |
| 3718.0 |     17.1133 |
| 3720.0 |     17.1903 |
| 3722.0 |     17.6062 |
| 3724.0 |     17.7152 |
| 3726.0 |     17.9001 |
| 3728.0 |     18.2102 |
| 3730.0 |      18.463 |
| 3732.0 |      18.645 |
| 3734.0 |     18.9724 |
| 3736.0 |     19.2148 |
| 3738.0 |     19.6043 |
| 3740.0 |     19.8164 |
| 3742.0 |     20.0292 |
| 3744.0 |     20.2797 |
| 3746.0 |     20.4356 |
| 3748.0 |     20.9183 |
| 3750.0 |     20.9469 |
| 3752.0 |     21.0449 |
| 3754.0 |     21.1086 |
| 3756.0 |     21.0498 |
| 3758.0 |      21.402 |
| 3760.0 |     21.4769 |
| 3762.0 |     21.7744 |
| 3764.0 |     21.7884 |
| 3766.0 |     22.0598 |
| 3768.0 |     21.8883 |
| 3770.0 |     22.2562 |
| 3772.0 |     22.5013 |
| 3774.0 |     22.6853 |
| 3776.0 |      23.025 |
| 3778.0 |     23.1935 |
| 3780.0 |     23.4562 |
| 3782.0 |      23.477 |
| 3784.0 |     23.6544 |
| 3786.0 |     23.6854 |
| 3788.0 |      24.034 |
| 3790.0 |     24.0087 |
| 3792.0 |     23.8862 |
| 3794.0 |     23.9076 |
| 3796.0 |     23.9855 |
| 3798.0 |     23.9109 |
| 3800.0 |     23.7246 |
| 3802.0 |      23.457 |
| 3804.0 |     23.4406 |
| 3806.0 |      23.215 |
| 3808.0 |     23.0803 |
| 3810.0 |     23.0718 |
| 3812.0 |     22.9273 |
| 3814.0 |     22.7302 |
| 3816.0 |      22.792 |
| 3818.0 |     22.7872 |
| 3820.0 |     22.8031 |
| 3822.0 |     22.9024 |
| 3824.0 |     22.9769 |
| 3826.0 |     23.1341 |
| 3828.0 |     23.2176 |
| 3830.0 |     23.3323 |
| 3832.0 |     23.6787 |
| 3834.0 |     23.8279 |
| 3836.0 |     24.0309 |
| 3838.0 |     24.2646 |
| 3840.0 |     24.2352 |
| 3842.0 |     24.4939 |
| 3844.0 |     24.6389 |
| 3846.0 |     24.6874 |
| 3848.0 |     24.7368 |
| 3850.0 |     24.9681 |
| 3852.0 |     24.8819 |
| 3854.0 |     24.9129 |
| 3856.0 |     24.7695 |
| 3858.0 |       24.84 |
| 3860.0 |     24.7242 |
| 3862.0 |     24.6626 |
| 3864.0 |     24.5402 |
| 3866.0 |     24.5023 |
| 3868.0 |     24.5207 |
| 3870.0 |     24.6562 |
| 3872.0 |     24.5472 |
| 3874.0 |     24.6171 |
| 3876.0 |     24.7083 |
| 3878.0 |     24.6951 |
| 3880.0 |     24.8855 |
| 3882.0 |     24.9424 |
| 3884.0 |     25.1327 |
| 3886.0 |     25.3902 |
| 3888.0 |     25.5793 |
| 3890.0 |     25.7744 |
| 3892.0 |     26.0898 |
| 3894.0 |     26.0315 |
| 3896.0 |     26.2384 |
| 3898.0 |     26.3454 |
| 3900.0 |     26.4846 |
| 3902.0 |     26.4331 |
| 3904.0 |     26.5569 |
| 3906.0 |     26.4389 |
| 3908.0 |     26.5027 |
| 3910.0 |     26.3206 |
| 3912.0 |       26.27 |
| 3914.0 |     26.0635 |
| 3916.0 |     25.8633 |
| 3918.0 |     25.7008 |
| 3920.0 |     25.5793 |
| 3922.0 |     25.5411 |
| 3924.0 |     25.3232 |
| 3926.0 |      25.062 |
| 3928.0 |     24.9866 |
| 3930.0 |     25.1101 |
| 3932.0 |     25.0684 |
| 3934.0 |     25.0369 |
| 3936.0 |      25.196 |
| 3938.0 |     25.3218 |
| 3940.0 |     25.4414 |
| 3942.0 |     25.7087 |
| 3944.0 |     25.9046 |
| 3946.0 |     26.2153 |
| 3948.0 |     26.5463 |
| 3950.0 |     26.8701 |
| 3952.0 |     27.0455 |
| 3954.0 |     27.4362 |
| 3956.0 |     27.7874 |
| 3958.0 |     28.0822 |
| 3960.0 |     28.4407 |
| 3962.0 |      28.636 |
| 3964.0 |     28.9954 |
| 3966.0 |     29.2361 |
| 3968.0 |     29.0305 |
| 3970.0 |     29.4358 |
| 3972.0 |     29.4222 |
| 3974.0 |     29.3646 |
| 3976.0 |     29.4157 |
| 3978.0 |     29.5292 |
| 3980.0 |     29.4239 |
| 3982.0 |      29.348 |
| 3984.0 |     29.2466 |
| 3986.0 |      29.184 |
| 3988.0 |     29.2387 |
| 3990.0 |     29.1709 |
| 3992.0 |     29.0477 |
| 3994.0 |     28.9855 |
| 3996.0 |     28.9972 |
| 3998.0 |     28.9378 |
| 4000.0 |     29.0077 |
| 4002.0 |     29.0192 |
| 4004.0 |      29.151 |
| 4006.0 |     29.0928 |
| 4008.0 |     29.0676 |
| 4010.0 |      29.187 |
| 4012.0 |      29.176 |
| 4014.0 |     29.2764 |
| 4016.0 |     29.2796 |
| 4018.0 |     29.3642 |
| 4020.0 |     29.1658 |
| 4022.0 |     29.3062 |
| 4024.0 |     29.2112 |
| 4026.0 |     29.1078 |
| 4028.0 |      28.882 |
| 4030.0 |     28.7889 |
| 4032.0 |     28.7855 |
| 4034.0 |     28.6982 |
| 4036.0 |     28.5331 |
| 4038.0 |     28.3109 |
| 4040.0 |     28.0315 |
| 4042.0 |     28.0426 |
| 4044.0 |      27.856 |
| 4046.0 |      27.732 |
| 4048.0 |     27.6938 |
| 4050.0 |       27.67 |
| 4052.0 |     27.7437 |
| 4054.0 |     27.6237 |
| 4056.0 |     27.7056 |
| 4058.0 |     27.7582 |
| 4060.0 |     27.9058 |
| 4062.0 |     27.7673 |
| 4064.0 |     27.9037 |
| 4066.0 |      28.083 |
| 4068.0 |     28.3563 |
| 4070.0 |     28.4741 |
| 4072.0 |     28.6465 |
| 4074.0 |     28.8571 |
| 4076.0 |     29.0747 |
| 4078.0 |      29.212 |
| 4080.0 |     29.3264 |
| 4082.0 |     29.5171 |
| 4084.0 |     29.5063 |
| 4086.0 |     29.7506 |
| 4088.0 |     29.8196 |
| 4090.0 |       30.01 |
| 4092.0 |     30.0893 |
| 4094.0 |     30.1005 |
| 4096.0 |     30.1734 |
| 4098.0 |     30.1062 |
| 4100.0 |      30.139 |
| 4102.0 |     30.2437 |
| 4104.0 |     30.0641 |
| 4106.0 |     30.1319 |
| 4108.0 |      30.121 |
| 4110.0 |     30.2192 |
| 4112.0 |     30.3157 |
| 4114.0 |      30.303 |
| 4116.0 |     30.2869 |
| 4118.0 |     30.2014 |
| 4120.0 |     30.3807 |
| 4122.0 |      30.572 |
| 4124.0 |     30.4761 |
| 4126.0 |        30.6 |
| 4128.0 |      30.724 |
| 4130.0 |     30.6954 |
| 4132.0 |     30.7516 |
| 4134.0 |     30.8179 |
| 4136.0 |     30.9132 |
| 4138.0 |     30.8857 |
| 4140.0 |     30.9076 |
| 4142.0 |      30.931 |
| 4144.0 |     30.8055 |
| 4146.0 |     30.8148 |
| 4148.0 |     30.8633 |
| 4150.0 |     30.6339 |
| 4152.0 |      30.555 |
| 4154.0 |     30.3725 |
| 4156.0 |     30.1482 |
| 4158.0 |     30.0851 |
| 4160.0 |     30.0198 |
| 4162.0 |      29.956 |
| 4164.0 |     29.7744 |
| 4166.0 |     29.6509 |
| 4168.0 |     29.4509 |
| 4170.0 |     29.4372 |
| 4172.0 |     29.5204 |
| 4174.0 |      29.444 |
| 4176.0 |     29.3934 |
| 4178.0 |     29.4417 |
| 4180.0 |     29.4135 |
| 4182.0 |      29.448 |
| 4184.0 |     29.7057 |
| 4186.0 |      29.786 |
| 4188.0 |     29.9522 |
| 4190.0 |     30.2168 |
| 4192.0 |     30.2318 |
| 4194.0 |     30.4713 |
| 4196.0 |      30.687 |
| 4198.0 |     30.7593 |
| 4200.0 |     30.9637 |
| 4202.0 |     31.2056 |
| 4204.0 |     31.3989 |
| 4206.0 |     31.4817 |
| 4208.0 |     31.6372 |
| 4210.0 |     31.8425 |
| 4212.0 |     31.6984 |
| 4214.0 |      31.862 |
| 4216.0 |     31.7711 |
| 4218.0 |     31.8147 |
| 4220.0 |     31.6332 |
| 4222.0 |     31.8386 |
| 4224.0 |      31.968 |
| 4226.0 |       31.82 |
| 4228.0 |     31.7574 |
| 4230.0 |     31.4038 |
| 4232.0 |     31.4674 |
| 4234.0 |     31.3237 |
| 4236.0 |      31.357 |
| 4238.0 |     31.3007 |
| 4240.0 |     31.4182 |
| 4242.0 |     31.3241 |
| 4244.0 |     31.3269 |
| 4246.0 |     31.4933 |
| 4248.0 |      31.624 |
| 4250.0 |     31.5457 |
| 4252.0 |     31.8156 |
| 4254.0 |     31.8854 |
| 4256.0 |     32.1306 |
| 4258.0 |     32.4958 |
| 4260.0 |     32.4285 |
| 4262.0 |     32.6966 |
| 4264.0 |     32.7762 |
| 4266.0 |     32.9613 |
| 4268.0 |     33.3304 |
| 4270.0 |     33.3559 |
| 4272.0 |     33.5508 |
| 4274.0 |     33.6109 |
| 4276.0 |     33.7294 |
| 4278.0 |     33.8644 |
| 4280.0 |     33.9171 |
| 4282.0 |      33.955 |
| 4284.0 |     33.9635 |
| 4286.0 |     33.7789 |
| 4288.0 |     33.6323 |
| 4290.0 |     33.4925 |
| 4292.0 |      33.378 |
| 4294.0 |     33.2004 |
| 4296.0 |     32.9391 |
| 4298.0 |     32.8194 |
| 4300.0 |     32.6086 |
| 4302.0 |     32.4602 |
| 4304.0 |     32.3187 |
| 4306.0 |     32.0117 |
| 4308.0 |      31.986 |
| 4310.0 |     31.9565 |
| 4312.0 |     31.8616 |
| 4314.0 |     31.6752 |
| 4316.0 |      31.654 |
| 4318.0 |     31.5656 |
| 4320.0 |     31.4545 |
| 4322.0 |     31.8381 |
| 4324.0 |     31.9006 |
| 4326.0 |     32.0417 |
| 4328.0 |     32.0219 |
| 4330.0 |     32.1837 |
| 4332.0 |     32.1768 |
| 4334.0 |     32.2675 |
| 4336.0 |      32.518 |
| 4338.0 |     32.6352 |
| 4340.0 |      32.794 |
| 4342.0 |     33.0265 |
| 4344.0 |     33.0706 |
| 4346.0 |     33.2676 |
| 4348.0 |     33.3326 |
| 4350.0 |     33.4147 |
| 4352.0 |     33.3945 |
| 4354.0 |     33.4918 |
| 4356.0 |     33.4753 |
| 4358.0 |     33.3752 |
| 4360.0 |      33.482 |
| 4362.0 |     33.3683 |
| 4364.0 |     33.4903 |
| 4366.0 |     33.5249 |
| 4368.0 |     33.4661 |
| 4370.0 |     33.3193 |
| 4372.0 |     33.3193 |
| 4374.0 |     33.1969 |
| 4376.0 |      33.369 |
| 4378.0 |     33.1659 |
| 4380.0 |     33.2825 |
| 4382.0 |     33.5067 |
| 4384.0 |     33.3627 |
| 4386.0 |     33.4201 |
| 4388.0 |      33.518 |
| 4390.0 |     33.6833 |
| 4392.0 |     33.9876 |
| 4394.0 |      34.088 |
| 4396.0 |     34.2754 |
| 4398.0 |     34.3588 |
| 4400.0 |     34.6394 |
| 4402.0 |     34.9766 |
| 4404.0 |     35.0607 |
| 4406.0 |     35.2515 |
| 4408.0 |     35.3843 |
| 4410.0 |     35.5446 |
| 4412.0 |      35.641 |
| 4414.0 |     35.9825 |
| 4416.0 |     36.0249 |
| 4418.0 |      36.151 |
| 4420.0 |     36.2228 |
| 4422.0 |     36.1698 |
| 4424.0 |     36.2885 |
| 4426.0 |     36.3351 |
| 4428.0 |     36.1704 |
| 4430.0 |     36.1562 |
| 4432.0 |     36.0519 |
| 4434.0 |     35.9414 |
| 4436.0 |     35.8386 |
| 4438.0 |      35.708 |
| 4440.0 |     35.5379 |
| 4442.0 |     35.4561 |
| 4444.0 |     35.4725 |
| 4446.0 |     35.4121 |
| 4448.0 |     35.0616 |
| 4450.0 |     35.2475 |
| 4452.0 |     35.0029 |
| 4454.0 |     34.8706 |
| 4456.0 |     35.1201 |
| 4458.0 |     34.9322 |
| 4460.0 |     35.1009 |
| 4462.0 |     35.1667 |
| 4464.0 |     35.2643 |
| 4466.0 |     35.4377 |
| 4468.0 |     35.5178 |
| 4470.0 |     35.5183 |
| 4472.0 |     35.7102 |
| 4474.0 |     35.8544 |
| 4476.0 |     36.0228 |
| 4478.0 |     36.0935 |
| 4480.0 |     36.2762 |
| 4482.0 |     36.5392 |
| 4484.0 |     36.6522 |
| 4486.0 |     36.6651 |
| 4488.0 |     36.7841 |
| 4490.0 |      36.845 |
| 4492.0 |     36.8797 |
| 4494.0 |     36.9504 |
| 4496.0 |     36.9184 |
| 4498.0 |     37.0251 |
| 4500.0 |     37.0411 |
| 4502.0 |     36.9156 |
| 4504.0 |     36.8947 |
| 4506.0 |     36.8351 |
| 4508.0 |     36.8865 |
| 4510.0 |     36.7779 |
| 4512.0 |     36.8127 |
| 4514.0 |     36.8799 |
| 4516.0 |     36.7948 |
| 4518.0 |      36.817 |
| 4520.0 |     36.9427 |
| 4522.0 |     36.8793 |
| 4524.0 |     36.9927 |
| 4526.0 |     37.0837 |
| 4528.0 |      37.189 |
| 4530.0 |     37.3351 |
| 4532.0 |     37.4669 |
| 4534.0 |     37.5477 |
| 4536.0 |     37.7206 |
| 4538.0 |     37.6991 |
| 4540.0 |     37.7962 |
| 4542.0 |     37.8913 |
| 4544.0 |     38.1649 |
| 4546.0 |     38.0918 |
| 4548.0 |     38.0658 |
| 4550.0 |     38.2308 |
| 4552.0 |      38.326 |
| 4554.0 |     38.1516 |
| 4556.0 |     38.1848 |
| 4558.0 |     37.9934 |
| 4560.0 |     37.8263 |
| 4562.0 |     37.6321 |
| 4564.0 |     37.4478 |
| 4566.0 |     37.1702 |
| 4568.0 |      37.037 |
| 4570.0 |     36.6447 |
| 4572.0 |     36.4713 |
| 4574.0 |     36.1007 |
| 4576.0 |     35.7855 |
| 4578.0 |     35.7313 |
| 4580.0 |     35.4422 |
| 4582.0 |     35.1775 |
| 4584.0 |     35.0183 |
| 4586.0 |     34.9775 |
| 4588.0 |     34.8157 |
| 4590.0 |     34.8139 |
| 4592.0 |     34.8704 |
| 4594.0 |     34.7682 |
| 4596.0 |     34.8015 |
| 4598.0 |     34.9119 |
| 4600.0 |     35.1497 |
| 4602.0 |     35.4003 |
| 4604.0 |      35.628 |
| 4606.0 |     35.8787 |
| 4608.0 |     36.0541 |
| 4610.0 |     36.3219 |
| 4612.0 |     36.6464 |
| 4614.0 |     36.9816 |
| 4616.0 |     37.3549 |
| 4618.0 |      37.676 |
| 4620.0 |     37.9952 |
| 4622.0 |     38.3146 |
| 4624.0 |     38.5964 |
| 4626.0 |     38.9078 |
| 4628.0 |     39.0888 |
| 4630.0 |      39.289 |
| 4632.0 |     39.4174 |
| 4634.0 |     39.5798 |
| 4636.0 |     39.5774 |
| 4638.0 |     39.6024 |
| 4640.0 |     39.6571 |
| 4642.0 |     39.5064 |
| 4644.0 |     39.5377 |
| 4646.0 |       39.48 |
| 4648.0 |     39.2738 |
| 4650.0 |     39.1353 |
| 4652.0 |     39.0964 |
| 4654.0 |     39.0299 |
| 4656.0 |     39.0102 |
| 4658.0 |     38.8224 |
| 4660.0 |     38.6452 |
| 4662.0 |     38.5018 |
| 4664.0 |     38.4841 |
| 4666.0 |     38.2448 |
| 4668.0 |     38.0906 |
| 4670.0 |     37.9962 |
| 4672.0 |     37.8462 |
| 4674.0 |     37.5978 |
| 4676.0 |     37.4135 |
| 4678.0 |     37.0986 |
| 4680.0 |     36.6485 |
| 4682.0 |     36.3288 |
| 4684.0 |     35.9508 |
| 4686.0 |     35.4545 |
| 4688.0 |     34.8418 |
| 4690.0 |     34.3593 |
| 4692.0 |     33.8268 |
| 4694.0 |     33.2742 |
| 4696.0 |     32.6951 |
| 4698.0 |     32.0829 |
| 4700.0 |     31.4785 |
| 4702.0 |      30.966 |
| 4704.0 |     30.5563 |
| 4706.0 |     30.2151 |
| 4708.0 |     30.0072 |
| 4710.0 |     29.9503 |
| 4712.0 |     30.0164 |
| 4714.0 |     30.1236 |
| 4716.0 |     30.3671 |
| 4718.0 |     30.8318 |
| 4720.0 |     31.4464 |
| 4722.0 |     32.1677 |
| 4724.0 |     33.1783 |
| 4726.0 |     34.3874 |
| 4728.0 |     35.8713 |
| 4730.0 |     37.1629 |
| 4732.0 |     38.4815 |
| 4734.0 |     39.7706 |
| 4736.0 |     40.4702 |
| 4738.0 |      40.647 |
| 4740.0 |     39.7815 |
| 4742.0 |     37.9637 |
| 4744.0 |     35.0659 |
| 4746.0 |     31.5385 |
| 4748.0 |     27.6212 |
| 4750.0 |     23.6151 |
| 4752.0 |     19.8829 |
| 4754.0 |     16.6788 |
| 4756.0 |     13.8417 |
| 4758.0 |     11.4662 |
| 4760.0 |     9.59229 |
| 4762.0 |      8.0169 |
| 4764.0 |     6.74482 |
| 4766.0 |     5.70845 |
| 4768.0 |     4.84669 |
| 4770.0 |     4.14221 |
| 4772.0 |     3.56665 |
| 4774.0 |     3.09823 |
| 4776.0 |     2.67775 |
| 4778.0 |     2.35144 |
| 4780.0 |     2.06443 |
| 4782.0 |     1.83658 |
| 4784.0 |     1.65035 |
| 4786.0 |     1.45516 |
| 4788.0 |     1.30826 |
| 4790.0 |     1.17005 |
| 4792.0 |     1.05818 |
| 4794.0 |     0.96164 |
| 4796.0 |    0.865016 |
| 4798.0 |    0.790379 |
| 4800.0 |    0.722299 |
| 4802.0 |    0.656365 |
| 4804.0 |    0.599211 |
| 4806.0 |    0.548637 |
| 4808.0 |    0.500226 |
| 4810.0 |    0.451767 |
| 4812.0 |    0.412121 |
| 4814.0 |    0.372434 |
| 4816.0 |    0.346014 |
| 4818.0 |    0.312909 |
| 4820.0 |    0.277549 |
| 4822.0 |    0.251037 |
| 4824.0 |    0.231166 |
| 4826.0 |    0.209049 |
| 4828.0 |    0.191359 |
| 4830.0 |    0.171423 |
| 4832.0 |    0.153694 |
| 4834.0 |    0.131489 |
| 4836.0 |    0.120409 |
| 4838.0 |    0.109317 |
| 4840.0 |    0.100446 |
| 4842.0 |   0.0848652 |
| 4844.0 |   0.0804404 |
| 4846.0 |   0.0715396 |
| 4848.0 |   0.0626296 |
| 4850.0 |    0.058186 |
| 4852.0 |   0.0514987 |
| 4854.0 |   0.0470446 |
| 4856.0 |   0.0425858 |
| 4858.0 |   0.0381225 |
| 4860.0 |   0.0358981 |
| 4862.0 |   0.0336715 |
| 4864.0 |   0.0314424 |
| 4866.0 |   0.0247171 |
| 4868.0 |   0.0224813 |
| 4870.0 |   0.0202431 |
| 4872.0 |   0.0180027 |
| 4874.0 |   0.0157601 |
| 4876.0 |   0.0157678 |
| 4878.0 |   0.0135218 |
| 4880.0 |   0.0112735 |
| 4882.0 |   0.0135347 |
| 4884.0 |   0.0112843 |
| 4886.0 |  0.00903167 |
| 4888.0 |  0.00903589 |
| 4890.0 |  0.00678006 |
| 4892.0 |  0.00678319 |
| 4894.0 |  0.00678629 |
| 4896.0 |  0.00678936 |
| 4898.0 |  0.00452827 |
| 4900.0 |  0.00679544 |
| 4902.0 |  0.00679843 |
| 4904.0 |  0.00453427 |
| 4906.0 |  0.00680435 |
| 4908.0 |  0.00453817 |
| 4910.0 |   0.0045401 |
| 4912.0 |    0.002271 |
| 4914.0 |  0.00454388 |
| 4916.0 |  0.00454574 |
| 4918.0 |  0.00227379 |
| 4920.0 |   0.0022747 |
| 4922.0 |   0.0045512 |
| 4924.0 |  0.00227649 |
| 4926.0 |  0.00227737 |
| 4928.0 |  0.00227825 |
| 4930.0 |  0.00227911 |
| 4932.0 |  0.00227997 |
| 4934.0 |  0.00228082 |
| 4936.0 |  0.00456334 |
| 4938.0 |  0.00456502 |
| 4940.0 |  0.00228334 |
| 4942.0 |  0.00228417 |
| 4944.0 |  0.00228499 |
| 4946.0 |  0.00228581 |
| 4948.0 |  0.00228663 |
| 4950.0 |  0.00228744 |
| 4952.0 |  0.00228824 |
| 4954.0 |  0.00228905 |
| 4956.0 |  0.00228985 |
| 4958.0 |  0.00229065 |
| 4960.0 |  0.00229145 |
| 4962.0 |  0.00229224 |
| 4964.0 |  0.00229304 |
| 4966.0 |  0.00229383 |
| 4968.0 |         0.0 |
| 4970.0 |  0.00229542 |
| 4972.0 |  0.00229622 |
| 4974.0 |         0.0 |
| 4976.0 |  0.00229781 |
| 4978.0 |  0.00229861 |
| 4980.0 |  0.00229941 |
| 4982.0 |  0.00230021 |
| 4984.0 |         0.0 |
| 4986.0 |         0.0 |
| 4988.0 |         0.0 |
| 4990.0 |         0.0 |
| 4992.0 |  0.00230428 |
| 4994.0 |         0.0 |
| 4996.0 |         0.0 |
| 4998.0 |         0.0 |
| 5000.0 |         0.0 |
