# Units:
#  "lambda" is in Angstroms
#  "pass" is the contribution to the detector signal per photon
#         entering the atmosphere of Earth
# 
# Bandpass Name(s): BandA
# 
# Instrument: Sofia/HAWC
# 
# Determined by: HAWC Instrument Team
# 
# Date of determination: Unknown
# 
# Meaning of/Reason for default column: Only column available
# 
# Notes:
# 
# 
# Obtained from Ravi Sankrit at the Sofia helpdesk on 2015-May-19 on 
# behalf of the HAWC Instrument Team.  Transmission includes the effect
# of the atmosphere but it is not clear if it includes the CCD QE.
# 
# J. Moustakas, 2015-May-19, Siena College
|   lambda |        pass |
| 445000.0 |   0.0050299 |
| 445600.0 |  0.00542516 |
| 446200.0 |  0.00552542 |
| 446800.0 | 0.000855154 |
| 447400.0 |  0.00417805 |
| 448000.0 |  0.00770183 |
| 448600.0 |  0.00873243 |
| 449200.0 |  0.00910214 |
| 449800.0 |  0.00845683 |
| 450400.0 |  0.00446842 |
| 451000.0 |         0.0 |
| 451600.0 |  0.00155566 |
| 452200.0 |  0.00980617 |
| 452800.0 |   0.0136803 |
| 453400.0 |   0.0161338 |
| 454000.0 |   0.0179473 |
| 454600.0 |   0.0195301 |
| 455200.0 |   0.0207919 |
| 455800.0 |   0.0223005 |
| 456400.0 |   0.0230535 |
| 457000.0 |   0.0246884 |
| 457600.0 |   0.0258049 |
| 458200.0 |   0.0271364 |
| 458800.0 |   0.0284178 |
| 459400.0 |   0.0297803 |
| 460000.0 |   0.0311603 |
| 460600.0 |   0.0322127 |
| 461200.0 |   0.0335685 |
| 461800.0 |   0.0350315 |
| 462400.0 |    0.036868 |
| 463000.0 |   0.0379578 |
| 463600.0 |   0.0391143 |
| 464200.0 |   0.0395029 |
| 464800.0 | 6.33732e-05 |
| 465400.0 | 0.000226924 |
| 466000.0 |  0.00508657 |
| 466600.0 |    0.040675 |
| 467200.0 |   0.0119484 |
| 467800.0 |   0.0215157 |
| 468400.0 |   0.0482306 |
| 469000.0 |   0.0552735 |
| 469600.0 |   0.0582468 |
| 470200.0 |    0.024875 |
| 470800.0 |   0.0590538 |
| 471400.0 |   0.0659805 |
| 472000.0 |   0.0699226 |
| 472600.0 |   0.0734848 |
| 473200.0 |   0.0753601 |
| 473800.0 |   0.0740953 |
| 474400.0 |   0.0613257 |
| 475000.0 |   0.0838273 |
| 475600.0 |   0.0881052 |
| 476200.0 |   0.0887822 |
| 476800.0 |   0.0876899 |
| 477400.0 |    0.081755 |
| 478000.0 |   0.0667704 |
| 478600.0 |   0.0335476 |
| 479200.0 | 0.000341831 |
| 479800.0 |         0.0 |
| 480400.0 |  0.00400742 |
| 481000.0 |   0.0530414 |
| 481600.0 |   0.0941721 |
| 482200.0 |    0.120248 |
| 482800.0 |   0.0479443 |
| 483400.0 |    0.150663 |
| 484000.0 |    0.162597 |
| 484600.0 |    0.172097 |
| 485200.0 |    0.179941 |
| 485800.0 |    0.188289 |
| 486400.0 |    0.195088 |
| 487000.0 |     0.20014 |
| 487600.0 |    0.204171 |
| 488200.0 |    0.206616 |
| 488800.0 |    0.200965 |
| 489400.0 |    0.198652 |
| 490000.0 |    0.183446 |
| 490600.0 |    0.154022 |
| 491200.0 |    0.104136 |
| 491800.0 |   0.0343148 |
| 492400.0 |   5.801e-05 |
| 493000.0 |         0.0 |
| 493600.0 |         0.0 |
| 494200.0 |         0.0 |
| 494800.0 |   0.0244879 |
| 495400.0 |     0.10996 |
| 496000.0 |    0.185266 |
| 496600.0 |    0.234955 |
| 497200.0 |    0.285494 |
| 497800.0 |    0.317342 |
| 498400.0 |    0.315778 |
| 499000.0 |    0.287769 |
| 499600.0 |    0.336892 |
| 500200.0 |    0.373338 |
| 500800.0 |    0.405659 |
| 501400.0 |    0.414744 |
| 502000.0 |    0.416267 |
| 502600.0 |    0.442747 |
| 503200.0 |    0.449064 |
| 503800.0 |    0.460718 |
| 504400.0 |    0.467391 |
| 505000.0 |    0.135854 |
| 505600.0 |    0.453455 |
| 506200.0 |    0.140684 |
| 506800.0 |    0.429133 |
| 507400.0 |    0.460003 |
| 508000.0 |     0.49907 |
| 508600.0 |    0.507528 |
| 509200.0 |    0.509073 |
| 509800.0 |    0.503207 |
| 510400.0 |    0.409391 |
| 511000.0 |    0.396801 |
| 511600.0 |    0.517146 |
| 512200.0 |    0.533627 |
| 512800.0 |    0.532083 |
| 513400.0 |    0.518815 |
| 514000.0 |    0.432153 |
| 514600.0 |         0.0 |
| 515200.0 |    0.484081 |
| 515800.0 |    0.506297 |
| 516400.0 |    0.392262 |
| 517000.0 |   0.0344628 |
| 517600.0 |    0.499831 |
| 518200.0 |     0.54064 |
| 518800.0 |     0.55311 |
| 519400.0 |    0.564083 |
| 520000.0 |    0.563746 |
| 520600.0 |    0.568405 |
| 521200.0 |    0.575118 |
| 521800.0 |    0.571051 |
| 522400.0 |    0.573288 |
| 523000.0 |    0.576853 |
| 523600.0 |    0.569586 |
| 524200.0 |    0.567533 |
| 524800.0 |     0.56935 |
| 525400.0 |    0.562168 |
| 526000.0 |    0.561224 |
| 526600.0 |    0.560395 |
| 527200.0 |    0.551314 |
| 527800.0 |    0.545437 |
| 528400.0 |    0.534169 |
| 529000.0 |    0.505903 |
| 529600.0 |     0.45269 |
| 530200.0 |    0.326574 |
| 530800.0 |   0.0496415 |
| 531400.0 |         0.0 |
| 532000.0 |    0.076521 |
| 532600.0 |    0.257937 |
| 533200.0 |    0.454098 |
| 533800.0 |    0.508653 |
| 534400.0 |    0.509276 |
| 535000.0 |    0.542558 |
| 535600.0 |    0.557074 |
| 536200.0 |     0.56103 |
| 536800.0 |    0.559554 |
| 537400.0 |    0.537744 |
| 538000.0 |     0.56881 |
| 538600.0 |    0.569855 |
| 539200.0 |    0.565004 |
| 539800.0 |    0.574022 |
| 540400.0 |    0.571501 |
| 541000.0 |     0.56984 |
| 541600.0 |    0.566373 |
| 542200.0 |    0.563391 |
| 542800.0 |    0.564105 |
| 543400.0 |    0.557659 |
| 544000.0 |    0.536016 |
| 544600.0 |    0.432027 |
| 545200.0 |   0.0306623 |
| 545800.0 |    0.504301 |
| 546400.0 |    0.545424 |
| 547000.0 |    0.554783 |
| 547600.0 |     0.55145 |
| 548200.0 |    0.546259 |
| 548800.0 |    0.539054 |
| 549400.0 |    0.515027 |
| 550000.0 |    0.463857 |
| 550600.0 |    0.297146 |
| 551200.0 |         0.0 |
| 551800.0 |    0.158863 |
| 552400.0 |    0.419701 |
| 553000.0 |      0.4823 |
| 553600.0 |    0.500493 |
| 554200.0 |     0.50986 |
| 554800.0 |    0.471453 |
| 555400.0 |    0.509059 |
| 556000.0 |    0.507509 |
| 556600.0 |    0.505222 |
| 557200.0 |    0.497893 |
| 557800.0 |    0.479236 |
| 558400.0 |         0.0 |
| 559000.0 |    0.451586 |
| 559600.0 |     0.42564 |
| 560200.0 |    0.348353 |
| 560800.0 |    0.367543 |
| 561400.0 |    0.290776 |
| 562000.0 |    0.157315 |
| 562600.0 |  0.00753426 |
| 563200.0 |         0.0 |
| 563800.0 |  0.00191147 |
| 564400.0 |    0.123729 |
| 565000.0 |    0.248977 |
| 565600.0 |     0.30683 |
| 566200.0 |    0.324497 |
| 566800.0 |     0.30695 |
| 567400.0 |    0.126938 |
| 568000.0 | 4.08915e-05 |
| 568600.0 |    0.120539 |
| 569200.0 |    0.300241 |
| 569800.0 |    0.335184 |
| 570400.0 |    0.336742 |
| 571000.0 |     0.33903 |
| 571600.0 |    0.334354 |
| 572200.0 |    0.323376 |
| 572800.0 |    0.310877 |
| 573400.0 |    0.295958 |
| 574000.0 |    0.272379 |
| 574600.0 |    0.234682 |
| 575200.0 |    0.157646 |
| 575800.0 |   0.0180974 |
| 576400.0 |         0.0 |
| 577000.0 |         0.0 |
| 577600.0 |    0.108137 |
| 578200.0 |    0.187385 |
| 578800.0 |    0.217656 |
| 579400.0 |    0.226966 |
| 580000.0 |    0.228146 |
| 580600.0 |    0.220544 |
| 581200.0 |    0.209405 |
| 581800.0 |    0.198546 |
| 582400.0 |    0.184211 |
| 583000.0 |    0.162826 |
| 583600.0 |    0.137351 |
| 584200.0 |    0.106496 |
| 584800.0 |   0.0642715 |
| 585400.0 |    0.020071 |
| 586000.0 |  0.00044855 |
| 586600.0 |         0.0 |
| 587200.0 |         0.0 |
| 587800.0 | 2.65727e-05 |
| 588400.0 |  0.00908983 |
| 589000.0 |    0.042537 |
| 589600.0 |   0.0733486 |
| 590200.0 |   0.0909652 |
| 590800.0 |   0.0946847 |
| 591400.0 |    0.119698 |
| 592000.0 |    0.121676 |
| 592600.0 |    0.122603 |
| 593200.0 |    0.111594 |
| 593800.0 |    0.111155 |
| 594400.0 |     0.12018 |
| 595000.0 |    0.120312 |
| 595600.0 |    0.120815 |
| 596200.0 |    0.116069 |
| 596800.0 |    0.110183 |
| 597400.0 |    0.107228 |
| 598000.0 |      0.1018 |
| 598600.0 |   0.0859135 |
| 599200.0 |   0.0451143 |
| 599800.0 |         0.0 |
| 600400.0 |   0.0291631 |
| 601000.0 |   0.0665574 |
| 601600.0 |         0.0 |
| 602200.0 |   0.0763694 |
| 602800.0 |   0.0830357 |
| 603400.0 |   0.0807438 |
| 604000.0 |   0.0783725 |
| 604600.0 |   0.0717246 |
| 605200.0 |   0.0773997 |
| 605800.0 |   0.0734336 |
| 606400.0 |   0.0702943 |
| 607000.0 |   0.0704506 |
| 607600.0 |   0.0691141 |
| 608200.0 |   0.0651566 |
| 608800.0 |   0.0626743 |
| 609400.0 |   0.0623744 |
| 610000.0 |   0.0603774 |
| 610600.0 |   0.0571169 |
| 611200.0 |   0.0544941 |
| 611800.0 |   0.0499868 |
| 612400.0 |   0.0535966 |
| 613000.0 |   0.0491436 |
| 613600.0 |   0.0474495 |
| 614200.0 |   0.0472592 |
| 614800.0 |   0.0462266 |
| 615400.0 |   0.0431324 |
| 616000.0 |   0.0411152 |
| 616600.0 |   0.0409263 |
| 617200.0 |   0.0390498 |
| 617800.0 |   0.0230791 |
| 618400.0 |   0.0239978 |
| 619000.0 |     0.03437 |
| 619600.0 |   0.0350875 |
| 620200.0 |   0.0330892 |
| 620800.0 |   0.0321829 |
| 621400.0 |   0.0319436 |
| 622000.0 |   0.0312076 |
| 622600.0 |    0.029528 |
| 623200.0 |   0.0277141 |
| 623800.0 |   0.0252236 |
| 624400.0 |  0.00965386 |
| 625000.0 |   0.0255552 |
| 625600.0 |   0.0241944 |
| 626200.0 |   0.0235725 |
| 626800.0 |   0.0234646 |
| 627400.0 |   0.0225046 |
| 628000.0 |   0.0208487 |
| 628600.0 |   0.0191829 |
| 629200.0 |  0.00153922 |
| 629800.0 |   0.0176544 |
| 630400.0 |   0.0166939 |
| 631000.0 |   0.0148074 |
| 631600.0 |   0.0126287 |
| 632200.0 |  0.00748764 |
| 632800.0 | 0.000123093 |
| 633400.0 |         0.0 |
| 634000.0 |  0.00145899 |
| 634600.0 |         0.0 |
| 635200.0 |  0.00563184 |
| 635800.0 |  0.00969823 |
| 636400.0 |   0.0108851 |
| 637000.0 |   0.0115876 |
| 637600.0 |   0.0117671 |
| 638200.0 |   0.0108737 |
| 638800.0 | 0.000300176 |
| 639400.0 |  0.00287498 |
| 640000.0 |  0.00755774 |
| 640600.0 |   0.0102126 |
| 641200.0 |  0.00987514 |
| 641800.0 |  0.00959288 |
| 642400.0 |  0.00949624 |
| 643000.0 |  0.00923315 |
| 643600.0 |  0.00864992 |
| 644200.0 |  0.00822102 |
| 644800.0 |   0.0081491 |
| 645400.0 |  0.00791521 |
| 646000.0 |  0.00749728 |
| 646600.0 |  0.00698833 |
| 647200.0 |  0.00648195 |
| 647800.0 |  0.00605582 |
| 648400.0 |  0.00551429 |
| 649000.0 |  0.00188464 |
| 649600.0 |  0.00316396 |
| 650200.0 |  0.00150931 |
| 650800.0 | 0.000103247 |
| 651400.0 |         0.0 |
| 652000.0 |         0.0 |
| 652600.0 | 0.000197481 |
| 653200.0 |  0.00145192 |
| 653800.0 |  0.00248674 |
| 654400.0 |  0.00301914 |
| 655000.0 |  0.00320795 |
| 655600.0 |  0.00279197 |
| 656200.0 |  0.00341776 |
| 656800.0 |  0.00348608 |
| 657400.0 |  0.00207326 |
