# Units:
#  "lambda" is in Angstroms
#  "pass" is the contribution to the detector signal per photon
# 
# Bandpass Name(s): B
# 
# Instrument: VIMOS/Quadrant Q1
# 
# Determined by: Mieske et al. 2007:
#   http://www.eso.org/sci/facilities/paranal/instruments/vimos/inst/filters_2007-04-04/memo_filtrans_March26th.pdf
# 
# Date of determination: 2007-Mar-26
# 
# Notes: response function including filter+CCD+telescope optics
# 
# Downloaded from http://www.eso.org/sci/facilities/paranal/instruments/vimos/inst/imaging.html
# 
# J. Moustakas, 2008-Jul-12, NYU
|    lambda |          pass |
|    3600.5 | 0.00024543001 |
|    3605.8 |    0.00016774 |
| 3611.1001 |    0.00022274 |
|    3616.3 |    0.00024207 |
| 3621.6001 | 0.00037155999 |
| 3626.8999 |    0.00019167 |
| 3632.1001 | 0.00030896001 |
| 3637.3999 | 0.00013753001 |
|    3642.7 | 0.00026910001 |
|    3648.0 |    0.00031477 |
|    3653.2 | 0.00026401001 |
|    3658.5 |    0.00040565 |
|    3663.8 | 0.00037289999 |
|    3669.0 |     0.0001841 |
|    3674.3 | 0.00036599001 |
| 3679.6001 |    0.00028737 |
| 3684.8999 |    0.00033988 |
| 3690.1001 |    0.00050877 |
| 3695.3999 | 0.00051122002 |
|    3700.7 |    0.00044434 |
|    3706.0 | 0.00049981999 |
|    3711.2 | 0.00085696002 |
|    3716.5 |    0.00103149 |
|    3721.8 |    0.00151217 |
|    3727.0 |  0.0024612199 |
|    3732.3 |  0.0032977599 |
| 3737.6001 |    0.00509365 |
| 3742.8999 |    0.00766186 |
| 3748.1001 |     0.0105745 |
| 3753.3999 |     0.0150927 |
|    3758.7 |     0.0231124 |
| 3763.8999 |   0.033366699 |
|    3769.2 |     0.0495602 |
|    3774.5 |   0.068328403 |
|    3779.8 |   0.085008502 |
|    3785.0 |   0.099939302 |
|    3790.3 |      0.113019 |
| 3795.6001 |      0.124538 |
|    3800.8 |      0.134847 |
| 3806.1001 |      0.143702 |
| 3811.3999 |    0.15141501 |
|    3816.7 |    0.15833899 |
| 3821.8999 |    0.16412599 |
|    3827.2 |      0.169102 |
|    3832.5 |       0.17361 |
|    3837.8 |    0.17723501 |
|    3843.0 |      0.180301 |
|    3848.3 |      0.183144 |
| 3853.6001 |    0.18529899 |
|    3858.8 |      0.187088 |
| 3864.1001 |    0.18856101 |
| 3869.3999 |    0.19003899 |
|    3874.7 |       0.19102 |
| 3879.8999 |    0.19181301 |
|    3885.2 |      0.192725 |
|    3890.5 |      0.193239 |
|    3895.7 |      0.193653 |
|    3901.0 |      0.194267 |
|    3906.3 |    0.19454999 |
| 3911.6001 |      0.194794 |
|    3916.8 |      0.195288 |
| 3922.1001 |    0.19549701 |
| 3927.3999 |      0.195705 |
| 3932.6001 |    0.19619299 |
| 3937.8999 |      0.196422 |
|    3943.2 |       0.19667 |
|    3948.5 |      0.196942 |
|    3953.7 |      0.197513 |
|    3959.0 |    0.19783901 |
|    3964.3 |      0.198194 |
| 3969.6001 |    0.19885001 |
|    3974.8 |    0.19926099 |
| 3980.1001 |        0.1997 |
| 3985.3999 |      0.200435 |
| 3990.6001 |      0.200921 |
| 3995.8999 |      0.201426 |
|    4001.2 |      0.202222 |
|    4006.5 |      0.203307 |
|    4011.7 |    0.20440599 |
|    4017.0 |      0.205516 |
|    4022.3 |      0.206633 |
|    4027.5 |      0.207755 |
|    4032.8 |      0.208878 |
| 4038.1001 |      0.209999 |
| 4043.3999 |      0.211116 |
| 4048.6001 |    0.21222401 |
| 4053.8999 |      0.213322 |
|    4059.2 |      0.214407 |
|    4064.5 |    0.21547499 |
|    4069.7 |      0.216526 |
|    4075.0 |      0.217557 |
|    4080.3 |      0.218567 |
|    4085.5 |      0.219552 |
|    4090.8 |      0.220514 |
| 4096.1001 |      0.221449 |
| 4101.3999 |      0.222357 |
| 4106.6001 |    0.22323801 |
| 4111.8999 |    0.22409099 |
| 4117.2002 |      0.224916 |
| 4122.3999 |      0.225713 |
| 4127.7002 |    0.22648101 |
|    4133.0 |      0.227222 |
| 4138.2002 |      0.227935 |
|    4143.5 |      0.228622 |
| 4148.7998 |      0.229283 |
| 4154.1001 |      0.229919 |
| 4159.2998 |    0.23053101 |
| 4164.6001 |    0.23112001 |
| 4169.8999 |    0.23168901 |
| 4175.2002 |      0.232237 |
| 4180.3999 |      0.232767 |
| 4185.7002 |       0.23328 |
|    4191.0 |      0.233778 |
| 4196.2002 |      0.234262 |
|    4201.5 |      0.234734 |
| 4206.7998 |      0.235195 |
| 4212.1001 |    0.23564699 |
| 4217.2998 |      0.236091 |
| 4222.6001 |    0.23652899 |
| 4227.8999 |      0.236963 |
| 4233.2002 |    0.23739401 |
| 4238.3999 |      0.237822 |
| 4243.7002 |       0.23825 |
|    4249.0 |    0.23867901 |
| 4254.2002 |      0.239108 |
|    4259.5 |    0.23954099 |
| 4264.7998 |      0.239976 |
| 4270.1001 |    0.24041601 |
| 4275.2998 |       0.24086 |
| 4280.6001 |      0.241309 |
| 4285.8999 |      0.241763 |
| 4291.1001 |      0.242222 |
| 4296.3999 |      0.242687 |
| 4301.7002 |      0.243158 |
|    4307.0 |      0.243633 |
| 4312.2002 |      0.244114 |
|    4317.5 |      0.244599 |
| 4322.7998 |      0.245088 |
| 4328.1001 |      0.245579 |
| 4333.2998 |    0.24607299 |
| 4338.6001 |    0.24656899 |
| 4343.8999 |    0.24706499 |
| 4349.1001 |    0.24755999 |
| 4354.3999 |      0.248053 |
| 4359.7002 |    0.24854299 |
| 4364.8999 |      0.249029 |
| 4370.2002 |    0.24950901 |
|    4375.5 |      0.249982 |
| 4380.7998 |    0.25044701 |
|    4386.0 |    0.25090101 |
| 4391.2998 |    0.25134501 |
| 4396.6001 |      0.251775 |
| 4401.8999 |    0.25219199 |
| 4407.1001 |    0.25259399 |
| 4412.3999 |    0.25297901 |
| 4417.7002 |      0.253346 |
| 4422.8999 |    0.25369501 |
| 4428.2002 |      0.254024 |
|    4433.5 |    0.25433201 |
| 4438.7998 |    0.25461999 |
|    4444.0 |    0.25488499 |
| 4449.2998 |      0.255128 |
| 4454.6001 |    0.25534901 |
| 4459.8999 |      0.255546 |
| 4465.1001 |      0.255721 |
| 4470.3999 |    0.25587401 |
| 4475.7002 |    0.25600499 |
| 4480.8999 |    0.25611401 |
| 4486.2002 |      0.256203 |
|    4491.5 |    0.25627199 |
| 4496.7998 |      0.256322 |
|    4502.0 |      0.256356 |
| 4507.2998 |    0.25672099 |
| 4512.6001 |      0.257074 |
| 4517.7998 |    0.25706601 |
| 4523.1001 |    0.25739801 |
| 4528.3999 |    0.25737301 |
| 4533.7002 |    0.25769299 |
| 4538.8999 |       0.25801 |
| 4544.2002 |    0.25797701 |
|    4549.5 |      0.258297 |
| 4554.7002 |    0.25862199 |
|    4560.0 |    0.25860301 |
| 4565.2998 |    0.25894499 |
| 4570.6001 |    0.25894701 |
| 4575.7998 |      0.259316 |
| 4581.1001 |    0.25970101 |
| 4586.3999 |      0.259749 |
| 4591.7002 |      0.260171 |
| 4596.8999 |    0.26061299 |
| 4602.2002 |      0.260717 |
|    4607.5 |    0.26119801 |
| 4612.7002 |    0.26169801 |
|    4618.0 |    0.26185399 |
| 4623.2998 |    0.26238301 |
| 4628.6001 |      0.262559 |
| 4633.7998 |    0.26310199 |
| 4639.1001 |    0.26364201 |
| 4644.3999 |      0.263807 |
| 4649.6001 |    0.26431701 |
| 4654.8999 |    0.26479599 |
| 4660.2002 |      0.264862 |
|    4665.5 |    0.26523599 |
| 4670.7002 |    0.26516199 |
|    4676.0 |      0.265358 |
| 4681.2998 |      0.265432 |
| 4686.6001 |    0.26498801 |
| 4691.7998 |    0.26473501 |
| 4697.1001 |    0.26427099 |
| 4702.3999 |    0.26319101 |
| 4707.6001 |    0.26219001 |
| 4712.8999 |    0.26085401 |
| 4718.2002 |    0.25876901 |
| 4723.3999 |    0.25660899 |
| 4728.7002 |    0.25359201 |
|    4734.0 |      0.250366 |
| 4739.2998 |      0.246501 |
|    4744.5 |      0.241575 |
| 4749.7998 |    0.23619001 |
| 4755.1001 |    0.22990599 |
| 4760.3999 |      0.222307 |
| 4765.6001 |    0.21392199 |
| 4770.8999 |      0.204309 |
| 4776.2002 |      0.193065 |
| 4781.3999 |    0.18061601 |
| 4786.7002 |      0.166288 |
|    4792.0 |      0.150417 |
| 4797.2998 |    0.13257501 |
|    4802.5 |      0.112417 |
| 4807.7998 |   0.090099901 |
| 4813.1001 |   0.065223999 |
| 4818.3999 |   0.037511401 |
| 4823.6001 |     0.0248503 |
| 4828.8999 |     0.0180424 |
| 4834.2002 |     0.0126815 |
| 4839.3999 |  0.0094477898 |
| 4844.7002 |  0.0070523401 |
|    4850.0 |    0.00475867 |
| 4855.2002 |    0.00341008 |
|    4860.5 |  0.0023753999 |
| 4865.7998 |    0.00165753 |
| 4871.1001 |    0.00139001 |
| 4876.2998 |    0.00115111 |
| 4881.6001 | 0.00085488003 |
| 4886.8999 |    0.00069739 |
| 4892.2002 | 0.00060422998 |
| 4897.3999 | 0.00056592998 |
| 4902.7002 | 0.00040886001 |
|    4908.0 | 0.00038243001 |
| 4913.2002 | 0.00043230999 |
|    4918.5 | 0.00040076001 |
| 4923.7998 | 0.00027988999 |
| 4929.1001 |    0.00022623 |
| 4934.2998 |    0.00035051 |
| 4939.6001 |     0.0003171 |
| 4944.8999 | 0.00024548999 |
| 4950.2002 | 0.00024276999 |
| 4955.3999 |    0.00021917 |
| 4960.7002 | 0.00019363999 |
|    4966.0 |    0.00012949 |
| 4971.2002 |     0.0002005 |
|    4976.5 | 0.00013268999 |
| 4981.7998 |    0.00019101 |
| 4987.1001 |    0.00013671 |
| 4992.2998 | 0.00020099001 |
| 4997.6001 |     0.0001149 |
