# Units:
#  "lambda" is in Angstroms
#  "pass" is the contribution to the detector signal per photon
#         entering the atmosphere of Earth (for airmass 1.3)
# 
# Bandpass Name(s): H
# 
# Instrument: WFCAM on UKIRT, Mauna Kea, Hawaii
# 
# Determined by: Hewett et al. (2006)
# 
# Date of determination: Unknown
# 
# Meaning of/Reason for default column: 1.3 airmass; typical for observations
# 
# Notes:
# 
# This file created from the above paper by
# Anthony Smith 2005-11-18
|  lambda |  pass |
| 14210.0 |   0.0 |
| 14220.0 | 0.001 |
| 14230.0 |   0.0 |
| 14240.0 |   0.0 |
| 14250.0 | 0.001 |
| 14260.0 | 0.001 |
| 14270.0 | 0.001 |
| 14280.0 | 0.001 |
| 14290.0 | 0.001 |
| 14299.0 | 0.001 |
| 14310.0 | 0.001 |
| 14320.0 | 0.001 |
| 14330.0 | 0.001 |
| 14340.0 | 0.001 |
| 14349.0 | 0.001 |
| 14360.0 | 0.001 |
| 14370.0 | 0.001 |
| 14380.0 | 0.001 |
| 14390.0 | 0.002 |
| 14400.0 | 0.002 |
| 14410.0 | 0.002 |
| 14420.0 | 0.002 |
| 14430.0 | 0.001 |
| 14440.0 | 0.003 |
| 14450.0 | 0.003 |
| 14460.0 | 0.002 |
| 14470.0 | 0.003 |
| 14480.0 | 0.004 |
| 14490.0 | 0.004 |
| 14500.0 | 0.004 |
| 14510.0 | 0.003 |
| 14520.0 | 0.005 |
| 14529.0 | 0.004 |
| 14540.0 | 0.006 |
| 14550.0 | 0.006 |
| 14560.0 | 0.007 |
| 14570.0 | 0.007 |
| 14579.0 | 0.008 |
| 14590.0 |  0.01 |
| 14600.0 |  0.01 |
| 14610.0 | 0.011 |
| 14620.0 | 0.012 |
| 14630.0 |  0.01 |
| 14640.0 | 0.014 |
| 14650.0 | 0.013 |
| 14660.0 | 0.014 |
| 14670.0 | 0.013 |
| 14680.0 | 0.018 |
| 14690.0 | 0.022 |
| 14700.0 | 0.023 |
| 14710.0 | 0.016 |
| 14720.0 | 0.028 |
| 14730.0 |  0.03 |
| 14740.0 | 0.032 |
| 14750.0 |  0.04 |
| 14760.0 | 0.032 |
| 14770.0 | 0.035 |
| 14780.0 | 0.034 |
| 14790.0 | 0.052 |
| 14800.0 | 0.055 |
| 14809.0 | 0.064 |
| 14820.0 | 0.056 |
| 14830.0 | 0.073 |
| 14840.0 |  0.08 |
| 14850.0 | 0.087 |
| 14859.0 |  0.09 |
| 14870.0 | 0.092 |
| 14880.0 | 0.093 |
| 14890.0 | 0.114 |
| 14900.0 | 0.121 |
| 14910.0 |  0.13 |
| 14920.0 | 0.133 |
| 14930.0 |  0.14 |
| 14940.0 | 0.148 |
| 14950.0 | 0.147 |
| 14960.0 | 0.162 |
| 14970.0 | 0.173 |
| 14980.0 | 0.169 |
| 14990.0 | 0.182 |
| 15000.0 |  0.19 |
| 15010.0 | 0.196 |
| 15020.0 | 0.196 |
| 15030.0 | 0.201 |
| 15039.0 | 0.193 |
| 15050.0 | 0.209 |
| 15060.0 | 0.216 |
| 15070.0 | 0.219 |
| 15080.0 | 0.222 |
| 15089.0 | 0.214 |
| 15100.0 | 0.226 |
| 15110.0 | 0.227 |
| 15120.0 |  0.23 |
| 15130.0 | 0.229 |
| 15140.0 |  0.23 |
| 15150.0 | 0.233 |
| 15160.0 | 0.235 |
| 15170.0 | 0.235 |
| 15180.0 | 0.237 |
| 15190.0 | 0.235 |
| 15200.0 | 0.238 |
| 15210.0 | 0.239 |
| 15220.0 | 0.238 |
| 15230.0 |  0.24 |
| 15240.0 |  0.24 |
| 15250.0 |  0.24 |
| 15260.0 |  0.24 |
| 15269.0 |  0.24 |
| 15280.0 | 0.241 |
| 15290.0 | 0.241 |
| 15300.0 | 0.242 |
| 15310.0 | 0.242 |
| 15319.0 | 0.242 |
| 15330.0 | 0.242 |
| 15340.0 | 0.241 |
| 15350.0 | 0.241 |
| 15360.0 | 0.242 |
| 15369.0 | 0.243 |
| 15380.0 | 0.244 |
| 15390.0 | 0.244 |
| 15400.0 | 0.244 |
| 15410.0 | 0.245 |
| 15420.0 | 0.245 |
| 15430.0 | 0.246 |
| 15440.0 | 0.247 |
| 15450.0 | 0.247 |
| 15460.0 | 0.248 |
| 15470.0 | 0.248 |
| 15480.0 | 0.248 |
| 15490.0 | 0.249 |
| 15500.0 | 0.249 |
| 15510.0 |  0.25 |
| 15520.0 |  0.25 |
| 15530.0 | 0.251 |
| 15540.0 | 0.251 |
| 15549.0 | 0.251 |
| 15560.0 | 0.252 |
| 15570.0 | 0.252 |
| 15580.0 | 0.253 |
| 15590.0 | 0.253 |
| 15599.0 | 0.253 |
| 15610.0 | 0.254 |
| 15620.0 | 0.254 |
| 15630.0 | 0.254 |
| 15640.0 | 0.255 |
| 15650.0 | 0.255 |
| 15660.0 | 0.255 |
| 15670.0 | 0.256 |
| 15680.0 | 0.255 |
| 15690.0 | 0.253 |
| 15700.0 | 0.249 |
| 15710.0 | 0.244 |
| 15720.0 | 0.241 |
| 15730.0 | 0.241 |
| 15740.0 | 0.245 |
| 15750.0 | 0.255 |
| 15760.0 | 0.252 |
| 15770.0 | 0.246 |
| 15779.0 | 0.249 |
| 15790.0 | 0.249 |
| 15800.0 | 0.247 |
| 15810.0 | 0.251 |
| 15820.0 | 0.253 |
| 15829.0 | 0.255 |
| 15840.0 | 0.257 |
| 15850.0 | 0.259 |
| 15860.0 | 0.259 |
| 15870.0 | 0.259 |
| 15880.0 |  0.26 |
| 15890.0 |  0.26 |
| 15900.0 |  0.26 |
| 15910.0 |  0.26 |
| 15920.0 |  0.26 |
| 15930.0 |  0.26 |
| 15940.0 |  0.26 |
| 15950.0 |  0.26 |
| 15960.0 |  0.26 |
| 15970.0 |  0.26 |
| 15980.0 |  0.26 |
| 15990.0 | 0.258 |
| 16000.0 | 0.254 |
| 16010.0 | 0.249 |
| 16020.0 | 0.246 |
| 16030.0 | 0.245 |
| 16040.0 | 0.247 |
| 16050.0 | 0.255 |
| 16059.0 | 0.258 |
| 16070.0 | 0.252 |
| 16080.0 | 0.252 |
| 16090.0 | 0.251 |
| 16100.0 | 0.249 |
| 16109.0 | 0.252 |
| 16120.0 | 0.255 |
| 16130.0 | 0.257 |
| 16140.0 | 0.261 |
| 16150.0 | 0.262 |
| 16160.0 | 0.263 |
| 16170.0 | 0.263 |
| 16180.0 | 0.264 |
| 16190.0 | 0.264 |
| 16200.0 | 0.265 |
| 16210.0 | 0.265 |
| 16220.0 | 0.265 |
| 16230.0 | 0.265 |
| 16240.0 | 0.265 |
| 16250.0 | 0.266 |
| 16260.0 | 0.265 |
| 16270.0 | 0.266 |
| 16280.0 | 0.265 |
| 16289.0 | 0.266 |
| 16300.0 | 0.266 |
| 16310.0 | 0.266 |
| 16320.0 | 0.266 |
| 16330.0 | 0.263 |
| 16339.0 | 0.266 |
| 16350.0 | 0.265 |
| 16360.0 | 0.265 |
| 16370.0 | 0.265 |
| 16380.0 | 0.263 |
| 16390.0 | 0.264 |
| 16400.0 | 0.262 |
| 16410.0 | 0.262 |
| 16420.0 | 0.261 |
| 16430.0 | 0.248 |
| 16440.0 |  0.26 |
| 16450.0 | 0.261 |
| 16460.0 | 0.261 |
| 16470.0 | 0.259 |
| 16480.0 | 0.254 |
| 16490.0 | 0.257 |
| 16500.0 | 0.257 |
| 16510.0 | 0.241 |
| 16520.0 | 0.256 |
| 16530.0 | 0.256 |
| 16540.0 | 0.253 |
| 16550.0 | 0.254 |
| 16560.0 | 0.254 |
| 16570.0 | 0.253 |
| 16580.0 | 0.253 |
| 16590.0 | 0.252 |
| 16600.0 | 0.252 |
| 16610.0 | 0.251 |
| 16620.0 |  0.25 |
| 16630.0 |  0.25 |
| 16640.0 |  0.25 |
| 16650.0 | 0.249 |
| 16660.0 |  0.23 |
| 16670.0 | 0.244 |
| 16680.0 | 0.247 |
| 16690.0 | 0.248 |
| 16700.0 | 0.248 |
| 16710.0 | 0.247 |
| 16720.0 | 0.247 |
| 16730.0 | 0.247 |
| 16740.0 | 0.247 |
| 16750.0 | 0.247 |
| 16760.0 | 0.247 |
| 16770.0 | 0.247 |
| 16780.0 | 0.247 |
| 16790.0 | 0.247 |
| 16800.0 | 0.247 |
| 16810.0 | 0.245 |
| 16820.0 | 0.248 |
| 16830.0 | 0.248 |
| 16840.0 | 0.238 |
| 16850.0 | 0.248 |
| 16860.0 | 0.249 |
| 16870.0 | 0.248 |
| 16880.0 | 0.249 |
| 16890.0 | 0.249 |
| 16900.0 |  0.25 |
| 16910.0 | 0.249 |
| 16920.0 | 0.249 |
| 16930.0 |  0.25 |
| 16940.0 | 0.246 |
| 16950.0 |  0.25 |
| 16960.0 | 0.251 |
| 16970.0 |  0.25 |
| 16980.0 | 0.251 |
| 16990.0 | 0.251 |
| 17000.0 | 0.249 |
| 17010.0 | 0.248 |
| 17020.0 | 0.251 |
| 17030.0 |  0.25 |
| 17040.0 |  0.25 |
| 17050.0 |  0.25 |
| 17060.0 |  0.25 |
| 17070.0 | 0.248 |
| 17080.0 | 0.247 |
| 17090.0 | 0.247 |
| 17100.0 | 0.249 |
| 17110.0 | 0.248 |
| 17120.0 | 0.248 |
| 17130.0 | 0.248 |
| 17140.0 | 0.245 |
| 17150.0 | 0.247 |
| 17160.0 | 0.243 |
| 17170.0 | 0.245 |
| 17180.0 | 0.245 |
| 17190.0 | 0.244 |
| 17200.0 | 0.243 |
| 17210.0 | 0.241 |
| 17220.0 | 0.242 |
| 17230.0 | 0.241 |
| 17240.0 |  0.24 |
| 17250.0 | 0.238 |
| 17260.0 | 0.237 |
| 17270.0 | 0.237 |
| 17280.0 | 0.238 |
| 17290.0 | 0.234 |
| 17300.0 | 0.238 |
| 17310.0 | 0.236 |
| 17320.0 | 0.224 |
| 17330.0 | 0.236 |
| 17340.0 | 0.236 |
| 17350.0 | 0.235 |
| 17360.0 | 0.229 |
| 17370.0 | 0.231 |
| 17380.0 | 0.234 |
| 17390.0 | 0.234 |
| 17400.0 | 0.229 |
| 17410.0 | 0.229 |
| 17420.0 | 0.232 |
| 17430.0 | 0.233 |
| 17440.0 | 0.233 |
| 17450.0 | 0.232 |
| 17460.0 | 0.232 |
| 17470.0 | 0.209 |
| 17480.0 | 0.231 |
| 17490.0 | 0.231 |
| 17500.0 |  0.23 |
| 17510.0 |  0.23 |
| 17520.0 | 0.229 |
| 17530.0 | 0.228 |
| 17540.0 | 0.227 |
| 17550.0 | 0.211 |
| 17560.0 | 0.226 |
| 17570.0 | 0.215 |
| 17580.0 | 0.223 |
| 17590.0 | 0.222 |
| 17600.0 |  0.22 |
| 17610.0 | 0.202 |
| 17620.0 | 0.216 |
| 17630.0 |   0.2 |
| 17640.0 | 0.212 |
| 17650.0 | 0.209 |
| 17660.0 |  0.13 |
| 17670.0 | 0.204 |
| 17680.0 |   0.2 |
| 17690.0 | 0.197 |
| 17700.0 | 0.191 |
| 17710.0 | 0.187 |
| 17720.0 | 0.188 |
| 17730.0 | 0.184 |
| 17740.0 |  0.16 |
| 17750.0 | 0.174 |
| 17760.0 | 0.159 |
| 17770.0 | 0.168 |
| 17780.0 | 0.163 |
| 17790.0 | 0.135 |
| 17800.0 | 0.157 |
| 17810.0 | 0.141 |
| 17820.0 | 0.148 |
| 17830.0 | 0.145 |
| 17840.0 | 0.134 |
| 17850.0 | 0.102 |
| 17860.0 | 0.111 |
| 17870.0 |  0.11 |
| 17880.0 | 0.125 |
| 17890.0 | 0.114 |
| 17900.0 | 0.116 |
| 17910.0 | 0.097 |
| 17920.0 |   0.1 |
| 17930.0 | 0.101 |
| 17940.0 | 0.075 |
| 17950.0 | 0.091 |
| 17960.0 |  0.08 |
| 17970.0 |  0.06 |
| 17980.0 |  0.07 |
| 17990.0 | 0.083 |
| 18000.0 | 0.054 |
| 18010.0 | 0.039 |
| 18020.0 | 0.059 |
| 18030.0 |  0.06 |
| 18040.0 | 0.051 |
| 18050.0 | 0.063 |
| 18060.0 | 0.037 |
| 18070.0 | 0.053 |
| 18080.0 | 0.052 |
| 18090.0 | 0.034 |
| 18100.0 | 0.047 |
| 18110.0 | 0.016 |
| 18120.0 | 0.027 |
| 18130.0 | 0.012 |
| 18140.0 | 0.039 |
| 18150.0 | 0.022 |
| 18160.0 | 0.023 |
| 18170.0 | 0.019 |
| 18180.0 | 0.031 |
| 18190.0 | 0.024 |
| 18200.0 | 0.013 |
| 18210.0 | 0.012 |
| 18220.0 | 0.006 |
| 18230.0 | 0.017 |
| 18240.0 | 0.023 |
| 18250.0 | 0.013 |
| 18260.0 | 0.008 |
| 18270.0 | 0.014 |
| 18280.0 | 0.012 |
| 18290.0 | 0.001 |
| 18300.0 | 0.004 |
| 18310.0 | 0.004 |
| 18320.0 | 0.011 |
| 18330.0 | 0.006 |
| 18340.0 | 0.009 |
| 18350.0 |   0.0 |
| 18360.0 | 0.001 |
| 18370.0 | 0.005 |
| 18380.0 |   0.0 |
| 18390.0 | 0.007 |
| 18400.0 |   0.0 |
| 18410.0 | 0.005 |
| 18420.0 |   0.0 |
| 18430.0 | 0.005 |
| 18440.0 | 0.003 |
| 18450.0 | 0.006 |
| 18460.0 | 0.004 |
| 18470.0 |   0.0 |
| 18480.0 |   0.0 |
| 18490.0 | 0.001 |
| 18500.0 | 0.002 |
| 18510.0 | 0.002 |
| 18520.0 | 0.004 |
| 18530.0 |   0.0 |
| 18540.0 |   0.0 |
| 18550.0 | 0.002 |
| 18560.0 | 0.002 |
| 18570.0 |   0.0 |
| 18580.0 | 0.003 |
| 18590.0 | 0.002 |
| 18600.0 |   0.0 |
| 18610.0 | 0.001 |
| 18620.0 | 0.003 |
| 18630.0 | 0.002 |
| 18640.0 | 0.001 |
| 18650.0 | 0.001 |
| 18660.0 | 0.003 |
| 18670.0 | 0.001 |
| 18680.0 |   0.0 |
| 18690.0 | 0.001 |
| 18700.0 |   0.0 |
| 18710.0 |   0.0 |
| 18720.0 | 0.001 |
| 18730.0 |   0.0 |
| 18740.0 |   0.0 |
| 18750.0 | 0.001 |
| 18760.0 | 0.001 |
| 18770.0 |   0.0 |
| 18780.0 | 0.001 |
| 18790.0 | 0.002 |
| 18800.0 | 0.002 |
| 18810.0 |   0.0 |
| 18820.0 | 0.001 |
| 18830.0 | 0.001 |
| 18840.0 |   0.0 |
| 18850.0 | 0.001 |
| 18860.0 | 0.001 |
| 18870.0 |   0.0 |
| 18880.0 | 0.001 |
| 18890.0 | 0.001 |
| 18900.0 |   0.0 |
| 18910.0 | 0.001 |
| 18920.0 |   0.0 |
| 18930.0 |   0.0 |
| 18940.0 |   0.0 |
| 18950.0 | 0.001 |
| 18960.0 | 0.001 |
| 18970.0 | 0.001 |
| 18980.0 |   0.0 |
| 18990.0 |   0.0 |
| 19000.0 |   0.0 |
| 19010.0 |   0.0 |
| 19020.0 | 0.001 |
| 19030.0 |   0.0 |
| 19040.0 | 0.001 |
| 19050.0 |   0.0 |
| 19060.0 |   0.0 |
| 19070.0 |   0.0 |
| 19080.0 | 0.001 |
| 19090.0 |   0.0 |
| 19100.0 | 0.001 |
| 19110.0 |   0.0 |
| 19120.0 |   0.0 |
| 19130.0 |   0.0 |
| 19140.0 |   0.0 |
| 19150.0 |   0.0 |
| 19160.0 |   0.0 |
| 19170.0 |   0.0 |
| 19180.0 | 0.001 |
| 19190.0 | 0.001 |
| 19200.0 |   0.0 |
| 19210.0 |   0.0 |
| 19220.0 | 0.001 |
| 19230.0 | 0.001 |
| 19240.0 |   0.0 |
