# Units:
#  "lambda" is in Angstroms
#  "pass" is the contribution to the detector signal per photon
#         entering the atmosphere of Earth
# 
# Bandpass Name(s): F555W
# 
# Instrument: WFPC2
# 
|  lambda |       pass |
|  1850.0 | 9.0868e-07 |
|  1860.0 | 0.00050936 |
|  1870.0 | 0.00058492 |
|  1880.0 | 0.00056528 |
|  1890.0 | 0.00016975 |
|  1900.0 | 7.2497e-05 |
|  1910.0 | 0.00027731 |
|  1920.0 | 0.00012898 |
|  1930.0 | 1.5929e-05 |
|  1940.0 |  2.794e-06 |
|  1950.0 | 9.1914e-05 |
|  1960.0 | 7.5507e-05 |
|  1970.0 | 8.2395e-05 |
|  1980.0 | 1.2669e-05 |
|  1990.0 | 2.8369e-05 |
|  2000.0 | 7.3234e-05 |
|  2010.0 | 3.2595e-07 |
|  2020.0 | 5.4066e-06 |
|  2030.0 | 1.7344e-06 |
|  2040.0 | 7.6643e-07 |
|  2050.0 | 3.7469e-05 |
|  2060.0 | 2.8279e-06 |
|  2070.0 |  1.246e-05 |
|  2080.0 | 1.1563e-05 |
|  2090.0 | 4.1347e-07 |
|  2100.0 | 3.1519e-07 |
|  2110.0 | 2.0424e-06 |
|  2120.0 | 5.6688e-06 |
|  2130.0 | 9.2442e-07 |
|  2140.0 | 3.1519e-07 |
|  2150.0 | 1.0207e-06 |
|  2160.0 | 9.6071e-07 |
|  2170.0 | 3.1519e-07 |
|  2180.0 | 3.1678e-06 |
|  2190.0 | 2.5259e-06 |
|  2200.0 | 5.9309e-06 |
|  2210.0 | 3.1519e-07 |
|  2220.0 | 1.0546e-06 |
|  2230.0 | 1.0845e-05 |
|  2240.0 | 3.2705e-06 |
|  2250.0 | 1.2958e-05 |
|  2260.0 | 8.0441e-07 |
|  2270.0 | 2.3335e-06 |
|  2280.0 | 3.1519e-07 |
|  2290.0 | 1.6198e-06 |
|  2300.0 | 3.5595e-07 |
|  2310.0 | 6.9147e-07 |
|  2320.0 |  7.458e-07 |
|  2330.0 | 3.1519e-07 |
|  2340.0 | 3.8147e-07 |
|  2350.0 |  6.199e-07 |
|  2360.0 | 1.0107e-06 |
|  2370.0 |  7.471e-07 |
|  2380.0 | 4.2204e-07 |
|  2390.0 |  3.713e-06 |
|  2400.0 | 5.8571e-07 |
|  2410.0 | 2.6475e-06 |
|  2420.0 | 1.2051e-06 |
|  2430.0 | 1.0287e-06 |
|  2440.0 | 2.0534e-06 |
|  2450.0 | 7.9853e-06 |
|  2460.0 | 2.0135e-06 |
|  2470.0 | 3.9323e-06 |
|  2480.0 | 4.6181e-06 |
|  2490.0 |  6.512e-06 |
|  2500.0 | 7.5557e-07 |
|  2510.0 | 4.5294e-07 |
|  2520.0 | 8.3651e-07 |
|  2530.0 | 2.4521e-06 |
|  2540.0 | 4.4975e-07 |
|  2550.0 | 3.1519e-07 |
|  2560.0 | 1.7872e-06 |
|  2570.0 | 1.4733e-06 |
|  2580.0 | 5.2531e-07 |
|  2590.0 | 7.5019e-07 |
|  2600.0 | 1.0227e-06 |
|  2610.0 | 3.2286e-07 |
|  2620.0 | 6.9825e-07 |
|  2630.0 | 1.2819e-06 |
|  2640.0 | 1.1383e-06 |
|  2650.0 | 3.5695e-06 |
|  2660.0 | 6.3565e-07 |
|  2670.0 | 1.0885e-06 |
|  2680.0 | 6.9247e-07 |
|  2690.0 | 3.1519e-07 |
|  2700.0 | 3.5077e-06 |
|  2710.0 | 2.7731e-06 |
|  2720.0 | 3.0183e-06 |
|  2730.0 | 8.0222e-07 |
|  2740.0 | 3.2007e-07 |
|  2750.0 | 4.2752e-07 |
|  2760.0 | 3.1519e-07 |
|  2770.0 | 7.2257e-07 |
|  2780.0 | 3.8845e-07 |
|  2790.0 | 4.3779e-06 |
|  2800.0 |  4.958e-07 |
|  2810.0 | 4.4108e-07 |
|  2820.0 | 3.2356e-07 |
|  2830.0 | 9.9041e-07 |
|  2840.0 | 2.7681e-06 |
|  2850.0 | 3.6782e-06 |
|  2860.0 | 4.2134e-07 |
|  2870.0 | 5.8751e-06 |
|  2880.0 | 3.0123e-06 |
|  2890.0 | 8.8924e-07 |
|  2900.0 | 3.9991e-07 |
|  2910.0 | 3.1519e-07 |
|  2920.0 | 5.7335e-07 |
|  2930.0 | 4.7597e-07 |
|  2940.0 | 3.1519e-07 |
|  2950.0 | 4.1058e-07 |
|  2960.0 | 4.8364e-06 |
|  2970.0 | 1.6098e-06 |
|  2980.0 | 3.5546e-07 |
|  2990.0 | 1.4035e-06 |
|  3000.0 | 3.1519e-07 |
|  3010.0 | 4.8414e-07 |
|  3020.0 | 2.2846e-06 |
|  3030.0 | 5.6189e-07 |
|  3040.0 |  5.601e-07 |
|  3050.0 | 3.1519e-07 |
|  3060.0 | 3.2336e-07 |
|  3070.0 | 7.6912e-07 |
|  3080.0 | 8.0282e-07 |
|  3090.0 | 4.1018e-07 |
|  3100.0 | 5.9927e-07 |
|  3110.0 | 2.6305e-06 |
|  3120.0 | 5.5043e-06 |
|  3130.0 | 4.8175e-06 |
|  3140.0 | 3.1519e-07 |
|  3150.0 | 3.1519e-07 |
|  3160.0 |  8.691e-07 |
|  3170.0 | 5.7335e-07 |
|  3180.0 | 7.9375e-07 |
|  3190.0 | 1.6876e-06 |
|  3200.0 | 2.9515e-06 |
|  3210.0 | 8.5784e-06 |
|  3220.0 | 2.2986e-06 |
|  3230.0 | 8.5824e-07 |
|  3240.0 | 8.7937e-06 |
|  3250.0 | 4.8643e-06 |
|  3260.0 | 5.4026e-06 |
|  3270.0 | 1.1702e-06 |
|  3280.0 | 8.4179e-07 |
|  3290.0 | 7.9394e-06 |
|  3300.0 | 1.7225e-06 |
|  3310.0 | 1.2211e-06 |
|  3320.0 | 1.6487e-06 |
|  3330.0 | 5.5272e-06 |
|  3340.0 | 7.2477e-07 |
|  3350.0 | 1.0327e-05 |
|  3360.0 | 4.1048e-06 |
|  3370.0 | 7.0164e-06 |
|  3380.0 | 1.7803e-05 |
|  3390.0 | 1.3895e-05 |
|  3400.0 | 1.3766e-05 |
|  3410.0 | 1.5999e-05 |
|  3420.0 | 1.5201e-05 |
|  3430.0 | 2.1072e-05 |
|  3440.0 | 2.7362e-05 |
|  3450.0 | 2.1102e-05 |
|  3460.0 | 2.2936e-05 |
|  3470.0 | 1.7823e-05 |
|  3480.0 | 3.0302e-05 |
|  3490.0 | 2.8259e-05 |
|  3500.0 | 2.4232e-05 |
|  3510.0 | 2.7123e-05 |
|  3520.0 | 2.9017e-05 |
|  3530.0 | 2.3504e-05 |
|  3540.0 | 3.0791e-05 |
|  3550.0 | 3.1887e-05 |
|  3560.0 | 3.5934e-05 |
|  3570.0 | 3.4748e-05 |
|  3580.0 | 2.8309e-05 |
|  3590.0 | 3.0891e-05 |
|  3600.0 | 4.2703e-05 |
|  3610.0 | 4.3849e-05 |
|  3620.0 | 4.0579e-05 |
|  3630.0 | 4.7497e-05 |
|  3640.0 | 4.8434e-05 |
|  3650.0 | 5.1106e-05 |
|  3660.0 | 5.4126e-05 |
|  3670.0 | 5.2421e-05 |
|  3680.0 | 5.5691e-05 |
|  3690.0 | 6.0605e-05 |
|  3700.0 | 6.1861e-05 |
|  3710.0 | 6.1632e-05 |
|  3720.0 | 6.3446e-05 |
|  3730.0 |  6.219e-05 |
|  3740.0 | 6.7154e-05 |
|  3750.0 | 6.5998e-05 |
|  3760.0 | 6.5998e-05 |
|  3770.0 |  7.153e-05 |
|  3780.0 | 7.2158e-05 |
|  3790.0 | 7.3872e-05 |
|  3800.0 | 7.5806e-05 |
|  3810.0 | 7.3095e-05 |
|  3820.0 | 7.6843e-05 |
|  3830.0 | 7.8178e-05 |
|  3840.0 | 7.9684e-05 |
|  3850.0 | 8.2315e-05 |
|  3860.0 | 8.4508e-05 |
|  3870.0 | 8.3152e-05 |
|  3880.0 | 8.4219e-05 |
|  3890.0 | 8.1039e-05 |
|  3900.0 | 8.8675e-05 |
|  3910.0 | 8.4219e-05 |
|  3920.0 | 8.7478e-05 |
|  3930.0 | 8.5844e-05 |
|  3940.0 | 9.2153e-05 |
|  3950.0 | 8.8067e-05 |
|  3960.0 | 8.8047e-05 |
|  3970.0 | 8.7797e-05 |
|  3980.0 | 8.8047e-05 |
|  3990.0 | 8.8774e-05 |
|  4000.0 | 9.0678e-05 |
|  4010.0 | 9.3539e-05 |
|  4020.0 | 9.4556e-05 |
|  4030.0 | 8.9472e-05 |
|  4040.0 | 8.7777e-05 |
|  4050.0 | 8.9332e-05 |
|  4060.0 | 8.8515e-05 |
|  4070.0 | 8.8475e-05 |
|  4080.0 | 8.9203e-05 |
|  4090.0 | 8.6183e-05 |
|  4100.0 | 8.5943e-05 |
|  4110.0 | 8.8286e-05 |
|  4120.0 | 8.9004e-05 |
|  4130.0 | 8.9372e-05 |
|  4140.0 | 8.8635e-05 |
|  4150.0 | 8.6083e-05 |
|  4160.0 | 8.6442e-05 |
|  4170.0 | 8.9761e-05 |
|  4180.0 |  8.393e-05 |
|  4190.0 | 8.6651e-05 |
|  4200.0 | 8.4428e-05 |
|  4210.0 | 8.5764e-05 |
|  4220.0 | 8.2265e-05 |
|  4230.0 | 8.2873e-05 |
|  4240.0 | 8.4996e-05 |
|  4250.0 | 8.0312e-05 |
|  4260.0 | 7.7909e-05 |
|  4270.0 |  7.468e-05 |
|  4280.0 | 6.8878e-05 |
|  4290.0 | 6.5768e-05 |
|  4300.0 | 6.2967e-05 |
|  4310.0 | 6.2868e-05 |
|  4320.0 | 7.3523e-05 |
|  4330.0 | 0.00011174 |
|  4340.0 | 0.00026335 |
|  4350.0 | 0.00062319 |
|  4360.0 |  0.0017494 |
|  4370.0 |  0.0041247 |
|  4380.0 |   0.010197 |
|  4390.0 |   0.019736 |
|  4400.0 |   0.043739 |
|  4410.0 |   0.079574 |
|  4420.0 |    0.12699 |
|  4430.0 |    0.19318 |
|  4440.0 |    0.26335 |
|  4450.0 |    0.34359 |
|  4460.0 |    0.41676 |
|  4470.0 |    0.49132 |
|  4480.0 |    0.55342 |
|  4490.0 |    0.61143 |
|  4500.0 |    0.65609 |
|  4510.0 |    0.69835 |
|  4520.0 |    0.72885 |
|  4530.0 |    0.75666 |
|  4540.0 |     0.7779 |
|  4550.0 |    0.79654 |
|  4560.0 |    0.81109 |
|  4570.0 |    0.82365 |
|  4580.0 |    0.83422 |
|  4590.0 |    0.84309 |
|  4600.0 |    0.85026 |
|  4610.0 |    0.85654 |
|  4620.0 |    0.86232 |
|  4630.0 |    0.86771 |
|  4640.0 |    0.87209 |
|  4650.0 |    0.87618 |
|  4660.0 |    0.87937 |
|  4670.0 |    0.88276 |
|  4680.0 |    0.88575 |
|  4690.0 |    0.88884 |
|  4700.0 |    0.89173 |
|  4710.0 |    0.89452 |
|  4720.0 |    0.89681 |
|  4730.0 |    0.89931 |
|  4740.0 |     0.9011 |
|  4750.0 |    0.90339 |
|  4760.0 |    0.90568 |
|  4770.0 |    0.90768 |
|  4780.0 |    0.90967 |
|  4790.0 |    0.91167 |
|  4800.0 |    0.91316 |
|  4810.0 |    0.91535 |
|  4820.0 |    0.91695 |
|  4830.0 |    0.91894 |
|  4840.0 |    0.92074 |
|  4850.0 |    0.92263 |
|  4860.0 |    0.92403 |
|  4870.0 |    0.92552 |
|  4880.0 |    0.92692 |
|  4890.0 |    0.92821 |
|  4900.0 |    0.92971 |
|  4910.0 |      0.931 |
|  4920.0 |     0.9322 |
|  4930.0 |     0.9335 |
|  4940.0 |    0.93479 |
|  4950.0 |    0.93559 |
|  4960.0 |    0.93698 |
|  4970.0 |    0.93808 |
|  4980.0 |    0.93898 |
|  4990.0 |    0.93968 |
|  5000.0 |    0.94067 |
|  5010.0 |    0.94127 |
|  5020.0 |    0.94187 |
|  5030.0 |    0.94277 |
|  5040.0 |    0.94316 |
|  5050.0 |    0.94366 |
|  5060.0 |    0.94436 |
|  5070.0 |    0.94526 |
|  5080.0 |    0.94566 |
|  5090.0 |    0.94556 |
|  5100.0 |    0.94606 |
|  5110.0 |    0.94625 |
|  5120.0 |    0.94615 |
|  5130.0 |    0.94615 |
|  5140.0 |    0.94606 |
|  5150.0 |    0.94635 |
|  5160.0 |    0.94615 |
|  5170.0 |    0.94596 |
|  5180.0 |    0.94546 |
|  5190.0 |    0.94496 |
|  5200.0 |    0.94436 |
|  5210.0 |    0.94386 |
|  5220.0 |    0.94336 |
|  5230.0 |    0.94277 |
|  5240.0 |    0.94207 |
|  5250.0 |    0.94127 |
|  5260.0 |    0.94007 |
|  5270.0 |    0.93868 |
|  5280.0 |    0.93788 |
|  5290.0 |    0.93639 |
|  5300.0 |    0.93509 |
|  5310.0 |     0.9335 |
|  5320.0 |     0.9319 |
|  5330.0 |    0.93031 |
|  5340.0 |    0.92831 |
|  5350.0 |    0.92652 |
|  5360.0 |    0.92413 |
|  5370.0 |    0.92243 |
|  5380.0 |    0.91994 |
|  5390.0 |    0.91745 |
|  5400.0 |    0.91496 |
|  5410.0 |    0.91256 |
|  5420.0 |    0.90957 |
|  5430.0 |    0.90698 |
|  5440.0 |    0.90389 |
|  5450.0 |     0.9007 |
|  5460.0 |    0.89761 |
|  5470.0 |    0.89442 |
|  5480.0 |    0.89073 |
|  5490.0 |    0.88734 |
|  5500.0 |    0.88346 |
|  5510.0 |    0.87967 |
|  5520.0 |    0.87538 |
|  5530.0 |     0.8714 |
|  5540.0 |    0.86671 |
|  5550.0 |    0.86272 |
|  5560.0 |    0.85794 |
|  5570.0 |    0.85315 |
|  5580.0 |    0.84777 |
|  5590.0 |    0.84319 |
|  5600.0 |     0.8376 |
|  5610.0 |    0.83252 |
|  5620.0 |    0.82644 |
|  5630.0 |    0.82126 |
|  5640.0 |    0.81508 |
|  5650.0 |     0.8093 |
|  5660.0 |    0.80292 |
|  5670.0 |    0.79703 |
|  5680.0 |    0.79016 |
|  5690.0 |    0.78477 |
|  5700.0 |    0.77889 |
|  5710.0 |    0.77241 |
|  5720.0 |    0.76534 |
|  5730.0 |    0.75836 |
|  5740.0 |    0.75088 |
|  5750.0 |    0.74331 |
|  5760.0 |    0.73643 |
|  5770.0 |    0.72865 |
|  5780.0 |    0.72098 |
|  5790.0 |    0.71271 |
|  5800.0 |    0.70523 |
|  5810.0 |    0.69646 |
|  5820.0 |    0.68858 |
|  5830.0 |    0.67981 |
|  5840.0 |    0.67194 |
|  5850.0 |    0.66277 |
|  5860.0 |    0.65439 |
|  5870.0 |    0.64552 |
|  5880.0 |    0.63685 |
|  5890.0 |    0.62758 |
|  5900.0 |    0.61891 |
|  5910.0 |    0.60984 |
|  5920.0 |    0.60077 |
|  5930.0 |     0.5916 |
|  5940.0 |    0.58282 |
|  5950.0 |    0.57286 |
|  5960.0 |    0.56418 |
|  5970.0 |    0.55432 |
|  5980.0 |    0.54564 |
|  5990.0 |    0.53558 |
|  6000.0 |     0.5267 |
|  6010.0 |    0.51684 |
|  6020.0 |    0.50787 |
|  6030.0 |     0.4978 |
|  6040.0 |    0.48883 |
|  6050.0 |    0.47856 |
|  6060.0 |    0.46979 |
|  6070.0 |    0.45972 |
|  6080.0 |    0.45105 |
|  6090.0 |    0.44088 |
|  6100.0 |    0.43221 |
|  6110.0 |    0.42214 |
|  6120.0 |    0.41347 |
|  6130.0 |     0.4038 |
|  6140.0 |    0.39533 |
|  6150.0 |    0.38546 |
|  6160.0 |    0.37709 |
|  6170.0 |    0.36762 |
|  6180.0 |    0.35944 |
|  6190.0 |    0.34997 |
|  6200.0 |     0.3419 |
|  6210.0 |    0.33263 |
|  6220.0 |    0.32456 |
|  6230.0 |    0.31568 |
|  6240.0 |    0.30781 |
|  6250.0 |    0.29914 |
|  6260.0 |    0.29156 |
|  6270.0 |    0.28299 |
|  6280.0 |    0.27571 |
|  6290.0 |    0.26744 |
|  6300.0 |    0.26036 |
|  6310.0 |    0.25239 |
|  6320.0 |    0.24551 |
|  6330.0 |    0.23773 |
|  6340.0 |    0.23116 |
|  6350.0 |    0.22358 |
|  6360.0 |     0.2172 |
|  6370.0 |    0.20992 |
|  6380.0 |    0.20364 |
|  6390.0 |    0.19677 |
|  6400.0 |    0.19069 |
|  6410.0 |    0.18381 |
|  6420.0 |    0.17813 |
|  6430.0 |    0.17175 |
|  6440.0 |    0.16626 |
|  6450.0 |    0.16018 |
|  6460.0 |      0.155 |
|  6470.0 |    0.14932 |
|  6480.0 |    0.14434 |
|  6490.0 |    0.13885 |
|  6500.0 |    0.13417 |
|  6510.0 |    0.12918 |
|  6520.0 |     0.1245 |
|  6530.0 |    0.11981 |
|  6540.0 |    0.11553 |
|  6550.0 |    0.11084 |
|  6560.0 |    0.10686 |
|  6570.0 |    0.10247 |
|  6580.0 |   0.098662 |
|  6590.0 |   0.094476 |
|  6600.0 |   0.090927 |
|  6610.0 |    0.08702 |
|  6620.0 |   0.083711 |
|  6630.0 |   0.080042 |
|  6640.0 |   0.076952 |
|  6650.0 |   0.073523 |
|  6660.0 |   0.070653 |
|  6670.0 |   0.067483 |
|  6680.0 |   0.064791 |
|  6690.0 |   0.061701 |
|  6700.0 |   0.059229 |
|  6710.0 |   0.056418 |
|  6720.0 |   0.054046 |
|  6730.0 |   0.051415 |
|  6740.0 |   0.049261 |
|  6750.0 |   0.046929 |
|  6760.0 |   0.044776 |
|  6770.0 |   0.042583 |
|  6780.0 |   0.040669 |
|  6790.0 |   0.038715 |
|  6800.0 |   0.036841 |
|  6810.0 |   0.035087 |
|  6820.0 |   0.033393 |
|  6830.0 |   0.031758 |
|  6840.0 |   0.030123 |
|  6850.0 |   0.028648 |
|  6910.0 |   0.024013 |
|  6920.0 |   0.022876 |
|  6930.0 |    0.02163 |
|  6940.0 |   0.020584 |
|  6950.0 |   0.019467 |
|  6960.0 |    0.01851 |
|  6970.0 |   0.017494 |
|  6980.0 |   0.016646 |
|  6990.0 |   0.015699 |
|  7000.0 |   0.014922 |
|  7010.0 |   0.014085 |
|  7020.0 |   0.013377 |
|  7030.0 |   0.012599 |
|  7040.0 |   0.011971 |
|  7050.0 |   0.011284 |
|  7060.0 |   0.010706 |
|  7070.0 |   0.010088 |
|  7080.0 |  0.0095782 |
|  7090.0 |   0.009018 |
|  7100.0 |  0.0085525 |
|  7110.0 |  0.0080501 |
|  7120.0 |  0.0076314 |
|  7130.0 |  0.0071779 |
|  7140.0 |  0.0068001 |
|  7150.0 |  0.0063954 |
|  7160.0 |  0.0060595 |
|  7170.0 |  0.0056947 |
|  7180.0 |  0.0053926 |
|  7190.0 |  0.0050607 |
|  7200.0 |  0.0047926 |
|  7210.0 |  0.0045005 |
|  7220.0 |  0.0042613 |
|  7230.0 |  0.0040021 |
|  7240.0 |  0.0037868 |
|  7250.0 |  0.0035546 |
|  7260.0 |  0.0033612 |
|  7270.0 |  0.0031598 |
|  7280.0 |  0.0029914 |
|  7290.0 |   0.002804 |
|  7300.0 |  0.0026535 |
|  7310.0 |   0.002491 |
|  7320.0 |  0.0023554 |
|  7330.0 |  0.0022099 |
|  7340.0 |  0.0020893 |
|  7350.0 |  0.0019587 |
|  7360.0 |   0.001853 |
|  7370.0 |  0.0017394 |
|  7380.0 |  0.0016467 |
|  7390.0 |   0.001542 |
|  7400.0 |  0.0014593 |
|  7410.0 |  0.0013676 |
|  7420.0 |  0.0012928 |
|  7430.0 |  0.0012131 |
|  7440.0 |  0.0011453 |
|  7450.0 |  0.0010755 |
|  7460.0 |  0.0010177 |
|  7470.0 | 0.00095363 |
|  7480.0 |  0.0009024 |
|  7490.0 | 0.00084608 |
|  7500.0 | 0.00079933 |
|  7510.0 | 0.00075128 |
|  7520.0 | 0.00071131 |
|  7530.0 | 0.00066775 |
|  7540.0 | 0.00063227 |
|  7550.0 | 0.00059239 |
|  7560.0 |  0.0005599 |
|  7570.0 | 0.00053119 |
|  7580.0 | 0.00050109 |
|  7590.0 | 0.00047278 |
|  7600.0 | 0.00044317 |
|  7610.0 | 0.00041965 |
|  7620.0 | 0.00039513 |
|  7630.0 | 0.00037509 |
|  7640.0 | 0.00035207 |
|  7650.0 | 0.00033393 |
|  7660.0 | 0.00031389 |
|  7670.0 | 0.00029744 |
|  7680.0 |  0.0002807 |
|  7690.0 | 0.00026574 |
|  7700.0 |  0.0002492 |
|  7710.0 | 0.00023773 |
|  7720.0 | 0.00022398 |
|  7730.0 | 0.00021252 |
|  7740.0 | 0.00020065 |
|  7750.0 | 0.00019118 |
|  7760.0 | 0.00017922 |
|  7770.0 | 0.00017115 |
|  7780.0 | 0.00016138 |
|  7790.0 | 0.00015301 |
|  7800.0 | 0.00014483 |
|  7810.0 | 0.00013716 |
|  7820.0 | 0.00012988 |
|  7830.0 |  0.0001235 |
|  7840.0 | 0.00011682 |
|  7850.0 | 0.00011154 |
|  7860.0 | 0.00010636 |
|  7870.0 | 0.00010157 |
|  7880.0 | 9.4735e-05 |
|  7890.0 | 8.9761e-05 |
|  7900.0 | 8.6163e-05 |
|  7910.0 |  8.068e-05 |
|  7920.0 | 7.6544e-05 |
|  7930.0 | 7.3922e-05 |
|  7940.0 | 7.1171e-05 |
|  7950.0 | 6.6586e-05 |
|  7960.0 | 6.2788e-05 |
|  7970.0 | 6.1293e-05 |
|  7980.0 | 5.7904e-05 |
|  7990.0 | 5.5581e-05 |
|  8000.0 | 5.8452e-05 |
|  8010.0 | 6.7702e-05 |
|  8020.0 | 6.4762e-05 |
|  8030.0 | 5.5511e-05 |
|  8040.0 | 5.0767e-05 |
|  8050.0 | 4.3919e-05 |
|  8060.0 | 4.3221e-05 |
|  8070.0 | 5.0298e-05 |
|  8080.0 | 4.3799e-05 |
|  8090.0 |  3.716e-05 |
|  8100.0 | 4.1277e-05 |
|  8110.0 | 3.4878e-05 |
|  8120.0 | 3.5585e-05 |
|  8130.0 | 3.3064e-05 |
|  8140.0 | 3.5954e-05 |
|  8150.0 | 1.9876e-05 |
|  8160.0 | 2.6903e-05 |
|  8170.0 | 2.8389e-05 |
|  8180.0 | 2.6535e-05 |
|  8190.0 | 3.3602e-05 |
|  8200.0 | 1.9268e-05 |
|  8210.0 | 2.6604e-05 |
|  8220.0 | 2.5657e-05 |
|  8230.0 | 3.4529e-05 |
|  8240.0 | 2.5139e-05 |
|  8250.0 |  3.099e-05 |
|  8260.0 | 2.8678e-05 |
|  8270.0 | 2.3235e-05 |
|  8280.0 | 2.2717e-05 |
|  8290.0 | 1.6726e-05 |
|  8300.0 | 2.2498e-05 |
|  8310.0 | 1.8012e-05 |
|  8320.0 | 5.4265e-06 |
|  8330.0 | 8.6801e-06 |
|  8340.0 | 2.2209e-05 |
|  8350.0 | 1.0925e-05 |
|  8360.0 | 2.2378e-05 |
|  8370.0 | 1.4762e-05 |
|  8380.0 | 1.7095e-05 |
|  8390.0 | 9.8583e-06 |
|  8400.0 | 1.6298e-05 |
|  8410.0 | 2.1391e-05 |
|  8420.0 |  1.555e-05 |
|  8430.0 | 2.3773e-05 |
|  8440.0 | 1.3018e-05 |
|  8450.0 | 1.7982e-05 |
|  8460.0 | 1.4703e-05 |
|  8470.0 | 3.4708e-06 |
|  8480.0 | 9.4127e-06 |
|  8490.0 | 2.0614e-05 |
|  8500.0 | 9.7117e-06 |
|  8510.0 | 7.6633e-06 |
|  8520.0 | 5.4335e-06 |
|  8530.0 | 2.9974e-06 |
|  8540.0 | 9.9978e-06 |
|  8550.0 |   1.85e-05 |
|  8560.0 | 1.2739e-05 |
|  8570.0 | 2.0733e-05 |
|  8580.0 |  1.234e-05 |
|  8590.0 | 1.1114e-05 |
|  8600.0 | 2.0544e-05 |
|  8610.0 | 1.5062e-05 |
|  8620.0 | 4.8424e-06 |
|  8630.0 | 1.4633e-05 |
|  8640.0 | 2.9844e-06 |
|  8650.0 | 7.1659e-06 |
|  8660.0 |  1.551e-05 |
|  8670.0 |   5.29e-06 |
|  8680.0 | 9.6848e-07 |
|  8690.0 | 3.4888e-06 |
|  8700.0 | 1.0775e-05 |
|  8710.0 | 2.0454e-05 |
|  8720.0 | 5.6458e-06 |
|  8730.0 | 9.3669e-06 |
|  8740.0 | 3.1618e-06 |
|  8750.0 | 1.1842e-05 |
|  8760.0 | 1.5201e-05 |
|  8770.0 | 1.4214e-05 |
|  8780.0 |  3.107e-06 |
|  8790.0 | 8.8047e-06 |
|  8800.0 | 1.8929e-05 |
|  8810.0 | 1.6098e-05 |
|  8820.0 | 5.4624e-06 |
|  8830.0 | 1.2221e-05 |
|  8840.0 | 5.3259e-06 |
|  8850.0 |  1.553e-05 |
|  8860.0 | 1.0775e-05 |
|  8870.0 | 1.2011e-05 |
|  8880.0 |  9.618e-06 |
|  8890.0 | 2.2448e-06 |
|  8900.0 | 7.0114e-06 |
|  8910.0 | 1.5361e-06 |
|  8920.0 | 7.5547e-06 |
|  8930.0 | 3.2575e-06 |
|  8940.0 | 2.4481e-06 |
|  8950.0 | 1.3447e-05 |
|  8960.0 | 9.6739e-06 |
|  8970.0 | 9.5722e-07 |
|  8980.0 | 8.9332e-06 |
|  8990.0 | 1.1314e-05 |
|  9000.0 | 6.0336e-06 |
|  9010.0 |  4.675e-06 |
|  9020.0 | 3.9523e-06 |
|  9030.0 | 3.0143e-06 |
|  9040.0 | 5.5461e-06 |
|  9050.0 | 6.6556e-06 |
|  9060.0 | 9.9081e-06 |
|  9070.0 | 1.7573e-05 |
|  9080.0 | 6.4522e-06 |
|  9090.0 | 1.6457e-05 |
|  9100.0 | 6.1901e-06 |
|  9110.0 | 1.3427e-05 |
|  9120.0 |  5.914e-06 |
|  9130.0 |  3.116e-06 |
|  9140.0 | 1.7364e-05 |
|  9150.0 | 8.6801e-06 |
|  9160.0 |  2.475e-06 |
|  9170.0 | 1.5301e-05 |
|  9180.0 | 1.3008e-05 |
|  9190.0 | 1.2609e-05 |
|  9200.0 | 1.0028e-05 |
|  9210.0 | 2.3116e-06 |
|  9220.0 | 1.6367e-05 |
|  9230.0 | 8.9552e-06 |
|  9240.0 | 4.7188e-06 |
|  9250.0 | 7.8069e-06 |
|  9260.0 | 5.7415e-06 |
|  9270.0 | 1.1373e-05 |
|  9280.0 | 4.4716e-06 |
|  9290.0 | 2.3185e-06 |
|  9300.0 | 3.3841e-06 |
|  9310.0 | 8.0003e-06 |
|  9320.0 | 1.4115e-05 |
|  9330.0 | 1.4374e-05 |
|  9340.0 | 1.0795e-06 |
|  9350.0 | 3.0143e-06 |
|  9360.0 | 8.3651e-06 |
|  9370.0 | 2.6096e-06 |
|  9380.0 | 1.3995e-05 |
|  9390.0 |   7.78e-06 |
|  9400.0 | 1.0875e-05 |
|  9410.0 | 5.7156e-06 |
|  9420.0 |  7.146e-06 |
|  9430.0 | 1.8321e-05 |
|  9440.0 | 1.0446e-05 |
|  9450.0 | 9.3051e-06 |
|  9460.0 | 6.2728e-06 |
|  9470.0 | 1.1124e-05 |
|  9480.0 | 7.0683e-06 |
|  9490.0 | 9.0279e-06 |
|  9500.0 | 6.3854e-06 |
|  9510.0 | 5.3588e-06 |
|  9520.0 | 8.4428e-06 |
|  9530.0 | 1.0506e-05 |
|  9540.0 | 1.7723e-05 |
|  9550.0 | 1.4952e-05 |
|  9560.0 | 1.0875e-05 |
|  9570.0 | 1.1164e-05 |
|  9580.0 | 1.6098e-05 |
|  9590.0 | 9.4406e-06 |
|  9600.0 | 1.4593e-05 |
|  9610.0 | 1.3297e-05 |
|  9620.0 | 1.9756e-05 |
|  9630.0 | 1.9756e-05 |
|  9640.0 | 1.4892e-05 |
|  9650.0 | 2.0165e-06 |
|  9660.0 | 1.1443e-05 |
|  9670.0 |  1.555e-05 |
|  9680.0 | 5.8462e-06 |
|  9690.0 | 1.3586e-05 |
|  9700.0 | 1.1712e-05 |
|  9710.0 | 1.2021e-05 |
|  9720.0 | 3.0871e-06 |
|  9730.0 | 2.3016e-05 |
|  9740.0 | 1.7723e-05 |
|  9750.0 | 2.2099e-05 |
|  9760.0 | 8.9183e-06 |
|  9770.0 | 3.8287e-06 |
|  9780.0 | 7.7022e-06 |
|  9790.0 | 1.4543e-05 |
|  9800.0 | 2.5179e-05 |
|  9810.0 | 1.0696e-05 |
|  9820.0 | 1.0596e-05 |
|  9830.0 | 1.8022e-05 |
|  9840.0 | 1.1872e-05 |
|  9850.0 | 1.9457e-05 |
|  9860.0 | 8.3461e-06 |
|  9870.0 | 1.8989e-05 |
|  9880.0 | 2.9266e-06 |
|  9890.0 | 2.4282e-05 |
|  9900.0 | 1.2988e-05 |
|  9910.0 | 1.1981e-05 |
|  9920.0 | 8.5864e-06 |
|  9930.0 | 1.6198e-05 |
|  9940.0 | 3.2087e-05 |
|  9950.0 | 2.1361e-05 |
|  9960.0 | 1.9497e-05 |
|  9970.0 | 2.2189e-05 |
|  9980.0 | 1.9029e-05 |
|  9990.0 | 2.1441e-05 |
| 10000.0 | 2.1232e-05 |
| 10010.0 |  2.163e-05 |
| 10020.0 | 2.9854e-05 |
| 10030.0 | 2.2946e-05 |
| 10040.0 | 2.6574e-05 |
| 10050.0 | 2.3923e-05 |
| 10060.0 |   2.18e-05 |
| 10070.0 | 2.4043e-05 |
| 10080.0 | 2.8498e-05 |
| 10090.0 | 3.2156e-05 |
| 10100.0 | 3.0781e-05 |
| 10110.0 | 2.8987e-05 |
| 10120.0 | 2.6126e-05 |
| 10130.0 | 2.3315e-05 |
| 10140.0 | 3.4459e-05 |
| 10150.0 | 2.6186e-05 |
| 10160.0 | 2.8937e-05 |
| 10170.0 | 3.0322e-05 |
| 10180.0 | 2.9066e-05 |
| 10190.0 | 2.8259e-05 |
| 10200.0 | 2.9365e-05 |
| 10210.0 | 3.3093e-05 |
| 10220.0 | 4.3978e-05 |
| 10230.0 | 3.4479e-05 |
| 10240.0 | 3.6812e-05 |
| 10250.0 | 3.2386e-05 |
| 10260.0 | 3.1867e-05 |
| 10270.0 | 3.4648e-05 |
| 10280.0 | 3.3981e-05 |
| 10290.0 | 3.6253e-05 |
| 10300.0 | 3.4948e-05 |
| 10310.0 | 4.5334e-05 |
| 10320.0 | 4.4078e-05 |
| 10330.0 | 4.4008e-05 |
| 10340.0 | 3.8855e-05 |
| 10350.0 |  3.433e-05 |
| 10360.0 | 4.9251e-05 |
| 10370.0 | 4.6171e-05 |
| 10380.0 | 5.5043e-05 |
| 10390.0 | 5.2222e-05 |
| 10400.0 | 5.6398e-05 |
| 10410.0 | 5.0757e-05 |
| 10420.0 |  4.658e-05 |
| 10430.0 | 4.9999e-05 |
| 10440.0 | 5.0806e-05 |
| 10450.0 | 5.2411e-05 |
| 10460.0 | 5.4465e-05 |
| 10470.0 | 6.0914e-05 |
| 10480.0 | 6.3854e-05 |
| 10490.0 | 6.3575e-05 |
| 10500.0 | 5.2023e-05 |
| 10510.0 | 6.3097e-05 |
| 10520.0 | 6.4134e-05 |
| 10530.0 | 6.5798e-05 |
| 10540.0 | 5.4913e-05 |
| 10550.0 | 6.2728e-05 |
| 10560.0 | 5.8691e-05 |
| 10570.0 | 6.9217e-05 |
| 10580.0 | 6.0126e-05 |
| 10590.0 | 7.2626e-05 |
| 10600.0 | 7.6275e-05 |
| 10610.0 | 7.3165e-05 |
| 10620.0 | 6.7254e-05 |
| 10630.0 | 8.0052e-05 |
| 10640.0 | 7.5367e-05 |
| 10650.0 |  8.687e-05 |
| 10660.0 | 7.6633e-05 |
| 10670.0 | 8.1787e-05 |
| 10680.0 | 8.0072e-05 |
| 10690.0 | 9.3479e-05 |
| 10700.0 | 8.3372e-05 |
| 10710.0 | 8.6312e-05 |
| 10720.0 | 9.8403e-05 |
| 10730.0 | 0.00010506 |
| 10740.0 | 0.00010676 |
| 10750.0 | 9.2044e-05 |
| 10760.0 |  9.938e-05 |
| 10770.0 | 0.00010566 |
| 10780.0 | 0.00010995 |
| 10790.0 | 0.00011184 |
| 10800.0 | 0.00011194 |
| 10810.0 | 0.00011154 |
| 10820.0 | 0.00011672 |
| 10830.0 | 0.00011892 |
| 10840.0 |  0.0001249 |
| 10850.0 | 0.00013108 |
| 10860.0 | 0.00012201 |
| 10870.0 |  0.0001229 |
| 10880.0 | 0.00013128 |
| 10890.0 |   0.000124 |
| 10900.0 | 0.00013447 |
| 10910.0 | 0.00013985 |
| 10920.0 | 0.00013666 |
| 10930.0 | 0.00013965 |
| 10940.0 | 0.00014733 |
| 10950.0 | 0.00015101 |
| 10960.0 | 0.00014384 |
| 10970.0 | 0.00014723 |
| 10980.0 | 0.00016158 |
| 10990.0 | 0.00014733 |
| 11000.0 | 0.00015321 |
