# Units:
#  "lambda" is in Angstroms
#  "pass" is the contribution to the detector signal per photon
# 
# Bandpass Name(s): W4
# 
# Instrument: WISE
# 
# Determined by: WISE team
# 
# Date of determination: sometime before 2009-Aug-04
# 
# Meaning of/Reason for default column: Only column available
# 
# Notes:
#  Obtained from the web site
#   http://www.astro.ucla.edu/~wright/WISE/passbands.html
# 
# Mike Blanton, NYU 2011-Apr-11
|    lambda |      pass |    unc |
|   25300.0 | 7.003e-17 |  348.0 |
|   25400.0 | 1.522e-16 |  349.0 |
|   25500.0 | 1.844e-13 |  370.0 |
|   25600.0 | 9.997e-14 |  370.0 |
|   25700.0 | 7.625e-15 |  371.0 |
|   25800.0 | 3.118e-33 | 1000.0 |
|   25900.0 | 1.462e-42 | 1000.0 |
|   26000.0 | 5.623e-31 |  707.0 |
| 26099.998 | 3.098e-31 | 1000.0 |
| 26199.998 | 3.176e-31 | 1000.0 |
| 26300.002 |  2.18e-29 |  707.0 |
| 26400.002 | 1.787e-31 |  707.0 |
|   26500.0 |   2.7e-29 |  707.0 |
|   26600.0 | 2.247e-36 |  707.0 |
|   26700.0 | 2.359e-15 |  343.0 |
|   26800.0 | 3.207e-15 |  342.0 |
|   26900.0 | 1.199e-14 |  341.0 |
|   27000.0 | 1.202e-14 |  342.0 |
|   27100.0 | 8.765e-15 |  341.0 |
|   27200.0 | 1.952e-14 |  341.0 |
|   27300.0 | 1.035e-13 |  339.0 |
|   27400.0 | 7.126e-15 |  339.0 |
|   27500.0 | 1.393e-15 |  338.0 |
|   27600.0 | 4.985e-25 |  707.0 |
|   27700.0 | 5.091e-16 |  338.0 |
|   27800.0 | 9.944e-15 |  336.0 |
|   27900.0 |  8.07e-16 |  337.0 |
|   28000.0 | 1.143e-15 |  336.0 |
|   28100.0 |  2.04e-16 |  337.0 |
|   28200.0 | 5.719e-15 |  337.0 |
|   28300.0 | 5.992e-15 |  335.0 |
|   28400.0 | 4.627e-14 |  335.0 |
|   28500.0 | 1.741e-14 |  334.0 |
| 28599.998 | 5.682e-29 |  707.0 |
| 28699.998 | 3.797e-29 |  707.0 |
| 28800.002 | 6.839e-32 |  707.0 |
| 28900.002 |  2.24e-15 |  332.0 |
|   29000.0 | 1.127e-14 |  332.0 |
|   29100.0 | 8.233e-14 |  332.0 |
|   29200.0 | 1.135e-15 |  332.0 |
|   29300.0 | 7.364e-14 |  330.0 |
|   29400.0 | 6.407e-14 |  330.0 |
|   29500.0 |  9.98e-14 |  330.0 |
|   29600.0 | 1.153e-14 |  330.0 |
|   29700.0 | 7.823e-15 |  330.0 |
|   29800.0 | 7.042e-16 |  329.0 |
|   29900.0 | 7.271e-15 |  328.0 |
|   30000.0 | 4.592e-14 |  328.0 |
|   30100.0 | 1.052e-14 |  327.0 |
|   30200.0 | 2.544e-13 |  327.0 |
|   30300.0 | 1.169e-13 |  326.0 |
|   30400.0 | 1.287e-14 |  326.0 |
|   30500.0 | 6.288e-14 |  325.0 |
|   30600.0 | 4.588e-34 |  707.0 |
|   30700.0 | 7.799e-27 |  707.0 |
|   30800.0 | 2.492e-25 |  707.0 |
|   30900.0 | 1.711e-25 | 1000.0 |
|   31000.0 | 7.617e-30 | 1000.0 |
| 31099.998 | 4.472e-28 | 1000.0 |
| 31199.998 | 1.129e-29 | 1000.0 |
| 31300.002 |  5.43e-37 |  707.0 |
| 31400.002 | 1.119e-30 |  707.0 |
|   31500.0 | 8.334e-16 |  321.0 |
|   31600.0 | 1.481e-14 |  321.0 |
|   31700.0 | 3.623e-14 |  321.0 |
|   31800.0 | 3.962e-14 |  320.0 |
|   31900.0 | 3.184e-15 |  319.0 |
|   32000.0 |  4.85e-15 |  319.0 |
|   32100.0 | 6.317e-16 |  318.0 |
|   32200.0 | 1.508e-13 |  336.0 |
|   32300.0 | 1.131e-14 |  319.0 |
|   32400.0 | 1.418e-13 |  335.0 |
|   32500.0 | 3.207e-13 |  335.0 |
|   32600.0 | 1.923e-14 |  316.0 |
|   32700.0 | 7.169e-14 |  316.0 |
|   32800.0 | 1.065e-14 |  317.0 |
|   32900.0 | 1.643e-14 |  317.0 |
|   33000.0 | 2.745e-13 |  332.0 |
|   33100.0 | 8.683e-15 |  315.0 |
|   33200.0 | 1.327e-13 |  333.0 |
|   33300.0 | 7.677e-30 |  707.0 |
|   33400.0 | 1.092e-34 |  707.0 |
|   33500.0 | 2.184e-32 |  707.0 |
|   33600.0 | 1.886e-40 | 1000.0 |
|   33700.0 | 2.685e-29 |  707.0 |
|   33800.0 |  1.03e-36 | 1000.0 |
|   33900.0 | 4.031e-38 | 1000.0 |
|   34000.0 | 3.135e-35 | 1000.0 |
|   34100.0 | 9.475e-33 |  707.0 |
|   34200.0 | 3.356e-34 |  707.0 |
|   34300.0 |     1e-30 |  707.0 |
|   34400.0 | 9.762e-16 |  311.0 |
|   34500.0 | 3.061e-15 |  311.0 |
|   34600.0 | 8.835e-16 |  310.0 |
|   34700.0 |  5.74e-16 |  310.0 |
|   34800.0 | 5.497e-27 |  707.0 |
|   34900.0 | 2.261e-33 |  707.0 |
|   35000.0 | 3.028e-28 |  707.0 |
|   35100.0 | 5.412e-27 |  707.0 |
|   35200.0 | 1.672e-29 |  707.0 |
|   35300.0 | 8.001e-24 |  707.0 |
|   35400.0 | 1.517e-30 |  707.0 |
|   35500.0 | 5.463e-26 |  707.0 |
|   35600.0 | 1.279e-32 |  707.0 |
|   35700.0 | 1.354e-15 |  305.0 |
|   35800.0 | 3.866e-14 |  305.0 |
|   35900.0 |   3.6e-15 |  304.0 |
|   36000.0 |  1.94e-13 |  304.0 |
|   36100.0 |  3.37e-14 |  303.0 |
|   36200.0 | 8.353e-14 |  303.0 |
|   36300.0 | 4.401e-14 |  302.0 |
|   36400.0 | 2.862e-14 |  302.0 |
|   36500.0 | 1.129e-13 |  301.0 |
|   36600.0 | 3.563e-14 |  300.0 |
|   36700.0 | 6.793e-14 |  300.0 |
|   36800.0 | 3.571e-13 |  299.0 |
|   36900.0 | 6.577e-14 |  299.0 |
|   37000.0 | 3.803e-15 |  298.0 |
|   37100.0 | 2.195e-14 |  298.0 |
|   37200.0 | 8.083e-15 |  298.0 |
|   37300.0 | 3.639e-14 |  296.0 |
|   37400.0 | 2.004e-14 |  297.0 |
|   37500.0 |  7.98e-15 |  297.0 |
|   37600.0 | 7.014e-15 |  296.0 |
|   37700.0 | 3.612e-14 |  295.0 |
|   37800.0 |  1.26e-14 |  296.0 |
|   37900.0 | 4.077e-14 |  294.0 |
|   38000.0 | 2.721e-13 |  294.0 |
|   38100.0 | 9.825e-14 |  294.0 |
|   38200.0 | 8.635e-14 |  292.0 |
|   38300.0 | 4.495e-15 |  293.0 |
|   38400.0 | 1.041e-13 |  292.0 |
|   38500.0 |  2.35e-13 |  292.0 |
|   38600.0 | 4.299e-14 |  291.0 |
|   38700.0 | 9.742e-14 |  290.0 |
|   38800.0 | 2.212e-13 |  290.0 |
|   38900.0 | 7.684e-14 |  290.0 |
|   39000.0 | 1.506e-13 |  290.0 |
|   39100.0 | 6.299e-14 |  289.0 |
|   39200.0 | 8.508e-14 |  288.0 |
|   39300.0 |  8.04e-14 |  288.0 |
|   39400.0 | 2.333e-13 |  287.0 |
|   39500.0 | 6.671e-14 |  287.0 |
|   39600.0 | 1.143e-13 |  286.0 |
|   39700.0 | 8.496e-14 |  286.0 |
|   39800.0 | 4.521e-14 |  286.0 |
|   39900.0 |  1.23e-13 |  286.0 |
|   40000.0 | 2.355e-26 |  707.0 |
| 40100.004 | 4.851e-33 |  707.0 |
|   40200.0 | 6.732e-31 |  707.0 |
| 40300.004 | 1.567e-36 |  707.0 |
|   40400.0 | 1.869e-25 | 1000.0 |
|   40500.0 | 1.062e-36 |  707.0 |
|   40600.0 | 3.267e-25 |  707.0 |
|   40700.0 |  1.18e-30 | 1000.0 |
|   40800.0 | 1.675e-33 |  707.0 |
|   40900.0 | 6.418e-30 |  707.0 |
|   41000.0 | 9.451e-30 |  707.0 |
|   41100.0 | 8.343e-32 |  707.0 |
|   41200.0 | 3.188e-13 |  294.0 |
|   41300.0 | 2.321e-14 |  281.0 |
|   41400.0 | 5.444e-13 |  292.0 |
|   41500.0 | 1.374e-14 |  280.0 |
|   41600.0 | 3.263e-13 |  280.0 |
|   41700.0 | 7.631e-13 |  291.0 |
|   41800.0 | 1.428e-12 |  290.0 |
|   41900.0 |  1.39e-12 |  290.0 |
|   42000.0 | 3.024e-14 |  278.0 |
|   42100.0 | 3.258e-14 |  278.0 |
| 42199.996 | 5.389e-13 |  289.0 |
|   42300.0 | 1.207e-30 |  707.0 |
| 42399.996 | 1.867e-33 |  707.0 |
|   42500.0 | 1.622e-28 | 1000.0 |
| 42600.004 | 6.215e-28 |  707.0 |
|   42700.0 | 2.794e-26 |  707.0 |
| 42800.004 | 1.467e-30 |  707.0 |
|   42900.0 | 1.387e-27 |  707.0 |
|   43000.0 | 2.035e-28 | 1000.0 |
|   43100.0 | 5.902e-25 |  707.0 |
|   43200.0 |   1.2e-27 |  707.0 |
|   43300.0 | 2.152e-36 |  707.0 |
|   43400.0 | 1.414e-36 | 1000.0 |
|   43500.0 | 8.046e-14 |  285.0 |
|   43600.0 | 1.822e-13 |  284.0 |
|   43700.0 | 5.063e-13 |  283.0 |
|   43800.0 | 3.473e-14 |  272.0 |
|   43900.0 | 3.065e-13 |  282.0 |
|   44000.0 | 3.936e-13 |  282.0 |
|   44100.0 | 1.187e-13 |  270.0 |
|   44200.0 | 1.034e-12 |  282.0 |
|   44300.0 | 5.295e-14 |  271.0 |
|   44400.0 | 2.867e-13 |  270.0 |
|   44500.0 | 3.803e-13 |  271.0 |
|   44600.0 | 1.657e-13 |  270.0 |
| 44699.996 | 1.105e-13 |  269.0 |
|   44800.0 | 3.283e-14 |  268.0 |
| 44899.996 | 6.248e-14 |  268.0 |
|   45000.0 | 5.167e-14 |  268.0 |
| 45100.004 | 2.985e-14 |  267.0 |
|   45200.0 |  6.42e-15 |  267.0 |
| 45300.004 | 4.063e-29 |  707.0 |
|   45400.0 | 1.163e-32 |  707.0 |
|   45500.0 | 1.723e-15 |  267.0 |
|   45600.0 | 5.467e-14 |  266.0 |
|   45700.0 | 1.951e-13 |  266.0 |
|   45800.0 | 2.222e-13 |  266.0 |
|   45900.0 | 2.167e-13 |  266.0 |
|   46000.0 | 4.682e-13 |  265.0 |
|   46100.0 | 4.249e-13 |  265.0 |
|   46200.0 | 1.316e-12 |  264.0 |
|   46300.0 | 4.466e-13 |  265.0 |
|   46400.0 | 1.212e-12 |  264.0 |
|   46500.0 |  9.13e-14 |  263.0 |
|   46600.0 |  9.38e-15 |  263.0 |
|   46700.0 | 9.552e-14 |  262.0 |
|   46800.0 | 5.174e-13 |  262.0 |
|   46900.0 | 4.066e-13 |  261.0 |
|   47000.0 |  5.19e-13 |  261.0 |
|   47100.0 | 4.064e-13 |  261.0 |
| 47199.996 | 1.709e-13 |  262.0 |
|   47300.0 | 1.877e-13 |  261.0 |
| 47399.996 | 5.081e-14 |  261.0 |
|   47500.0 | 6.988e-14 |  260.0 |
| 47600.004 | 3.161e-12 |  268.0 |
|   47700.0 | 4.618e-14 |  260.0 |
| 47800.004 | 6.916e-14 |  258.0 |
|   47900.0 | 8.404e-14 |  258.0 |
|   48000.0 | 7.265e-14 |  258.0 |
|   48100.0 | 5.175e-14 |  258.0 |
|   48200.0 | 1.714e-13 |  258.0 |
|   48300.0 | 5.213e-13 |  266.0 |
|   48400.0 | 2.211e-14 |  257.0 |
|   48500.0 |  3.92e-12 |  266.0 |
|   48600.0 | 3.511e-12 |  266.0 |
|   48700.0 | 3.284e-12 |  265.0 |
|   48800.0 | 5.006e-12 |  265.0 |
|   48900.0 | 3.836e-13 |  255.0 |
|   49000.0 | 6.567e-14 |  255.0 |
|   49100.0 |  1.05e-13 |  254.0 |
|   49200.0 | 9.771e-14 |  255.0 |
|   49300.0 | 4.556e-13 |  254.0 |
|   49400.0 | 2.782e-13 |  253.0 |
|   49500.0 |  7.55e-12 |  261.0 |
|   49600.0 | 7.499e-13 |  253.0 |
| 49699.996 | 2.017e-11 |  261.0 |
|   49800.0 | 1.224e-11 |  260.0 |
| 49899.996 | 6.818e-12 |  261.0 |
|   50000.0 | 1.348e-11 |  259.0 |
| 50100.004 |  4.33e-09 |   76.0 |
|   50200.0 |  3.09e-09 |   73.0 |
| 50300.004 | 5.489e-09 |   71.0 |
|   50400.0 | 5.372e-09 |   71.0 |
|   50500.0 | 8.352e-09 |   71.0 |
|   50600.0 | 1.034e-08 |   71.0 |
|   50700.0 | 9.649e-09 |   71.0 |
|   50800.0 | 1.205e-08 |   72.0 |
|   50900.0 | 1.278e-08 |   72.0 |
|   51000.0 | 1.772e-08 |   72.0 |
|   51100.0 |  1.84e-08 |   71.0 |
|   51200.0 | 1.859e-08 |   71.0 |
|   51300.0 | 2.042e-08 |   71.0 |
|   51400.0 | 1.622e-08 |   71.0 |
|   51500.0 | 2.051e-08 |   71.0 |
|   51600.0 |  1.95e-08 |   71.0 |
|   51700.0 | 1.429e-08 |   70.0 |
|   51800.0 | 1.404e-08 |   70.0 |
|   51900.0 | 1.895e-08 |   70.0 |
|   52000.0 | 1.777e-08 |   70.0 |
|   52100.0 | 1.774e-08 |   70.0 |
| 52199.996 | 1.199e-08 |   70.0 |
|   52300.0 |  1.49e-08 |   70.0 |
| 52399.996 | 1.082e-08 |   70.0 |
|   52500.0 | 1.025e-08 |   69.0 |
| 52600.004 | 1.041e-08 |   69.0 |
|   52700.0 | 9.064e-09 |   70.0 |
| 52800.004 | 9.638e-09 |   70.0 |
|   52900.0 | 5.348e-09 |   70.0 |
|   53000.0 | 5.432e-09 |   70.0 |
|   53100.0 | 2.636e-09 |   70.0 |
|   53200.0 | 3.687e-09 |   70.0 |
|   53300.0 | 5.263e-09 |   69.0 |
|   53400.0 | 7.018e-09 |   69.0 |
|   53500.0 | 8.591e-09 |   69.0 |
|   53600.0 | 7.167e-09 |   69.0 |
|   53700.0 | 1.202e-08 |   69.0 |
|   53800.0 | 1.064e-08 |   69.0 |
|   53900.0 | 1.286e-08 |   69.0 |
|   54000.0 | 1.775e-08 |   70.0 |
|   54100.0 | 1.987e-08 |   69.0 |
|   54200.0 | 2.158e-08 |   69.0 |
|   54300.0 | 2.241e-08 |   69.0 |
|   54400.0 | 2.758e-08 |   70.0 |
|   54500.0 | 2.736e-08 |   70.0 |
|   54600.0 | 3.102e-08 |   70.0 |
| 54699.996 | 3.642e-08 |   70.0 |
|   54800.0 | 3.922e-08 |   70.0 |
| 54899.996 | 3.887e-08 |   70.0 |
|   55000.0 | 4.014e-08 |   71.0 |
| 55100.004 | 3.958e-08 |   70.0 |
|   55200.0 | 4.112e-08 |   71.0 |
| 55300.004 | 4.177e-08 |   71.0 |
|   55400.0 | 4.199e-08 |   71.0 |
|   55500.0 | 4.122e-08 |   71.0 |
|   55600.0 |  3.95e-08 |   71.0 |
|   55700.0 | 3.917e-08 |   71.0 |
|   55800.0 | 3.767e-08 |   72.0 |
|   55900.0 |  3.56e-08 |   72.0 |
|   56000.0 | 3.187e-08 |   73.0 |
|   56100.0 | 2.817e-08 |   74.0 |
|   56200.0 | 2.427e-08 |   75.0 |
|   56300.0 | 2.093e-08 |   77.0 |
|   56400.0 | 1.972e-08 |   79.0 |
|   56500.0 | 2.134e-08 |   78.0 |
|   56600.0 | 2.226e-08 |   78.0 |
|   56700.0 | 2.315e-08 |   77.0 |
|   56800.0 | 2.367e-08 |   76.0 |
|   56900.0 | 3.266e-08 |   75.0 |
|   57000.0 | 4.691e-08 |   74.0 |
|   57100.0 | 6.091e-08 |   74.0 |
| 57199.996 | 7.606e-08 |   73.0 |
|   57300.0 | 9.471e-08 |   72.0 |
| 57399.996 | 1.113e-07 |   71.0 |
|   57500.0 | 1.409e-07 |   72.0 |
| 57600.004 | 1.594e-07 |   71.0 |
|   57700.0 |  1.88e-07 |   71.0 |
| 57800.004 | 2.118e-07 |   71.0 |
|   57900.0 | 2.248e-07 |   71.0 |
|   58000.0 | 2.449e-07 |   71.0 |
|   58100.0 | 2.743e-07 |   71.0 |
|   58200.0 | 2.954e-07 |   71.0 |
|   58300.0 | 3.119e-07 |   71.0 |
|   58400.0 |  3.14e-07 |   71.0 |
|   58500.0 | 3.299e-07 |   71.0 |
|   58600.0 | 3.289e-07 |   71.0 |
|   58700.0 |  3.26e-07 |   71.0 |
|   58800.0 | 3.331e-07 |   71.0 |
|   58900.0 | 3.572e-07 |   71.0 |
|   59000.0 | 3.427e-07 |   71.0 |
|   59100.0 | 3.295e-07 |   72.0 |
|   59200.0 | 3.129e-07 |   72.0 |
|   59300.0 | 3.047e-07 |   72.0 |
|   59400.0 | 2.916e-07 |   72.0 |
|   59500.0 | 2.823e-07 |   72.0 |
|   59600.0 |  2.66e-07 |   72.0 |
| 59699.996 | 2.439e-07 |   72.0 |
|   59800.0 | 2.227e-07 |   72.0 |
| 59899.996 |  2.03e-07 |   72.0 |
|   60000.0 |  1.93e-07 |   71.0 |
| 60100.004 | 1.748e-07 |   72.0 |
|   60200.0 | 1.568e-07 |   71.0 |
| 60300.004 | 1.396e-07 |   71.0 |
|   60400.0 | 1.205e-07 |   71.0 |
|   60500.0 |  1.03e-07 |   71.0 |
|   60600.0 | 8.367e-08 |   71.0 |
|   60700.0 | 7.468e-08 |   71.0 |
|   60800.0 | 6.432e-08 |   71.0 |
|   60900.0 | 5.261e-08 |   72.0 |
|   61000.0 | 4.281e-08 |   72.0 |
|   61100.0 | 3.336e-08 |   72.0 |
|   61200.0 | 3.159e-08 |   72.0 |
|   61300.0 | 3.527e-08 |   73.0 |
|   61400.0 | 4.128e-08 |   74.0 |
|   61500.0 | 4.977e-08 |   76.0 |
|   61600.0 | 5.969e-08 |   80.0 |
|   61700.0 | 7.211e-08 |   86.0 |
|   61800.0 | 1.068e-07 |  102.0 |
|   61900.0 | 1.557e-07 |  127.0 |
|   62000.0 | 2.283e-07 |  159.0 |
|   62100.0 | 3.423e-07 |  214.0 |
| 62199.996 | 7.282e-07 |  261.0 |
|   62300.0 | 6.293e-07 |  310.0 |
| 62399.996 | 8.193e-07 |  291.0 |
|   62500.0 | 1.099e-06 |  279.0 |
| 62600.004 | 9.497e-07 |  304.0 |
|   62700.0 | 2.039e-06 |  321.0 |
| 62800.004 | 1.783e-06 |  357.0 |
|   62900.0 | 9.839e-07 |  443.0 |
|   63000.0 | 7.465e-07 |  544.0 |
|   63100.0 | 2.597e-07 |   75.0 |
|   63200.0 | 2.561e-07 |   75.0 |
|   63300.0 | 2.336e-07 |   75.0 |
|   63400.0 | 2.242e-07 |   75.0 |
|   63500.0 | 1.989e-07 |   75.0 |
|   63600.0 | 1.741e-07 |   75.0 |
|   63700.0 | 1.449e-07 |   75.0 |
|   63800.0 | 1.187e-07 |   75.0 |
|   63900.0 | 1.022e-07 |   76.0 |
|   64000.0 | 8.034e-08 |   76.0 |
|   64100.0 | 6.634e-08 |   76.0 |
|   64200.0 |   5.7e-08 |   77.0 |
|   64300.0 | 5.779e-08 |   77.0 |
|   64400.0 |  7.14e-08 |   77.0 |
|   64500.0 | 9.287e-08 |   76.0 |
|   64600.0 | 1.178e-07 |   76.0 |
| 64699.996 | 1.354e-07 |   77.0 |
|   64800.0 | 1.606e-07 |   77.0 |
| 64899.996 | 1.868e-07 |   77.0 |
|   65000.0 | 2.239e-07 |   77.0 |
| 65100.004 | 2.513e-07 |   77.0 |
|   65200.0 | 2.861e-07 |   77.0 |
| 65300.004 | 3.199e-07 |   78.0 |
|   65400.0 | 3.572e-07 |   78.0 |
|   65500.0 | 3.985e-07 |   78.0 |
|   65600.0 | 4.113e-07 |   79.0 |
|   65700.0 | 4.484e-07 |   80.0 |
|   65800.0 | 4.876e-07 |   80.0 |
|   65900.0 | 5.635e-07 |   80.0 |
|   66000.0 |   6.3e-07 |   81.0 |
|   66100.0 | 6.942e-07 |   81.0 |
|   66200.0 | 7.282e-07 |   81.0 |
|   66300.0 | 8.376e-07 |   82.0 |
|   66400.0 |  9.09e-07 |   81.0 |
|   66500.0 | 9.935e-07 |   81.0 |
|   66600.0 | 1.062e-06 |   82.0 |
|   66700.0 | 1.132e-06 |   82.0 |
|   66800.0 | 1.202e-06 |   81.0 |
|   66900.0 | 1.188e-06 |   81.0 |
|   67000.0 | 1.196e-06 |   81.0 |
|   67100.0 | 1.209e-06 |   81.0 |
|   67200.0 | 1.163e-06 |   82.0 |
|   67300.0 | 1.091e-06 |   82.0 |
|   67400.0 | 1.005e-06 |   82.0 |
|   67500.0 | 8.506e-07 |   83.0 |
|   67600.0 | 7.316e-07 |   83.0 |
|   67700.0 | 6.582e-07 |   83.0 |
|   67800.0 | 5.425e-07 |   83.0 |
|   67900.0 | 5.197e-07 |   84.0 |
|   68000.0 | 5.644e-07 |   84.0 |
|   68100.0 | 6.812e-07 |   83.0 |
|   68200.0 | 8.074e-07 |   83.0 |
|   68300.0 | 9.473e-07 |   83.0 |
|   68400.0 | 1.044e-06 |   83.0 |
|   68500.0 |   1.2e-06 |   83.0 |
|   68600.0 | 1.357e-06 |   83.0 |
|   68700.0 | 1.507e-06 |   83.0 |
|   68800.0 | 1.681e-06 |   83.0 |
|   68900.0 | 1.908e-06 |   82.0 |
|   69000.0 | 2.223e-06 |   82.0 |
|   69100.0 | 2.399e-06 |   82.0 |
|   69200.0 | 2.614e-06 |   82.0 |
|   69300.0 | 2.888e-06 |   81.0 |
|   69400.0 | 2.918e-06 |   81.0 |
|   69500.0 |  3.04e-06 |   81.0 |
|   69600.0 | 3.116e-06 |   81.0 |
|   69700.0 | 3.177e-06 |   80.0 |
|   69800.0 | 3.318e-06 |   80.0 |
|   69900.0 |  3.21e-06 |   80.0 |
|   70000.0 | 3.231e-06 |   80.0 |
|   70100.0 | 3.346e-06 |   80.0 |
|   70200.0 | 3.328e-06 |   80.0 |
|   70300.0 | 3.247e-06 |   80.0 |
|   70400.0 | 3.132e-06 |   80.0 |
|   70500.0 | 2.919e-06 |   80.0 |
|   70600.0 | 2.793e-06 |   79.0 |
|   70700.0 | 2.791e-06 |   79.0 |
|   70800.0 | 2.601e-06 |   79.0 |
|   70900.0 | 2.611e-06 |   79.0 |
|   71000.0 | 2.518e-06 |   78.0 |
|   71100.0 | 2.373e-06 |   78.0 |
|   71200.0 | 2.358e-06 |   78.0 |
|   71300.0 | 2.177e-06 |   78.0 |
|   71400.0 | 2.067e-06 |   78.0 |
|   71500.0 | 1.945e-06 |   78.0 |
|   71600.0 | 1.858e-06 |   78.0 |
|   71700.0 | 1.678e-06 |   78.0 |
|   71800.0 | 1.599e-06 |   78.0 |
|   71900.0 | 1.449e-06 |   78.0 |
|   72000.0 | 1.355e-06 |   78.0 |
|   72100.0 | 1.242e-06 |   77.0 |
|   72200.0 | 1.108e-06 |   78.0 |
|   72300.0 | 1.047e-06 |   77.0 |
|   72400.0 | 9.309e-07 |   77.0 |
|   72500.0 | 8.795e-07 |   77.0 |
|   72600.0 |  7.98e-07 |   76.0 |
|   72700.0 | 7.143e-07 |   76.0 |
|   72800.0 | 6.593e-07 |   76.0 |
|   72900.0 | 5.935e-07 |   76.0 |
|   73000.0 | 5.389e-07 |   76.0 |
|   73100.0 | 4.867e-07 |   75.0 |
|   73200.0 | 4.347e-07 |   75.0 |
|   73300.0 | 3.788e-07 |   75.0 |
|   73400.0 | 3.218e-07 |   75.0 |
|   73500.0 | 2.631e-07 |   75.0 |
|   73600.0 | 2.105e-07 |   75.0 |
|   73700.0 |   1.6e-07 |   75.0 |
|   73800.0 |  1.14e-07 |   74.0 |
|   73900.0 | 1.117e-07 |   74.0 |
|   74000.0 | 1.345e-07 |   74.0 |
|   74100.0 | 1.704e-07 |   73.0 |
|   74200.0 | 2.138e-07 |   74.0 |
|   74300.0 | 2.711e-07 |   73.0 |
|   74400.0 | 3.137e-07 |   74.0 |
|   74500.0 | 3.571e-07 |   74.0 |
|   74600.0 | 3.775e-07 |   74.0 |
|   74700.0 | 3.938e-07 |   74.0 |
|   74800.0 | 3.904e-07 |   74.0 |
|   74900.0 | 3.995e-07 |   73.0 |
|   75000.0 | 3.856e-07 |   73.0 |
|   75100.0 | 3.602e-07 |   74.0 |
|   75200.0 | 3.503e-07 |   73.0 |
|   75300.0 | 3.236e-07 |   73.0 |
|   75400.0 | 2.978e-07 |   73.0 |
|   75500.0 | 2.691e-07 |   73.0 |
|   75600.0 | 2.327e-07 |   73.0 |
|   75700.0 | 2.077e-07 |   73.0 |
|   75800.0 | 1.733e-07 |   73.0 |
|   75900.0 | 1.516e-07 |   73.0 |
|   76000.0 | 1.204e-07 |   73.0 |
|   76100.0 | 1.085e-07 |   72.0 |
|   76200.0 | 9.045e-08 |   73.0 |
|   76300.0 | 8.352e-08 |   73.0 |
|   76400.0 | 8.265e-08 |   73.0 |
|   76500.0 | 8.278e-08 |   73.0 |
|   76600.0 | 8.139e-08 |   73.0 |
|   76700.0 | 8.317e-08 |   73.0 |
|   76800.0 | 9.054e-08 |   73.0 |
|   76900.0 |  9.45e-08 |   73.0 |
|   77000.0 | 1.004e-07 |   73.0 |
|   77100.0 |  1.02e-07 |   73.0 |
|   77200.0 | 1.085e-07 |   73.0 |
|   77300.0 | 1.183e-07 |   73.0 |
|   77400.0 |  1.23e-07 |   73.0 |
|   77500.0 | 1.307e-07 |   73.0 |
|   77600.0 | 1.421e-07 |   73.0 |
|   77700.0 | 1.459e-07 |   73.0 |
|   77800.0 | 1.579e-07 |   72.0 |
|   77900.0 | 1.641e-07 |   72.0 |
|   78000.0 |  1.66e-07 |   73.0 |
|   78100.0 | 1.727e-07 |   73.0 |
|   78200.0 | 1.844e-07 |   73.0 |
|   78300.0 | 1.934e-07 |   73.0 |
|   78400.0 | 1.911e-07 |   73.0 |
|   78500.0 | 1.941e-07 |   73.0 |
|   78600.0 | 2.043e-07 |   73.0 |
|   78700.0 | 2.003e-07 |   73.0 |
|   78800.0 | 2.104e-07 |   73.0 |
|   78900.0 | 2.169e-07 |   73.0 |
|   79000.0 | 2.168e-07 |   74.0 |
|   79100.0 | 2.261e-07 |   74.0 |
|   79200.0 | 2.356e-07 |   74.0 |
|   79300.0 | 2.462e-07 |   74.0 |
|   79400.0 | 2.653e-07 |   75.0 |
|   79500.0 | 2.767e-07 |   74.0 |
|   79600.0 | 2.806e-07 |   75.0 |
|   79700.0 | 3.066e-07 |   75.0 |
|   79800.0 | 3.097e-07 |   75.0 |
|   79900.0 | 3.236e-07 |   75.0 |
|   80000.0 | 3.378e-07 |   76.0 |
|   80100.0 | 3.393e-07 |   76.0 |
| 80200.008 | 3.399e-07 |   76.0 |
|   80300.0 | 3.471e-07 |   76.0 |
|   80400.0 | 3.327e-07 |   76.0 |
|   80500.0 | 3.321e-07 |   75.0 |
| 80600.008 | 3.144e-07 |   75.0 |
|   80700.0 | 3.058e-07 |   75.0 |
|   80800.0 | 2.943e-07 |   76.0 |
|   80900.0 | 2.773e-07 |   76.0 |
|   81000.0 | 2.773e-07 |   76.0 |
|   81100.0 | 2.733e-07 |   76.0 |
|   81200.0 |  2.59e-07 |   77.0 |
|   81300.0 | 2.574e-07 |   77.0 |
|   81400.0 | 2.732e-07 |   77.0 |
|   81500.0 |  2.64e-07 |   78.0 |
|   81600.0 | 2.732e-07 |   79.0 |
|   81700.0 | 2.861e-07 |   79.0 |
|   81800.0 | 3.023e-07 |   80.0 |
| 81899.992 | 3.227e-07 |   81.0 |
|   82000.0 | 3.462e-07 |   83.0 |
|   82100.0 | 3.789e-07 |   85.0 |
|   82200.0 | 4.236e-07 |   88.0 |
| 82299.992 | 4.805e-07 |   91.0 |
|   82400.0 | 5.784e-07 |   97.0 |
|   82500.0 | 6.442e-07 |  105.0 |
|   82600.0 | 7.581e-07 |  114.0 |
| 82700.008 | 9.414e-07 |  125.0 |
|   82800.0 |  1.01e-06 |  138.0 |
|   82900.0 | 1.199e-06 |  163.0 |
|   83000.0 | 1.465e-06 |  194.0 |
| 83100.008 | 9.788e-08 |   87.0 |
|   83200.0 | 8.156e-08 |   86.0 |
|   83300.0 | 7.693e-08 |   83.0 |
|   83400.0 | 6.748e-08 |   82.0 |
|   83500.0 |  6.59e-08 |   82.0 |
|   83600.0 | 6.708e-08 |   82.0 |
|   83700.0 | 6.291e-08 |   82.0 |
|   83800.0 | 6.179e-08 |   82.0 |
|   83900.0 |  6.28e-08 |   82.0 |
|   84000.0 | 5.972e-08 |   81.0 |
|   84100.0 | 5.438e-08 |   81.0 |
|   84200.0 | 5.155e-08 |   80.0 |
|   84300.0 | 4.837e-08 |   80.0 |
| 84399.992 | 4.732e-08 |   79.0 |
|   84500.0 | 4.504e-08 |   78.0 |
|   84600.0 | 4.131e-08 |   78.0 |
|   84700.0 | 3.957e-08 |   78.0 |
| 84799.992 | 3.882e-08 |   78.0 |
|   84900.0 | 3.827e-08 |   78.0 |
|   85000.0 | 3.783e-08 |   78.0 |
|   85100.0 | 3.798e-08 |   78.0 |
| 85200.008 | 3.933e-08 |   78.0 |
|   85300.0 | 3.842e-08 |   78.0 |
|   85400.0 | 4.065e-08 |   78.0 |
|   85500.0 | 3.997e-08 |   78.0 |
| 85600.008 | 4.201e-08 |   78.0 |
|   85700.0 | 4.137e-08 |   78.0 |
|   85800.0 | 4.199e-08 |   79.0 |
|   85900.0 | 4.281e-08 |   79.0 |
|   86000.0 | 4.354e-08 |   79.0 |
|   86100.0 | 4.438e-08 |   79.0 |
|   86200.0 | 4.647e-08 |   79.0 |
|   86300.0 | 4.711e-08 |   79.0 |
|   86400.0 | 4.757e-08 |   79.0 |
|   86500.0 | 4.705e-08 |   79.0 |
|   86600.0 | 4.866e-08 |   79.0 |
|   86700.0 |  4.98e-08 |   79.0 |
|   86800.0 |  5.08e-08 |   79.0 |
| 86899.992 | 5.187e-08 |   80.0 |
|   87000.0 | 5.273e-08 |   79.0 |
|   87100.0 | 5.314e-08 |   80.0 |
|   87200.0 | 5.399e-08 |   79.0 |
| 87299.992 | 5.461e-08 |   79.0 |
|   87400.0 | 5.296e-08 |   80.0 |
|   87500.0 | 5.432e-08 |   79.0 |
|   87600.0 | 5.489e-08 |   79.0 |
| 87700.008 | 5.433e-08 |   80.0 |
|   87800.0 | 5.554e-08 |   79.0 |
|   87900.0 | 5.681e-08 |   79.0 |
|   88000.0 | 5.856e-08 |   80.0 |
| 88100.008 | 6.181e-08 |   79.0 |
|   88200.0 | 6.357e-08 |   80.0 |
|   88300.0 |  6.38e-08 |   80.0 |
|   88400.0 | 6.494e-08 |   80.0 |
|   88500.0 | 6.808e-08 |   79.0 |
|   88600.0 | 6.811e-08 |   79.0 |
|   88700.0 | 6.995e-08 |   79.0 |
|   88800.0 | 7.189e-08 |   79.0 |
|   88900.0 | 7.434e-08 |   79.0 |
|   89000.0 | 7.918e-08 |   79.0 |
|   89100.0 | 8.123e-08 |   79.0 |
|   89200.0 | 8.514e-08 |   79.0 |
|   89300.0 | 8.804e-08 |   79.0 |
| 89399.992 | 9.019e-08 |   79.0 |
|   89500.0 |  9.39e-08 |   79.0 |
|   89600.0 | 9.614e-08 |   79.0 |
|   89700.0 | 9.898e-08 |   79.0 |
| 89799.992 |  1.01e-07 |   79.0 |
|   89900.0 | 1.019e-07 |   79.0 |
|   90000.0 | 1.004e-07 |   79.0 |
|   90100.0 | 1.043e-07 |   79.0 |
| 90200.008 |  1.08e-07 |   78.0 |
|   90300.0 | 1.088e-07 |   79.0 |
|   90400.0 | 1.077e-07 |   79.0 |
|   90500.0 |  1.11e-07 |   78.0 |
| 90600.008 | 1.126e-07 |   79.0 |
|   90700.0 | 1.141e-07 |   78.0 |
|   90800.0 | 1.149e-07 |   78.0 |
|   90900.0 | 1.158e-07 |   78.0 |
|   91000.0 | 1.162e-07 |   79.0 |
|   91100.0 | 1.158e-07 |   78.0 |
|   91200.0 | 1.151e-07 |   78.0 |
|   91300.0 | 1.162e-07 |   78.0 |
|   91400.0 | 1.128e-07 |   78.0 |
|   91500.0 |  1.12e-07 |   78.0 |
|   91600.0 | 1.122e-07 |   78.0 |
|   91700.0 | 1.114e-07 |   78.0 |
|   91800.0 | 1.117e-07 |   78.0 |
| 91899.992 | 1.095e-07 |   78.0 |
|   92000.0 | 1.061e-07 |   77.0 |
|   92100.0 | 1.002e-07 |   77.0 |
|   92200.0 | 9.912e-08 |   77.0 |
| 92299.992 | 9.508e-08 |   77.0 |
|   92400.0 | 8.822e-08 |   77.0 |
|   92500.0 | 8.416e-08 |   76.0 |
|   92600.0 | 8.156e-08 |   76.0 |
| 92700.008 | 7.926e-08 |   76.0 |
|   92800.0 | 7.475e-08 |   76.0 |
|   92900.0 |  7.31e-08 |   76.0 |
|   93000.0 | 7.218e-08 |   75.0 |
| 93100.008 | 7.035e-08 |   75.0 |
|   93200.0 | 6.856e-08 |   75.0 |
|   93300.0 | 6.598e-08 |   75.0 |
|   93400.0 |   6.6e-08 |   75.0 |
|   93500.0 | 6.514e-08 |   75.0 |
|   93600.0 | 6.326e-08 |   75.0 |
|   93700.0 |  6.19e-08 |   75.0 |
|   93800.0 | 6.121e-08 |   74.0 |
|   93900.0 | 6.056e-08 |   74.0 |
|   94000.0 | 5.991e-08 |   74.0 |
|   94100.0 | 5.928e-08 |   74.0 |
|   94200.0 | 5.868e-08 |   74.0 |
|   94300.0 | 5.809e-08 |   74.0 |
| 94399.992 | 5.759e-08 |   73.0 |
|   94500.0 | 5.715e-08 |   73.0 |
|   94600.0 | 5.633e-08 |   73.0 |
|   94700.0 | 5.573e-08 |   73.0 |
| 94799.992 | 5.489e-08 |   73.0 |
|   94900.0 | 5.421e-08 |   73.0 |
|   95000.0 | 5.333e-08 |   72.0 |
|   95100.0 | 5.278e-08 |   72.0 |
| 95200.008 | 5.212e-08 |   72.0 |
|   95300.0 | 5.134e-08 |   72.0 |
|   95400.0 | 5.096e-08 |   72.0 |
|   95500.0 |  5.05e-08 |   72.0 |
| 95600.008 | 5.015e-08 |   71.0 |
|   95700.0 | 4.905e-08 |   71.0 |
|   95800.0 | 5.007e-08 |   71.0 |
|   95900.0 |  4.98e-08 |   71.0 |
|   96000.0 |  4.88e-08 |   71.0 |
|   96100.0 | 4.853e-08 |   70.0 |
|   96200.0 | 4.819e-08 |   70.0 |
|   96300.0 | 4.796e-08 |   70.0 |
|   96400.0 | 4.816e-08 |   70.0 |
|   96500.0 |  4.78e-08 |   70.0 |
|   96600.0 | 4.869e-08 |   70.0 |
|   96700.0 | 4.902e-08 |   69.0 |
|   96800.0 | 4.892e-08 |   69.0 |
| 96899.992 | 4.817e-08 |   69.0 |
|   97000.0 | 4.787e-08 |   69.0 |
|   97100.0 | 4.828e-08 |   69.0 |
|   97200.0 | 4.763e-08 |   69.0 |
| 97299.992 | 4.694e-08 |   69.0 |
|   97400.0 | 4.662e-08 |   68.0 |
|   97500.0 | 4.641e-08 |   68.0 |
|   97600.0 | 4.703e-08 |   68.0 |
| 97700.008 |  4.71e-08 |   68.0 |
|   97800.0 | 4.675e-08 |   68.0 |
|   97900.0 | 4.675e-08 |   68.0 |
|   98000.0 | 4.681e-08 |   67.0 |
| 98100.008 | 4.666e-08 |   67.0 |
|   98200.0 | 4.657e-08 |   67.0 |
|   98300.0 | 4.647e-08 |   67.0 |
|   98400.0 | 4.666e-08 |   67.0 |
|   98500.0 | 4.681e-08 |   66.0 |
|   98600.0 | 4.671e-08 |   66.0 |
|   98700.0 | 4.615e-08 |   66.0 |
|   98800.0 | 4.608e-08 |   66.0 |
|   98900.0 | 4.638e-08 |   66.0 |
|   99000.0 |  4.61e-08 |   66.0 |
|   99100.0 | 4.573e-08 |   65.0 |
|   99200.0 | 4.655e-08 |   65.0 |
|   99300.0 | 4.646e-08 |   65.0 |
| 99399.992 | 4.645e-08 |   65.0 |
|   99500.0 | 4.637e-08 |   65.0 |
|   99600.0 | 4.661e-08 |   64.0 |
|   99700.0 | 4.669e-08 |   64.0 |
| 99799.992 | 4.664e-08 |   64.0 |
|   99900.0 | 4.633e-08 |   64.0 |
|  100000.0 | 4.639e-08 |   64.0 |
|  100100.0 | 4.647e-08 |   64.0 |
| 100200.01 | 4.666e-08 |   64.0 |
|  100300.0 | 4.677e-08 |   64.0 |
|  100400.0 | 4.698e-08 |   63.0 |
|  100500.0 |  4.72e-08 |   63.0 |
| 100600.01 | 4.712e-08 |   63.0 |
|  100700.0 | 4.712e-08 |   63.0 |
|  100800.0 | 4.699e-08 |   63.0 |
|  100900.0 | 4.611e-08 |   63.0 |
|  101000.0 | 4.696e-08 |   62.0 |
|  101100.0 | 4.649e-08 |   62.0 |
|  101200.0 |  4.63e-08 |   62.0 |
|  101300.0 | 4.605e-08 |   62.0 |
|  101400.0 | 4.584e-08 |   62.0 |
|  101500.0 | 4.572e-08 |   62.0 |
|  101600.0 | 4.537e-08 |   62.0 |
|  101700.0 | 4.509e-08 |   62.0 |
|  101800.0 | 4.491e-08 |   62.0 |
| 101899.99 | 4.482e-08 |   61.0 |
|  102000.0 | 4.459e-08 |   61.0 |
|  102100.0 | 4.448e-08 |   61.0 |
|  102200.0 | 4.427e-08 |   61.0 |
| 102299.99 | 4.438e-08 |   61.0 |
|  102400.0 | 4.394e-08 |   61.0 |
|  102500.0 | 4.382e-08 |   61.0 |
|  102600.0 | 4.382e-08 |   61.0 |
| 102700.01 | 4.335e-08 |   61.0 |
|  102800.0 | 4.318e-08 |   61.0 |
|  102900.0 | 4.299e-08 |   61.0 |
|  103000.0 |  4.32e-08 |   61.0 |
| 103100.01 | 4.349e-08 |   60.0 |
|  103200.0 | 4.369e-08 |   60.0 |
|  103300.0 | 4.388e-08 |   60.0 |
|  103400.0 | 4.408e-08 |   60.0 |
|  103500.0 | 4.428e-08 |   60.0 |
|  103600.0 | 4.505e-08 |   60.0 |
|  103700.0 | 4.555e-08 |   60.0 |
|  103800.0 | 4.542e-08 |   60.0 |
|  103900.0 | 4.516e-08 |   60.0 |
|  104000.0 | 4.465e-08 |   60.0 |
|  104100.0 | 4.444e-08 |   60.0 |
|  104200.0 | 4.454e-08 |   60.0 |
|  104300.0 | 4.438e-08 |   60.0 |
| 104399.99 | 4.413e-08 |   60.0 |
|  104500.0 | 4.394e-08 |   59.0 |
|  104600.0 | 4.404e-08 |   59.0 |
|  104700.0 | 4.404e-08 |   60.0 |
| 104799.99 | 4.324e-08 |   60.0 |
|  104900.0 | 4.386e-08 |   59.0 |
|  105000.0 | 4.434e-08 |   59.0 |
|  105100.0 | 4.444e-08 |   59.0 |
| 105200.01 | 4.466e-08 |   59.0 |
|  105300.0 | 4.514e-08 |   59.0 |
|  105400.0 | 4.544e-08 |   59.0 |
|  105500.0 | 4.568e-08 |   59.0 |
| 105600.01 | 4.534e-08 |   59.0 |
|  105700.0 | 4.504e-08 |   59.0 |
|  105800.0 | 4.506e-08 |   59.0 |
|  105900.0 | 4.498e-08 |   59.0 |
|  106000.0 | 4.481e-08 |   59.0 |
|  106100.0 | 4.474e-08 |   59.0 |
|  106200.0 | 4.457e-08 |   59.0 |
|  106300.0 | 4.438e-08 |   59.0 |
|  106400.0 | 4.472e-08 |   59.0 |
|  106500.0 | 4.441e-08 |   59.0 |
|  106600.0 | 4.409e-08 |   59.0 |
|  106700.0 | 4.385e-08 |   59.0 |
|  106800.0 | 4.371e-08 |   58.0 |
| 106899.99 | 4.344e-08 |   58.0 |
|  107000.0 | 4.325e-08 |   58.0 |
|  107100.0 | 4.301e-08 |   58.0 |
|  107200.0 | 4.273e-08 |   58.0 |
| 107299.99 | 4.267e-08 |   58.0 |
|  107400.0 | 4.268e-08 |   58.0 |
|  107500.0 | 4.269e-08 |   58.0 |
|  107600.0 | 4.229e-08 |   58.0 |
| 107700.01 | 4.196e-08 |   58.0 |
|  107800.0 | 4.232e-08 |   58.0 |
|  107900.0 | 4.232e-08 |   58.0 |
|  108000.0 |  4.22e-08 |   58.0 |
| 108100.01 | 4.202e-08 |   58.0 |
|  108200.0 | 4.192e-08 |   58.0 |
|  108300.0 | 4.144e-08 |   58.0 |
|  108400.0 | 4.154e-08 |   58.0 |
|  108500.0 | 4.181e-08 |   58.0 |
|  108600.0 | 4.204e-08 |   58.0 |
|  108700.0 | 4.208e-08 |   58.0 |
|  108800.0 | 4.197e-08 |   58.0 |
|  108900.0 |   4.2e-08 |   58.0 |
|  109000.0 | 4.208e-08 |   58.0 |
|  109100.0 | 4.277e-08 |   58.0 |
|  109200.0 | 4.306e-08 |   58.0 |
|  109300.0 | 4.324e-08 |   58.0 |
| 109399.99 | 4.362e-08 |   58.0 |
|  109500.0 | 4.412e-08 |   58.0 |
|  109600.0 | 4.456e-08 |   58.0 |
|  109700.0 | 4.503e-08 |   58.0 |
| 109799.99 | 4.555e-08 |   58.0 |
|  109900.0 | 4.625e-08 |   58.0 |
|  110000.0 |  4.73e-08 |   58.0 |
|  110100.0 | 4.849e-08 |   58.0 |
| 110200.01 | 4.969e-08 |   58.0 |
|  110300.0 | 5.088e-08 |   58.0 |
|  110400.0 | 5.297e-08 |   58.0 |
|  110500.0 | 5.553e-08 |   59.0 |
| 110600.01 | 5.827e-08 |   59.0 |
|  110700.0 | 6.148e-08 |   59.0 |
|  110800.0 | 6.501e-08 |   59.0 |
|  110900.0 | 6.963e-08 |   59.0 |
|  111000.0 | 7.481e-08 |   60.0 |
|  111100.0 | 4.757e-08 |   99.0 |
|  111200.0 | 4.302e-08 |   89.0 |
|  111300.0 | 3.848e-08 |   80.0 |
|  111400.0 | 3.302e-08 |   77.0 |
|  111500.0 | 2.952e-08 |   73.0 |
|  111600.0 | 2.642e-08 |   69.0 |
|  111700.0 | 2.377e-08 |   67.0 |
|  111800.0 | 2.112e-08 |   65.0 |
| 111899.99 | 1.896e-08 |   64.0 |
|  112000.0 |  1.75e-08 |   62.0 |
|  112100.0 | 1.614e-08 |   61.0 |
|  112200.0 | 1.493e-08 |   60.0 |
| 112299.99 | 1.392e-08 |   60.0 |
|  112400.0 | 1.321e-08 |   59.0 |
|  112500.0 | 1.243e-08 |   59.0 |
|  112600.0 | 1.178e-08 |   59.0 |
| 112700.01 | 1.103e-08 |   59.0 |
|  112800.0 | 1.065e-08 |   59.0 |
|  112900.0 | 1.055e-08 |   58.0 |
|  113000.0 | 1.027e-08 |   58.0 |
| 113100.01 | 1.003e-08 |   58.0 |
|  113200.0 | 9.637e-09 |   58.0 |
|  113300.0 | 9.575e-09 |   58.0 |
|  113400.0 | 9.545e-09 |   58.0 |
|  113500.0 | 9.629e-09 |   58.0 |
|  113600.0 | 9.669e-09 |   58.0 |
|  113700.0 | 9.652e-09 |   58.0 |
|  113800.0 | 9.525e-09 |   58.0 |
|  113900.0 |  9.73e-09 |   58.0 |
|  114000.0 | 9.911e-09 |   58.0 |
|  114100.0 | 9.989e-09 |   59.0 |
|  114200.0 | 1.017e-08 |   58.0 |
|  114300.0 | 1.026e-08 |   59.0 |
| 114399.99 | 1.044e-08 |   58.0 |
|  114500.0 | 1.052e-08 |   59.0 |
|  114600.0 | 1.074e-08 |   58.0 |
|  114700.0 | 1.097e-08 |   58.0 |
| 114799.99 | 1.107e-08 |   58.0 |
|  114900.0 | 1.117e-08 |   59.0 |
|  115000.0 | 1.136e-08 |   59.0 |
|  115100.0 | 1.161e-08 |   59.0 |
| 115200.01 | 1.182e-08 |   59.0 |
|  115300.0 |   1.2e-08 |   59.0 |
|  115400.0 | 1.209e-08 |   59.0 |
|  115500.0 |  1.23e-08 |   59.0 |
| 115600.01 | 1.241e-08 |   59.0 |
|  115700.0 | 1.251e-08 |   59.0 |
|  115800.0 | 1.281e-08 |   59.0 |
|  115900.0 | 1.298e-08 |   59.0 |
|  116000.0 | 1.316e-08 |   59.0 |
|  116100.0 | 1.335e-08 |   59.0 |
|  116200.0 | 1.358e-08 |   59.0 |
|  116300.0 | 1.386e-08 |   59.0 |
|  116400.0 |   1.4e-08 |   59.0 |
|  116500.0 | 1.431e-08 |   59.0 |
|  116600.0 | 1.468e-08 |   59.0 |
|  116700.0 | 1.494e-08 |   59.0 |
|  116800.0 | 1.526e-08 |   59.0 |
| 116899.99 | 1.554e-08 |   59.0 |
|  117000.0 | 1.587e-08 |   59.0 |
|  117100.0 | 1.624e-08 |   59.0 |
|  117200.0 | 1.662e-08 |   59.0 |
| 117299.99 | 1.693e-08 |   59.0 |
|  117400.0 | 1.715e-08 |   59.0 |
|  117500.0 | 1.753e-08 |   59.0 |
|  117600.0 | 1.788e-08 |   59.0 |
| 117700.01 | 1.808e-08 |   59.0 |
|  117800.0 | 1.838e-08 |   59.0 |
|  117900.0 | 1.877e-08 |   59.0 |
|  118000.0 | 1.915e-08 |   59.0 |
| 118100.01 | 1.971e-08 |   59.0 |
|  118200.0 | 2.004e-08 |   60.0 |
|  118300.0 | 2.048e-08 |   59.0 |
|  118400.0 |  2.09e-08 |   59.0 |
|  118500.0 | 2.129e-08 |   60.0 |
|  118600.0 | 2.162e-08 |   59.0 |
|  118700.0 | 2.182e-08 |   60.0 |
|  118800.0 | 2.244e-08 |   60.0 |
|  118900.0 | 2.309e-08 |   60.0 |
|  119000.0 | 2.345e-08 |   60.0 |
|  119100.0 | 2.378e-08 |   60.0 |
|  119200.0 | 2.419e-08 |   60.0 |
|  119300.0 | 2.443e-08 |   60.0 |
| 119399.99 | 2.436e-08 |   60.0 |
|  119500.0 | 2.467e-08 |   60.0 |
|  119600.0 | 2.499e-08 |   60.0 |
|  119700.0 |  2.53e-08 |   60.0 |
| 119799.99 | 2.552e-08 |   60.0 |
|  119900.0 | 2.584e-08 |   60.0 |
|  120000.0 | 2.607e-08 |   60.0 |
|  120100.0 | 2.671e-08 |   60.0 |
| 120200.01 | 2.687e-08 |   60.0 |
|  120300.0 | 2.687e-08 |   60.0 |
|  120400.0 | 2.629e-08 |   60.0 |
|  120500.0 | 2.642e-08 |   60.0 |
| 120600.01 | 2.645e-08 |   60.0 |
|  120700.0 | 2.658e-08 |   60.0 |
|  120800.0 |  2.67e-08 |   60.0 |
|  120900.0 | 2.681e-08 |   60.0 |
|  121000.0 |  2.69e-08 |   60.0 |
|  121100.0 | 2.698e-08 |   60.0 |
|  121200.0 | 2.696e-08 |   60.0 |
|  121300.0 | 2.705e-08 |   60.0 |
|  121400.0 | 2.714e-08 |   60.0 |
|  121500.0 | 2.724e-08 |   60.0 |
|  121600.0 | 2.734e-08 |   60.0 |
|  121700.0 | 2.815e-08 |   60.0 |
|  121800.0 | 2.833e-08 |   60.0 |
| 121899.99 | 2.826e-08 |   60.0 |
|  122000.0 | 2.776e-08 |   60.0 |
|  122100.0 | 2.797e-08 |   60.0 |
|  122200.0 | 2.806e-08 |   60.0 |
| 122299.99 | 2.861e-08 |   60.0 |
|  122400.0 | 2.873e-08 |   60.0 |
|  122500.0 | 2.867e-08 |   60.0 |
|  122600.0 | 2.857e-08 |   60.0 |
| 122700.01 | 2.845e-08 |   61.0 |
|  122800.0 | 2.827e-08 |   60.0 |
|  122900.0 | 2.798e-08 |   61.0 |
|  123000.0 | 2.732e-08 |   61.0 |
| 123100.01 | 2.711e-08 |   61.0 |
|  123200.0 |   2.7e-08 |   61.0 |
|  123300.0 |  2.68e-08 |   61.0 |
|  123400.0 | 2.718e-08 |   61.0 |
|  123500.0 | 2.703e-08 |   60.0 |
|  123600.0 | 2.665e-08 |   60.0 |
|  123700.0 | 2.571e-08 |   61.0 |
|  123800.0 | 2.543e-08 |   61.0 |
|  123900.0 | 2.514e-08 |   61.0 |
|  124000.0 | 2.485e-08 |   61.0 |
|  124100.0 |  2.49e-08 |   61.0 |
|  124200.0 | 2.476e-08 |   60.0 |
|  124300.0 | 2.444e-08 |   60.0 |
| 124399.99 |  2.39e-08 |   61.0 |
|  124500.0 | 2.345e-08 |   61.0 |
|  124600.0 | 2.316e-08 |   61.0 |
|  124700.0 | 2.316e-08 |   60.0 |
| 124799.99 | 2.288e-08 |   61.0 |
|  124900.0 | 2.251e-08 |   61.0 |
|  125000.0 | 2.219e-08 |   61.0 |
|  125100.0 | 2.171e-08 |   61.0 |
| 125200.01 | 2.087e-08 |   61.0 |
|  125300.0 | 2.055e-08 |   61.0 |
|  125400.0 | 2.024e-08 |   61.0 |
|  125500.0 | 2.026e-08 |   60.0 |
| 125600.01 | 1.997e-08 |   60.0 |
|  125700.0 | 1.964e-08 |   60.0 |
|  125800.0 |  1.93e-08 |   60.0 |
|  125900.0 | 1.893e-08 |   60.0 |
|  126000.0 | 1.846e-08 |   61.0 |
|  126100.0 | 1.818e-08 |   60.0 |
|  126200.0 | 1.801e-08 |   60.0 |
|  126300.0 | 1.776e-08 |   60.0 |
|  126400.0 | 1.747e-08 |   60.0 |
|  126500.0 | 1.716e-08 |   60.0 |
|  126600.0 | 1.681e-08 |   60.0 |
|  126700.0 | 1.616e-08 |   60.0 |
|  126800.0 | 1.586e-08 |   60.0 |
| 126899.99 | 1.556e-08 |   60.0 |
|  127000.0 | 1.516e-08 |   60.0 |
|  127100.0 | 1.497e-08 |   60.0 |
|  127200.0 | 1.486e-08 |   60.0 |
| 127299.99 | 1.486e-08 |   60.0 |
|  127400.0 | 1.476e-08 |   60.0 |
|  127500.0 | 1.466e-08 |   60.0 |
|  127600.0 | 1.466e-08 |   60.0 |
| 127700.01 | 1.456e-08 |   60.0 |
|  127800.0 | 1.486e-08 |   60.0 |
|  127900.0 | 1.515e-08 |   60.0 |
|  128000.0 | 1.555e-08 |   60.0 |
| 128100.01 | 1.594e-08 |   60.0 |
|  128200.0 | 1.643e-08 |   60.0 |
|  128300.0 | 1.692e-08 |   60.0 |
|  128400.0 | 1.791e-08 |   60.0 |
|  128500.0 | 1.924e-08 |   60.0 |
|  128600.0 | 2.085e-08 |   60.0 |
|  128700.0 | 2.268e-08 |   60.0 |
|  128800.0 | 2.478e-08 |   60.0 |
|  128900.0 | 2.728e-08 |   61.0 |
|  129000.0 | 3.026e-08 |   61.0 |
|  129100.0 | 3.303e-08 |   62.0 |
|  129200.0 | 3.618e-08 |   62.0 |
|  129300.0 | 4.007e-08 |   63.0 |
| 129399.99 | 4.488e-08 |   64.0 |
|  129500.0 | 5.096e-08 |   65.0 |
|  129600.0 | 5.941e-08 |   67.0 |
|  129700.0 | 6.789e-08 |   69.0 |
| 129799.99 | 7.598e-08 |   73.0 |
|  129900.0 | 8.587e-08 |   78.0 |
|  130000.0 | 9.815e-08 |   83.0 |
|  130100.0 | 1.149e-07 |   88.0 |
| 130200.01 | 1.368e-07 |   94.0 |
|  130300.0 | 1.665e-07 |  101.0 |
|  130400.0 |  1.82e-07 |  116.0 |
|  130500.0 |  1.99e-07 |  132.0 |
| 130600.01 | 2.194e-07 |  149.0 |
|  130700.0 | 2.435e-07 |  165.0 |
|  130800.0 | 2.744e-07 |  183.0 |
|  130900.0 | 3.172e-07 |  199.0 |
|  131000.0 |  2.93e-07 |  211.0 |
|  131100.0 | 3.437e-07 |  234.0 |
|  131200.0 | 3.403e-07 |  253.0 |
|  131300.0 | 3.385e-07 |  269.0 |
|  131400.0 | 3.342e-07 |  286.0 |
|  131500.0 | 3.288e-07 |  303.0 |
|  131600.0 | 3.222e-07 |  320.0 |
|  131700.0 | 3.097e-07 |  331.0 |
|  131800.0 | 2.959e-07 |  341.0 |
|  131900.0 | 2.829e-07 |  350.0 |
|  132000.0 | 1.918e-07 |  339.0 |
|  132100.0 | 5.065e-07 |   88.0 |
|  132200.0 | 5.094e-07 |   88.0 |
|  132300.0 | 5.139e-07 |   88.0 |
|  132400.0 | 5.159e-07 |   88.0 |
|  132500.0 |  5.18e-07 |   88.0 |
|  132600.0 | 5.197e-07 |   87.0 |
|  132700.0 | 5.197e-07 |   87.0 |
|  132800.0 | 5.189e-07 |   87.0 |
|  132900.0 | 5.193e-07 |   87.0 |
|  133000.0 | 5.193e-07 |   87.0 |
|  133100.0 | 5.195e-07 |   87.0 |
|  133200.0 | 5.191e-07 |   86.0 |
|  133300.0 | 5.177e-07 |   86.0 |
|  133400.0 | 5.149e-07 |   86.0 |
|  133500.0 | 4.972e-07 |   86.0 |
|  133600.0 | 5.259e-07 |   86.0 |
|  133700.0 | 5.249e-07 |   86.0 |
|  133800.0 | 5.058e-07 |   85.0 |
|  133900.0 | 5.091e-07 |   85.0 |
|  134000.0 |  5.06e-07 |   85.0 |
|  134100.0 | 5.185e-07 |   85.0 |
|  134200.0 | 5.179e-07 |   85.0 |
|  134300.0 | 5.161e-07 |   85.0 |
|  134400.0 | 4.968e-07 |   84.0 |
|  134500.0 | 4.999e-07 |   84.0 |
|  134600.0 | 5.179e-07 |   84.0 |
|  134700.0 | 5.181e-07 |   84.0 |
|  134800.0 | 5.196e-07 |   84.0 |
|  134900.0 | 5.199e-07 |   84.0 |
|  135000.0 | 5.205e-07 |   84.0 |
|  135100.0 |  5.23e-07 |   83.0 |
|  135200.0 | 5.246e-07 |   83.0 |
|  135300.0 | 5.272e-07 |   83.0 |
|  135400.0 | 5.289e-07 |   83.0 |
|  135500.0 | 5.317e-07 |   83.0 |
|  135600.0 | 5.346e-07 |   82.0 |
|  135700.0 | 5.364e-07 |   83.0 |
|  135800.0 | 5.225e-07 |   82.0 |
|  135900.0 | 5.301e-07 |   82.0 |
|  136000.0 | 5.316e-07 |   81.0 |
|  136100.0 | 5.298e-07 |   81.0 |
|  136200.0 | 5.423e-07 |   81.0 |
|  136300.0 | 5.431e-07 |   81.0 |
|  136400.0 | 5.428e-07 |   81.0 |
|  136500.0 | 5.288e-07 |   80.0 |
|  136600.0 | 5.322e-07 |   80.0 |
|  136700.0 | 5.333e-07 |   80.0 |
|  136800.0 | 5.336e-07 |   80.0 |
|  136900.0 | 5.334e-07 |   80.0 |
|  137000.0 | 5.327e-07 |   79.0 |
|  137100.0 | 5.314e-07 |   79.0 |
|  137200.0 | 5.318e-07 |   79.0 |
|  137300.0 | 5.346e-07 |   79.0 |
|  137400.0 | 5.367e-07 |   79.0 |
|  137500.0 | 5.375e-07 |   79.0 |
|  137600.0 | 5.374e-07 |   78.0 |
|  137700.0 | 5.306e-07 |   78.0 |
|  137800.0 | 5.394e-07 |   78.0 |
|  137900.0 |  5.39e-07 |   78.0 |
|  138000.0 | 5.397e-07 |   78.0 |
|  138100.0 | 5.404e-07 |   78.0 |
|  138200.0 | 5.422e-07 |   78.0 |
|  138300.0 | 5.428e-07 |   78.0 |
|  138400.0 | 5.435e-07 |   77.0 |
|  138500.0 |  5.45e-07 |   77.0 |
|  138600.0 | 5.454e-07 |   77.0 |
|  138700.0 | 5.466e-07 |   77.0 |
|  138800.0 | 5.476e-07 |   77.0 |
|  138900.0 | 5.484e-07 |   77.0 |
|  139000.0 | 5.493e-07 |   77.0 |
|  139100.0 | 5.501e-07 |   77.0 |
|  139200.0 | 5.429e-07 |   76.0 |
|  139300.0 | 5.466e-07 |   76.0 |
|  139400.0 |  5.47e-07 |   76.0 |
|  139500.0 |  5.39e-07 |   76.0 |
|  139600.0 | 5.538e-07 |   76.0 |
|  139700.0 | 5.538e-07 |   76.0 |
|  139800.0 |  5.55e-07 |   76.0 |
|  139900.0 | 5.553e-07 |   76.0 |
|  140000.0 | 5.557e-07 |   76.0 |
|  140100.0 | 5.504e-07 |   76.0 |
|  140200.0 | 5.539e-07 |   76.0 |
|  140300.0 | 5.529e-07 |   76.0 |
|  140400.0 | 5.569e-07 |   76.0 |
|  140500.0 | 5.574e-07 |   76.0 |
|  140600.0 | 5.583e-07 |   77.0 |
|  140700.0 | 5.598e-07 |   77.0 |
|  140800.0 | 5.512e-07 |   76.0 |
|  140900.0 | 5.537e-07 |   76.0 |
|  141000.0 | 5.591e-07 |   77.0 |
|  141100.0 | 5.556e-07 |   77.0 |
|  141200.0 | 5.525e-07 |   77.0 |
|  141300.0 | 5.497e-07 |   77.0 |
|  141400.0 | 5.413e-07 |   77.0 |
|  141500.0 | 5.423e-07 |   77.0 |
|  141600.0 | 5.412e-07 |   77.0 |
|  141700.0 | 5.386e-07 |   77.0 |
|  141800.0 |   5.3e-07 |   77.0 |
|  141900.0 | 5.373e-07 |   77.0 |
|  142000.0 | 5.358e-07 |   78.0 |
|  142100.0 | 5.259e-07 |   77.0 |
|  142200.0 | 5.287e-07 |   78.0 |
|  142300.0 | 5.287e-07 |   78.0 |
|  142400.0 | 5.282e-07 |   78.0 |
|  142500.0 | 5.284e-07 |   78.0 |
|  142600.0 | 5.298e-07 |   78.0 |
|  142700.0 | 5.307e-07 |   78.0 |
|  142800.0 | 5.308e-07 |   78.0 |
|  142900.0 | 5.289e-07 |   78.0 |
|  143000.0 | 5.273e-07 |   78.0 |
|  143100.0 |  5.26e-07 |   78.0 |
|  143200.0 | 5.265e-07 |   78.0 |
|  143300.0 | 5.283e-07 |   78.0 |
|  143400.0 | 5.291e-07 |   78.0 |
|  143500.0 | 5.295e-07 |   78.0 |
|  143600.0 | 5.264e-07 |   78.0 |
|  143700.0 | 5.332e-07 |   78.0 |
|  143800.0 | 5.351e-07 |   78.0 |
|  143900.0 | 5.359e-07 |   78.0 |
|  144000.0 | 5.375e-07 |   78.0 |
|  144100.0 | 5.392e-07 |   78.0 |
|  144200.0 | 5.407e-07 |   78.0 |
|  144300.0 | 5.433e-07 |   78.0 |
|  144400.0 | 5.283e-07 |   78.0 |
|  144500.0 | 5.397e-07 |   78.0 |
|  144600.0 |  5.49e-07 |   78.0 |
|  144700.0 | 5.506e-07 |   78.0 |
|  144800.0 | 5.532e-07 |   78.0 |
|  144900.0 | 5.558e-07 |   78.0 |
|  145000.0 | 5.545e-07 |   78.0 |
|  145100.0 | 5.617e-07 |   77.0 |
|  145200.0 | 5.654e-07 |   78.0 |
|  145300.0 | 5.693e-07 |   77.0 |
|  145400.0 | 5.718e-07 |   77.0 |
|  145500.0 | 5.663e-07 |   77.0 |
|  145600.0 | 5.782e-07 |   77.0 |
|  145700.0 |  5.82e-07 |   77.0 |
|  145800.0 | 5.822e-07 |   77.0 |
|  145900.0 | 5.924e-07 |   77.0 |
|  146000.0 | 5.989e-07 |   76.0 |
|  146100.0 | 6.021e-07 |   76.0 |
|  146200.0 | 6.046e-07 |   76.0 |
|  146300.0 | 6.041e-07 |   76.0 |
|  146400.0 | 6.072e-07 |   76.0 |
|  146500.0 | 6.171e-07 |   76.0 |
|  146600.0 | 6.228e-07 |   76.0 |
|  146700.0 | 6.282e-07 |   76.0 |
|  146800.0 | 6.326e-07 |   76.0 |
|  146900.0 | 6.339e-07 |   76.0 |
|  147000.0 | 6.356e-07 |   76.0 |
|  147100.0 | 6.388e-07 |   75.0 |
|  147200.0 |  6.43e-07 |   75.0 |
|  147300.0 | 6.473e-07 |   75.0 |
|  147400.0 | 6.496e-07 |   75.0 |
|  147500.0 |  6.52e-07 |   75.0 |
|  147600.0 | 6.555e-07 |   75.0 |
|  147700.0 | 6.522e-07 |   75.0 |
|  147800.0 | 6.604e-07 |   75.0 |
|  147900.0 | 6.629e-07 |   74.0 |
|  148000.0 | 6.653e-07 |   74.0 |
|  148100.0 | 6.676e-07 |   74.0 |
|  148200.0 | 6.701e-07 |   74.0 |
|  148300.0 | 6.702e-07 |   74.0 |
|  148400.0 | 6.714e-07 |   74.0 |
|  148500.0 | 6.698e-07 |   74.0 |
|  148600.0 | 6.795e-07 |   74.0 |
|  148700.0 |  6.82e-07 |   74.0 |
|  148800.0 | 6.825e-07 |   74.0 |
|  148900.0 | 6.805e-07 |   74.0 |
|  149000.0 | 6.773e-07 |   74.0 |
|  149100.0 | 6.732e-07 |   74.0 |
|  149200.0 | 6.737e-07 |   74.0 |
|  149300.0 | 6.733e-07 |   74.0 |
|  149400.0 | 6.644e-07 |   74.0 |
|  149500.0 | 6.785e-07 |   74.0 |
|  149600.0 | 6.804e-07 |   74.0 |
|  149700.0 | 6.817e-07 |   74.0 |
|  149800.0 | 6.808e-07 |   74.0 |
|  149900.0 | 6.801e-07 |   74.0 |
|  150000.0 | 6.789e-07 |   74.0 |
|  150100.0 | 6.787e-07 |   74.0 |
|  150200.0 |   6.8e-07 |   74.0 |
|  150300.0 | 6.818e-07 |   74.0 |
|  150400.0 | 6.829e-07 |   74.0 |
|  150500.0 | 6.837e-07 |   74.0 |
|  150600.0 | 6.842e-07 |   74.0 |
|  150700.0 |  6.85e-07 |   74.0 |
|  150800.0 | 6.844e-07 |   74.0 |
|  150900.0 |  6.82e-07 |   74.0 |
|  151000.0 | 6.791e-07 |   74.0 |
|  151100.0 |   6.7e-07 |   74.0 |
|  151200.0 | 6.764e-07 |   74.0 |
|  151300.0 | 6.675e-07 |   74.0 |
|  151400.0 | 6.744e-07 |   74.0 |
|  151500.0 | 6.748e-07 |   74.0 |
|  151600.0 | 6.734e-07 |   74.0 |
|  151700.0 | 6.717e-07 |   74.0 |
|  151800.0 | 6.676e-07 |   74.0 |
|  151900.0 | 6.597e-07 |   75.0 |
|  152000.0 | 6.679e-07 |   75.0 |
|  152100.0 | 6.667e-07 |   75.0 |
|  152200.0 | 6.655e-07 |   75.0 |
|  152300.0 | 6.652e-07 |   75.0 |
|  152400.0 | 6.641e-07 |   75.0 |
|  152500.0 | 6.629e-07 |   76.0 |
|  152600.0 | 6.627e-07 |   76.0 |
|  152700.0 | 6.626e-07 |   76.0 |
|  152800.0 | 6.623e-07 |   76.0 |
|  152900.0 | 6.622e-07 |   76.0 |
|  153000.0 | 6.621e-07 |   76.0 |
|  153100.0 | 6.533e-07 |   76.0 |
|  153200.0 | 6.555e-07 |   77.0 |
|  153300.0 | 6.543e-07 |   77.0 |
|  153400.0 | 6.461e-07 |   77.0 |
|  153500.0 | 6.623e-07 |   77.0 |
|  153600.0 | 6.623e-07 |   77.0 |
|  153700.0 | 6.634e-07 |   77.0 |
|  153800.0 | 6.514e-07 |   77.0 |
|  153900.0 | 6.546e-07 |   77.0 |
|  154000.0 | 6.537e-07 |   78.0 |
|  154100.0 | 6.512e-07 |   78.0 |
|  154200.0 | 6.524e-07 |   78.0 |
|  154300.0 | 6.556e-07 |   78.0 |
|  154400.0 | 6.598e-07 |   78.0 |
|  154500.0 | 6.627e-07 |   78.0 |
|  154600.0 | 6.653e-07 |   78.0 |
|  154700.0 | 6.652e-07 |   78.0 |
|  154800.0 | 6.604e-07 |   78.0 |
|  154900.0 | 6.819e-07 |   79.0 |
|  155000.0 | 6.843e-07 |   79.0 |
|  155100.0 | 6.868e-07 |   79.0 |
|  155200.0 | 6.748e-07 |   78.0 |
|  155300.0 | 6.822e-07 |   79.0 |
|  155400.0 | 6.893e-07 |   79.0 |
|  155500.0 | 6.965e-07 |   78.0 |
|  155600.0 | 7.014e-07 |   78.0 |
|  155700.0 |  7.05e-07 |   78.0 |
|  155800.0 | 7.057e-07 |   78.0 |
|  155900.0 | 7.272e-07 |   78.0 |
|  156000.0 | 7.322e-07 |   78.0 |
|  156100.0 |  7.37e-07 |   78.0 |
|  156200.0 | 7.427e-07 |   78.0 |
|  156300.0 | 7.474e-07 |   78.0 |
|  156400.0 | 7.528e-07 |   78.0 |
|  156500.0 | 7.458e-07 |   78.0 |
|  156600.0 | 7.534e-07 |   78.0 |
|  156700.0 | 7.586e-07 |   77.0 |
|  156800.0 |  7.63e-07 |   77.0 |
|  156900.0 | 7.675e-07 |   77.0 |
|  157000.0 | 7.733e-07 |   77.0 |
|  157100.0 | 7.798e-07 |   77.0 |
|  157200.0 | 7.851e-07 |   77.0 |
|  157300.0 |  7.89e-07 |   77.0 |
|  157400.0 | 7.923e-07 |   77.0 |
|  157500.0 | 7.951e-07 |   77.0 |
|  157600.0 | 7.965e-07 |   77.0 |
|  157700.0 | 7.933e-07 |   77.0 |
|  157800.0 | 8.149e-07 |   77.0 |
|  157900.0 | 8.185e-07 |   77.0 |
|  158000.0 | 8.218e-07 |   77.0 |
|  158100.0 | 8.263e-07 |   77.0 |
|  158200.0 |  8.05e-07 |   77.0 |
|  158300.0 | 8.152e-07 |   77.0 |
|  158400.0 | 8.161e-07 |   77.0 |
|  158500.0 | 8.394e-07 |   77.0 |
|  158600.0 | 8.428e-07 |   77.0 |
|  158700.0 |  8.46e-07 |   77.0 |
|  158800.0 | 8.494e-07 |   77.0 |
|  158900.0 | 8.526e-07 |   77.0 |
|  159000.0 |  8.56e-07 |   77.0 |
|  159100.0 | 8.592e-07 |   77.0 |
|  159200.0 | 8.437e-07 |   77.0 |
|  159300.0 | 8.513e-07 |   77.0 |
|  159400.0 | 8.531e-07 |   77.0 |
|  159500.0 | 8.487e-07 |   77.0 |
|  159600.0 | 8.751e-07 |   78.0 |
|  159700.0 | 8.788e-07 |   78.0 |
|  159800.0 | 8.823e-07 |   78.0 |
|  159900.0 | 8.858e-07 |   78.0 |
|  160000.0 | 8.893e-07 |   78.0 |
|  160100.0 | 8.943e-07 |   78.0 |
|  160200.0 | 8.981e-07 |   78.0 |
|  160300.0 | 9.022e-07 |   78.0 |
| 160400.02 | 9.061e-07 |   78.0 |
|  160500.0 | 9.103e-07 |   78.0 |
|  160600.0 | 9.144e-07 |   78.0 |
|  160700.0 | 9.186e-07 |   78.0 |
|  160800.0 |  9.23e-07 |   78.0 |
|  160900.0 | 9.142e-07 |   78.0 |
|  161000.0 | 9.249e-07 |   78.0 |
|  161100.0 | 9.293e-07 |   78.0 |
| 161200.02 |  9.42e-07 |   78.0 |
| 161299.98 | 9.431e-07 |   78.0 |
|  161400.0 | 9.438e-07 |   78.0 |
|  161500.0 | 9.544e-07 |   78.0 |
|  161600.0 | 9.539e-07 |   78.0 |
|  161700.0 | 9.529e-07 |   79.0 |
|  161800.0 | 9.619e-07 |   78.0 |
|  161900.0 | 9.605e-07 |   79.0 |
|  162000.0 | 9.613e-07 |   79.0 |
| 162099.98 | 9.644e-07 |   79.0 |
|  162200.0 | 9.785e-07 |   79.0 |
|  162300.0 | 9.818e-07 |   79.0 |
|  162400.0 | 9.845e-07 |   79.0 |
|  162500.0 | 9.862e-07 |   80.0 |
|  162600.0 | 9.871e-07 |   80.0 |
|  162700.0 | 9.971e-07 |   79.0 |
|  162800.0 | 9.959e-07 |   80.0 |
| 162900.02 | 9.933e-07 |   80.0 |
|  163000.0 | 9.887e-07 |   80.0 |
|  163100.0 | 9.758e-07 |   80.0 |
|  163200.0 | 9.896e-07 |   81.0 |
|  163300.0 | 9.895e-07 |   81.0 |
|  163400.0 | 9.894e-07 |   81.0 |
|  163500.0 | 9.832e-07 |   81.0 |
|  163600.0 |   9.9e-07 |   81.0 |
| 163700.02 | 9.914e-07 |   81.0 |
| 163799.98 |  9.87e-07 |   81.0 |
|  163900.0 |   9.9e-07 |   81.0 |
|  164000.0 | 9.905e-07 |   81.0 |
|  164100.0 | 9.909e-07 |   81.0 |
|  164200.0 | 9.913e-07 |   82.0 |
|  164300.0 | 1.002e-06 |   81.0 |
|  164400.0 | 1.003e-06 |   81.0 |
|  164500.0 | 1.003e-06 |   82.0 |
| 164599.98 | 1.004e-06 |   82.0 |
|  164700.0 | 1.004e-06 |   82.0 |
|  164800.0 | 1.005e-06 |   82.0 |
|  164900.0 | 1.005e-06 |   83.0 |
|  165000.0 | 1.016e-06 |   82.0 |
|  165100.0 | 1.016e-06 |   82.0 |
|  165200.0 | 1.016e-06 |   83.0 |
|  165300.0 | 1.016e-06 |   83.0 |
| 165400.02 | 1.027e-06 |   83.0 |
|  165500.0 | 1.027e-06 |   84.0 |
|  165600.0 | 1.037e-06 |   83.0 |
|  165700.0 | 1.037e-06 |   84.0 |
|  165800.0 | 1.036e-06 |   84.0 |
|  165900.0 |  1.05e-06 |   84.0 |
|  166000.0 | 1.055e-06 |   84.0 |
|  166100.0 | 1.064e-06 |   84.0 |
| 166200.02 |  1.06e-06 |   85.0 |
| 166299.98 | 1.057e-06 |   85.0 |
|  166400.0 | 1.072e-06 |   85.0 |
|  166500.0 | 1.081e-06 |   85.0 |
|  166600.0 | 1.075e-06 |   86.0 |
|  166700.0 | 1.088e-06 |   86.0 |
|  166800.0 |  1.09e-06 |   86.0 |
|  166900.0 | 1.107e-06 |   86.0 |
|  167000.0 | 1.116e-06 |   86.0 |
| 167099.98 | 1.124e-06 |   86.0 |
|  167200.0 | 1.133e-06 |   86.0 |
|  167300.0 | 1.142e-06 |   86.0 |
|  167400.0 |  1.15e-06 |   87.0 |
|  167500.0 | 1.159e-06 |   87.0 |
|  167600.0 | 1.168e-06 |   88.0 |
|  167700.0 | 1.177e-06 |   88.0 |
|  167800.0 | 1.186e-06 |   88.0 |
| 167900.02 | 1.194e-06 |   89.0 |
|  168000.0 |  1.21e-06 |   88.0 |
|  168100.0 |  1.22e-06 |   88.0 |
|  168200.0 | 1.217e-06 |   88.0 |
|  168300.0 |  1.24e-06 |   89.0 |
|  168400.0 |  1.26e-06 |   88.0 |
|  168500.0 | 1.269e-06 |   89.0 |
|  168600.0 | 1.277e-06 |   89.0 |
| 168700.02 | 1.297e-06 |   89.0 |
| 168799.98 | 1.305e-06 |   90.0 |
|  168900.0 | 1.314e-06 |   90.0 |
|  169000.0 |  1.34e-06 |   89.0 |
|  169100.0 | 1.358e-06 |   89.0 |
|  169200.0 | 1.379e-06 |   90.0 |
|  169300.0 | 1.388e-06 |   90.0 |
|  169400.0 | 1.396e-06 |   90.0 |
|  169500.0 | 1.413e-06 |   91.0 |
| 169599.98 |  1.42e-06 |   91.0 |
|  169700.0 | 1.441e-06 |   91.0 |
|  169800.0 | 1.463e-06 |   91.0 |
|  169900.0 | 1.475e-06 |   91.0 |
|  170000.0 | 1.497e-06 |   91.0 |
|  170100.0 | 1.508e-06 |   92.0 |
|  170200.0 | 1.528e-06 |   92.0 |
|  170300.0 | 1.547e-06 |   92.0 |
| 170400.02 | 1.554e-06 |   92.0 |
|  170500.0 | 1.571e-06 |   93.0 |
|  170600.0 | 1.586e-06 |   93.0 |
|  170700.0 | 1.602e-06 |   93.0 |
|  170800.0 | 1.613e-06 |   93.0 |
|  170900.0 | 1.639e-06 |   93.0 |
|  171000.0 | 1.665e-06 |   93.0 |
|  171100.0 | 1.688e-06 |   93.0 |
| 171200.02 | 1.705e-06 |   94.0 |
| 171299.98 |  1.71e-06 |   94.0 |
|  171400.0 | 1.714e-06 |   95.0 |
|  171500.0 | 1.724e-06 |   95.0 |
|  171600.0 | 1.744e-06 |   95.0 |
|  171700.0 | 1.763e-06 |   96.0 |
|  171800.0 | 1.822e-06 |   95.0 |
|  171900.0 | 1.848e-06 |   95.0 |
|  172000.0 | 1.877e-06 |   95.0 |
| 172099.98 | 1.891e-06 |   96.0 |
|  172200.0 | 1.902e-06 |   97.0 |
|  172300.0 | 1.921e-06 |   96.0 |
|  172400.0 | 1.922e-06 |   97.0 |
|  172500.0 | 1.887e-06 |   97.0 |
|  172600.0 | 1.898e-06 |   98.0 |
|  172700.0 | 1.908e-06 |   98.0 |
|  172800.0 | 1.929e-06 |   98.0 |
| 172900.02 |  1.94e-06 |   99.0 |
|  173000.0 | 1.951e-06 |   99.0 |
|  173100.0 | 2.006e-06 |   98.0 |
|  173200.0 | 2.055e-06 |   99.0 |
|  173300.0 | 2.073e-06 |   99.0 |
|  173400.0 | 2.078e-06 |   99.0 |
|  173500.0 | 2.065e-06 |   99.0 |
|  173600.0 | 2.038e-06 |  100.0 |
| 173700.02 | 2.049e-06 |  100.0 |
| 173799.98 |  2.06e-06 |  100.0 |
|  173900.0 | 2.081e-06 |  100.0 |
|  174000.0 | 2.147e-06 |  100.0 |
|  174100.0 | 2.185e-06 |  100.0 |
|  174200.0 | 2.201e-06 |  100.0 |
|  174300.0 | 2.177e-06 |  100.0 |
|  174400.0 | 2.164e-06 |  101.0 |
|  174500.0 | 2.185e-06 |  101.0 |
| 174599.98 | 2.251e-06 |  101.0 |
|  174700.0 | 2.316e-06 |  101.0 |
|  174800.0 | 2.353e-06 |  101.0 |
|  174900.0 | 2.383e-06 |  101.0 |
|  175000.0 | 2.407e-06 |  101.0 |
|  175100.0 | 2.426e-06 |  101.0 |
|  175200.0 | 2.452e-06 |  101.0 |
|  175300.0 | 2.485e-06 |  102.0 |
| 175400.02 | 2.511e-06 |  102.0 |
|  175500.0 | 2.536e-06 |  102.0 |
|  175600.0 | 2.495e-06 |  102.0 |
|  175700.0 | 2.533e-06 |  102.0 |
|  175800.0 |  2.58e-06 |  102.0 |
|  175900.0 | 2.628e-06 |  102.0 |
|  176000.0 | 2.702e-06 |  103.0 |
|  176100.0 | 2.804e-06 |  102.0 |
| 176200.02 | 2.867e-06 |  102.0 |
| 176299.98 | 2.929e-06 |  102.0 |
|  176400.0 | 2.974e-06 |  103.0 |
|  176500.0 | 3.034e-06 |  103.0 |
|  176600.0 | 3.088e-06 |  103.0 |
|  176700.0 |  3.14e-06 |  103.0 |
|  176800.0 |  3.21e-06 |  103.0 |
|  176900.0 | 3.275e-06 |  103.0 |
|  177000.0 | 3.349e-06 |  103.0 |
| 177099.98 | 3.404e-06 |  103.0 |
|  177200.0 | 3.433e-06 |  104.0 |
|  177300.0 | 3.517e-06 |  104.0 |
|  177400.0 | 3.602e-06 |  104.0 |
|  177500.0 | 3.695e-06 |  104.0 |
|  177600.0 | 3.789e-06 |  104.0 |
|  177700.0 | 3.911e-06 |  104.0 |
|  177800.0 |  4.11e-06 |  103.0 |
| 177900.02 | 4.283e-06 |  103.0 |
|  178000.0 | 4.443e-06 |  104.0 |
|  178100.0 | 4.588e-06 |  104.0 |
|  178200.0 | 4.735e-06 |  103.0 |
|  178300.0 | 4.873e-06 |  104.0 |
|  178400.0 | 5.029e-06 |  104.0 |
|  178500.0 |   5.2e-06 |  104.0 |
|  178600.0 | 5.382e-06 |  104.0 |
| 178700.02 | 5.589e-06 |  104.0 |
| 178799.98 | 5.812e-06 |  104.0 |
|  178900.0 | 6.073e-06 |  104.0 |
|  179000.0 | 6.358e-06 |  104.0 |
|  179100.0 |  6.65e-06 |  104.0 |
|  179200.0 | 6.916e-06 |  105.0 |
|  179300.0 | 7.275e-06 |  105.0 |
|  179400.0 | 7.701e-06 |  106.0 |
|  179500.0 | 8.134e-06 |  105.0 |
| 179599.98 | 8.779e-06 |  106.0 |
|  179700.0 |  9.43e-06 |  106.0 |
|  179800.0 | 1.011e-05 |  106.0 |
|  179900.0 | 1.095e-05 |  107.0 |
|  180000.0 | 1.177e-05 |  108.0 |
|  180100.0 | 1.265e-05 |  108.0 |
|  180200.0 | 1.338e-05 |  111.0 |
|  180300.0 | 1.408e-05 |  113.0 |
| 180400.02 | 1.529e-05 |  117.0 |
|  180500.0 | 1.649e-05 |  120.0 |
|  180600.0 | 1.785e-05 |  123.0 |
|  180700.0 | 1.945e-05 |  127.0 |
|  180800.0 | 2.127e-05 |  131.0 |
|  180900.0 |  2.36e-05 |  135.0 |
|  181000.0 | 2.601e-05 |  138.0 |
|  181100.0 | 2.983e-05 |  142.0 |
| 181200.02 | 3.436e-05 |  146.0 |
| 181299.98 | 4.017e-05 |  150.0 |
|  181400.0 | 4.016e-05 |  175.0 |
|  181500.0 | 4.141e-05 |  207.0 |
|  181600.0 | 4.061e-05 |  239.0 |
|  181700.0 | 3.966e-05 |  269.0 |
|  181800.0 | 3.841e-05 |  300.0 |
|  181900.0 | 3.708e-05 |  329.0 |
|  182000.0 | 3.547e-05 |  359.0 |
| 182099.98 | 3.404e-05 |  388.0 |
|  182200.0 | 2.441e-05 |  383.0 |
|  182300.0 | 2.955e-05 |  404.0 |
|  182400.0 | 3.169e-05 |  423.0 |
|  182500.0 | 3.265e-05 |  443.0 |
|  182600.0 | 3.249e-05 |  460.0 |
|  182700.0 | 2.369e-05 |  485.0 |
|  182800.0 | 1.165e-05 |  506.0 |
| 182900.02 |  1.43e-05 |  618.0 |
|  183000.0 | 1.122e-05 |  646.0 |
|  183100.0 | 8.964e-06 |  672.0 |
|  183200.0 | 7.249e-06 |  695.0 |
|  183300.0 | 5.916e-06 |  718.0 |
|  183400.0 | 4.949e-06 |  737.0 |
|  183500.0 | 4.201e-06 |  755.0 |
|  183600.0 | 3.617e-06 |  771.0 |
| 183700.02 | 3.174e-06 |  786.0 |
| 183799.98 | 2.233e-06 |  625.0 |
|  183900.0 | 2.671e-06 |  662.0 |
|  184000.0 | 1.955e-06 |  699.0 |
|  184100.0 | 2.225e-06 |  704.0 |
|  184200.0 | 2.554e-06 |  705.0 |
|  184300.0 | 2.774e-06 |  705.0 |
|  184400.0 | 2.849e-06 |  705.0 |
|  184500.0 | 2.705e-06 |  705.0 |
| 184599.98 | 2.323e-06 |  705.0 |
|  184700.0 |  1.77e-06 |  705.0 |
|  184800.0 | 1.198e-06 |  705.0 |
|  184900.0 | 1.283e-06 |  705.0 |
|  185000.0 | 2.265e-06 |  705.0 |
|  185100.0 | 3.362e-06 |  705.0 |
|  185200.0 | 4.284e-06 |  705.0 |
|  185300.0 | 4.884e-06 |  705.0 |
| 185400.02 | 4.898e-06 |  705.0 |
|  185500.0 | 4.002e-06 |  705.0 |
|  185600.0 | 8.544e-07 |  704.0 |
|  185700.0 | 4.137e-07 |  992.0 |
|  185800.0 | 4.415e-07 |  991.0 |
|  185900.0 | 4.735e-07 |  990.0 |
|  186000.0 | 5.061e-07 |  989.0 |
|  186100.0 |  5.44e-07 |  988.0 |
| 186200.02 | 4.724e-06 |  702.0 |
| 186299.98 | 7.168e-06 |  702.0 |
|  186400.0 | 8.232e-06 |  701.0 |
|  186500.0 | 7.953e-06 |  701.0 |
|  186600.0 | 6.348e-06 |  700.0 |
|  186700.0 | 2.625e-06 |  700.0 |
|  186800.0 | 8.805e-07 |  981.0 |
|  186900.0 | 9.245e-07 |  981.0 |
|  187000.0 | 9.588e-07 |  981.0 |
| 187099.98 |  2.22e-06 |  700.0 |
|  187200.0 | 7.044e-06 |  707.0 |
|  187300.0 | 1.023e-05 |  707.0 |
|  187400.0 | 1.267e-05 |  707.0 |
|  187500.0 | 1.451e-05 |  707.0 |
|  187600.0 | 1.591e-05 |  707.0 |
|  187700.0 | 1.695e-05 |  707.0 |
|  187800.0 | 1.761e-05 |  707.0 |
| 187900.02 | 1.794e-05 |  707.0 |
|  188000.0 | 1.795e-05 |  707.0 |
|  188100.0 | 1.773e-05 |  707.0 |
|  188200.0 | 1.735e-05 |  707.0 |
|  188300.0 | 1.695e-05 |  707.0 |
|  188400.0 |  1.69e-05 |  707.0 |
|  188500.0 | 1.731e-05 |  707.0 |
|  188600.0 |  1.81e-05 |  707.0 |
| 188700.02 | 1.927e-05 |  707.0 |
| 188799.98 | 2.076e-05 |  707.0 |
|  188900.0 | 2.221e-05 |  707.0 |
|  189000.0 | 2.389e-05 |  707.0 |
|  189100.0 | 2.564e-05 |  707.0 |
|  189200.0 | 2.752e-05 |  707.0 |
|  189300.0 | 2.925e-05 |  707.0 |
|  189400.0 | 3.092e-05 |  707.0 |
|  189500.0 | 3.242e-05 |  707.0 |
| 189599.98 | 3.345e-05 |  707.0 |
|  189700.0 | 3.398e-05 |  707.0 |
|  189800.0 | 3.323e-05 |  707.0 |
|  189900.0 | 3.075e-05 |  707.0 |
|  190000.0 | 2.578e-05 |  707.0 |
|  190100.0 | 1.673e-05 |  707.0 |
|  190200.0 | 8.603e-06 | 1000.0 |
|  190300.0 |  9.36e-06 | 1000.0 |
| 190400.02 | 1.019e-05 | 1000.0 |
|  190500.0 | 1.842e-05 |  699.0 |
|  190600.0 | 3.458e-05 |  735.0 |
|  190700.0 | 0.0001154 |  541.0 |
|  190800.0 | 0.0002706 |  311.0 |
|  190900.0 | 0.0005038 |  239.0 |
|  191000.0 | 0.0006935 |  208.0 |
|  191100.0 | 0.0008426 |  202.0 |
| 191200.02 | 0.0008877 |  213.0 |
| 191299.98 | 0.0009056 |  225.0 |
|  191400.0 | 0.0008691 |  226.0 |
|  191500.0 | 0.0008133 |  220.0 |
|  191600.0 | 0.0007175 |  202.0 |
|  191700.0 | 0.0005891 |  185.0 |
|  191800.0 |  0.000434 |  167.0 |
|  191900.0 |  0.000236 |  315.0 |
|  192000.0 | 0.0001031 |  424.0 |
| 192099.98 | 5.896e-05 |  707.0 |
|  192200.0 | 2.267e-05 |  707.0 |
|  192300.0 | 5.489e-05 | 1000.0 |
|  192400.0 | 6.015e-05 | 1000.0 |
|  192500.0 |  5.46e-05 |  707.0 |
|  192600.0 | 0.0001003 |  707.0 |
|  192700.0 | 0.0001423 |  707.0 |
|  192800.0 | 0.0001819 |  707.0 |
| 192900.02 |  0.000218 |  707.0 |
|  193000.0 | 5.022e-05 |  361.0 |
|  193100.0 | 0.0002479 |  654.0 |
|  193200.0 | 0.0002711 |  580.0 |
|  193300.0 | 0.0003065 |  453.0 |
|  193400.0 | 0.0003496 |  371.0 |
|  193500.0 |  0.000407 |  334.0 |
|  193600.0 | 0.0004653 |  324.0 |
| 193700.02 | 0.0005888 |  301.0 |
| 193799.98 | 0.0007319 |  274.0 |
|  193900.0 | 0.0009816 |  221.0 |
|  194000.0 |   0.00128 |  166.0 |
|  194100.0 |  0.001585 |  120.0 |
|  194200.0 |  0.001863 |   84.0 |
|  194300.0 |  0.002095 |   59.0 |
|  194400.0 |  0.002263 |   49.0 |
|  194500.0 |  0.002415 |   46.0 |
| 194599.98 |  0.002524 |   49.0 |
|  194700.0 |  0.002631 |   55.0 |
|  194800.0 |  0.002714 |   52.0 |
|  194900.0 |  0.002796 |   50.0 |
|  195000.0 |  0.002916 |   54.0 |
|  195100.0 |  0.003063 |   60.0 |
|  195200.0 |  0.003287 |   72.0 |
|  195300.0 |  0.003589 |   84.0 |
| 195400.02 |   0.00397 |   94.0 |
|  195500.0 |  0.004483 |   97.0 |
|  195600.0 |   0.00506 |   95.0 |
|  195700.0 |  0.005869 |   87.0 |
|  195800.0 |  0.006723 |   77.0 |
|  195900.0 |  0.007881 |   71.0 |
|  196000.0 |    0.0091 |   65.0 |
|  196100.0 |   0.01064 |   63.0 |
| 196200.02 |   0.01223 |   62.0 |
| 196299.98 |   0.01402 |   61.0 |
|  196400.0 |   0.01601 |   60.0 |
|  196500.0 |    0.0183 |   58.0 |
|  196600.0 |   0.02079 |   56.0 |
|  196700.0 |   0.02348 |   54.0 |
|  196800.0 |   0.02657 |   53.0 |
|  196900.0 |   0.02986 |   52.0 |
|  197000.0 |   0.03394 |   51.0 |
| 197099.98 |   0.03812 |   51.0 |
|  197200.0 |   0.04318 |   52.0 |
|  197300.0 |   0.04845 |   53.0 |
|  197400.0 |    0.0546 |   54.0 |
|  197500.0 |   0.06084 |   55.0 |
|  197600.0 |   0.06778 |   57.0 |
|  197700.0 |   0.07513 |   57.0 |
|  197800.0 |   0.08297 |   58.0 |
| 197900.02 |   0.09151 |   58.0 |
|  198000.0 |    0.1003 |   59.0 |
|  198100.0 |    0.1113 |   58.0 |
|  198200.0 |    0.1222 |   58.0 |
|  198300.0 |    0.1342 |   57.0 |
|  198400.0 |    0.1461 |   57.0 |
|  198500.0 |    0.1581 |   56.0 |
|  198600.0 |    0.1701 |   55.0 |
| 198700.02 |    0.1801 |   54.0 |
| 198799.98 |    0.1901 |   53.0 |
|  198900.0 |    0.1992 |   50.0 |
|  199000.0 |    0.2073 |   48.0 |
|  199100.0 |    0.2144 |   45.0 |
|  199200.0 |    0.2215 |   43.0 |
|  199300.0 |    0.2275 |   41.0 |
|  199400.0 |    0.2336 |   39.0 |
|  199500.0 |    0.2386 |   38.0 |
| 199599.98 |    0.2427 |   37.0 |
|  199700.0 |    0.2447 |   37.0 |
|  199800.0 |    0.2468 |   37.0 |
|  199900.0 |    0.2468 |   37.0 |
|  200000.0 |    0.2469 |   37.0 |
|  200100.0 |    0.2459 |   37.0 |
|  200200.0 |    0.2459 |   37.0 |
|  200300.0 |     0.246 |   36.0 |
| 200400.02 |     0.246 |   36.0 |
|  200500.0 |     0.247 |   35.0 |
|  200600.0 |    0.2481 |   35.0 |
|  200700.0 |    0.2491 |   35.0 |
|  200800.0 |    0.2501 |   36.0 |
|  200900.0 |    0.2511 |   37.0 |
|  201000.0 |    0.2511 |   38.0 |
|  201100.0 |    0.2512 |   38.0 |
| 201200.02 |    0.2522 |   39.0 |
| 201299.98 |    0.2542 |   39.0 |
|  201400.0 |    0.2572 |   38.0 |
|  201500.0 |    0.2602 |   38.0 |
|  201600.0 |    0.2642 |   37.0 |
|  201700.0 |    0.2672 |   36.0 |
|  201800.0 |    0.2701 |   35.0 |
|  201900.0 |    0.2721 |   34.0 |
|  202000.0 |    0.2721 |   33.0 |
| 202099.98 |    0.2731 |   33.0 |
|  202200.0 |    0.2721 |   32.0 |
|  202300.0 |    0.2721 |   32.0 |
|  202400.0 |    0.2711 |   34.0 |
|  202500.0 |    0.2701 |   36.0 |
|  202600.0 |    0.2692 |   38.0 |
|  202700.0 |    0.2692 |   40.0 |
|  202800.0 |    0.2672 |   41.0 |
| 202900.02 |    0.2652 |   42.0 |
|  203000.0 |    0.2632 |   42.0 |
|  203100.0 |    0.2612 |   41.0 |
|  203200.0 |    0.2592 |   40.0 |
|  203300.0 |    0.2582 |   39.0 |
|  203400.0 |    0.2582 |   37.0 |
|  203500.0 |    0.2582 |   36.0 |
|  203600.0 |    0.2601 |   35.0 |
| 203700.02 |    0.2621 |   35.0 |
| 203799.98 |    0.2651 |   35.0 |
|  203900.0 |    0.2671 |   35.0 |
|  204000.0 |    0.2691 |   35.0 |
|  204100.0 |    0.2701 |   35.0 |
|  204200.0 |    0.2711 |   35.0 |
|  204300.0 |    0.2721 |   34.0 |
|  204400.0 |    0.2731 |   33.0 |
|  204500.0 |    0.2751 |   33.0 |
| 204599.98 |    0.2771 |   32.0 |
|  204700.0 |    0.2801 |   31.0 |
|  204800.0 |    0.2821 |   31.0 |
|  204900.0 |    0.2851 |   31.0 |
|  205000.0 |    0.2851 |   32.0 |
|  205100.0 |    0.2861 |   32.0 |
|  205200.0 |    0.2851 |   33.0 |
|  205300.0 |    0.2841 |   34.0 |
| 205400.02 |    0.2821 |   35.0 |
|  205500.0 |    0.2811 |   35.0 |
|  205600.0 |    0.2801 |   36.0 |
|  205700.0 |    0.2791 |   37.0 |
|  205800.0 |    0.2791 |   37.0 |
|  205900.0 |    0.2791 |   38.0 |
|  206000.0 |    0.2781 |   38.0 |
|  206100.0 |    0.2771 |   39.0 |
| 206200.02 |    0.2761 |   38.0 |
| 206299.98 |    0.2741 |   38.0 |
|  206400.0 |    0.2731 |   37.0 |
|  206500.0 |    0.2711 |   37.0 |
|  206600.0 |    0.2711 |   36.0 |
|  206700.0 |    0.2721 |   35.0 |
|  206800.0 |    0.2741 |   35.0 |
|  206900.0 |    0.2771 |   34.0 |
|  207000.0 |    0.2791 |   34.0 |
| 207099.98 |    0.2811 |   33.0 |
|  207200.0 |    0.2821 |   33.0 |
|  207300.0 |    0.2821 |   33.0 |
|  207400.0 |    0.2811 |   32.0 |
|  207500.0 |    0.2791 |   33.0 |
|  207600.0 |    0.2771 |   33.0 |
|  207700.0 |    0.2751 |   33.0 |
|  207800.0 |    0.2731 |   33.0 |
| 207900.02 |    0.2731 |   34.0 |
|  208000.0 |    0.2731 |   34.0 |
|  208100.0 |    0.2741 |   34.0 |
|  208200.0 |    0.2741 |   34.0 |
|  208300.0 |    0.2751 |   34.0 |
|  208400.0 |    0.2761 |   33.0 |
|  208500.0 |    0.2761 |   33.0 |
|  208600.0 |    0.2751 |   33.0 |
| 208700.02 |    0.2751 |   33.0 |
| 208799.98 |    0.2751 |   33.0 |
|  208900.0 |    0.2751 |   34.0 |
|  209000.0 |    0.2761 |   34.0 |
|  209100.0 |    0.2761 |   35.0 |
|  209200.0 |    0.2771 |   36.0 |
|  209300.0 |    0.2771 |   36.0 |
|  209400.0 |    0.2771 |   36.0 |
|  209500.0 |    0.2751 |   37.0 |
| 209599.98 |    0.2731 |   37.0 |
|  209700.0 |    0.2711 |   36.0 |
|  209800.0 |    0.2681 |   36.0 |
|  209900.0 |    0.2651 |   35.0 |
|  210000.0 |    0.2641 |   34.0 |
|  210100.0 |    0.2621 |   33.0 |
|  210200.0 |    0.2631 |   31.0 |
|  210300.0 |    0.2631 |   30.0 |
| 210400.02 |    0.2651 |   30.0 |
|  210500.0 |    0.2671 |   30.0 |
|  210600.0 |    0.2681 |   32.0 |
|  210700.0 |    0.2701 |   34.0 |
|  210800.0 |    0.2721 |   36.0 |
|  210900.0 |    0.2731 |   39.0 |
|  211000.0 |    0.2751 |   41.0 |
|  211100.0 |    0.2771 |   43.0 |
| 211200.02 |    0.2791 |   44.0 |
| 211299.98 |    0.2821 |   45.0 |
|  211400.0 |    0.2851 |   45.0 |
|  211500.0 |     0.288 |   43.0 |
|  211600.0 |     0.291 |   42.0 |
|  211700.0 |     0.293 |   39.0 |
|  211800.0 |     0.295 |   37.0 |
|  211900.0 |     0.295 |   34.0 |
|  212000.0 |     0.295 |   32.0 |
| 212099.98 |     0.295 |   31.0 |
|  212200.0 |     0.295 |   30.0 |
|  212300.0 |     0.296 |   30.0 |
|  212400.0 |     0.296 |   32.0 |
|  212500.0 |     0.297 |   34.0 |
|  212600.0 |     0.299 |   37.0 |
|  212700.0 |       0.3 |   40.0 |
|  212800.0 |       0.3 |   42.0 |
| 212900.02 |       0.3 |   44.0 |
|  213000.0 |     0.298 |   46.0 |
|  213100.0 |     0.296 |   47.0 |
|  213200.0 |     0.293 |   48.0 |
|  213300.0 |     0.289 |   49.0 |
|  213400.0 |     0.287 |   48.0 |
|  213500.0 |     0.284 |   47.0 |
|  213600.0 |     0.282 |   46.0 |
| 213700.02 |     0.281 |   43.0 |
| 213799.98 |      0.28 |   40.0 |
|  213900.0 |     0.279 |   37.0 |
|  214000.0 |     0.278 |   34.0 |
|  214100.0 |     0.277 |   32.0 |
|  214200.0 |     0.276 |   31.0 |
|  214300.0 |     0.274 |   30.0 |
|  214400.0 |     0.273 |   29.0 |
|  214500.0 |     0.272 |   28.0 |
| 214599.98 |     0.272 |   27.0 |
|  214700.0 |     0.274 |   27.0 |
|  214800.0 |     0.276 |   26.0 |
|  214900.0 |     0.279 |   26.0 |
|  215000.0 |     0.283 |   25.0 |
|  215100.0 |     0.287 |   25.0 |
|  215200.0 |      0.29 |   26.0 |
|  215300.0 |     0.293 |   27.0 |
| 215400.02 |     0.295 |   28.0 |
|  215500.0 |     0.296 |   30.0 |
|  215600.0 |     0.297 |   31.0 |
|  215700.0 |     0.297 |   32.0 |
|  215800.0 |     0.297 |   32.0 |
|  215900.0 |     0.297 |   32.0 |
|  216000.0 |     0.297 |   32.0 |
|  216100.0 |     0.297 |   32.0 |
| 216200.02 |     0.297 |   32.0 |
| 216299.98 |     0.295 |   31.0 |
|  216400.0 |     0.294 |   31.0 |
|  216500.0 |     0.291 |   31.0 |
|  216600.0 |     0.287 |   30.0 |
|  216700.0 |     0.283 |   30.0 |
|  216800.0 |     0.278 |   29.0 |
|  216900.0 |     0.273 |   29.0 |
|  217000.0 |     0.269 |   28.0 |
| 217099.98 |     0.266 |   27.0 |
|  217200.0 |     0.264 |   27.0 |
|  217300.0 |     0.262 |   28.0 |
|  217400.0 |     0.262 |   29.0 |
|  217500.0 |     0.262 |   30.0 |
|  217600.0 |     0.262 |   32.0 |
|  217700.0 |     0.263 |   33.0 |
|  217800.0 |     0.263 |   35.0 |
| 217900.02 |     0.263 |   36.0 |
|  218000.0 |     0.263 |   38.0 |
|  218100.0 |     0.264 |   38.0 |
|  218200.0 |     0.266 |   38.0 |
|  218300.0 |     0.268 |   37.0 |
|  218400.0 |     0.272 |   36.0 |
|  218500.0 |     0.275 |   35.0 |
|  218600.0 |    0.2799 |   33.0 |
| 218700.02 |    0.2849 |   32.0 |
| 218799.98 |    0.2879 |   31.0 |
|  218900.0 |    0.2909 |   31.0 |
|  219000.0 |    0.2929 |   31.0 |
|  219100.0 |    0.2919 |   31.0 |
|  219200.0 |    0.2909 |   31.0 |
|  219300.0 |    0.2889 |   32.0 |
|  219400.0 |    0.2859 |   33.0 |
|  219500.0 |    0.2839 |   34.0 |
| 219599.98 |    0.2819 |   35.0 |
|  219700.0 |    0.2799 |   37.0 |
|  219800.0 |    0.2789 |   38.0 |
|  219900.0 |    0.2779 |   39.0 |
|  220000.0 |    0.2769 |   39.0 |
|  220100.0 |    0.2769 |   39.0 |
|  220200.0 |    0.2759 |   38.0 |
|  220300.0 |    0.2749 |   37.0 |
| 220400.02 |    0.2729 |   36.0 |
|  220500.0 |    0.2719 |   34.0 |
|  220600.0 |    0.2699 |   32.0 |
|  220700.0 |    0.2679 |   30.0 |
|  220800.0 |     0.267 |   28.0 |
|  220900.0 |     0.266 |   26.0 |
|  221000.0 |     0.265 |   25.0 |
|  221100.0 |     0.265 |   23.0 |
| 221200.02 |     0.264 |   22.0 |
| 221299.98 |     0.264 |   21.0 |
|  221400.0 |     0.263 |   20.0 |
|  221500.0 |     0.261 |   20.0 |
|  221600.0 |      0.26 |   20.0 |
|  221700.0 |     0.258 |   20.0 |
|  221800.0 |     0.256 |   20.0 |
|  221900.0 |     0.255 |   21.0 |
|  222000.0 |     0.253 |   23.0 |
| 222099.98 |     0.252 |   24.0 |
|  222200.0 |     0.252 |   25.0 |
|  222300.0 |     0.252 |   26.0 |
|  222400.0 |     0.252 |   26.0 |
|  222500.0 |     0.252 |   26.0 |
|  222600.0 |     0.251 |   25.0 |
|  222700.0 |      0.25 |   24.0 |
|  222800.0 |     0.249 |   23.0 |
| 222900.02 |     0.247 |   23.0 |
|  223000.0 |     0.245 |   22.0 |
|  223100.0 |     0.243 |   22.0 |
|  223200.0 |      0.24 |   22.0 |
|  223300.0 |     0.239 |   23.0 |
|  223400.0 |     0.237 |   25.0 |
|  223500.0 |     0.236 |   26.0 |
|  223600.0 |     0.236 |   27.0 |
| 223700.02 |     0.235 |   29.0 |
| 223799.98 |     0.234 |   30.0 |
|  223900.0 |     0.233 |   31.0 |
|  224000.0 |     0.231 |   31.0 |
|  224100.0 |     0.229 |   30.0 |
|  224200.0 |     0.226 |   30.0 |
|  224300.0 |     0.222 |   29.0 |
|  224400.0 |     0.218 |   28.0 |
|  224500.0 |     0.214 |   27.0 |
| 224599.98 |      0.21 |   26.0 |
|  224700.0 |     0.207 |   25.0 |
|  224800.0 |     0.205 |   24.0 |
|  224900.0 |     0.203 |   24.0 |
|  225000.0 |     0.202 |   24.0 |
|  225100.0 |     0.202 |   24.0 |
|  225200.0 |     0.201 |   25.0 |
|  225300.0 |       0.2 |   25.0 |
| 225400.02 |     0.199 |   26.0 |
|  225500.0 |     0.198 |   27.0 |
|  225600.0 |     0.196 |   27.0 |
|  225700.0 |     0.195 |   28.0 |
|  225800.0 |     0.194 |   28.0 |
|  225900.0 |     0.193 |   28.0 |
|  226000.0 |     0.193 |   28.0 |
|  226100.0 |     0.193 |   28.0 |
| 226200.02 |     0.195 |   28.0 |
| 226299.98 |     0.196 |   28.0 |
|  226400.0 |     0.198 |   28.0 |
|  226500.0 |     0.199 |   28.0 |
|  226600.0 |     0.201 |   29.0 |
|  226700.0 |     0.201 |   29.0 |
|  226800.0 |     0.201 |   29.0 |
|  226900.0 |     0.201 |   29.0 |
|  227000.0 |       0.2 |   28.0 |
| 227099.98 |     0.199 |   28.0 |
|  227200.0 |     0.199 |   26.0 |
|  227300.0 |     0.199 |   24.0 |
|  227400.0 |     0.199 |   22.0 |
|  227500.0 |       0.2 |   21.0 |
|  227600.0 |     0.201 |   19.0 |
|  227700.0 |     0.202 |   19.0 |
|  227800.0 |     0.203 |   18.0 |
| 227900.02 |     0.203 |   19.0 |
|  228000.0 |     0.202 |   19.0 |
|  228100.0 |     0.202 |   19.0 |
|  228200.0 |       0.2 |   20.0 |
|  228300.0 |     0.198 |   21.0 |
|  228400.0 |     0.195 |   23.0 |
|  228500.0 |     0.193 |   24.0 |
|  228600.0 |     0.191 |   26.0 |
| 228700.02 |      0.19 |   27.0 |
| 228799.98 |     0.189 |   28.0 |
|  228900.0 |     0.189 |   28.0 |
|  229000.0 |     0.189 |   28.0 |
|  229100.0 |      0.19 |   28.0 |
|  229200.0 |      0.19 |   29.0 |
|  229300.0 |     0.191 |   30.0 |
|  229400.0 |     0.192 |   31.0 |
|  229500.0 |    0.1919 |   33.0 |
| 229599.98 |    0.1919 |   35.0 |
|  229700.0 |    0.1919 |   37.0 |
|  229800.0 |    0.1929 |   38.0 |
|  229900.0 |    0.1929 |   39.0 |
|  230000.0 |    0.1949 |   39.0 |
|  230100.0 |    0.1959 |   38.0 |
|  230200.0 |    0.1979 |   37.0 |
|  230300.0 |    0.1999 |   36.0 |
| 230400.02 |    0.2019 |   34.0 |
|  230500.0 |    0.2029 |   34.0 |
|  230600.0 |    0.2039 |   34.0 |
|  230700.0 |    0.2039 |   33.0 |
|  230800.0 |    0.2029 |   33.0 |
|  230900.0 |    0.2029 |   33.0 |
|  231000.0 |    0.2019 |   31.0 |
|  231100.0 |    0.1999 |   29.0 |
| 231200.02 |    0.1989 |   27.0 |
| 231299.98 |    0.1979 |   25.0 |
|  231400.0 |     0.197 |   23.0 |
|  231500.0 |     0.196 |   22.0 |
|  231600.0 |     0.196 |   20.0 |
|  231700.0 |     0.195 |   20.0 |
|  231800.0 |     0.193 |   19.0 |
|  231900.0 |     0.192 |   18.0 |
|  232000.0 |      0.19 |   18.0 |
| 232099.98 |     0.187 |   18.0 |
|  232200.0 |     0.185 |   18.0 |
|  232300.0 |     0.181 |   18.0 |
|  232400.0 |     0.177 |   18.0 |
|  232500.0 |     0.174 |   18.0 |
|  232600.0 |      0.17 |   18.0 |
|  232700.0 |     0.167 |   19.0 |
|  232800.0 |     0.164 |   19.0 |
| 232900.02 |     0.162 |   20.0 |
|  233000.0 |      0.16 |   20.0 |
|  233100.0 |     0.159 |   21.0 |
|  233200.0 |     0.157 |   23.0 |
|  233300.0 |     0.155 |   24.0 |
|  233400.0 |     0.154 |   25.0 |
|  233500.0 |     0.152 |   27.0 |
|  233600.0 |      0.15 |   27.0 |
| 233700.02 |     0.148 |   28.0 |
| 233799.98 |     0.146 |   28.0 |
|  233900.0 |     0.144 |   27.0 |
|  234000.0 |     0.142 |   27.0 |
|  234100.0 |     0.141 |   26.0 |
|  234200.0 |      0.14 |   25.0 |
|  234300.0 |     0.139 |   25.0 |
|  234400.0 |     0.138 |   24.0 |
|  234500.0 |     0.138 |   24.0 |
| 234599.98 |     0.137 |   24.0 |
|  234700.0 |     0.136 |   23.0 |
|  234800.0 |     0.135 |   23.0 |
|  234900.0 |     0.133 |   23.0 |
|  235000.0 |     0.131 |   24.0 |
|  235100.0 |     0.129 |   24.0 |
|  235200.0 |     0.127 |   25.0 |
|  235300.0 |     0.124 |   26.0 |
| 235400.02 |     0.122 |   27.0 |
|  235500.0 |     0.121 |   27.0 |
|  235600.0 |     0.119 |   28.0 |
|  235700.0 |     0.118 |   29.0 |
|  235800.0 |     0.118 |   29.0 |
|  235900.0 |     0.117 |   30.0 |
|  236000.0 |     0.117 |   30.0 |
|  236100.0 |     0.118 |   29.0 |
| 236200.02 |     0.118 |   29.0 |
| 236299.98 |     0.118 |   29.0 |
|  236400.0 |     0.118 |   28.0 |
|  236500.0 |     0.118 |   28.0 |
|  236600.0 |     0.118 |   29.0 |
|  236700.0 |     0.118 |   29.0 |
|  236800.0 |     0.118 |   29.0 |
|  236900.0 |     0.118 |   30.0 |
|  237000.0 |     0.119 |   31.0 |
| 237099.98 |     0.119 |   32.0 |
|  237200.0 |      0.12 |   32.0 |
|  237300.0 |     0.121 |   32.0 |
|  237400.0 |     0.122 |   32.0 |
|  237500.0 |     0.122 |   32.0 |
|  237600.0 |     0.122 |   32.0 |
|  237700.0 |     0.122 |   32.0 |
|  237800.0 |     0.122 |   31.0 |
| 237900.02 |     0.121 |   32.0 |
|  238000.0 |     0.121 |   32.0 |
|  238100.0 |      0.12 |   32.0 |
|  238200.0 |      0.12 |   33.0 |
|  238300.0 |     0.119 |   33.0 |
|  238400.0 |     0.119 |   35.0 |
|  238500.0 |      0.12 |   36.0 |
|  238600.0 |      0.12 |   38.0 |
| 238700.02 |     0.121 |   41.0 |
| 238799.98 |     0.123 |   43.0 |
|  238900.0 |     0.124 |   46.0 |
|  239000.0 |     0.126 |   49.0 |
|  239100.0 |     0.127 |   51.0 |
|  239200.0 |     0.128 |   53.0 |
|  239300.0 |     0.129 |   54.0 |
|  239400.0 |      0.13 |   55.0 |
|  239500.0 |     0.131 |   55.0 |
| 239599.98 |     0.132 |   54.0 |
|  239700.0 |     0.132 |   53.0 |
|  239800.0 |     0.133 |   52.0 |
|  239900.0 |     0.134 |   51.0 |
|  240000.0 |     0.135 |   50.0 |
|  240100.0 |     0.136 |   49.0 |
|  240200.0 |     0.138 |   48.0 |
|  240300.0 |     0.139 |   47.0 |
| 240400.02 |     0.141 |   45.0 |
|  240500.0 |     0.143 |   44.0 |
|  240600.0 |     0.144 |   43.0 |
|  240700.0 |     0.145 |   41.0 |
|  240800.0 |     0.145 |   39.0 |
|  240900.0 |     0.146 |   37.0 |
|  241000.0 |     0.146 |   36.0 |
|  241100.0 |     0.146 |   34.0 |
| 241200.02 |     0.146 |   34.0 |
| 241299.98 |     0.146 |   34.0 |
|  241400.0 |     0.146 |   34.0 |
|  241500.0 |     0.146 |   35.0 |
|  241600.0 |     0.147 |   37.0 |
|  241700.0 |     0.148 |   38.0 |
|  241800.0 |     0.149 |   40.0 |
|  241900.0 |      0.15 |   42.0 |
|  242000.0 |     0.151 |   43.0 |
| 242099.98 |     0.151 |   44.0 |
|  242200.0 |     0.151 |   45.0 |
|  242300.0 |     0.151 |   45.0 |
|  242400.0 |      0.15 |   44.0 |
|  242500.0 |      0.15 |   43.0 |
|  242600.0 |     0.149 |   42.0 |
|  242700.0 |     0.148 |   40.0 |
|  242800.0 |     0.147 |   39.0 |
| 242900.02 |     0.147 |   38.0 |
|  243000.0 |     0.146 |   37.0 |
|  243100.0 |     0.146 |   36.0 |
|  243200.0 |     0.147 |   36.0 |
|  243300.0 |     0.148 |   36.0 |
|  243400.0 |     0.148 |   36.0 |
|  243500.0 |     0.149 |   37.0 |
|  243600.0 |     0.149 |   37.0 |
| 243700.02 |      0.15 |   37.0 |
| 243799.98 |      0.15 |   38.0 |
|  243900.0 |      0.15 |   38.0 |
|  244000.0 |      0.15 |   38.0 |
|  244100.0 |     0.149 |   38.0 |
|  244200.0 |     0.149 |   39.0 |
|  244300.0 |     0.148 |   39.0 |
|  244400.0 |     0.148 |   39.0 |
|  244500.0 |     0.148 |   39.0 |
| 244599.98 |     0.147 |   39.0 |
|  244700.0 |     0.147 |   39.0 |
|  244800.0 |     0.147 |   40.0 |
|  244900.0 |     0.146 |   41.0 |
|  245000.0 |     0.146 |   42.0 |
|  245100.0 |     0.145 |   43.0 |
|  245200.0 |     0.144 |   44.0 |
|  245300.0 |    0.1421 |   46.0 |
| 245400.02 |    0.1411 |   47.0 |
|  245500.0 |    0.1391 |   47.0 |
|  245600.0 |    0.1371 |   47.0 |
|  245700.0 |    0.1351 |   46.0 |
|  245800.0 |    0.1331 |   45.0 |
|  245900.0 |    0.1311 |   43.0 |
|  246000.0 |    0.1291 |   42.0 |
|  246100.0 |    0.1281 |   40.0 |
| 246200.02 |    0.1271 |   39.0 |
| 246299.98 |    0.1261 |   38.0 |
|  246400.0 |    0.1261 |   38.0 |
|  246500.0 |    0.1261 |   38.0 |
|  246600.0 |    0.1251 |   38.0 |
|  246700.0 |    0.1251 |   39.0 |
|  246800.0 |    0.1251 |   39.0 |
|  246900.0 |    0.1241 |   40.0 |
|  247000.0 |    0.1231 |   41.0 |
| 247099.98 |    0.1231 |   41.0 |
|  247200.0 |    0.1221 |   42.0 |
|  247300.0 |    0.1201 |   43.0 |
|  247400.0 |    0.1191 |   43.0 |
|  247500.0 |    0.1181 |   43.0 |
|  247600.0 |    0.1171 |   44.0 |
|  247700.0 |    0.1171 |   43.0 |
|  247800.0 |    0.1161 |   43.0 |
| 247900.02 |    0.1161 |   43.0 |
|  248000.0 |    0.1161 |   42.0 |
|  248100.0 |    0.1161 |   42.0 |
|  248200.0 |    0.1161 |   41.0 |
|  248300.0 |    0.1151 |   41.0 |
|  248400.0 |    0.1151 |   41.0 |
|  248500.0 |    0.1141 |   41.0 |
|  248600.0 |    0.1131 |   41.0 |
| 248700.02 |    0.1121 |   41.0 |
| 248799.98 |    0.1101 |   42.0 |
|  248900.0 |    0.1091 |   42.0 |
|  249000.0 |    0.1081 |   42.0 |
|  249100.0 |    0.1071 |   41.0 |
|  249200.0 |    0.1061 |   41.0 |
|  249300.0 |    0.1051 |   41.0 |
|  249400.0 |    0.1051 |   42.0 |
|  249500.0 |    0.1041 |   43.0 |
| 249599.98 |    0.1031 |   44.0 |
|  249700.0 |    0.1031 |   45.0 |
|  249800.0 |    0.1021 |   47.0 |
|  249900.0 |    0.1011 |   48.0 |
|  250000.0 |       0.1 |   49.0 |
|  250100.0 |   0.09892 |   50.0 |
|  250200.0 |   0.09732 |   50.0 |
|  250300.0 |   0.09563 |   50.0 |
| 250400.02 |   0.09393 |   50.0 |
|  250500.0 |   0.09214 |   51.0 |
|  250600.0 |   0.09035 |   51.0 |
|  250700.0 |   0.08855 |   51.0 |
|  250800.0 |   0.08706 |   52.0 |
|  250900.0 |   0.08577 |   54.0 |
|  251000.0 |   0.08448 |   55.0 |
|  251100.0 |   0.08348 |   55.0 |
| 251200.02 |   0.08268 |   55.0 |
| 251299.98 |   0.08188 |   55.0 |
|  251400.0 |   0.08117 |   54.0 |
|  251500.0 |   0.08056 |   52.0 |
|  251600.0 |   0.07995 |   51.0 |
|  251700.0 |   0.07934 |   50.0 |
|  251800.0 |   0.07884 |   50.0 |
|  251900.0 |   0.07824 |   50.0 |
|  252000.0 |   0.07774 |   50.0 |
| 252099.98 |   0.07725 |   52.0 |
|  252200.0 |   0.07686 |   54.0 |
|  252300.0 |   0.07647 |   56.0 |
|  252400.0 |   0.07628 |   59.0 |
|  252500.0 |   0.07609 |   61.0 |
|  252600.0 |     0.076 |   63.0 |
|  252700.0 |    0.0761 |   64.0 |
|  252800.0 |    0.0762 |   65.0 |
| 252900.02 |    0.0762 |   66.0 |
|  253000.0 |    0.0762 |   66.0 |
|  253100.0 |    0.0762 |   66.0 |
|  253200.0 |    0.0761 |   66.0 |
|  253300.0 |    0.0756 |   65.0 |
|  253400.0 |   0.07519 |   65.0 |
|  253500.0 |   0.07459 |   64.0 |
|  253600.0 |   0.07379 |   63.0 |
| 253700.02 |   0.07298 |   62.0 |
| 253799.98 |   0.07218 |   61.0 |
|  253900.0 |   0.07138 |   60.0 |
|  254000.0 |   0.07057 |   59.0 |
|  254100.0 |   0.06987 |   58.0 |
|  254200.0 |   0.06927 |   58.0 |
|  254300.0 |   0.06867 |   58.0 |
|  254400.0 |   0.06807 |   58.0 |
|  254500.0 |   0.06747 |   58.0 |
| 254599.98 |   0.06668 |   59.0 |
|  254700.0 |   0.06598 |   59.0 |
|  254800.0 |   0.06489 |   60.0 |
|  254900.0 |    0.0636 |   61.0 |
|  255000.0 |    0.0624 |   61.0 |
|  255100.0 |   0.06091 |   62.0 |
|  255200.0 |   0.05922 |   62.0 |
|  255300.0 |   0.05763 |   63.0 |
| 255400.02 |   0.05604 |   64.0 |
|  255500.0 |   0.05465 |   65.0 |
|  255600.0 |   0.05326 |   66.0 |
|  255700.0 |   0.05206 |   67.0 |
|  255800.0 |   0.05127 |   68.0 |
|  255900.0 |   0.05057 |   68.0 |
|  256000.0 |   0.04988 |   69.0 |
|  256100.0 |   0.04938 |   69.0 |
| 256200.02 |   0.04888 |   70.0 |
| 256299.98 |   0.04839 |   70.0 |
|  256400.0 |   0.04759 |   71.0 |
|  256500.0 |    0.0466 |   72.0 |
|  256600.0 |   0.04571 |   73.0 |
|  256700.0 |   0.04442 |   74.0 |
|  256800.0 |   0.04294 |   75.0 |
|  256900.0 |   0.04136 |   77.0 |
|  257000.0 |   0.03977 |   78.0 |
| 257099.98 |   0.03808 |   79.0 |
|  257200.0 |    0.0364 |   81.0 |
|  257300.0 |   0.03481 |   82.0 |
|  257400.0 |   0.03361 |   82.0 |
|  257500.0 |   0.03231 |   83.0 |
|  257600.0 |   0.03121 |   83.0 |
|  257700.0 |   0.03073 |   85.0 |
|  257800.0 |   0.03024 |   86.0 |
| 257900.02 |   0.02976 |   88.0 |
|  258000.0 |   0.02978 |   90.0 |
|  258100.0 |   0.02981 |   93.0 |
|  258200.0 |   0.02993 |   95.0 |
|  258300.0 |   0.03015 |   98.0 |
|  258400.0 |   0.03046 |   99.0 |
|  258500.0 |   0.03088 |  101.0 |
|  258600.0 |   0.03119 |  102.0 |
| 258700.02 |   0.03168 |  102.0 |
| 258799.98 |   0.03208 |  102.0 |
|  258900.0 |   0.03257 |  102.0 |
|  259000.0 |   0.03305 |  101.0 |
|  259100.0 |   0.03353 |  100.0 |
|  259200.0 |   0.03402 |   99.0 |
|  259300.0 |   0.03431 |   99.0 |
|  259400.0 |    0.0347 |   98.0 |
|  259500.0 |     0.035 |   99.0 |
| 259599.98 |    0.0351 |   99.0 |
|  259700.0 |   0.03519 |  100.0 |
|  259800.0 |    0.0352 |  100.0 |
|  259900.0 |    0.0351 |  101.0 |
|  260000.0 |   0.03481 |  103.0 |
|  260100.0 |   0.03442 |  104.0 |
|  260200.0 |   0.03404 |  106.0 |
|  260300.0 |   0.03345 |  108.0 |
| 260400.02 |   0.03287 |  110.0 |
|  260500.0 |   0.03229 |  112.0 |
|  260600.0 |   0.03162 |  114.0 |
|  260700.0 |   0.03094 |  117.0 |
|  260800.0 |   0.03027 |  119.0 |
|  260900.0 |    0.0297 |  122.0 |
|  261000.0 |   0.02913 |  125.0 |
|  261100.0 |   0.02857 |  129.0 |
| 261200.02 |   0.02801 |  132.0 |
| 261299.98 |   0.02746 |  136.0 |
|  261400.0 |   0.02699 |  139.0 |
|  261500.0 |   0.02642 |  142.0 |
|  261600.0 |   0.02585 |  144.0 |
|  261700.0 |   0.02527 |  146.0 |
|  261800.0 |   0.02461 |  149.0 |
|  261900.0 |   0.02383 |  151.0 |
|  262000.0 |   0.02303 |  152.0 |
| 262099.98 |   0.02225 |  153.0 |
|  262200.0 |   0.02145 |  154.0 |
|  262300.0 |   0.02073 |  153.0 |
|  262400.0 |   0.02001 |  153.0 |
|  262500.0 |   0.01938 |  151.0 |
|  262600.0 |   0.01904 |  148.0 |
|  262700.0 |   0.01878 |  144.0 |
|  262800.0 |   0.01844 |  141.0 |
|  262900.0 |    0.0186 |  139.0 |
|  263000.0 |   0.01868 |  137.0 |
|  263100.0 |   0.01885 |  135.0 |
|  263200.0 |   0.01905 |  135.0 |
|  263300.0 |   0.01926 |  136.0 |
|  263400.0 |   0.01947 |  138.0 |
|  263500.0 |   0.01958 |  140.0 |
|  263600.0 |   0.01968 |  140.0 |
|  263700.0 |   0.01969 |  142.0 |
|  263800.0 |    0.0197 |  143.0 |
|  263900.0 |    0.0197 |  144.0 |
|  264000.0 |   0.01961 |  145.0 |
|  264100.0 |   0.01951 |  146.0 |
|  264200.0 |   0.01952 |  147.0 |
|  264300.0 |   0.01952 |  148.0 |
|  264400.0 |   0.01952 |  149.0 |
|  264500.0 |   0.01953 |  150.0 |
|  264600.0 |   0.01955 |  152.0 |
|  264700.0 |   0.01957 |  154.0 |
|  264800.0 |   0.01958 |  156.0 |
|  264900.0 |   0.01931 |  160.0 |
|  265000.0 |   0.01905 |  164.0 |
|  265100.0 |   0.01878 |  168.0 |
|  265200.0 |   0.01834 |  173.0 |
|  265300.0 |   0.01769 |  178.0 |
|  265400.0 |   0.01704 |  184.0 |
|  265500.0 |    0.0164 |  190.0 |
|  265600.0 |   0.01574 |  194.0 |
|  265700.0 |   0.01499 |  199.0 |
|  265800.0 |   0.01432 |  203.0 |
|  265900.0 |   0.01356 |  208.0 |
|  266000.0 |   0.01295 |  210.0 |
|  266100.0 |   0.01227 |  213.0 |
|  266200.0 |    0.0116 |  218.0 |
|  266300.0 |   0.01092 |  228.0 |
|  266400.0 |   0.01025 |  236.0 |
|  266500.0 |   0.00957 |  246.0 |
|  266600.0 |  0.008922 |  264.0 |
|  266700.0 |  0.008275 |  284.0 |
|  266800.0 |   0.00761 |  304.0 |
|  266900.0 |  0.007119 |  333.0 |
|  267000.0 |  0.007046 |  378.0 |
|  267100.0 |  0.006893 |  418.0 |
|  267200.0 |  0.006626 |  453.0 |
|  267300.0 |   0.02397 |  680.0 |
|  267400.0 |   0.02668 |  699.0 |
|  267500.0 |   0.02662 |  703.0 |
|  267600.0 |    0.0269 |  707.0 |
|  267700.0 |   0.02601 |  707.0 |
|  267800.0 |   0.02512 |  707.0 |
|  267900.0 |   0.02432 |  707.0 |
|  268000.0 |   0.02352 |  707.0 |
|  268100.0 |   0.02272 |  707.0 |
|  268200.0 |   0.02194 |  707.0 |
|  268300.0 |   0.02105 |  707.0 |
|  268400.0 |   0.02012 |  707.0 |
|  268500.0 |   0.01923 |  707.0 |
|  268600.0 |   0.01838 |  707.0 |
|  268700.0 |   0.01756 |  707.0 |
|  268800.0 |    0.0168 |  707.0 |
|  268900.0 |   0.01606 |  707.0 |
|  269000.0 |   0.01535 |  707.0 |
|  269100.0 |   0.01469 |  707.0 |
|  269200.0 |   0.01405 |  707.0 |
|  269300.0 |   0.01344 |  707.0 |
|  269400.0 |   0.01286 |  707.0 |
|  269500.0 |   0.01228 |  707.0 |
|  269600.0 |   0.01173 |  707.0 |
|  269700.0 |   0.01121 |  707.0 |
|  269800.0 |    0.0107 |  707.0 |
|  269900.0 |    0.0102 |  707.0 |
|  270000.0 |  0.009597 |  706.0 |
|  270100.0 |  0.008902 |  706.0 |
|  270200.0 |  0.008212 |  704.0 |
|  270300.0 |  0.007197 |  683.0 |
|  270400.0 |  0.004399 |  416.0 |
|  270500.0 |  0.004714 |  385.0 |
|  270600.0 |  0.005076 |  350.0 |
|  270700.0 |  0.005503 |  313.0 |
|  270800.0 |  0.005816 |  305.0 |
|  270900.0 |  0.006134 |  296.0 |
|  271000.0 |  0.006456 |  288.0 |
|  271100.0 |  0.006676 |  283.0 |
|  271200.0 |  0.006791 |  281.0 |
|  271300.0 |  0.006884 |  280.0 |
|  271400.0 |  0.006983 |  278.0 |
|  271500.0 |  0.006949 |  278.0 |
|  271600.0 |  0.006919 |  276.0 |
|  271700.0 |  0.006884 |  274.0 |
|  271800.0 |  0.006815 |  271.0 |
|  271900.0 |  0.006726 |  267.0 |
|  272000.0 |  0.006648 |  263.0 |
|  272100.0 |  0.006575 |  258.0 |
|  272200.0 |  0.006435 |  255.0 |
|  272300.0 |  0.006261 |  253.0 |
|  272400.0 |  0.006106 |  251.0 |
|  272500.0 |  0.005894 |  250.0 |
|  272600.0 |  0.005476 |  255.0 |
|  272700.0 |  0.005061 |  260.0 |
|  272800.0 |  0.004671 |  265.0 |
|  272900.0 |   0.00411 |  278.0 |
|  273000.0 |  0.003495 |  295.0 |
|  273100.0 |  0.002938 |  311.0 |
|  273200.0 |  0.002394 |  331.0 |
|  273300.0 |  0.001428 |  412.0 |
|  273400.0 | 0.0008487 |  477.0 |
|  273500.0 | 0.0005143 |  526.0 |
|  273600.0 | 0.0003977 |  500.0 |
|  273700.0 | 6.263e-05 |  321.0 |
|  273800.0 | 0.0001042 |  707.0 |
|  273900.0 |  8.78e-05 |  707.0 |
|  274000.0 | 7.378e-05 |  707.0 |
|  274100.0 | 6.233e-05 |  707.0 |
|  274200.0 | 5.235e-05 |  707.0 |
|  274300.0 | 4.419e-05 |  707.0 |
|  274400.0 | 3.732e-05 |  707.0 |
|  274500.0 | 3.132e-05 |  707.0 |
|  274600.0 | 2.633e-05 |  707.0 |
|  274700.0 | 2.214e-05 |  707.0 |
|  274800.0 | 1.861e-05 |  707.0 |
|  274900.0 | 1.562e-05 |  707.0 |
|  275000.0 | 1.315e-05 |  707.0 |
|  275100.0 | 1.105e-05 |  707.0 |
|  275200.0 | 9.278e-06 |  707.0 |
|  275300.0 | 7.795e-06 |  707.0 |
|  275400.0 | 7.077e-06 |  707.0 |
|  275500.0 | 6.625e-06 |  707.0 |
|  275600.0 | 6.192e-06 |  707.0 |
|  275700.0 | 5.796e-06 |  707.0 |
|  275800.0 | 5.401e-06 |  707.0 |
|  275900.0 |  5.06e-06 |  707.0 |
|  276000.0 | 4.737e-06 |  707.0 |
|  276100.0 | 4.432e-06 |  707.0 |
|  276200.0 | 4.146e-06 |  707.0 |
|  276300.0 | 3.878e-06 |  707.0 |
|  276400.0 | 3.628e-06 |  707.0 |
|  276500.0 | 3.378e-06 |  707.0 |
|  276600.0 | 3.159e-06 |  707.0 |
|  276700.0 | 2.953e-06 |  707.0 |
|  276800.0 | 2.763e-06 |  707.0 |
|  276900.0 | 2.577e-06 |  707.0 |
|  277000.0 | 2.404e-06 |  707.0 |
|  277100.0 | 2.249e-06 |  707.0 |
|  277200.0 | 4.774e-06 |  658.0 |
|  277300.0 | 7.185e-06 |  642.0 |
|  277400.0 |  1.73e-05 |  597.0 |
|  277500.0 | 8.755e-05 |  502.0 |
|  277600.0 |  0.000803 |  332.0 |
|  277700.0 |  0.001069 |  314.0 |
|  277800.0 |  0.001401 |  295.0 |
|  277900.0 |  0.001799 |  276.0 |
|  278000.0 |  0.002105 |  265.0 |
|  278100.0 |  0.002185 |  265.0 |
|  278200.0 |  0.002243 |  267.0 |
|  278300.0 |  0.002323 |  267.0 |
|  278400.0 |  0.002347 |  269.0 |
|  278500.0 |  0.002352 |  272.0 |
|  278600.0 |  0.002359 |  275.0 |
|  278700.0 |  0.002369 |  278.0 |
|  278800.0 |  0.002355 |  281.0 |
|  278900.0 |  0.002352 |  284.0 |
|  279000.0 |  0.002351 |  286.0 |
|  279100.0 |  0.002314 |  290.0 |
|  279200.0 |  0.002129 |  298.0 |
|  279300.0 |   0.00197 |  306.0 |
|  279400.0 |  0.001816 |  313.0 |
|  279500.0 |  0.001518 |  329.0 |
|  279600.0 |  0.001113 |  354.0 |
|  279700.0 | 0.0008091 |  379.0 |
|  279800.0 | 0.0005917 |  402.0 |
|  279900.0 | 0.0001311 |  519.0 |
|  280000.0 |  3.66e-05 |  604.0 |
|  280500.0 | 8.797e-06 |  707.0 |
|  281000.0 | 1.064e-05 |  707.0 |
|  281500.0 | 1.148e-05 |  707.0 |
|  282000.0 | 1.242e-05 |  707.0 |
|  282500.0 | 1.351e-05 |  707.0 |
|  283000.0 | 1.417e-05 |  707.0 |
|  283500.0 |  1.39e-05 |  707.0 |
|  284000.0 | 1.378e-05 |  707.0 |
|  284500.0 | 1.371e-05 |  707.0 |
|  285000.0 | 1.266e-05 |  707.0 |
|  285500.0 | 1.089e-05 |  707.0 |
