# Units:
#  "lambda" is in Angstroms
#  "pass" is the contribution to the detector signal per photon
# 
# Bandpass Name(s): W3
# 
# Instrument: WISE
# 
# Determined by: WISE team
# 
# Date of determination: sometime before 2009-Aug-04
# 
# Meaning of/Reason for default column: Only column available
# 
# Notes:
#  Obtained from the web site
#   http://www.astro.ucla.edu/~wright/WISE/passbands.html
# 
# Mike Blanton, NYU 2011-Apr-11
|    lambda |      pass |    unc |
|   25300.0 | 7.881e-16 |  342.0 |
|   25400.0 | 2.569e-15 |  343.0 |
|   25500.0 | 4.239e-14 |  344.0 |
|   25600.0 | 4.248e-15 |  342.0 |
|   25700.0 | 2.295e-15 |  343.0 |
|   25800.0 | 1.714e-14 |  342.0 |
|   25900.0 |  2.36e-18 |  343.0 |
|   26000.0 | 6.839e-15 |  341.0 |
| 26099.998 | 1.051e-14 |  340.0 |
| 26199.998 | 2.846e-14 |  340.0 |
| 26300.002 | 1.439e-14 |  339.0 |
| 26400.002 | 3.569e-15 |  339.0 |
|   26500.0 | 6.334e-15 |  340.0 |
|   26600.0 | 3.919e-16 |  339.0 |
|   26700.0 | 1.584e-14 |  337.0 |
|   26800.0 |  1.23e-14 |  337.0 |
|   26900.0 | 1.676e-14 |  337.0 |
|   27000.0 | 9.608e-15 |  336.0 |
|   27100.0 | 4.714e-15 |  336.0 |
|   27200.0 | 7.747e-15 |  336.0 |
|   27300.0 | 8.743e-14 |  336.0 |
|   27400.0 | 1.754e-14 |  335.0 |
|   27500.0 | 1.335e-14 |  334.0 |
|   27600.0 | 2.017e-13 |  334.0 |
|   27700.0 | 1.213e-14 |  334.0 |
|   27800.0 | 1.575e-14 |  333.0 |
|   27900.0 | 6.245e-16 |  333.0 |
|   28000.0 | 3.361e-16 |  333.0 |
|   28100.0 | 6.194e-17 |  332.0 |
|   28200.0 | 1.819e-15 |  332.0 |
|   28300.0 | 2.308e-15 |  331.0 |
|   28400.0 |  2.08e-14 |  331.0 |
|   28500.0 | 8.315e-15 |  330.0 |
| 28599.998 | 3.115e-15 |  330.0 |
| 28699.998 | 2.756e-15 |  329.0 |
| 28800.002 | 2.809e-15 |  329.0 |
| 28900.002 | 3.048e-14 |  328.0 |
|   29000.0 |  3.32e-14 |  329.0 |
|   29100.0 | 1.475e-13 |  327.0 |
|   29200.0 | 9.895e-16 |  327.0 |
|   29300.0 |  2.82e-14 |  327.0 |
|   29400.0 | 2.226e-14 |  326.0 |
|   29500.0 | 2.071e-14 |  325.0 |
|   29600.0 | 3.718e-15 |  326.0 |
|   29700.0 | 2.146e-15 |  325.0 |
|   29800.0 | 3.079e-16 |  324.0 |
|   29900.0 | 1.568e-13 |  342.0 |
|   30000.0 | 3.864e-13 |  341.0 |
|   30100.0 | 1.768e-15 |  322.0 |
|   30200.0 | 3.508e-14 |  322.0 |
|   30300.0 | 1.697e-14 |  322.0 |
|   30400.0 | 2.113e-15 |  321.0 |
|   30500.0 | 2.988e-14 |  321.0 |
|   30600.0 | 3.922e-16 |  320.0 |
|   30700.0 | 1.305e-14 |  320.0 |
|   30800.0 | 1.667e-12 |  337.0 |
|   30900.0 | 1.655e-12 |  337.0 |
|   31000.0 |  1.02e-14 |  319.0 |
| 31099.998 | 4.239e-14 |  318.0 |
| 31199.998 | 2.522e-14 |  318.0 |
| 31300.002 |  6.59e-16 |  317.0 |
| 31400.002 | 1.006e-14 |  317.0 |
|   31500.0 | 4.248e-15 |  317.0 |
|   31600.0 | 6.499e-15 |  316.0 |
|   31700.0 | 4.209e-14 |  316.0 |
|   31800.0 | 8.015e-14 |  316.0 |
|   31900.0 | 9.559e-15 |  315.0 |
|   32000.0 | 2.432e-14 |  315.0 |
|   32100.0 | 4.385e-15 |  315.0 |
|   32200.0 | 3.762e-14 |  313.0 |
|   32300.0 | 7.531e-14 |  313.0 |
|   32400.0 | 1.204e-14 |  312.0 |
|   32500.0 | 7.082e-15 |  312.0 |
|   32600.0 |   2.6e-14 |  312.0 |
|   32700.0 |  1.12e-13 |  312.0 |
|   32800.0 |  2.38e-14 |  311.0 |
|   32900.0 | 4.367e-14 |  311.0 |
|   33000.0 | 2.468e-14 |  309.0 |
|   33100.0 | 6.965e-14 |  309.0 |
|   33200.0 | 2.205e-13 |  309.0 |
|   33300.0 | 2.034e-13 |  309.0 |
|   33400.0 | 2.752e-14 |  309.0 |
|   33500.0 | 5.893e-14 |  308.0 |
|   33600.0 | 7.243e-15 |  308.0 |
|   33700.0 | 1.854e-13 |  306.0 |
|   33800.0 | 3.233e-14 |  306.0 |
|   33900.0 | 1.662e-14 |  307.0 |
|   34000.0 | 4.203e-14 |  306.0 |
|   34100.0 | 3.925e-14 |  306.0 |
|   34200.0 |   1.9e-14 |  306.0 |
|   34300.0 | 3.699e-17 |  305.0 |
|   34400.0 |  1.96e-14 |  305.0 |
|   34500.0 | 3.648e-14 |  304.0 |
|   34600.0 | 1.093e-14 |  304.0 |
|   34700.0 | 1.496e-14 |  302.0 |
|   34800.0 | 2.542e-13 |  302.0 |
|   34900.0 | 1.543e-14 |  302.0 |
|   35000.0 | 1.305e-13 |  301.0 |
|   35100.0 | 1.778e-13 |  300.0 |
|   35200.0 |  4.18e-14 |  301.0 |
|   35300.0 | 4.653e-13 |  302.0 |
|   35400.0 | 2.543e-14 |  301.0 |
|   35500.0 | 1.553e-13 |  299.0 |
|   35600.0 | 6.269e-13 |  313.0 |
|   35700.0 | 5.781e-15 |  298.0 |
|   35800.0 | 5.123e-14 |  298.0 |
|   35900.0 | 3.433e-15 |  297.0 |
|   36000.0 | 7.908e-14 |  298.0 |
|   36100.0 | 1.911e-14 |  297.0 |
|   36200.0 | 8.563e-14 |  296.0 |
|   36300.0 | 1.502e-12 |  309.0 |
|   36400.0 | 3.744e-14 |  294.0 |
|   36500.0 | 2.618e-12 |  307.0 |
|   36600.0 | 1.334e-12 |  309.0 |
|   36700.0 | 2.019e-12 |  306.0 |
|   36800.0 | 4.074e-12 |  306.0 |
|   36900.0 |  1.37e-12 |  306.0 |
|   37000.0 | 2.669e-15 |  293.0 |
|   37100.0 | 1.756e-14 |  292.0 |
|   37200.0 | 9.076e-15 |  291.0 |
|   37300.0 | 7.329e-14 |  290.0 |
|   37400.0 | 1.165e-12 |  303.0 |
|   37500.0 | 2.875e-14 |  290.0 |
|   37600.0 |  1.55e-14 |  290.0 |
|   37700.0 | 7.578e-14 |  289.0 |
|   37800.0 | 8.766e-13 |  301.0 |
|   37900.0 | 7.586e-14 |  288.0 |
|   38000.0 | 2.743e-13 |  287.0 |
|   38100.0 | 2.055e-12 |  299.0 |
|   38200.0 | 5.524e-14 |  287.0 |
|   38300.0 | 3.387e-15 |  287.0 |
|   38400.0 | 1.749e-12 |  297.0 |
|   38500.0 | 1.163e-13 |  285.0 |
|   38600.0 | 9.348e-13 |  297.0 |
|   38700.0 | 4.598e-14 |  284.0 |
|   38800.0 | 1.163e-12 |  296.0 |
|   38900.0 | 2.358e-14 |  284.0 |
|   39000.0 | 3.281e-14 |  283.0 |
|   39100.0 | 1.635e-14 |  283.0 |
|   39200.0 | 2.442e-14 |  282.0 |
|   39300.0 | 9.823e-13 |  294.0 |
|   39400.0 | 1.558e-13 |  282.0 |
|   39500.0 |  1.34e-12 |  293.0 |
|   39600.0 | 1.856e-12 |  293.0 |
|   39700.0 | 1.027e-13 |  281.0 |
|   39800.0 | 8.941e-14 |  280.0 |
|   39900.0 | 4.391e-13 |  280.0 |
|   40000.0 | 1.324e-13 |  280.0 |
| 40100.004 |  5.65e-13 |  291.0 |
|   40200.0 | 2.837e-14 |  280.0 |
| 40300.004 | 2.561e-13 |  290.0 |
|   40400.0 | 1.681e-12 |  290.0 |
|   40500.0 | 2.498e-15 |  278.0 |
|   40600.0 | 1.014e-13 |  279.0 |
|   40700.0 | 1.699e-14 |  277.0 |
|   40800.0 | 1.824e-13 |  289.0 |
|   40900.0 | 4.371e-13 |  288.0 |
|   41000.0 | 5.179e-13 |  288.0 |
|   41100.0 | 1.594e-14 |  276.0 |
|   41200.0 | 2.314e-13 |  276.0 |
|   41300.0 | 2.656e-14 |  276.0 |
|   41400.0 |  1.57e-14 |  276.0 |
|   41500.0 | 3.399e-13 |  287.0 |
|   41600.0 | 1.939e-13 |  275.0 |
|   41700.0 | 1.544e-14 |  275.0 |
|   41800.0 | 5.167e-14 |  273.0 |
|   41900.0 | 7.325e-14 |  272.0 |
|   42000.0 | 3.341e-14 |  273.0 |
|   42100.0 | 7.784e-13 |  284.0 |
| 42199.996 | 8.746e-14 |  272.0 |
|   42300.0 | 6.948e-13 |  283.0 |
| 42399.996 | 1.384e-14 |  272.0 |
|   42500.0 | 8.174e-13 |  283.0 |
| 42600.004 |     5e-13 |  283.0 |
|   42700.0 | 6.165e-13 |  281.0 |
| 42800.004 | 2.025e-13 |  281.0 |
|   42900.0 | 2.248e-13 |  281.0 |
|   43000.0 | 2.233e-14 |  269.0 |
|   43100.0 | 9.104e-13 |  280.0 |
|   43200.0 | 8.079e-13 |  280.0 |
|   43300.0 | 6.019e-15 |  269.0 |
|   43400.0 | 4.916e-13 |  279.0 |
|   43500.0 | 1.016e-12 |  278.0 |
|   43600.0 | 6.785e-14 |  268.0 |
|   43700.0 | 2.168e-13 |  267.0 |
|   43800.0 | 1.159e-13 |  268.0 |
|   43900.0 | 3.107e-14 |  267.0 |
|   44000.0 | 8.764e-13 |  277.0 |
|   44100.0 | 2.337e-12 |  275.0 |
|   44200.0 | 8.609e-14 |  265.0 |
|   44300.0 | 1.381e-12 |  276.0 |
|   44400.0 | 3.351e-12 |  275.0 |
|   44500.0 | 4.077e-13 |  264.0 |
|   44600.0 |  2.25e-13 |  264.0 |
| 44699.996 | 1.447e-13 |  264.0 |
|   44800.0 | 5.122e-14 |  263.0 |
| 44899.996 | 1.469e-13 |  264.0 |
|   45000.0 | 1.213e-13 |  262.0 |
| 45100.004 | 1.456e-13 |  263.0 |
|   45200.0 | 1.822e-13 |  262.0 |
| 45300.004 | 2.083e-12 |  272.0 |
|   45400.0 | 1.237e-12 |  271.0 |
|   45500.0 | 3.622e-14 |  261.0 |
|   45600.0 | 3.862e-12 |  269.0 |
|   45700.0 | 2.748e-13 |  260.0 |
|   45800.0 | 2.075e-13 |  260.0 |
|   45900.0 | 1.405e-13 |  260.0 |
|   46000.0 | 2.944e-12 |  269.0 |
|   46100.0 | 2.392e-12 |  268.0 |
|   46200.0 | 2.962e-13 |  258.0 |
|   46300.0 |  2.42e-12 |  268.0 |
|   46400.0 | 4.177e-12 |  267.0 |
|   46500.0 | 3.011e-14 |  258.0 |
|   46600.0 | 3.443e-15 |  258.0 |
|   46700.0 | 2.757e-14 |  258.0 |
|   46800.0 | 2.291e-12 |  265.0 |
|   46900.0 | 1.163e-13 |  257.0 |
|   47000.0 | 1.381e-13 |  255.0 |
|   47100.0 | 9.779e-14 |  256.0 |
| 47199.996 | 4.176e-14 |  255.0 |
|   47300.0 | 4.826e-14 |  255.0 |
| 47399.996 | 2.152e-14 |  255.0 |
|   47500.0 | 9.154e-13 |  263.0 |
| 47600.004 | 1.865e-13 |  253.0 |
|   47700.0 | 5.911e-14 |  253.0 |
| 47800.004 | 1.742e-12 |  262.0 |
|   47900.0 |  1.35e-13 |  253.0 |
|   48000.0 | 1.242e-13 |  253.0 |
|   48100.0 | 1.021e-13 |  252.0 |
|   48200.0 |  4.28e-12 |  261.0 |
|   48300.0 | 1.574e-14 |  251.0 |
|   48400.0 | 1.514e-12 |  260.0 |
|   48500.0 |  5.62e-12 |  258.0 |
|   48600.0 | 4.841e-12 |  259.0 |
|   48700.0 | 2.116e-13 |  251.0 |
|   48800.0 | 3.672e-13 |  249.0 |
|   48900.0 | 4.443e-13 |  250.0 |
|   49000.0 | 8.335e-14 |  249.0 |
|   49100.0 | 9.692e-14 |  249.0 |
|   49200.0 | 1.004e-13 |  248.0 |
|   49300.0 |  7.43e-12 |  256.0 |
|   49400.0 | 5.981e-12 |  256.0 |
|   49500.0 | 5.799e-12 |  255.0 |
|   49600.0 | 1.227e-11 |  255.0 |
| 49699.996 | 1.786e-11 |  254.0 |
|   49800.0 | 1.151e-11 |  254.0 |
| 49899.996 | 2.274e-13 |  246.0 |
|   50000.0 | 1.781e-11 |  253.0 |
| 50100.004 | 1.094e-11 |  253.0 |
|   50200.0 |   7.1e-12 |  251.0 |
| 50300.004 | 2.239e-12 |  244.0 |
|   50400.0 | 5.988e-12 |  244.0 |
|   50500.0 | 1.045e-10 |  251.0 |
|   50600.0 | 1.881e-10 |  251.0 |
|   50700.0 | 1.288e-11 |  243.0 |
|   50800.0 | 2.693e-11 |  243.0 |
|   50900.0 | 1.131e-11 |  243.0 |
|   51000.0 | 1.081e-10 |  249.0 |
|   51100.0 | 5.374e-08 |   79.0 |
|   51200.0 | 5.282e-08 |   78.0 |
|   51300.0 | 5.672e-08 |   77.0 |
|   51400.0 | 4.036e-08 |   76.0 |
|   51500.0 | 4.115e-08 |   76.0 |
|   51600.0 | 3.799e-08 |   75.0 |
|   51700.0 | 3.526e-08 |   75.0 |
|   51800.0 | 3.261e-08 |   76.0 |
|   51900.0 | 4.859e-08 |   76.0 |
|   52000.0 | 4.647e-08 |   77.0 |
|   52100.0 | 3.574e-08 |   77.0 |
| 52199.996 | 3.056e-08 |   78.0 |
|   52300.0 | 3.124e-08 |   78.0 |
| 52399.996 | 3.269e-08 |   79.0 |
|   52500.0 | 4.826e-08 |   79.0 |
| 52600.004 |  3.99e-08 |   79.0 |
|   52700.0 |  4.06e-08 |   78.0 |
| 52800.004 | 4.437e-08 |   78.0 |
|   52900.0 | 5.022e-08 |   77.0 |
|   53000.0 | 4.027e-08 |   76.0 |
|   53100.0 | 5.383e-08 |   75.0 |
|   53200.0 | 5.773e-08 |   74.0 |
|   53300.0 | 6.049e-08 |   73.0 |
|   53400.0 | 5.459e-08 |   72.0 |
|   53500.0 | 5.656e-08 |   72.0 |
|   53600.0 | 3.697e-08 |   71.0 |
|   53700.0 | 4.265e-08 |   70.0 |
|   53800.0 | 5.231e-08 |   70.0 |
|   53900.0 | 5.364e-08 |   70.0 |
|   54000.0 | 5.302e-08 |   71.0 |
|   54100.0 | 5.353e-08 |   71.0 |
|   54200.0 | 4.134e-08 |   71.0 |
|   54300.0 | 3.768e-08 |   71.0 |
|   54400.0 | 5.099e-08 |   70.0 |
|   54500.0 | 6.304e-08 |   70.0 |
|   54600.0 | 6.161e-08 |   69.0 |
| 54699.996 |  6.96e-08 |   69.0 |
|   54800.0 | 7.167e-08 |   68.0 |
| 54899.996 | 6.998e-08 |   67.0 |
|   55000.0 | 7.024e-08 |   66.0 |
| 55100.004 | 7.112e-08 |   66.0 |
|   55200.0 | 7.209e-08 |   66.0 |
| 55300.004 | 7.247e-08 |   65.0 |
|   55400.0 | 7.191e-08 |   66.0 |
|   55500.0 | 7.223e-08 |   66.0 |
|   55600.0 | 7.243e-08 |   67.0 |
|   55700.0 | 7.253e-08 |   68.0 |
|   55800.0 | 7.268e-08 |   69.0 |
|   55900.0 | 7.172e-08 |   70.0 |
|   56000.0 | 7.139e-08 |   70.0 |
|   56100.0 | 7.079e-08 |   72.0 |
|   56200.0 | 7.244e-08 |   73.0 |
|   56300.0 | 7.253e-08 |   75.0 |
|   56400.0 | 7.072e-08 |   76.0 |
|   56500.0 | 6.998e-08 |   76.0 |
|   56600.0 | 6.911e-08 |   74.0 |
|   56700.0 | 6.902e-08 |   73.0 |
|   56800.0 |  6.76e-08 |   71.0 |
|   56900.0 | 6.554e-08 |   70.0 |
|   57000.0 | 6.512e-08 |   68.0 |
|   57100.0 |  6.71e-08 |   67.0 |
| 57199.996 | 6.579e-08 |   66.0 |
|   57300.0 |  6.57e-08 |   65.0 |
| 57399.996 | 6.797e-08 |   64.0 |
|   57500.0 | 7.022e-08 |   65.0 |
| 57600.004 | 7.159e-08 |   66.0 |
|   57700.0 | 7.197e-08 |   66.0 |
| 57800.004 | 7.066e-08 |   65.0 |
|   57900.0 | 7.329e-08 |   64.0 |
|   58000.0 | 7.403e-08 |   65.0 |
|   58100.0 | 7.552e-08 |   65.0 |
|   58200.0 | 7.891e-08 |   66.0 |
|   58300.0 | 7.952e-08 |   66.0 |
|   58400.0 | 7.898e-08 |   65.0 |
|   58500.0 |  8.06e-08 |   64.0 |
|   58600.0 | 7.883e-08 |   64.0 |
|   58700.0 | 7.931e-08 |   65.0 |
|   58800.0 | 8.019e-08 |   66.0 |
|   58900.0 | 8.298e-08 |   66.0 |
|   59000.0 | 8.105e-08 |   65.0 |
|   59100.0 | 8.085e-08 |   64.0 |
|   59200.0 | 8.087e-08 |   64.0 |
|   59300.0 |  8.39e-08 |   65.0 |
|   59400.0 |  8.45e-08 |   65.0 |
|   59500.0 | 8.642e-08 |   65.0 |
|   59600.0 | 8.803e-08 |   64.0 |
| 59699.996 |  9.06e-08 |   65.0 |
|   59800.0 | 8.867e-08 |   66.0 |
| 59899.996 | 9.125e-08 |   66.0 |
|   60000.0 | 8.951e-08 |   67.0 |
| 60100.004 | 9.021e-08 |   68.0 |
|   60200.0 | 9.268e-08 |   68.0 |
| 60300.004 |  9.34e-08 |   69.0 |
|   60400.0 | 9.762e-08 |   72.0 |
|   60500.0 | 9.764e-08 |   73.0 |
|   60600.0 | 9.402e-08 |   73.0 |
|   60700.0 | 9.818e-08 |   72.0 |
|   60800.0 | 9.727e-08 |   71.0 |
|   60900.0 | 1.032e-07 |   71.0 |
|   61000.0 | 1.071e-07 |   70.0 |
|   61100.0 | 1.126e-07 |   71.0 |
|   61200.0 | 1.211e-07 |   72.0 |
|   61300.0 | 1.414e-07 |   71.0 |
|   61400.0 | 1.653e-07 |   74.0 |
|   61500.0 | 2.071e-07 |   78.0 |
|   61600.0 | 2.557e-07 |   84.0 |
|   61700.0 |  3.35e-07 |   95.0 |
|   61800.0 | 4.488e-07 |  114.0 |
|   61900.0 |  6.24e-07 |  140.0 |
|   62000.0 | 8.665e-07 |  170.0 |
|   62100.0 |  1.09e-06 |  219.0 |
| 62199.996 | 1.231e-06 |  267.0 |
|   62300.0 | 1.654e-06 |  301.0 |
| 62399.996 | 1.282e-06 |  308.0 |
|   62500.0 | 1.848e-06 |  282.0 |
| 62600.004 | 1.569e-06 |  306.0 |
|   62700.0 | 1.588e-06 |  339.0 |
| 62800.004 | 1.982e-06 |  357.0 |
|   62900.0 | 1.164e-06 |  444.0 |
|   63000.0 | 1.417e-06 |  478.0 |
|   63100.0 | 1.082e-06 |  523.0 |
|   63200.0 | 6.288e-07 |  527.0 |
|   63300.0 | 8.237e-07 |  485.0 |
|   63400.0 | 1.566e-06 |  429.0 |
|   63500.0 | 9.639e-07 |  465.0 |
|   63600.0 |  6.26e-09 |  907.0 |
|   63700.0 | 2.109e-07 |  701.0 |
|   63800.0 | 5.801e-09 |  919.0 |
|   63900.0 |  1.45e-06 |  405.0 |
|   64000.0 | 1.747e-06 |  380.0 |
|   64100.0 | 1.298e-06 |  444.0 |
|   64200.0 | 1.127e-06 |  492.0 |
|   64300.0 | 1.954e-06 |  496.0 |
|   64400.0 | 1.302e-08 |  931.0 |
|   64500.0 | 3.667e-07 |  700.0 |
|   64600.0 | 4.162e-09 |  910.0 |
| 64699.996 | 5.823e-07 |  515.0 |
|   64800.0 | 3.356e-07 |  566.0 |
| 64899.996 | 1.845e-07 |  614.0 |
|   65000.0 | 1.266e-07 |  641.0 |
| 65100.004 | 1.428e-06 |  680.0 |
|   65200.0 | 4.058e-06 |  562.0 |
| 65300.004 | 3.138e-06 |  562.0 |
|   65400.0 | 5.837e-07 |  680.0 |
|   65500.0 | 2.648e-07 |  680.0 |
|   65600.0 | 4.808e-08 |  707.0 |
|   65700.0 |  5.74e-11 | 1000.0 |
|   65800.0 | 4.531e-11 | 1000.0 |
|   65900.0 | 3.605e-11 | 1000.0 |
|   66000.0 | 2.984e-11 | 1000.0 |
|   66100.0 | 2.776e-11 | 1000.0 |
|   66200.0 | 2.961e-11 | 1000.0 |
|   66300.0 | 6.492e-08 |  707.0 |
|   66400.0 |  3.98e-08 |  707.0 |
|   66500.0 | 5.087e-11 | 1000.0 |
|   66600.0 |   6.1e-11 | 1000.0 |
|   66700.0 | 6.807e-11 | 1000.0 |
|   66800.0 | 7.298e-11 | 1000.0 |
|   66900.0 | 7.628e-11 | 1000.0 |
|   67000.0 | 1.473e-07 |  707.0 |
|   67100.0 | 6.826e-11 | 1000.0 |
|   67200.0 | 5.746e-11 | 1000.0 |
|   67300.0 | 1.222e-07 |  562.0 |
|   67400.0 | 3.187e-06 |  562.0 |
|   67500.0 |   3.9e-07 |  679.0 |
|   67600.0 | 2.938e-06 |  563.0 |
|   67700.0 |  2.84e-06 |  563.0 |
|   67800.0 |  7.78e-07 |  680.0 |
|   67900.0 | 4.565e-06 |  562.0 |
|   68000.0 |  1.19e-06 |  680.0 |
|   68100.0 | 6.164e-06 |  562.0 |
|   68200.0 | 1.169e-05 |  563.0 |
|   68300.0 | 8.813e-06 |  562.0 |
|   68400.0 | 1.111e-05 |  562.0 |
|   68500.0 | 8.323e-06 |  562.0 |
|   68600.0 | 2.384e-06 |  680.0 |
|   68700.0 | 2.573e-06 |  680.0 |
|   68800.0 | 9.819e-06 |  562.0 |
|   68900.0 | 1.291e-05 |  562.0 |
|   69000.0 | 1.749e-05 |  563.0 |
|   69100.0 | 3.118e-06 |  680.0 |
|   69200.0 | 1.694e-05 |  562.0 |
|   69300.0 | 3.068e-06 |  681.0 |
|   69400.0 | 3.033e-06 |  680.0 |
|   69500.0 | 3.025e-06 |  680.0 |
|   69600.0 | 3.058e-06 |  680.0 |
|   69700.0 | 3.277e-06 |  680.0 |
|   69800.0 | 1.139e-05 |  562.0 |
|   69900.0 | 3.415e-06 |  680.0 |
|   70000.0 | 3.014e-06 |  681.0 |
|   70100.0 | 1.098e-05 |  562.0 |
|   70200.0 | 6.252e-09 | 1000.0 |
|   70300.0 | 8.193e-09 | 1000.0 |
|   70400.0 | 5.188e-07 |  707.0 |
|   70500.0 |  1.38e-08 | 1000.0 |
|   70600.0 | 2.341e-06 |  707.0 |
|   70700.0 | 2.337e-08 | 1000.0 |
|   70800.0 | 3.016e-08 | 1000.0 |
|   70900.0 | 3.896e-08 | 1000.0 |
|   71000.0 | 4.282e-06 |  707.0 |
|   71100.0 | 6.511e-08 | 1000.0 |
|   71200.0 |  8.52e-08 | 1000.0 |
|   71300.0 |  1.12e-07 | 1000.0 |
|   71400.0 | 1.478e-07 | 1000.0 |
|   71500.0 | 1.992e-07 | 1000.0 |
|   71600.0 | 9.977e-06 |  707.0 |
|   71700.0 | 3.732e-07 | 1000.0 |
|   71800.0 | 5.211e-07 | 1000.0 |
|   71900.0 | 7.329e-07 | 1000.0 |
|   72000.0 | 2.367e-05 |  707.0 |
|   72100.0 |  0.001449 |  245.0 |
|   72200.0 |  0.001426 |  241.0 |
|   72300.0 |  0.001781 |  194.0 |
|   72400.0 |  0.001871 |  211.0 |
|   72500.0 |  0.001722 |  236.0 |
|   72600.0 |  0.001807 |  202.0 |
|   72700.0 |  0.001602 |  223.0 |
|   72800.0 | 0.0009638 |  300.0 |
|   72900.0 |   0.00137 |  277.0 |
|   73000.0 |  0.002237 |  157.0 |
|   73100.0 |  0.002801 |  106.0 |
|   73200.0 |   0.00298 |  154.0 |
|   73300.0 |  0.002918 |  157.0 |
|   73400.0 |  0.003123 |  138.0 |
|   73500.0 |  0.003044 |  123.0 |
|   73600.0 |  0.002752 |  128.0 |
|   73700.0 |  0.002747 |  152.0 |
|   73800.0 |  0.002611 |  143.0 |
|   73900.0 |  0.002777 |  119.0 |
|   74000.0 |  0.003004 |  152.0 |
|   74100.0 |  0.003507 |  198.0 |
|   74200.0 |  0.004445 |  185.0 |
|   74300.0 |  0.005815 |  131.0 |
|   74400.0 |  0.007552 |   83.0 |
|   74500.0 |  0.009546 |   58.0 |
|   74600.0 |   0.01174 |   54.0 |
|   74700.0 |   0.01417 |   62.0 |
|   74800.0 |   0.01724 |   72.0 |
|   74900.0 |   0.02125 |   84.0 |
|   75000.0 |   0.02693 |   95.0 |
|   75100.0 |   0.03488 |  105.0 |
|   75200.0 |   0.04599 |  113.0 |
|   75300.0 |   0.06104 |  118.0 |
|   75400.0 |   0.08063 |  118.0 |
|   75500.0 |    0.1044 |  112.0 |
|   75600.0 |     0.132 |  103.0 |
|   75700.0 |    0.1605 |   90.0 |
|   75800.0 |    0.1851 |   75.0 |
|   75900.0 |    0.2039 |   58.0 |
|   76000.0 |    0.2149 |   42.0 |
|   76100.0 |    0.2179 |   29.0 |
|   76200.0 |     0.214 |   20.0 |
|   76300.0 |     0.206 |   15.0 |
|   76400.0 |     0.196 |   13.0 |
|   76500.0 |     0.187 |   13.0 |
|   76600.0 |     0.179 |   12.0 |
|   76700.0 |     0.173 |   13.0 |
|   76800.0 |     0.168 |   15.0 |
|   76900.0 |     0.165 |   14.0 |
|   77000.0 |     0.164 |   14.0 |
|   77100.0 |     0.164 |   14.0 |
|   77200.0 |     0.164 |   13.0 |
|   77300.0 |     0.165 |   13.0 |
|   77400.0 |     0.166 |   13.0 |
|   77500.0 |     0.166 |   15.0 |
|   77600.0 |     0.167 |   15.0 |
|   77700.0 |     0.168 |   14.0 |
|   77800.0 |      0.17 |   12.0 |
|   77900.0 |     0.173 |   12.0 |
|   78000.0 |     0.176 |   12.0 |
|   78100.0 |     0.179 |   11.0 |
|   78200.0 |     0.182 |   10.0 |
|   78300.0 |     0.185 |   10.0 |
|   78400.0 |     0.188 |   11.0 |
|   78500.0 |      0.19 |   12.0 |
|   78600.0 |     0.192 |   13.0 |
|   78700.0 |     0.193 |   13.0 |
|   78800.0 |     0.194 |   13.0 |
|   78900.0 |     0.195 |   13.0 |
|   79000.0 |     0.197 |   14.0 |
|   79100.0 |     0.198 |   15.0 |
|   79200.0 |       0.2 |   17.0 |
|   79300.0 |     0.204 |   18.0 |
|   79400.0 |     0.207 |   18.0 |
|   79500.0 |     0.211 |   16.0 |
|   79600.0 |     0.216 |   15.0 |
|   79700.0 |     0.222 |   13.0 |
|   79800.0 |     0.228 |   13.0 |
|   79900.0 |     0.233 |   15.0 |
|   80000.0 |     0.237 |   15.0 |
|   80100.0 |      0.24 |   16.0 |
| 80200.008 |     0.243 |   17.0 |
|   80300.0 |     0.245 |   18.0 |
|   80400.0 |     0.247 |   17.0 |
|   80500.0 |     0.248 |   15.0 |
| 80600.008 |     0.248 |   13.0 |
|   80700.0 |     0.249 |   12.0 |
|   80800.0 |     0.249 |   13.0 |
|   80900.0 |     0.251 |   13.0 |
|   81000.0 |     0.252 |   15.0 |
|   81100.0 |     0.252 |   15.0 |
|   81200.0 |     0.252 |   16.0 |
|   81300.0 |     0.251 |   16.0 |
|   81400.0 |     0.249 |   16.0 |
|   81500.0 |     0.247 |   18.0 |
|   81600.0 |     0.244 |   20.0 |
|   81700.0 |     0.241 |   19.0 |
|   81800.0 |     0.239 |   16.0 |
| 81899.992 |     0.238 |   15.0 |
|   82000.0 |     0.236 |   15.0 |
|   82100.0 |     0.235 |   16.0 |
|   82200.0 |     0.233 |   17.0 |
| 82299.992 |     0.232 |   18.0 |
|   82400.0 |     0.231 |   18.0 |
|   82500.0 |     0.229 |   19.0 |
|   82600.0 |     0.226 |   21.0 |
| 82700.008 |     0.222 |   22.0 |
|   82800.0 |     0.218 |   21.0 |
|   82900.0 |     0.214 |   19.0 |
|   83000.0 |     0.213 |   18.0 |
| 83100.008 |     0.213 |   19.0 |
|   83200.0 |     0.213 |   19.0 |
|   83300.0 |     0.214 |   18.0 |
|   83400.0 |     0.214 |   17.0 |
|   83500.0 |     0.213 |   17.0 |
|   83600.0 |     0.212 |   18.0 |
|   83700.0 |     0.212 |   19.0 |
|   83800.0 |     0.213 |   19.0 |
|   83900.0 |     0.215 |   18.0 |
|   84000.0 |     0.217 |   18.0 |
|   84100.0 |     0.218 |   18.0 |
|   84200.0 |      0.22 |   17.0 |
|   84300.0 |     0.222 |   17.0 |
| 84399.992 |     0.224 |   18.0 |
|   84500.0 |     0.226 |   18.0 |
|   84600.0 |     0.229 |   18.0 |
|   84700.0 |     0.232 |   19.0 |
| 84799.992 |     0.235 |   19.0 |
|   84900.0 |     0.238 |   19.0 |
|   85000.0 |     0.241 |   19.0 |
|   85100.0 |     0.244 |   20.0 |
| 85200.008 |     0.246 |   21.0 |
|   85300.0 |     0.248 |   21.0 |
|   85400.0 |      0.25 |   21.0 |
|   85500.0 |     0.252 |   21.0 |
| 85600.008 |     0.254 |   21.0 |
|   85700.0 |     0.255 |   21.0 |
|   85800.0 |     0.256 |   21.0 |
|   85900.0 |     0.256 |   21.0 |
|   86000.0 |     0.255 |   22.0 |
|   86100.0 |     0.254 |   23.0 |
|   86200.0 |     0.253 |   25.0 |
|   86300.0 |     0.252 |   26.0 |
|   86400.0 |      0.25 |   27.0 |
|   86500.0 |     0.249 |   26.0 |
|   86600.0 |     0.248 |   25.0 |
|   86700.0 |     0.247 |   24.0 |
|   86800.0 |     0.246 |   25.0 |
| 86899.992 |     0.244 |   26.0 |
|   87000.0 |     0.243 |   26.0 |
|   87100.0 |     0.241 |   24.0 |
|   87200.0 |      0.24 |   23.0 |
| 87299.992 |     0.239 |   23.0 |
|   87400.0 |     0.236 |   24.0 |
|   87500.0 |     0.231 |   23.0 |
|   87600.0 |      0.22 |   23.0 |
| 87700.008 |     0.201 |   22.0 |
|   87800.0 |     0.175 |   22.0 |
|   87900.0 |      0.15 |   22.0 |
|   88000.0 |     0.136 |   22.0 |
| 88100.008 |      0.14 |   22.0 |
|   88200.0 |     0.157 |   22.0 |
|   88300.0 |      0.18 |   21.0 |
|   88400.0 |       0.2 |   22.0 |
|   88500.0 |     0.214 |   22.0 |
|   88600.0 |     0.222 |   23.0 |
|   88700.0 |     0.227 |   23.0 |
|   88800.0 |      0.23 |   24.0 |
|   88900.0 |     0.233 |   23.0 |
|   89000.0 |     0.236 |   23.0 |
|   89100.0 |     0.239 |   24.0 |
|   89200.0 |     0.241 |   23.0 |
|   89300.0 |     0.243 |   23.0 |
| 89399.992 |     0.244 |   22.0 |
|   89500.0 |     0.244 |   21.0 |
|   89600.0 |     0.245 |   21.0 |
|   89700.0 |     0.246 |   21.0 |
| 89799.992 |     0.246 |   22.0 |
|   89900.0 |     0.247 |   22.0 |
|   90000.0 |     0.247 |   23.0 |
|   90100.0 |     0.246 |   23.0 |
| 90200.008 |     0.245 |   23.0 |
|   90300.0 |     0.244 |   22.0 |
|   90400.0 |     0.243 |   22.0 |
|   90500.0 |     0.242 |   22.0 |
| 90600.008 |     0.242 |   22.0 |
|   90700.0 |     0.243 |   22.0 |
|   90800.0 |     0.243 |   21.0 |
|   90900.0 |     0.244 |   21.0 |
|   91000.0 |     0.245 |   21.0 |
|   91100.0 |     0.247 |   22.0 |
|   91200.0 |     0.247 |   22.0 |
|   91300.0 |     0.248 |   21.0 |
|   91400.0 |     0.248 |   21.0 |
|   91500.0 |     0.247 |   20.0 |
|   91600.0 |     0.246 |   20.0 |
|   91700.0 |     0.244 |   20.0 |
|   91800.0 |     0.243 |   21.0 |
| 91899.992 |     0.241 |   23.0 |
|   92000.0 |      0.24 |   24.0 |
|   92100.0 |      0.24 |   24.0 |
|   92200.0 |     0.239 |   24.0 |
| 92299.992 |     0.239 |   22.0 |
|   92400.0 |     0.238 |   20.0 |
|   92500.0 |     0.238 |   19.0 |
|   92600.0 |     0.236 |   18.0 |
| 92700.008 |     0.236 |   18.0 |
|   92800.0 |     0.235 |   18.0 |
|   92900.0 |     0.235 |   18.0 |
|   93000.0 |     0.236 |   18.0 |
| 93100.008 |     0.236 |   18.0 |
|   93200.0 |     0.237 |   18.0 |
|   93300.0 |     0.237 |   18.0 |
|   93400.0 |     0.237 |   18.0 |
|   93500.0 |     0.238 |   18.0 |
|   93600.0 |     0.238 |   17.0 |
|   93700.0 |     0.237 |   17.0 |
|   93800.0 |     0.237 |   16.0 |
|   93900.0 |     0.237 |   16.0 |
|   94000.0 |     0.238 |   16.0 |
|   94100.0 |     0.238 |   17.0 |
|   94200.0 |     0.239 |   17.0 |
|   94300.0 |     0.239 |   17.0 |
| 94399.992 |      0.24 |   16.0 |
|   94500.0 |     0.241 |   16.0 |
|   94600.0 |     0.242 |   16.0 |
|   94700.0 |     0.243 |   16.0 |
| 94799.992 |     0.245 |   15.0 |
|   94900.0 |     0.247 |   15.0 |
|   95000.0 |     0.249 |   15.0 |
|   95100.0 |     0.251 |   15.0 |
| 95200.008 |     0.252 |   16.0 |
|   95300.0 |     0.252 |   16.0 |
|   95400.0 |     0.252 |   17.0 |
|   95500.0 |     0.251 |   17.0 |
| 95600.008 |     0.249 |   18.0 |
|   95700.0 |     0.248 |   18.0 |
|   95800.0 |     0.246 |   18.0 |
|   95900.0 |     0.244 |   18.0 |
|   96000.0 |     0.242 |   16.0 |
|   96100.0 |      0.24 |   14.0 |
|   96200.0 |     0.239 |   13.0 |
|   96300.0 |     0.238 |   13.0 |
|   96400.0 |     0.238 |   14.0 |
|   96500.0 |     0.239 |   15.0 |
|   96600.0 |      0.24 |   16.0 |
|   96700.0 |     0.242 |   17.0 |
|   96800.0 |     0.243 |   17.0 |
| 96899.992 |     0.245 |   16.0 |
|   97000.0 |     0.246 |   16.0 |
|   97100.0 |     0.246 |   15.0 |
|   97200.0 |     0.246 |   13.0 |
| 97299.992 |     0.246 |   11.0 |
|   97400.0 |     0.245 |   10.0 |
|   97500.0 |     0.244 |    9.0 |
|   97600.0 |     0.244 |    9.0 |
| 97700.008 |     0.244 |   10.0 |
|   97800.0 |     0.244 |   11.0 |
|   97900.0 |     0.245 |   12.0 |
|   98000.0 |     0.246 |   12.0 |
| 98100.008 |     0.247 |   13.0 |
|   98200.0 |     0.248 |   14.0 |
|   98300.0 |     0.249 |   14.0 |
|   98400.0 |      0.25 |   14.0 |
|   98500.0 |     0.251 |   14.0 |
|   98600.0 |     0.252 |   14.0 |
|   98700.0 |     0.253 |   15.0 |
|   98800.0 |     0.254 |   15.0 |
|   98900.0 |     0.255 |   15.0 |
|   99000.0 |     0.257 |   13.0 |
|   99100.0 |     0.259 |   11.0 |
|   99200.0 |     0.262 |    8.0 |
|   99300.0 |     0.264 |    6.0 |
| 99399.992 |     0.267 |    6.0 |
|   99500.0 |     0.269 |    6.0 |
|   99600.0 |     0.271 |    5.0 |
|   99700.0 |     0.273 |    6.0 |
| 99799.992 |     0.274 |    8.0 |
|   99900.0 |     0.276 |   10.0 |
|  100000.0 |     0.277 |   12.0 |
|  100100.0 |     0.279 |   13.0 |
| 100200.01 |     0.282 |   13.0 |
|  100300.0 |     0.284 |   13.0 |
|  100400.0 |     0.287 |   12.0 |
|  100500.0 |     0.291 |   12.0 |
| 100600.01 |     0.295 |   11.0 |
|  100700.0 |     0.299 |   11.0 |
|  100800.0 |     0.302 |   11.0 |
|  100900.0 |     0.306 |   11.0 |
|  101000.0 |      0.31 |   11.0 |
|  101100.0 |     0.313 |   13.0 |
|  101200.0 |     0.316 |   14.0 |
|  101300.0 |     0.319 |   15.0 |
|  101400.0 |     0.321 |   16.0 |
|  101500.0 |     0.323 |   16.0 |
|  101600.0 |     0.325 |   16.0 |
|  101700.0 |     0.327 |   15.0 |
|  101800.0 |     0.327 |   13.0 |
| 101899.99 |     0.327 |   12.0 |
|  102000.0 |     0.326 |   11.0 |
|  102100.0 |     0.324 |   11.0 |
|  102200.0 |     0.322 |   12.0 |
| 102299.99 |      0.32 |   12.0 |
|  102400.0 |     0.318 |   12.0 |
|  102500.0 |     0.317 |   11.0 |
|  102600.0 |     0.315 |   10.0 |
| 102700.01 |     0.312 |   10.0 |
|  102800.0 |      0.31 |   11.0 |
|  102900.0 |     0.307 |   12.0 |
|  103000.0 |     0.305 |   13.0 |
| 103100.01 |     0.302 |   13.0 |
|  103200.0 |     0.301 |   13.0 |
|  103300.0 |       0.3 |   12.0 |
|  103400.0 |     0.299 |   11.0 |
|  103500.0 |     0.299 |   10.0 |
|  103600.0 |     0.299 |    9.0 |
|  103700.0 |     0.299 |    9.0 |
|  103800.0 |     0.299 |    9.0 |
|  103900.0 |     0.298 |    9.0 |
|  104000.0 |     0.297 |    9.0 |
|  104100.0 |     0.296 |   10.0 |
|  104200.0 |     0.295 |   12.0 |
|  104300.0 |     0.294 |   13.0 |
| 104399.99 |     0.292 |   14.0 |
|  104500.0 |     0.292 |   15.0 |
|  104600.0 |     0.291 |   15.0 |
|  104700.0 |     0.291 |   15.0 |
| 104799.99 |     0.291 |   15.0 |
|  104900.0 |     0.292 |   14.0 |
|  105000.0 |     0.293 |   13.0 |
|  105100.0 |     0.294 |   13.0 |
| 105200.01 |     0.295 |   12.0 |
|  105300.0 |     0.295 |   12.0 |
|  105400.0 |     0.296 |   12.0 |
|  105500.0 |     0.297 |   12.0 |
| 105600.01 |     0.298 |   12.0 |
|  105700.0 |     0.299 |   12.0 |
|  105800.0 |     0.301 |   11.0 |
|  105900.0 |     0.302 |   11.0 |
|  106000.0 |     0.304 |   10.0 |
|  106100.0 |     0.305 |    9.0 |
|  106200.0 |     0.306 |    9.0 |
|  106300.0 |     0.307 |    9.0 |
|  106400.0 |     0.308 |    9.0 |
|  106500.0 |     0.309 |   10.0 |
|  106600.0 |      0.31 |   10.0 |
|  106700.0 |     0.311 |   10.0 |
|  106800.0 |     0.313 |   10.0 |
| 106899.99 |     0.314 |   11.0 |
|  107000.0 |     0.314 |   13.0 |
|  107100.0 |     0.315 |   14.0 |
|  107200.0 |     0.315 |   16.0 |
| 107299.99 |     0.314 |   17.0 |
|  107400.0 |     0.313 |   18.0 |
|  107500.0 |     0.312 |   18.0 |
|  107600.0 |     0.311 |   19.0 |
| 107700.01 |      0.31 |   19.0 |
|  107800.0 |     0.309 |   19.0 |
|  107900.0 |     0.308 |   17.0 |
|  108000.0 |     0.308 |   15.0 |
| 108100.01 |     0.308 |   13.0 |
|  108200.0 |     0.309 |   11.0 |
|  108300.0 |      0.31 |   10.0 |
|  108400.0 |     0.311 |   10.0 |
|  108500.0 |     0.312 |   10.0 |
|  108600.0 |     0.313 |   12.0 |
|  108700.0 |     0.313 |   13.0 |
|  108800.0 |     0.312 |   14.0 |
|  108900.0 |     0.311 |   14.0 |
|  109000.0 |      0.31 |   13.0 |
|  109100.0 |     0.308 |   13.0 |
|  109200.0 |     0.306 |   13.0 |
|  109300.0 |     0.305 |   13.0 |
| 109399.99 |     0.303 |   13.0 |
|  109500.0 |     0.301 |   14.0 |
|  109600.0 |       0.3 |   14.0 |
|  109700.0 |     0.299 |   15.0 |
| 109799.99 |     0.298 |   15.0 |
|  109900.0 |     0.298 |   17.0 |
|  110000.0 |     0.298 |   18.0 |
|  110100.0 |     0.298 |   20.0 |
| 110200.01 |     0.299 |   21.0 |
|  110300.0 |       0.3 |   22.0 |
|  110400.0 |     0.301 |   22.0 |
|  110500.0 |     0.301 |   21.0 |
| 110600.01 |     0.301 |   21.0 |
|  110700.0 |       0.3 |   19.0 |
|  110800.0 |     0.299 |   18.0 |
|  110900.0 |     0.299 |   17.0 |
|  111000.0 |     0.298 |   17.0 |
|  111100.0 |     0.298 |   16.0 |
|  111200.0 |     0.297 |   15.0 |
|  111300.0 |     0.297 |   15.0 |
|  111400.0 |     0.297 |   15.0 |
|  111500.0 |     0.296 |   16.0 |
|  111600.0 |     0.296 |   16.0 |
|  111700.0 |     0.294 |   17.0 |
|  111800.0 |     0.293 |   17.0 |
| 111899.99 |     0.291 |   18.0 |
|  112000.0 |     0.289 |   17.0 |
|  112100.0 |     0.287 |   17.0 |
|  112200.0 |     0.285 |   17.0 |
| 112299.99 |     0.283 |   16.0 |
|  112400.0 |     0.282 |   15.0 |
|  112500.0 |     0.281 |   15.0 |
|  112600.0 |      0.28 |   15.0 |
| 112700.01 |      0.28 |   15.0 |
|  112800.0 |     0.281 |   16.0 |
|  112900.0 |     0.281 |   16.0 |
|  113000.0 |     0.282 |   16.0 |
| 113100.01 |     0.283 |   16.0 |
|  113200.0 |     0.285 |   17.0 |
|  113300.0 |     0.286 |   17.0 |
|  113400.0 |     0.287 |   18.0 |
|  113500.0 |     0.288 |   18.0 |
|  113600.0 |     0.289 |   17.0 |
|  113700.0 |     0.289 |   17.0 |
|  113800.0 |      0.29 |   16.0 |
|  113900.0 |      0.29 |   15.0 |
|  114000.0 |     0.291 |   14.0 |
|  114100.0 |     0.291 |   14.0 |
|  114200.0 |     0.292 |   14.0 |
|  114300.0 |     0.293 |   14.0 |
| 114399.99 |     0.294 |   14.0 |
|  114500.0 |     0.295 |   14.0 |
|  114600.0 |     0.296 |   14.0 |
|  114700.0 |     0.298 |   14.0 |
| 114799.99 |     0.299 |   13.0 |
|  114900.0 |     0.301 |   13.0 |
|  115000.0 |     0.302 |   14.0 |
|  115100.0 |     0.304 |   15.0 |
| 115200.01 |     0.306 |   16.0 |
|  115300.0 |     0.308 |   17.0 |
|  115400.0 |      0.31 |   17.0 |
|  115500.0 |     0.312 |   18.0 |
| 115600.01 |     0.314 |   18.0 |
|  115700.0 |     0.315 |   18.0 |
|  115800.0 |     0.316 |   19.0 |
|  115900.0 |     0.317 |   19.0 |
|  116000.0 |     0.317 |   18.0 |
|  116100.0 |     0.318 |   18.0 |
|  116200.0 |     0.318 |   17.0 |
|  116300.0 |     0.319 |   15.0 |
|  116400.0 |     0.319 |   14.0 |
|  116500.0 |      0.32 |   14.0 |
|  116600.0 |      0.32 |   14.0 |
|  116700.0 |     0.321 |   14.0 |
|  116800.0 |     0.321 |   15.0 |
| 116899.99 |     0.321 |   16.0 |
|  117000.0 |     0.321 |   16.0 |
|  117100.0 |      0.32 |   16.0 |
|  117200.0 |     0.319 |   16.0 |
| 117299.99 |     0.317 |   16.0 |
|  117400.0 |     0.315 |   17.0 |
|  117500.0 |     0.314 |   17.0 |
|  117600.0 |     0.312 |   18.0 |
| 117700.01 |      0.31 |   19.0 |
|  117800.0 |     0.309 |   20.0 |
|  117900.0 |     0.308 |   21.0 |
|  118000.0 |     0.307 |   22.0 |
| 118100.01 |     0.307 |   22.0 |
|  118200.0 |     0.306 |   22.0 |
|  118300.0 |     0.306 |   21.0 |
|  118400.0 |     0.306 |   20.0 |
|  118500.0 |     0.305 |   20.0 |
|  118600.0 |     0.304 |   19.0 |
|  118700.0 |     0.303 |   18.0 |
|  118800.0 |     0.302 |   16.0 |
|  118900.0 |     0.301 |   15.0 |
|  119000.0 |     0.299 |   15.0 |
|  119100.0 |     0.298 |   14.0 |
|  119200.0 |     0.297 |   14.0 |
|  119300.0 |     0.296 |   15.0 |
| 119399.99 |     0.295 |   16.0 |
|  119500.0 |     0.295 |   16.0 |
|  119600.0 |     0.294 |   17.0 |
|  119700.0 |     0.294 |   18.0 |
| 119799.99 |     0.294 |   19.0 |
|  119900.0 |     0.293 |   21.0 |
|  120000.0 |     0.293 |   22.0 |
|  120100.0 |     0.292 |   22.0 |
| 120200.01 |     0.291 |   23.0 |
|  120300.0 |      0.29 |   23.0 |
|  120400.0 |     0.289 |   23.0 |
|  120500.0 |     0.288 |   22.0 |
| 120600.01 |     0.286 |   21.0 |
|  120700.0 |     0.285 |   20.0 |
|  120800.0 |     0.283 |   19.0 |
|  120900.0 |     0.283 |   18.0 |
|  121000.0 |     0.282 |   17.0 |
|  121100.0 |     0.282 |   17.0 |
|  121200.0 |     0.282 |   18.0 |
|  121300.0 |     0.283 |   18.0 |
|  121400.0 |     0.284 |   19.0 |
|  121500.0 |     0.285 |   20.0 |
|  121600.0 |     0.286 |   20.0 |
|  121700.0 |     0.287 |   21.0 |
|  121800.0 |     0.288 |   21.0 |
| 121899.99 |     0.289 |   21.0 |
|  122000.0 |     0.291 |   20.0 |
|  122100.0 |     0.291 |   19.0 |
|  122200.0 |     0.292 |   18.0 |
| 122299.99 |     0.293 |   17.0 |
|  122400.0 |     0.293 |   16.0 |
|  122500.0 |     0.294 |   16.0 |
|  122600.0 |     0.294 |   17.0 |
| 122700.01 |     0.294 |   18.0 |
|  122800.0 |     0.295 |   18.0 |
|  122900.0 |     0.295 |   18.0 |
|  123000.0 |     0.296 |   19.0 |
| 123100.01 |     0.297 |   18.0 |
|  123200.0 |     0.299 |   18.0 |
|  123300.0 |     0.301 |   18.0 |
|  123400.0 |     0.303 |   19.0 |
|  123500.0 |     0.305 |   19.0 |
|  123600.0 |     0.307 |   20.0 |
|  123700.0 |     0.309 |   21.0 |
|  123800.0 |     0.311 |   22.0 |
|  123900.0 |     0.314 |   23.0 |
|  124000.0 |     0.316 |   23.0 |
|  124100.0 |     0.319 |   23.0 |
|  124200.0 |     0.322 |   22.0 |
|  124300.0 |     0.324 |   22.0 |
| 124399.99 |     0.327 |   21.0 |
|  124500.0 |     0.329 |   20.0 |
|  124600.0 |     0.332 |   20.0 |
|  124700.0 |     0.334 |   19.0 |
| 124799.99 |     0.336 |   19.0 |
|  124900.0 |     0.337 |   19.0 |
|  125000.0 |     0.338 |   19.0 |
|  125100.0 |     0.339 |   20.0 |
| 125200.01 |      0.34 |   20.0 |
|  125300.0 |     0.339 |   20.0 |
|  125400.0 |     0.339 |   21.0 |
|  125500.0 |     0.338 |   22.0 |
| 125600.01 |     0.337 |   22.0 |
|  125700.0 |     0.336 |   23.0 |
|  125800.0 |     0.335 |   24.0 |
|  125900.0 |     0.334 |   24.0 |
|  126000.0 |     0.334 |   24.0 |
|  126100.0 |     0.334 |   24.0 |
|  126200.0 |     0.334 |   24.0 |
|  126300.0 |     0.335 |   24.0 |
|  126400.0 |     0.336 |   24.0 |
|  126500.0 |     0.337 |   25.0 |
|  126600.0 |     0.338 |   26.0 |
|  126700.0 |    0.3379 |   26.0 |
|  126800.0 |    0.3389 |   26.0 |
| 126899.99 |    0.3389 |   26.0 |
|  127000.0 |    0.3389 |   25.0 |
|  127100.0 |    0.3389 |   24.0 |
|  127200.0 |    0.3389 |   23.0 |
| 127299.99 |     0.339 |   21.0 |
|  127400.0 |     0.339 |   20.0 |
|  127500.0 |     0.339 |   19.0 |
|  127600.0 |      0.34 |   19.0 |
| 127700.01 |      0.34 |   19.0 |
|  127800.0 |     0.341 |   20.0 |
|  127900.0 |     0.342 |   21.0 |
|  128000.0 |     0.343 |   22.0 |
| 128100.01 |     0.344 |   23.0 |
|  128200.0 |     0.346 |   23.0 |
|  128300.0 |     0.348 |   23.0 |
|  128400.0 |      0.35 |   22.0 |
|  128500.0 |     0.352 |   22.0 |
|  128600.0 |     0.355 |   21.0 |
|  128700.0 |     0.357 |   20.0 |
|  128800.0 |     0.359 |   20.0 |
|  128900.0 |     0.362 |   20.0 |
|  129000.0 |     0.363 |   20.0 |
|  129100.0 |     0.365 |   19.0 |
|  129200.0 |     0.366 |   19.0 |
|  129300.0 |     0.367 |   19.0 |
| 129399.99 |     0.367 |   19.0 |
|  129500.0 |     0.368 |   19.0 |
|  129600.0 |     0.368 |   19.0 |
|  129700.0 |     0.367 |   20.0 |
| 129799.99 |     0.367 |   20.0 |
|  129900.0 |     0.367 |   20.0 |
|  130000.0 |     0.367 |   20.0 |
|  130100.0 |     0.367 |   21.0 |
| 130200.01 |     0.367 |   21.0 |
|  130300.0 |     0.368 |   22.0 |
|  130400.0 |     0.369 |   22.0 |
|  130500.0 |      0.37 |   23.0 |
| 130600.01 |     0.371 |   23.0 |
|  130700.0 |     0.373 |   23.0 |
|  130800.0 |     0.376 |   23.0 |
|  130900.0 |     0.378 |   23.0 |
|  131000.0 |     0.381 |   23.0 |
|  131100.0 |     0.384 |   22.0 |
|  131200.0 |     0.387 |   22.0 |
|  131300.0 |      0.39 |   22.0 |
|  131400.0 |     0.392 |   22.0 |
|  131500.0 |     0.395 |   22.0 |
|  131600.0 |     0.398 |   22.0 |
|  131700.0 |       0.4 |   22.0 |
|  131800.0 |     0.402 |   23.0 |
|  131900.0 |     0.404 |   23.0 |
|  132000.0 |     0.406 |   23.0 |
|  132100.0 |     0.408 |   24.0 |
|  132200.0 |     0.409 |   24.0 |
|  132300.0 |      0.41 |   24.0 |
|  132400.0 |     0.411 |   24.0 |
|  132500.0 |     0.412 |   24.0 |
|  132600.0 |     0.413 |   24.0 |
|  132700.0 |     0.414 |   24.0 |
|  132800.0 |     0.414 |   24.0 |
|  132900.0 |     0.414 |   24.0 |
|  133000.0 |     0.414 |   24.0 |
|  133100.0 |     0.414 |   24.0 |
|  133200.0 |     0.413 |   24.0 |
|  133300.0 |     0.412 |   24.0 |
|  133400.0 |      0.41 |   24.0 |
|  133500.0 |     0.409 |   24.0 |
|  133600.0 |     0.408 |   24.0 |
|  133700.0 |     0.406 |   25.0 |
|  133800.0 |     0.405 |   25.0 |
|  133900.0 |     0.404 |   25.0 |
|  134000.0 |     0.403 |   25.0 |
|  134100.0 |     0.403 |   25.0 |
|  134200.0 |     0.403 |   25.0 |
|  134300.0 |     0.403 |   24.0 |
|  134400.0 |     0.403 |   24.0 |
|  134500.0 |     0.404 |   24.0 |
|  134600.0 |     0.404 |   24.0 |
|  134700.0 |     0.405 |   24.0 |
|  134800.0 |     0.405 |   24.0 |
|  134900.0 |     0.406 |   24.0 |
|  135000.0 |     0.406 |   24.0 |
|  135100.0 |     0.406 |   25.0 |
|  135200.0 |     0.406 |   25.0 |
|  135300.0 |     0.406 |   25.0 |
|  135400.0 |     0.406 |   26.0 |
|  135500.0 |     0.406 |   26.0 |
|  135600.0 |     0.406 |   26.0 |
|  135700.0 |     0.407 |   26.0 |
|  135800.0 |     0.407 |   26.0 |
|  135900.0 |     0.408 |   25.0 |
|  136000.0 |     0.408 |   25.0 |
|  136100.0 |     0.409 |   24.0 |
|  136200.0 |     0.409 |   24.0 |
|  136300.0 |      0.41 |   24.0 |
|  136400.0 |      0.41 |   24.0 |
|  136500.0 |      0.41 |   24.0 |
|  136600.0 |     0.409 |   24.0 |
|  136700.0 |     0.409 |   24.0 |
|  136800.0 |     0.408 |   25.0 |
|  136900.0 |     0.407 |   25.0 |
|  137000.0 |     0.406 |   25.0 |
|  137100.0 |     0.405 |   26.0 |
|  137200.0 |     0.404 |   26.0 |
|  137300.0 |     0.403 |   26.0 |
|  137400.0 |     0.402 |   26.0 |
|  137500.0 |     0.401 |   26.0 |
|  137600.0 |     0.401 |   26.0 |
|  137700.0 |     0.401 |   26.0 |
|  137800.0 |     0.401 |   27.0 |
|  137900.0 |     0.401 |   27.0 |
|  138000.0 |     0.402 |   28.0 |
|  138100.0 |     0.402 |   28.0 |
|  138200.0 |     0.403 |   29.0 |
|  138300.0 |     0.404 |   28.0 |
|  138400.0 |     0.404 |   28.0 |
|  138500.0 |     0.404 |   28.0 |
|  138600.0 |     0.405 |   28.0 |
|  138700.0 |     0.405 |   28.0 |
|  138800.0 |     0.405 |   28.0 |
|  138900.0 |     0.405 |   28.0 |
|  139000.0 |     0.405 |   29.0 |
|  139100.0 |     0.406 |   29.0 |
|  139200.0 |     0.406 |   30.0 |
|  139300.0 |     0.406 |   31.0 |
|  139400.0 |     0.407 |   31.0 |
|  139500.0 |     0.408 |   32.0 |
|  139600.0 |     0.409 |   32.0 |
|  139700.0 |      0.41 |   32.0 |
|  139800.0 |     0.411 |   32.0 |
|  139900.0 |     0.412 |   32.0 |
|  140000.0 |     0.414 |   33.0 |
|  140100.0 |     0.415 |   33.0 |
|  140200.0 |     0.416 |   33.0 |
|  140300.0 |     0.417 |   34.0 |
|  140400.0 |     0.418 |   34.0 |
|  140500.0 |     0.418 |   35.0 |
|  140600.0 |     0.419 |   35.0 |
|  140700.0 |     0.419 |   35.0 |
|  140800.0 |     0.418 |   35.0 |
|  140900.0 |     0.418 |   35.0 |
|  141000.0 |     0.417 |   34.0 |
|  141100.0 |     0.417 |   34.0 |
|  141200.0 |     0.416 |   32.0 |
|  141300.0 |     0.415 |   31.0 |
|  141400.0 |     0.415 |   30.0 |
|  141500.0 |     0.415 |   29.0 |
|  141600.0 |     0.414 |   28.0 |
|  141700.0 |     0.415 |   27.0 |
|  141800.0 |     0.415 |   27.0 |
|  141900.0 |     0.416 |   26.0 |
|  142000.0 |     0.416 |   26.0 |
|  142100.0 |     0.417 |   26.0 |
|  142200.0 |     0.418 |   26.0 |
|  142300.0 |     0.418 |   26.0 |
|  142400.0 |     0.419 |   26.0 |
|  142500.0 |     0.419 |   26.0 |
|  142600.0 |     0.419 |   27.0 |
|  142700.0 |     0.418 |   27.0 |
|  142800.0 |     0.417 |   28.0 |
|  142900.0 |     0.417 |   29.0 |
|  143000.0 |     0.416 |   29.0 |
|  143100.0 |     0.415 |   30.0 |
|  143200.0 |     0.415 |   30.0 |
|  143300.0 |     0.414 |   30.0 |
|  143400.0 |     0.414 |   30.0 |
|  143500.0 |     0.414 |   30.0 |
|  143600.0 |     0.415 |   30.0 |
|  143700.0 |     0.415 |   29.0 |
|  143800.0 |     0.416 |   29.0 |
|  143900.0 |     0.417 |   28.0 |
|  144000.0 |     0.418 |   28.0 |
|  144100.0 |     0.418 |   27.0 |
|  144200.0 |     0.419 |   27.0 |
|  144300.0 |      0.42 |   27.0 |
|  144400.0 |      0.42 |   27.0 |
|  144500.0 |      0.42 |   27.0 |
|  144600.0 |      0.42 |   27.0 |
|  144700.0 |     0.419 |   27.0 |
|  144800.0 |     0.418 |   28.0 |
|  144900.0 |     0.417 |   28.0 |
|  145000.0 |     0.416 |   29.0 |
|  145100.0 |     0.415 |   29.0 |
|  145200.0 |     0.414 |   29.0 |
|  145300.0 |     0.413 |   29.0 |
|  145400.0 |     0.412 |   29.0 |
|  145500.0 |     0.411 |   28.0 |
|  145600.0 |      0.41 |   28.0 |
|  145700.0 |     0.409 |   28.0 |
|  145800.0 |     0.408 |   27.0 |
|  145900.0 |     0.407 |   27.0 |
|  146000.0 |     0.406 |   27.0 |
|  146100.0 |     0.405 |   26.0 |
|  146200.0 |     0.404 |   26.0 |
|  146300.0 |     0.403 |   26.0 |
|  146400.0 |     0.402 |   26.0 |
|  146500.0 |     0.401 |   25.0 |
|  146600.0 |       0.4 |   25.0 |
|  146700.0 |     0.399 |   26.0 |
|  146800.0 |     0.398 |   26.0 |
|  146900.0 |     0.398 |   26.0 |
|  147000.0 |     0.397 |   26.0 |
|  147100.0 |     0.397 |   27.0 |
|  147200.0 |     0.396 |   28.0 |
|  147300.0 |     0.396 |   28.0 |
|  147400.0 |     0.395 |   29.0 |
|  147500.0 |     0.395 |   29.0 |
|  147600.0 |     0.395 |   30.0 |
|  147700.0 |     0.394 |   30.0 |
|  147800.0 |     0.393 |   29.0 |
|  147900.0 |     0.392 |   29.0 |
|  148000.0 |     0.391 |   29.0 |
|  148100.0 |     0.391 |   28.0 |
|  148200.0 |     0.389 |   28.0 |
|  148300.0 |     0.388 |   28.0 |
|  148400.0 |     0.387 |   27.0 |
|  148500.0 |     0.386 |   27.0 |
|  148600.0 |     0.385 |   27.0 |
|  148700.0 |     0.384 |   27.0 |
|  148800.0 |     0.383 |   27.0 |
|  148900.0 |     0.382 |   27.0 |
|  149000.0 |     0.381 |   27.0 |
|  149100.0 |      0.38 |   27.0 |
|  149200.0 |     0.379 |   27.0 |
|  149300.0 |     0.377 |   27.0 |
|  149400.0 |     0.376 |   27.0 |
|  149500.0 |     0.375 |   27.0 |
|  149600.0 |     0.373 |   28.0 |
|  149700.0 |     0.372 |   28.0 |
|  149800.0 |     0.371 |   29.0 |
|  149900.0 |     0.369 |   30.0 |
|  150000.0 |     0.368 |   30.0 |
|  150100.0 |     0.367 |   30.0 |
|  150200.0 |     0.366 |   30.0 |
|  150300.0 |     0.365 |   30.0 |
|  150400.0 |     0.364 |   30.0 |
|  150500.0 |     0.363 |   30.0 |
|  150600.0 |     0.362 |   30.0 |
|  150700.0 |     0.361 |   29.0 |
|  150800.0 |      0.36 |   29.0 |
|  150900.0 |     0.359 |   28.0 |
|  151000.0 |     0.357 |   28.0 |
|  151100.0 |     0.356 |   28.0 |
|  151200.0 |     0.355 |   28.0 |
|  151300.0 |     0.353 |   28.0 |
|  151400.0 |     0.351 |   28.0 |
|  151500.0 |     0.349 |   28.0 |
|  151600.0 |     0.347 |   27.0 |
|  151700.0 |     0.344 |   27.0 |
|  151800.0 |     0.341 |   27.0 |
|  151900.0 |     0.338 |   28.0 |
|  152000.0 |     0.335 |   28.0 |
|  152100.0 |     0.332 |   28.0 |
|  152200.0 |     0.328 |   29.0 |
|  152300.0 |     0.325 |   29.0 |
|  152400.0 |     0.321 |   30.0 |
|  152500.0 |     0.318 |   31.0 |
|  152600.0 |     0.315 |   31.0 |
|  152700.0 |     0.311 |   31.0 |
|  152800.0 |     0.308 |   32.0 |
|  152900.0 |     0.305 |   32.0 |
|  153000.0 |     0.302 |   32.0 |
|  153100.0 |     0.299 |   31.0 |
|  153200.0 |     0.297 |   31.0 |
|  153300.0 |     0.294 |   31.0 |
|  153400.0 |     0.291 |   30.0 |
|  153500.0 |     0.288 |   30.0 |
|  153600.0 |     0.285 |   30.0 |
|  153700.0 |     0.282 |   30.0 |
|  153800.0 |    0.2791 |   29.0 |
|  153900.0 |    0.2761 |   29.0 |
|  154000.0 |    0.2731 |   29.0 |
|  154100.0 |    0.2701 |   28.0 |
|  154200.0 |    0.2671 |   28.0 |
|  154300.0 |     0.265 |   28.0 |
|  154400.0 |     0.262 |   28.0 |
|  154500.0 |      0.26 |   27.0 |
|  154600.0 |     0.259 |   27.0 |
|  154700.0 |     0.257 |   27.0 |
|  154800.0 |     0.256 |   27.0 |
|  154900.0 |     0.255 |   27.0 |
|  155000.0 |     0.254 |   28.0 |
|  155100.0 |     0.254 |   28.0 |
|  155200.0 |     0.254 |   28.0 |
|  155300.0 |     0.253 |   28.0 |
|  155400.0 |     0.253 |   28.0 |
|  155500.0 |     0.253 |   28.0 |
|  155600.0 |     0.253 |   27.0 |
|  155700.0 |     0.253 |   27.0 |
|  155800.0 |     0.254 |   27.0 |
|  155900.0 |     0.254 |   27.0 |
|  156000.0 |     0.254 |   28.0 |
|  156100.0 |     0.254 |   28.0 |
|  156200.0 |     0.255 |   28.0 |
|  156300.0 |     0.255 |   29.0 |
|  156400.0 |     0.256 |   30.0 |
|  156500.0 |     0.256 |   30.0 |
|  156600.0 |     0.257 |   31.0 |
|  156700.0 |     0.257 |   32.0 |
|  156800.0 |     0.258 |   32.0 |
|  156900.0 |     0.258 |   33.0 |
|  157000.0 |     0.258 |   33.0 |
|  157100.0 |     0.259 |   33.0 |
|  157200.0 |     0.259 |   32.0 |
|  157300.0 |     0.259 |   32.0 |
|  157400.0 |     0.259 |   31.0 |
|  157500.0 |     0.258 |   31.0 |
|  157600.0 |     0.258 |   30.0 |
|  157700.0 |     0.258 |   30.0 |
|  157800.0 |     0.257 |   29.0 |
|  157900.0 |     0.257 |   29.0 |
|  158000.0 |     0.256 |   29.0 |
|  158100.0 |     0.255 |   29.0 |
|  158200.0 |     0.255 |   29.0 |
|  158300.0 |     0.254 |   29.0 |
|  158400.0 |     0.253 |   29.0 |
|  158500.0 |     0.252 |   29.0 |
|  158600.0 |      0.25 |   29.0 |
|  158700.0 |     0.249 |   29.0 |
|  158800.0 |     0.248 |   29.0 |
|  158900.0 |     0.246 |   29.0 |
|  159000.0 |     0.245 |   30.0 |
|  159100.0 |     0.243 |   30.0 |
|  159200.0 |     0.241 |   31.0 |
|  159300.0 |      0.24 |   31.0 |
|  159400.0 |     0.238 |   32.0 |
|  159500.0 |     0.236 |   32.0 |
|  159600.0 |     0.235 |   32.0 |
|  159700.0 |     0.233 |   32.0 |
|  159800.0 |     0.232 |   32.0 |
|  159900.0 |     0.231 |   32.0 |
|  160000.0 |      0.23 |   32.0 |
|  160100.0 |     0.229 |   31.0 |
|  160200.0 |     0.228 |   31.0 |
|  160300.0 |     0.227 |   30.0 |
| 160400.02 |     0.227 |   30.0 |
|  160500.0 |     0.226 |   29.0 |
|  160600.0 |     0.226 |   29.0 |
|  160700.0 |     0.226 |   29.0 |
|  160800.0 |     0.226 |   29.0 |
|  160900.0 |     0.226 |   29.0 |
|  161000.0 |     0.225 |   29.0 |
|  161100.0 |     0.225 |   30.0 |
| 161200.02 |     0.225 |   30.0 |
| 161299.98 |     0.224 |   30.0 |
|  161400.0 |     0.224 |   30.0 |
|  161500.0 |     0.224 |   30.0 |
|  161600.0 |     0.223 |   30.0 |
|  161700.0 |     0.222 |   30.0 |
|  161800.0 |     0.222 |   30.0 |
|  161900.0 |     0.221 |   31.0 |
|  162000.0 |      0.22 |   31.0 |
| 162099.98 |     0.219 |   31.0 |
|  162200.0 |     0.218 |   32.0 |
|  162300.0 |     0.217 |   32.0 |
|  162400.0 |     0.215 |   33.0 |
|  162500.0 |     0.214 |   34.0 |
|  162600.0 |     0.212 |   35.0 |
|  162700.0 |      0.21 |   36.0 |
|  162800.0 |     0.208 |   38.0 |
| 162900.02 |     0.206 |   39.0 |
|  163000.0 |     0.203 |   41.0 |
|  163100.0 |       0.2 |   42.0 |
|  163200.0 |    0.1971 |   44.0 |
|  163300.0 |    0.1941 |   45.0 |
|  163400.0 |    0.1911 |   46.0 |
|  163500.0 |    0.1871 |   47.0 |
|  163600.0 |    0.1831 |   48.0 |
| 163700.02 |    0.1791 |   48.0 |
| 163799.98 |    0.1751 |   49.0 |
|  163900.0 |    0.1711 |   49.0 |
|  164000.0 |    0.1671 |   49.0 |
|  164100.0 |    0.1621 |   49.0 |
|  164200.0 |    0.1581 |   49.0 |
|  164300.0 |    0.1531 |   49.0 |
|  164400.0 |    0.1491 |   49.0 |
|  164500.0 |    0.1441 |   49.0 |
| 164599.98 |    0.1391 |   50.0 |
|  164700.0 |    0.1351 |   50.0 |
|  164800.0 |    0.1301 |   50.0 |
|  164900.0 |    0.1251 |   51.0 |
|  165000.0 |    0.1211 |   51.0 |
|  165100.0 |    0.1161 |   52.0 |
|  165200.0 |    0.1121 |   52.0 |
|  165300.0 |    0.1071 |   52.0 |
| 165400.02 |    0.1031 |   52.0 |
|  165500.0 |   0.09826 |   53.0 |
|  165600.0 |   0.09395 |   53.0 |
|  165700.0 |   0.08975 |   53.0 |
|  165800.0 |   0.08574 |   53.0 |
|  165900.0 |   0.08164 |   53.0 |
|  166000.0 |   0.07784 |   53.0 |
|  166100.0 |   0.07415 |   53.0 |
| 166200.02 |   0.07055 |   53.0 |
| 166299.98 |   0.06705 |   53.0 |
|  166400.0 |   0.06366 |   53.0 |
|  166500.0 |   0.06056 |   54.0 |
|  166600.0 |   0.05746 |   54.0 |
|  166700.0 |   0.05446 |   54.0 |
|  166800.0 |   0.05175 |   54.0 |
|  166900.0 |   0.04915 |   54.0 |
|  167000.0 |   0.04664 |   55.0 |
| 167099.98 |   0.04433 |   55.0 |
|  167200.0 |   0.04203 |   55.0 |
|  167300.0 |   0.03992 |   56.0 |
|  167400.0 |   0.03802 |   57.0 |
|  167500.0 |   0.03602 |   57.0 |
|  167600.0 |   0.03432 |   59.0 |
|  167700.0 |   0.03272 |   60.0 |
|  167800.0 |   0.03112 |   62.0 |
| 167900.02 |   0.02972 |   63.0 |
|  168000.0 |   0.02833 |   65.0 |
|  168100.0 |   0.02702 |   66.0 |
|  168200.0 |   0.02582 |   68.0 |
|  168300.0 |   0.02462 |   69.0 |
|  168400.0 |   0.02362 |   69.0 |
|  168500.0 |   0.02261 |   70.0 |
|  168600.0 |   0.02161 |   70.0 |
| 168700.02 |   0.02071 |   69.0 |
| 168799.98 |    0.0198 |   69.0 |
|  168900.0 |     0.019 |   68.0 |
|  169000.0 |   0.01829 |   66.0 |
|  169100.0 |   0.01749 |   65.0 |
|  169200.0 |   0.01688 |   62.0 |
|  169300.0 |   0.01618 |   61.0 |
|  169400.0 |   0.01558 |   59.0 |
|  169500.0 |   0.01508 |   57.0 |
| 169599.98 |   0.01448 |   56.0 |
|  169700.0 |   0.01398 |   54.0 |
|  169800.0 |   0.01348 |   53.0 |
|  169900.0 |   0.01308 |   51.0 |
|  170000.0 |   0.01268 |   50.0 |
|  170100.0 |   0.01228 |   50.0 |
|  170200.0 |   0.01188 |   49.0 |
|  170300.0 |   0.01148 |   50.0 |
| 170400.02 |   0.01117 |   50.0 |
|  170500.0 |   0.01078 |   51.0 |
|  170600.0 |   0.01047 |   52.0 |
|  170700.0 |   0.01017 |   53.0 |
|  170800.0 |  0.009841 |   54.0 |
|  170900.0 |  0.009527 |   56.0 |
|  171000.0 |   0.00922 |   58.0 |
|  171100.0 |  0.008904 |   59.0 |
| 171200.02 |  0.008581 |   60.0 |
| 171299.98 |  0.008264 |   62.0 |
|  171400.0 |  0.007939 |   63.0 |
|  171500.0 |  0.007596 |   63.0 |
|  171600.0 |  0.007261 |   63.0 |
|  171700.0 |  0.006905 |   62.0 |
|  171800.0 |  0.006539 |   61.0 |
|  171900.0 |  0.006171 |   60.0 |
|  172000.0 |  0.005805 |   59.0 |
| 172099.98 |  0.005428 |   58.0 |
|  172200.0 |  0.005052 |   56.0 |
|  172300.0 |  0.004674 |   55.0 |
|  172400.0 |  0.004306 |   55.0 |
|  172500.0 |  0.003927 |   55.0 |
|  172600.0 |  0.003567 |   56.0 |
|  172700.0 |  0.003206 |   59.0 |
|  172800.0 |  0.002844 |   62.0 |
| 172900.02 |  0.002495 |   71.0 |
|  173000.0 |  0.002175 |   80.0 |
|  173100.0 |  0.001847 |   93.0 |
|  173200.0 |  0.001553 |  120.0 |
|  173300.0 |   0.00125 |  149.0 |
|  173400.0 | 0.0009764 |  217.0 |
|  173500.0 | 0.0006603 |  361.0 |
|  173600.0 | 0.0007003 |  464.0 |
| 173700.02 | 0.0004424 |  467.0 |
| 173799.98 |  0.002304 |  707.0 |
|  173900.0 |  0.002469 |  707.0 |
|  174000.0 |  0.002486 |  707.0 |
|  174100.0 |  0.002345 |  707.0 |
|  174200.0 |  0.002029 |  707.0 |
|  174300.0 |   0.00159 |  707.0 |
|  174400.0 |  0.001059 |  707.0 |
|  174500.0 | 0.0004373 |  707.0 |
| 174599.98 |  0.001136 | 1000.0 |
|  174700.0 | 0.0002343 |  707.0 |
|  174800.0 | 0.0006431 |  707.0 |
|  174900.0 | 0.0008803 |  707.0 |
|  175000.0 |   0.00101 |  707.0 |
|  175100.0 |  0.001365 |  594.0 |
|  175200.0 |  0.001328 |  582.0 |
|  175300.0 |  0.001098 |  568.0 |
| 175400.02 | 0.0009208 |  552.0 |
|  175500.0 | 0.0007691 |  533.0 |
|  175600.0 | 0.0006316 |  512.0 |
|  175700.0 | 0.0005031 |  487.0 |
|  175800.0 | 0.0003633 |  460.0 |
|  175900.0 | 0.0004194 |  475.0 |
|  176000.0 | 0.0003795 |  432.0 |
|  176100.0 | 0.0003458 |  388.0 |
| 176200.02 | 0.0003171 |  348.0 |
| 176299.98 | 0.0002936 |  313.0 |
|  176400.0 | 0.0002648 |  295.0 |
|  176500.0 | 0.0002184 |  281.0 |
|  176600.0 | 0.0002046 |  280.0 |
|  176700.0 |  0.000187 |  279.0 |
|  176800.0 | 0.0001695 |  277.0 |
|  176900.0 | 0.0001526 |  277.0 |
|  177000.0 | 0.0001367 |  276.0 |
| 177099.98 | 0.0001189 |  276.0 |
|  177200.0 |  0.000111 |  285.0 |
|  177300.0 | 0.0001035 |  285.0 |
|  177400.0 | 9.726e-05 |  284.0 |
|  177500.0 | 9.178e-05 |  284.0 |
|  177600.0 | 8.668e-05 |  284.0 |
|  177700.0 | 8.116e-05 |  284.0 |
|  177800.0 | 7.646e-05 |  283.0 |
| 177900.02 | 7.226e-05 |  283.0 |
|  178000.0 | 6.856e-05 |  282.0 |
|  178100.0 | 6.541e-05 |  283.0 |
|  178200.0 | 6.241e-05 |  282.0 |
|  178300.0 | 5.972e-05 |  281.0 |
|  178400.0 | 5.727e-05 |  281.0 |
|  178500.0 | 5.509e-05 |  282.0 |
|  178600.0 | 5.301e-05 |  281.0 |
| 178700.02 | 5.116e-05 |  282.0 |
| 178799.98 | 4.928e-05 |  280.0 |
|  178900.0 | 4.837e-05 |  281.0 |
|  179000.0 | 4.743e-05 |  280.0 |
|  179100.0 | 4.658e-05 |  281.0 |
|  179200.0 | 4.571e-05 |  278.0 |
|  179300.0 | 4.494e-05 |  279.0 |
|  179400.0 | 4.415e-05 |  279.0 |
|  179500.0 | 4.336e-05 |  279.0 |
| 179599.98 |  4.87e-05 |  268.0 |
|  179700.0 | 5.029e-05 |  268.0 |
|  179800.0 | 5.067e-05 |  267.0 |
|  179900.0 | 5.043e-05 |  267.0 |
|  180000.0 | 5.011e-05 |  268.0 |
|  180100.0 | 4.952e-05 |  267.0 |
|  180200.0 | 4.927e-05 |  268.0 |
|  180300.0 | 4.815e-05 |  266.0 |
| 180400.02 | 4.608e-05 |  267.0 |
|  180500.0 | 3.995e-05 |  276.0 |
|  180600.0 | 4.016e-05 |  276.0 |
|  180700.0 | 4.031e-05 |  277.0 |
|  180800.0 | 4.037e-05 |  276.0 |
|  180900.0 | 4.056e-05 |  276.0 |
|  181000.0 | 4.064e-05 |  275.0 |
|  181100.0 | 4.085e-05 |  275.0 |
| 181200.02 | 4.095e-05 |  276.0 |
| 181299.98 |  4.11e-05 |  274.0 |
|  181400.0 | 4.113e-05 |  276.0 |
|  181500.0 |  4.11e-05 |  275.0 |
|  181600.0 | 4.116e-05 |  274.0 |
|  181700.0 | 4.121e-05 |  273.0 |
|  181800.0 | 4.119e-05 |  272.0 |
|  181900.0 | 4.729e-05 |  263.0 |
|  182000.0 | 4.957e-05 |  263.0 |
| 182099.98 | 5.051e-05 |  262.0 |
|  182200.0 | 5.058e-05 |  261.0 |
|  182300.0 | 5.021e-05 |  260.0 |
|  182400.0 | 4.962e-05 |  261.0 |
|  182500.0 | 4.851e-05 |  260.0 |
|  182600.0 | 4.705e-05 |  260.0 |
|  182700.0 | 4.502e-05 |  258.0 |
|  182800.0 |  4.28e-05 |  259.0 |
| 182900.02 |  3.95e-05 |  259.0 |
|  183000.0 | 3.908e-05 |  266.0 |
|  183100.0 | 3.856e-05 |  266.0 |
|  183200.0 | 3.794e-05 |  267.0 |
|  183300.0 | 3.743e-05 |  265.0 |
|  183400.0 | 3.692e-05 |  265.0 |
|  183500.0 | 3.642e-05 |  264.0 |
|  183600.0 | 3.591e-05 |  264.0 |
| 183700.02 | 3.541e-05 |  263.0 |
| 183799.98 | 3.491e-05 |  263.0 |
|  183900.0 | 3.432e-05 |  263.0 |
|  184000.0 | 3.355e-05 |  262.0 |
|  184100.0 | 3.278e-05 |  262.0 |
|  184200.0 | 3.202e-05 |  262.0 |
|  184300.0 | 3.135e-05 |  261.0 |
|  184400.0 | 3.058e-05 |  262.0 |
|  184500.0 | 2.853e-05 |  253.0 |
| 184599.98 | 3.188e-05 |  253.0 |
|  184700.0 | 3.262e-05 |  253.0 |
|  184800.0 | 3.274e-05 |  252.0 |
|  184900.0 | 3.255e-05 |  252.0 |
|  185000.0 | 3.219e-05 |  252.0 |
|  185100.0 | 3.169e-05 |  251.0 |
|  185200.0 |   3.1e-05 |  252.0 |
|  185300.0 | 3.038e-05 |  251.0 |
| 185400.02 | 2.965e-05 |  251.0 |
|  185500.0 | 2.873e-05 |  252.0 |
|  185600.0 | 2.778e-05 |  252.0 |
|  185700.0 | 2.674e-05 |  252.0 |
|  185800.0 | 2.569e-05 |  252.0 |
|  185900.0 |  2.49e-05 |  252.0 |
|  186000.0 | 2.453e-05 |  252.0 |
|  186100.0 | 2.441e-05 |  251.0 |
| 186200.02 | 2.411e-05 |  251.0 |
| 186299.98 | 2.353e-05 |  251.0 |
|  186400.0 | 2.226e-05 |  252.0 |
|  186500.0 |  1.99e-05 |  260.0 |
|  186600.0 | 1.968e-05 |  260.0 |
|  186700.0 | 1.946e-05 |  260.0 |
|  186800.0 | 1.934e-05 |  260.0 |
|  186900.0 | 1.914e-05 |  260.0 |
|  187000.0 | 1.893e-05 |  261.0 |
| 187099.98 | 1.884e-05 |  261.0 |
|  187200.0 | 1.865e-05 |  262.0 |
|  187300.0 | 1.857e-05 |  261.0 |
|  187400.0 | 2.076e-05 |  253.0 |
|  187500.0 | 2.129e-05 |  254.0 |
|  187600.0 | 2.143e-05 |  253.0 |
|  187700.0 | 2.123e-05 |  254.0 |
|  187800.0 | 2.074e-05 |  254.0 |
| 187900.02 | 1.971e-05 |  254.0 |
|  188000.0 | 1.758e-05 |  263.0 |
|  188100.0 | 1.742e-05 |  263.0 |
|  188200.0 | 1.736e-05 |  262.0 |
|  188300.0 | 1.719e-05 |  263.0 |
|  188400.0 | 1.703e-05 |  263.0 |
|  188500.0 | 1.687e-05 |  263.0 |
|  188600.0 |  1.68e-05 |  263.0 |
| 188700.02 | 1.664e-05 |  263.0 |
| 188799.98 | 1.647e-05 |  263.0 |
|  188900.0 |  1.63e-05 |  263.0 |
|  189000.0 | 1.622e-05 |  262.0 |
|  189100.0 | 1.594e-05 |  254.0 |
|  189200.0 | 1.723e-05 |  255.0 |
|  189300.0 | 1.776e-05 |  255.0 |
|  189400.0 |  1.81e-05 |  255.0 |
|  189500.0 |  1.83e-05 |  255.0 |
| 189599.98 | 1.832e-05 |  255.0 |
|  189700.0 | 1.816e-05 |  256.0 |
|  189800.0 | 1.782e-05 |  255.0 |
|  189900.0 | 1.681e-05 |  255.0 |
|  190000.0 |  1.45e-05 |  264.0 |
|  190100.0 | 1.431e-05 |  265.0 |
|  190200.0 | 1.412e-05 |  265.0 |
|  190300.0 | 1.393e-05 |  265.0 |
| 190400.02 | 1.374e-05 |  265.0 |
|  190500.0 | 1.355e-05 |  266.0 |
|  190600.0 | 1.345e-05 |  265.0 |
|  190700.0 | 1.325e-05 |  266.0 |
|  190800.0 | 1.336e-05 |  257.0 |
|  190900.0 | 1.511e-05 |  257.0 |
|  191000.0 | 1.523e-05 |  258.0 |
|  191100.0 | 1.513e-05 |  257.0 |
| 191200.02 | 1.485e-05 |  257.0 |
| 191299.98 | 1.437e-05 |  258.0 |
|  191400.0 | 1.389e-05 |  258.0 |
|  191500.0 | 1.343e-05 |  258.0 |
|  191600.0 |   1.3e-05 |  257.0 |
|  191700.0 | 1.259e-05 |  259.0 |
|  191800.0 | 1.239e-05 |  259.0 |
|  191900.0 | 1.229e-05 |  258.0 |
|  192000.0 | 1.228e-05 |  258.0 |
| 192099.98 | 1.238e-05 |  258.0 |
|  192200.0 | 1.255e-05 |  258.0 |
|  192300.0 | 1.277e-05 |  259.0 |
|  192400.0 | 1.297e-05 |  259.0 |
|  192500.0 | 1.323e-05 |  258.0 |
|  192600.0 | 1.334e-05 |  258.0 |
|  192700.0 | 1.338e-05 |  259.0 |
|  192800.0 | 1.336e-05 |  259.0 |
| 192900.02 | 1.334e-05 |  257.0 |
|  193000.0 | 1.319e-05 |  258.0 |
|  193100.0 | 1.298e-05 |  258.0 |
|  193200.0 | 1.272e-05 |  259.0 |
|  193300.0 | 1.244e-05 |  259.0 |
|  193400.0 | 1.223e-05 |  257.0 |
|  193500.0 | 1.197e-05 |  259.0 |
|  193600.0 | 1.185e-05 |  258.0 |
| 193700.02 | 1.167e-05 |  259.0 |
| 193799.98 | 1.159e-05 |  259.0 |
|  193900.0 | 1.141e-05 |  260.0 |
|  194000.0 | 1.128e-05 |  260.0 |
|  194100.0 | 1.103e-05 |  262.0 |
|  194200.0 | 1.083e-05 |  261.0 |
|  194300.0 |  1.05e-05 |  262.0 |
|  194400.0 | 1.025e-05 |  262.0 |
|  194500.0 | 1.006e-05 |  261.0 |
| 194599.98 | 9.896e-06 |  263.0 |
|  194700.0 | 9.964e-06 |  262.0 |
|  194800.0 | 1.003e-05 |  264.0 |
|  194900.0 | 1.021e-05 |  263.0 |
|  195000.0 |  1.03e-05 |  264.0 |
|  195100.0 | 1.045e-05 |  263.0 |
|  195200.0 | 1.047e-05 |  264.0 |
|  195300.0 | 1.053e-05 |  263.0 |
| 195400.02 | 1.045e-05 |  264.0 |
|  195500.0 |  1.04e-05 |  262.0 |
|  195600.0 | 1.019e-05 |  264.0 |
|  195700.0 |     1e-05 |  262.0 |
|  195800.0 | 9.653e-06 |  263.0 |
|  195900.0 | 9.313e-06 |  262.0 |
|  196000.0 | 8.792e-06 |  263.0 |
|  196100.0 | 8.328e-06 |  261.0 |
| 196200.02 | 8.081e-06 |  263.0 |
| 196299.98 | 8.307e-06 |  262.0 |
|  196400.0 | 8.549e-06 |  262.0 |
|  196500.0 | 8.709e-06 |  262.0 |
|  196600.0 | 8.808e-06 |  261.0 |
|  196700.0 | 8.835e-06 |  261.0 |
|  196800.0 | 8.828e-06 |  260.0 |
|  196900.0 | 8.788e-06 |  260.0 |
|  197000.0 | 8.735e-06 |  260.0 |
| 197099.98 | 8.691e-06 |  259.0 |
|  197200.0 | 8.632e-06 |  258.0 |
|  197300.0 | 8.579e-06 |  258.0 |
|  197400.0 | 8.528e-06 |  258.0 |
|  197500.0 | 8.486e-06 |  257.0 |
|  197600.0 | 8.429e-06 |  257.0 |
|  197700.0 | 8.366e-06 |  257.0 |
|  197800.0 | 8.291e-06 |  256.0 |
| 197900.02 | 8.215e-06 |  256.0 |
|  198000.0 | 8.125e-06 |  255.0 |
|  198100.0 | 8.015e-06 |  256.0 |
|  198200.0 |  7.92e-06 |  255.0 |
|  198300.0 | 7.832e-06 |  255.0 |
|  198400.0 | 7.765e-06 |  255.0 |
|  198500.0 | 7.728e-06 |  255.0 |
|  198600.0 |  7.71e-06 |  255.0 |
| 198700.02 | 7.712e-06 |  255.0 |
| 198799.98 | 7.706e-06 |  255.0 |
|  198900.0 | 7.717e-06 |  255.0 |
|  199000.0 | 7.702e-06 |  255.0 |
|  199100.0 | 7.683e-06 |  255.0 |
|  199200.0 | 7.634e-06 |  254.0 |
|  199300.0 | 7.521e-06 |  255.0 |
|  199400.0 | 7.333e-06 |  254.0 |
|  199500.0 | 6.956e-06 |  255.0 |
| 199599.98 | 6.484e-06 |  254.0 |
|  199700.0 | 6.841e-06 |  254.0 |
|  199800.0 | 7.396e-06 |  254.0 |
|  199900.0 | 7.799e-06 |  254.0 |
|  200000.0 | 7.974e-06 |  254.0 |
|  200100.0 | 7.561e-06 |  254.0 |
|  200200.0 | 6.909e-06 |  254.0 |
|  200300.0 |  6.52e-06 |  262.0 |
| 200400.02 | 6.468e-06 |  262.0 |
|  200500.0 | 6.425e-06 |  261.0 |
|  200600.0 | 6.372e-06 |  261.0 |
|  200700.0 | 6.319e-06 |  262.0 |
|  200800.0 | 6.265e-06 |  262.0 |
|  200900.0 | 6.221e-06 |  262.0 |
|  201000.0 | 6.177e-06 |  261.0 |
|  201100.0 | 6.131e-06 |  261.0 |
| 201200.02 | 6.414e-06 |  253.0 |
| 201299.98 | 6.862e-06 |  252.0 |
|  201400.0 | 7.053e-06 |  252.0 |
|  201500.0 | 7.147e-06 |  252.0 |
|  201600.0 | 7.161e-06 |  251.0 |
|  201700.0 | 7.143e-06 |  252.0 |
|  201800.0 | 7.109e-06 |  251.0 |
|  201900.0 | 7.074e-06 |  251.0 |
|  202000.0 | 7.004e-06 |  251.0 |
| 202099.98 | 6.901e-06 |  251.0 |
|  202200.0 | 6.787e-06 |  250.0 |
|  202300.0 | 6.679e-06 |  250.0 |
|  202400.0 | 6.546e-06 |  250.0 |
|  202500.0 | 6.381e-06 |  249.0 |
|  202600.0 | 6.189e-06 |  250.0 |
|  202700.0 | 5.892e-06 |  249.0 |
|  202800.0 | 5.606e-06 |  249.0 |
| 202900.02 | 5.986e-06 |  249.0 |
|  203000.0 | 6.187e-06 |  248.0 |
|  203100.0 | 6.274e-06 |  248.0 |
|  203200.0 | 6.314e-06 |  248.0 |
|  203300.0 | 6.304e-06 |  248.0 |
|  203400.0 | 6.276e-06 |  248.0 |
|  203500.0 | 6.251e-06 |  247.0 |
|  203600.0 | 6.183e-06 |  247.0 |
| 203700.02 | 5.994e-06 |  247.0 |
| 203799.98 | 5.283e-06 |  247.0 |
|  203900.0 | 5.051e-06 |  254.0 |
|  204000.0 | 5.023e-06 |  254.0 |
|  204100.0 | 4.995e-06 |  253.0 |
|  204200.0 | 4.968e-06 |  254.0 |
|  204300.0 | 4.963e-06 |  254.0 |
|  204400.0 | 5.602e-06 |  246.0 |
|  204500.0 |  5.74e-06 |  246.0 |
| 204599.98 | 5.773e-06 |  247.0 |
|  204700.0 | 5.793e-06 |  247.0 |
|  204800.0 | 5.814e-06 |  247.0 |
|  204900.0 | 5.833e-06 |  247.0 |
|  205000.0 | 5.844e-06 |  247.0 |
|  205100.0 | 5.847e-06 |  247.0 |
|  205200.0 | 5.869e-06 |  247.0 |
|  205300.0 |  5.86e-06 |  247.0 |
| 205400.02 | 5.783e-06 |  248.0 |
|  205500.0 | 5.698e-06 |  249.0 |
|  205600.0 | 5.604e-06 |  249.0 |
|  205700.0 | 5.476e-06 |  249.0 |
|  205800.0 | 5.265e-06 |  249.0 |
|  205900.0 | 4.602e-06 |  249.0 |
|  206000.0 | 4.824e-06 |  259.0 |
|  206100.0 |  4.82e-06 |  259.0 |
| 206200.02 | 4.827e-06 |  258.0 |
| 206299.98 | 4.814e-06 |  260.0 |
|  206400.0 | 4.812e-06 |  260.0 |
|  206500.0 |  4.81e-06 |  260.0 |
|  206600.0 | 4.809e-06 |  261.0 |
|  206700.0 | 4.808e-06 |  261.0 |
|  206800.0 | 5.591e-06 |  254.0 |
|  206900.0 | 5.855e-06 |  254.0 |
|  207000.0 | 5.952e-06 |  254.0 |
| 207099.98 |  5.97e-06 |  255.0 |
|  207200.0 | 5.928e-06 |  255.0 |
|  207300.0 | 5.881e-06 |  255.0 |
|  207400.0 | 5.845e-06 |  256.0 |
|  207500.0 | 5.807e-06 |  257.0 |
|  207600.0 | 5.776e-06 |  256.0 |
|  207700.0 | 5.734e-06 |  256.0 |
|  207800.0 | 5.687e-06 |  257.0 |
| 207900.02 | 5.713e-06 |  256.0 |
|  208000.0 | 5.762e-06 |  256.0 |
|  208100.0 | 5.803e-06 |  257.0 |
|  208200.0 | 5.859e-06 |  256.0 |
|  208300.0 | 5.857e-06 |  257.0 |
|  208400.0 | 5.784e-06 |  256.0 |
|  208500.0 | 5.695e-06 |  256.0 |
|  208600.0 | 5.573e-06 |  257.0 |
| 208700.02 | 5.433e-06 |  256.0 |
| 208799.98 | 5.443e-06 |  257.0 |
|  208900.0 | 5.546e-06 |  257.0 |
|  209000.0 | 5.597e-06 |  256.0 |
|  209100.0 |  5.64e-06 |  257.0 |
|  209200.0 |  5.64e-06 |  256.0 |
|  209300.0 | 5.576e-06 |  257.0 |
|  209400.0 | 5.487e-06 |  257.0 |
|  209500.0 | 5.402e-06 |  256.0 |
| 209599.98 | 5.249e-06 |  257.0 |
|  209700.0 | 4.847e-06 |  256.0 |
|  209800.0 | 4.589e-06 |  265.0 |
|  209900.0 | 4.573e-06 |  266.0 |
|  210000.0 | 4.568e-06 |  265.0 |
|  210100.0 | 4.562e-06 |  264.0 |
|  210200.0 | 4.547e-06 |  265.0 |
|  210300.0 | 4.999e-06 |  256.0 |
| 210400.02 |  5.35e-06 |  255.0 |
|  210500.0 |   5.5e-06 |  256.0 |
|  210600.0 | 5.582e-06 |  255.0 |
|  210700.0 | 5.636e-06 |  255.0 |
|  210800.0 | 5.704e-06 |  255.0 |
|  210900.0 | 5.719e-06 |  255.0 |
|  211000.0 | 5.654e-06 |  256.0 |
|  211100.0 | 5.531e-06 |  255.0 |
| 211200.02 | 5.372e-06 |  255.0 |
| 211299.98 | 5.079e-06 |  255.0 |
|  211400.0 | 4.419e-06 |  264.0 |
|  211500.0 | 4.412e-06 |  263.0 |
|  211600.0 | 4.406e-06 |  264.0 |
|  211700.0 | 4.397e-06 |  263.0 |
|  211800.0 |  4.38e-06 |  264.0 |
|  211900.0 | 4.371e-06 |  263.0 |
|  212000.0 | 4.363e-06 |  264.0 |
| 212099.98 | 4.345e-06 |  265.0 |
|  212200.0 | 4.336e-06 |  264.0 |
|  212300.0 | 4.328e-06 |  264.0 |
|  212400.0 | 4.319e-06 |  264.0 |
|  212500.0 |   4.3e-06 |  265.0 |
|  212600.0 | 4.303e-06 |  265.0 |
|  212700.0 | 4.306e-06 |  265.0 |
|  212800.0 |  4.26e-06 |  257.0 |
| 212900.02 | 4.779e-06 |  258.0 |
|  213000.0 | 4.994e-06 |  258.0 |
|  213100.0 | 5.106e-06 |  260.0 |
|  213200.0 | 5.134e-06 |  260.0 |
|  213300.0 | 5.096e-06 |  260.0 |
|  213400.0 | 4.978e-06 |  262.0 |
|  213500.0 |  4.78e-06 |  262.0 |
|  213600.0 | 4.745e-06 |  262.0 |
| 213700.02 | 4.987e-06 |  263.0 |
| 213799.98 | 5.196e-06 |  263.0 |
|  213900.0 | 5.359e-06 |  264.0 |
|  214000.0 | 5.487e-06 |  264.0 |
|  214100.0 | 5.501e-06 |  265.0 |
|  214200.0 |   5.4e-06 |  265.0 |
|  214300.0 | 5.228e-06 |  266.0 |
|  214400.0 | 4.808e-06 |  267.0 |
|  214500.0 |  4.26e-06 |  279.0 |
| 214599.98 | 4.265e-06 |  280.0 |
|  214700.0 | 4.744e-06 |  271.0 |
|  214800.0 | 5.124e-06 |  271.0 |
|  214900.0 | 5.362e-06 |  273.0 |
|  215000.0 |  5.47e-06 |  274.0 |
|  215100.0 | 5.347e-06 |  275.0 |
|  215200.0 | 4.879e-06 |  275.0 |
|  215300.0 | 4.255e-06 |  288.0 |
| 215400.02 | 4.259e-06 |  289.0 |
|  215500.0 | 4.251e-06 |  291.0 |
|  215600.0 |  4.25e-06 |  291.0 |
|  215700.0 | 5.252e-06 |  281.0 |
|  215800.0 | 5.566e-06 |  282.0 |
|  215900.0 | 5.724e-06 |  284.0 |
|  216000.0 | 5.765e-06 |  283.0 |
|  216100.0 | 5.685e-06 |  285.0 |
| 216200.02 |  5.55e-06 |  286.0 |
| 216299.98 |   5.4e-06 |  287.0 |
|  216400.0 | 5.255e-06 |  288.0 |
|  216500.0 | 5.154e-06 |  290.0 |
|  216600.0 | 5.155e-06 |  291.0 |
|  216700.0 | 5.132e-06 |  293.0 |
|  216800.0 | 5.133e-06 |  294.0 |
|  216900.0 | 5.272e-06 |  295.0 |
|  217000.0 | 5.456e-06 |  296.0 |
| 217099.98 | 5.619e-06 |  297.0 |
|  217200.0 | 5.774e-06 |  299.0 |
|  217300.0 | 5.871e-06 |  300.0 |
|  217400.0 | 5.841e-06 |  301.0 |
|  217500.0 | 5.735e-06 |  303.0 |
|  217600.0 |  5.57e-06 |  304.0 |
|  217700.0 | 5.254e-06 |  305.0 |
|  217800.0 |  4.76e-06 |  307.0 |
| 217900.02 | 4.875e-06 |  308.0 |
|  218000.0 | 5.154e-06 |  309.0 |
|  218100.0 |   5.3e-06 |  310.0 |
|  218200.0 |  5.47e-06 |  313.0 |
|  218300.0 | 5.514e-06 |  314.0 |
|  218400.0 | 5.264e-06 |  315.0 |
|  218500.0 | 4.364e-06 |  318.0 |
|  218600.0 | 4.113e-06 |  337.0 |
| 218700.02 | 4.113e-06 |  338.0 |
| 218799.98 | 4.095e-06 |  341.0 |
|  218900.0 | 4.096e-06 |  342.0 |
|  219000.0 | 4.097e-06 |  343.0 |
|  219100.0 | 4.087e-06 |  345.0 |
|  219200.0 | 4.079e-06 |  347.0 |
|  219300.0 | 4.068e-06 |  349.0 |
|  219400.0 | 4.069e-06 |  350.0 |
|  219500.0 |  4.05e-06 |  353.0 |
| 219599.98 | 4.051e-06 |  354.0 |
|  219700.0 | 4.033e-06 |  357.0 |
|  219800.0 | 4.928e-06 |  337.0 |
|  219900.0 | 5.337e-06 |  338.0 |
|  220000.0 | 5.583e-06 |  340.0 |
|  220100.0 | 5.774e-06 |  341.0 |
|  220200.0 | 5.853e-06 |  342.0 |
|  220300.0 | 5.843e-06 |  343.0 |
| 220400.02 | 5.786e-06 |  346.0 |
|  220500.0 | 5.682e-06 |  347.0 |
|  220600.0 | 5.565e-06 |  348.0 |
|  220700.0 | 5.517e-06 |  349.0 |
|  220800.0 |  5.56e-06 |  350.0 |
|  220900.0 | 5.625e-06 |  352.0 |
|  221000.0 | 5.695e-06 |  353.0 |
|  221100.0 | 5.787e-06 |  355.0 |
| 221200.02 | 5.772e-06 |  356.0 |
| 221299.98 | 5.606e-06 |  357.0 |
|  221400.0 | 5.359e-06 |  359.0 |
|  221500.0 | 5.033e-06 |  360.0 |
|  221600.0 | 4.437e-06 |  361.0 |
|  221700.0 | 3.644e-06 |  388.0 |
|  221800.0 | 3.626e-06 |  390.0 |
|  221900.0 | 3.601e-06 |  393.0 |
|  222000.0 | 3.584e-06 |  394.0 |
| 222099.98 | 3.567e-06 |  396.0 |
|  222200.0 | 3.549e-06 |  397.0 |
|  222300.0 | 3.532e-06 |  398.0 |
|  222400.0 | 3.508e-06 |  402.0 |
|  222500.0 | 3.491e-06 |  403.0 |
|  222600.0 | 3.484e-06 |  404.0 |
|  222700.0 | 3.469e-06 |  405.0 |
|  222800.0 | 3.454e-06 |  407.0 |
| 222900.02 | 3.438e-06 |  408.0 |
|  223000.0 |  3.72e-06 |  380.0 |
|  223100.0 | 4.893e-06 |  382.0 |
|  223200.0 | 5.341e-06 |  382.0 |
|  223300.0 | 5.607e-06 |  383.0 |
|  223400.0 | 5.815e-06 |  385.0 |
|  223500.0 | 6.025e-06 |  386.0 |
|  223600.0 | 6.177e-06 |  388.0 |
| 223700.02 | 6.143e-06 |  389.0 |
| 223799.98 |  5.95e-06 |  390.0 |
|  223900.0 | 5.564e-06 |  391.0 |
|  224000.0 | 4.639e-06 |  393.0 |
|  224100.0 | 3.357e-06 |  429.0 |
|  224200.0 | 3.354e-06 |  430.0 |
|  224300.0 |  3.36e-06 |  431.0 |
|  224400.0 | 3.362e-06 |  434.0 |
|  224500.0 | 3.941e-06 |  399.0 |
| 224599.98 | 4.811e-06 |  400.0 |
|  224700.0 | 4.878e-06 |  402.0 |
|  224800.0 | 4.278e-06 |  403.0 |
|  224900.0 | 3.373e-06 |  441.0 |
|  225000.0 | 3.381e-06 |  442.0 |
|  225100.0 | 3.367e-06 |  445.0 |
|  225200.0 | 3.376e-06 |  446.0 |
|  225300.0 | 3.375e-06 |  447.0 |
| 225400.02 | 3.377e-06 |  450.0 |
|  225500.0 | 3.389e-06 |  451.0 |
|  225600.0 | 3.402e-06 |  453.0 |
|  225700.0 | 3.423e-06 |  454.0 |
|  225800.0 | 3.434e-06 |  457.0 |
|  225900.0 | 3.448e-06 |  459.0 |
|  226000.0 | 3.462e-06 |  461.0 |
|  226100.0 | 3.476e-06 |  464.0 |
| 226200.02 | 3.496e-06 |  466.0 |
| 226299.98 |  3.51e-06 |  468.0 |
|  226400.0 |  3.54e-06 |  469.0 |
|  226500.0 | 3.548e-06 |  472.0 |
|  226600.0 | 3.562e-06 |  474.0 |
|  226700.0 | 3.576e-06 |  476.0 |
|  226800.0 | 3.591e-06 |  478.0 |
|  226900.0 | 3.614e-06 |  479.0 |
|  227000.0 | 3.622e-06 |  482.0 |
| 227099.98 | 3.637e-06 |  484.0 |
|  227200.0 |  3.66e-06 |  487.0 |
|  227300.0 | 3.675e-06 |  488.0 |
|  227400.0 | 3.692e-06 |  491.0 |
|  227500.0 | 3.707e-06 |  492.0 |
|  227600.0 | 3.706e-06 |  496.0 |
|  227700.0 | 3.721e-06 |  499.0 |
|  227800.0 |  3.73e-06 |  501.0 |
| 227900.02 | 3.738e-06 |  504.0 |
|  228000.0 | 3.747e-06 |  507.0 |
|  228100.0 | 3.755e-06 |  510.0 |
|  228200.0 | 3.771e-06 |  512.0 |
|  228300.0 |  3.78e-06 |  515.0 |
|  228400.0 |  3.79e-06 |  518.0 |
|  228500.0 | 3.799e-06 |  521.0 |
|  228600.0 | 3.815e-06 |  523.0 |
| 228700.02 | 3.824e-06 |  526.0 |
| 228799.98 | 3.844e-06 |  528.0 |
|  228900.0 |  3.86e-06 |  531.0 |
|  229000.0 | 3.864e-06 |  534.0 |
|  229100.0 | 3.881e-06 |  536.0 |
|  229200.0 |   3.9e-06 |  539.0 |
|  229300.0 | 3.917e-06 |  541.0 |
|  229400.0 | 3.929e-06 |  544.0 |
|  229500.0 | 3.932e-06 |  548.0 |
| 229599.98 | 3.934e-06 |  551.0 |
|  229700.0 | 3.941e-06 |  554.0 |
|  229800.0 | 3.937e-06 |  558.0 |
|  229900.0 | 3.933e-06 |  563.0 |
|  230000.0 |  3.95e-06 |  565.0 |
|  230100.0 | 3.946e-06 |  569.0 |
|  230200.0 | 4.705e-06 |  497.0 |
|  230300.0 | 6.258e-06 |  499.0 |
| 230400.02 | 5.918e-06 |  501.0 |
|  230500.0 | 3.961e-06 |  583.0 |
|  230600.0 | 3.959e-06 |  586.0 |
|  230700.0 | 3.969e-06 |  589.0 |
|  230800.0 | 3.968e-06 |  592.0 |
|  230900.0 | 3.974e-06 |  596.0 |
|  231000.0 | 3.981e-06 |  599.0 |
|  231100.0 | 3.999e-06 |  602.0 |
| 231200.02 | 4.006e-06 |  605.0 |
| 231299.98 | 4.013e-06 |  609.0 |
|  231400.0 | 4.028e-06 |  612.0 |
|  231500.0 | 4.042e-06 |  615.0 |
|  231600.0 | 6.853e-06 |  526.0 |
|  231700.0 | 9.277e-06 |  528.0 |
|  231800.0 | 1.098e-05 |  530.0 |
|  231900.0 | 1.226e-05 |  533.0 |
|  232000.0 |  1.27e-05 |  535.0 |
| 232099.98 |  1.25e-05 |  537.0 |
|  232200.0 | 1.209e-05 |  539.0 |
|  232300.0 | 1.169e-05 |  541.0 |
|  232400.0 | 1.118e-05 |  543.0 |
|  232500.0 | 1.057e-05 |  545.0 |
|  232600.0 | 1.008e-05 |  547.0 |
|  232700.0 | 9.675e-06 |  549.0 |
|  232800.0 | 9.119e-06 |  551.0 |
| 232900.02 | 8.343e-06 |  553.0 |
|  233000.0 | 7.323e-06 |  555.0 |
|  233100.0 | 6.214e-06 |  556.0 |
|  233200.0 | 5.297e-06 |  558.0 |
|  233300.0 | 4.094e-06 |  560.0 |
|  233400.0 |  4.41e-06 |  679.0 |
|  233500.0 |  4.44e-06 |  682.0 |
|  233600.0 | 4.467e-06 |  684.0 |
| 233700.02 | 4.498e-06 |  685.0 |
| 233799.98 | 4.518e-06 |  685.0 |
|  233900.0 |  3.34e-06 |  566.0 |
|  234000.0 | 5.078e-06 |  566.0 |
|  234100.0 | 5.902e-06 |  566.0 |
|  234200.0 | 6.329e-06 |  567.0 |
|  234300.0 | 6.342e-06 |  567.0 |
|  234400.0 | 6.252e-06 |  567.0 |
|  234500.0 | 6.465e-06 |  567.0 |
| 234599.98 | 6.289e-06 |  568.0 |
|  234700.0 | 3.584e-06 |  568.0 |
|  234800.0 |  4.79e-06 |  691.0 |
|  234900.0 | 4.823e-06 |  692.0 |
|  235000.0 | 4.849e-06 |  693.0 |
|  235100.0 |  4.88e-06 |  693.0 |
|  235200.0 | 4.912e-06 |  694.0 |
|  235300.0 | 4.948e-06 |  694.0 |
| 235400.02 | 4.984e-06 |  695.0 |
|  235500.0 | 5.021e-06 |  695.0 |
|  235600.0 | 5.051e-06 |  696.0 |
|  235700.0 | 5.084e-06 |  697.0 |
|  235800.0 |  5.12e-06 |  697.0 |
|  235900.0 | 5.165e-06 |  697.0 |
|  236000.0 | 5.209e-06 |  697.0 |
|  236100.0 | 5.253e-06 |  697.0 |
| 236200.02 | 5.297e-06 |  697.0 |
| 236299.98 | 5.334e-06 |  697.0 |
|  236400.0 | 5.381e-06 |  697.0 |
|  236500.0 | 5.423e-06 |  697.0 |
|  236600.0 | 5.469e-06 |  697.0 |
|  236700.0 |  5.51e-06 |  698.0 |
|  236800.0 |  5.56e-06 |  698.0 |
|  236900.0 | 6.718e-06 |  572.0 |
|  237000.0 | 9.059e-06 |  572.0 |
| 237099.98 | 1.063e-05 |  572.0 |
|  237200.0 | 1.193e-05 |  572.0 |
|  237300.0 | 1.301e-05 |  573.0 |
|  237400.0 | 1.373e-05 |  573.0 |
|  237500.0 | 1.379e-05 |  572.0 |
|  237600.0 | 1.245e-05 |  572.0 |
|  237700.0 | 8.287e-06 |  572.0 |
|  237800.0 | 6.062e-06 |  698.0 |
| 237900.02 | 6.122e-06 |  698.0 |
|  238000.0 | 6.189e-06 |  699.0 |
|  238100.0 | 6.255e-06 |  700.0 |
|  238200.0 | 6.326e-06 |  700.0 |
|  238300.0 | 6.402e-06 |  700.0 |
|  238400.0 | 1.106e-05 |  574.0 |
|  238500.0 | 1.448e-05 |  574.0 |
|  238600.0 | 1.614e-05 |  575.0 |
| 238700.02 | 1.681e-05 |  575.0 |
| 238799.98 |  1.68e-05 |  575.0 |
|  238900.0 | 1.637e-05 |  575.0 |
|  239000.0 | 1.605e-05 |  576.0 |
|  239100.0 | 1.571e-05 |  576.0 |
|  239200.0 | 1.469e-05 |  576.0 |
|  239300.0 | 1.272e-05 |  576.0 |
|  239400.0 | 9.466e-06 |  577.0 |
|  239500.0 | 7.316e-06 |  707.0 |
| 239599.98 | 7.397e-06 |  707.0 |
|  239700.0 | 7.477e-06 |  708.0 |
|  239800.0 | 7.557e-06 |  708.0 |
|  239900.0 | 7.642e-06 |  709.0 |
|  240000.0 | 4.201e-06 |  578.0 |
|  240100.0 | 1.293e-05 |  579.0 |
|  240200.0 | 1.673e-05 |  578.0 |
|  240300.0 | 1.916e-05 |  579.0 |
| 240400.02 | 1.979e-05 |  578.0 |
|  240500.0 | 1.911e-05 |  578.0 |
|  240600.0 |  1.84e-05 |  578.0 |
|  240700.0 | 1.796e-05 |  578.0 |
|  240800.0 | 1.747e-05 |  578.0 |
|  240900.0 | 1.691e-05 |  578.0 |
|  241000.0 | 1.654e-05 |  578.0 |
|  241100.0 | 1.648e-05 |  578.0 |
| 241200.02 | 1.635e-05 |  578.0 |
| 241299.98 | 1.622e-05 |  578.0 |
|  241400.0 | 1.606e-05 |  577.0 |
|  241500.0 | 1.612e-05 |  577.0 |
|  241600.0 | 1.638e-05 |  577.0 |
|  241700.0 | 1.694e-05 |  577.0 |
|  241800.0 |  1.76e-05 |  577.0 |
|  241900.0 | 1.822e-05 |  577.0 |
|  242000.0 | 1.832e-05 |  577.0 |
| 242099.98 | 1.773e-05 |  577.0 |
|  242200.0 | 1.592e-05 |  577.0 |
|  242300.0 | 1.155e-05 |  577.0 |
|  242400.0 | 9.692e-06 |  707.0 |
|  242500.0 | 9.833e-06 |  708.0 |
|  242600.0 |  9.94e-06 |  709.0 |
|  242700.0 | 1.008e-05 |  711.0 |
|  242800.0 | 1.018e-05 |  712.0 |
| 242900.02 | 1.033e-05 |  713.0 |
|  243000.0 | 1.047e-05 |  714.0 |
|  243100.0 | 1.532e-05 |  582.0 |
|  243200.0 | 1.872e-05 |  582.0 |
|  243300.0 | 1.996e-05 |  583.0 |
|  243400.0 | 2.002e-05 |  583.0 |
|  243500.0 | 1.959e-05 |  584.0 |
|  243600.0 | 1.889e-05 |  585.0 |
| 243700.02 | 1.796e-05 |  585.0 |
| 243799.98 | 1.719e-05 |  586.0 |
|  243900.0 |   1.7e-05 |  587.0 |
|  244000.0 | 1.739e-05 |  587.0 |
|  244100.0 | 1.796e-05 |  588.0 |
|  244200.0 |  1.84e-05 |  588.0 |
|  244300.0 | 1.863e-05 |  589.0 |
|  244400.0 | 1.899e-05 |  589.0 |
|  244500.0 | 2.014e-05 |  590.0 |
| 244599.98 | 2.185e-05 |  591.0 |
|  244700.0 | 2.346e-05 |  592.0 |
|  244800.0 | 2.486e-05 |  593.0 |
|  244900.0 | 2.629e-05 |  594.0 |
|  245000.0 | 2.759e-05 |  595.0 |
|  245100.0 | 2.801e-05 |  595.0 |
|  245200.0 | 2.723e-05 |  597.0 |
|  245300.0 | 2.578e-05 |  597.0 |
| 245400.02 | 2.439e-05 |  598.0 |
|  245500.0 | 2.299e-05 |  599.0 |
|  245600.0 | 2.123e-05 |  600.0 |
|  245700.0 | 1.898e-05 |  601.0 |
|  245800.0 | 1.631e-05 |  602.0 |
|  245900.0 | 1.215e-05 |  603.0 |
|  246000.0 | 1.657e-05 |  757.0 |
|  246100.0 | 1.694e-05 |  759.0 |
| 246200.02 | 1.726e-05 |  760.0 |
| 246299.98 | 1.763e-05 |  762.0 |
|  246400.0 | 8.451e-06 |  607.0 |
|  246500.0 | 2.111e-05 |  608.0 |
|  246600.0 | 2.795e-05 |  608.0 |
|  246700.0 | 3.268e-05 |  609.0 |
|  246800.0 | 3.568e-05 |  610.0 |
|  246900.0 | 3.696e-05 |  611.0 |
|  247000.0 | 3.688e-05 |  612.0 |
| 247099.98 | 3.547e-05 |  614.0 |
|  247200.0 | 3.307e-05 |  617.0 |
|  247300.0 | 2.971e-05 |  617.0 |
|  247400.0 | 2.624e-05 |  620.0 |
|  247500.0 | 2.325e-05 |  621.0 |
|  247600.0 | 2.144e-05 |  623.0 |
|  247700.0 | 2.046e-05 |  624.0 |
|  247800.0 | 1.979e-05 |  626.0 |
| 247900.02 | 1.838e-05 |  627.0 |
|  248000.0 | 1.663e-05 |  629.0 |
|  248100.0 | 1.695e-05 |  630.0 |
|  248200.0 | 2.002e-05 |  631.0 |
|  248300.0 | 2.329e-05 |  632.0 |
|  248400.0 | 2.621e-05 |  634.0 |
|  248500.0 | 2.937e-05 |  635.0 |
|  248600.0 | 3.313e-05 |  636.0 |
| 248700.02 |  3.51e-05 |  637.0 |
| 248799.98 | 3.362e-05 |  639.0 |
|  248900.0 | 2.864e-05 |  639.0 |
|  249000.0 | 2.149e-05 |  641.0 |
|  249100.0 | 3.611e-06 |  642.0 |
|  249200.0 | 4.674e-05 |  839.0 |
|  249300.0 | 4.906e-05 |  843.0 |
|  249400.0 | 5.196e-05 |  847.0 |
|  249500.0 | 5.518e-05 |  852.0 |
| 249599.98 | 5.883e-05 |  857.0 |
|  249700.0 | 6.215e-05 |  860.0 |
|  249800.0 | 6.592e-05 |  865.0 |
|  249900.0 |  7.01e-05 |  869.0 |
|  250000.0 |  7.44e-05 |  872.0 |
|  250100.0 | 7.997e-05 |  877.0 |
|  250200.0 | 8.519e-05 |  880.0 |
|  250300.0 | 9.091e-05 |  883.0 |
| 250400.02 | 9.713e-05 |  887.0 |
|  250500.0 | 0.0001046 |  891.0 |
|  250600.0 | 0.0001103 |  892.0 |
|  250700.0 |  0.000118 |  895.0 |
|  250800.0 | 0.0001258 |  899.0 |
|  250900.0 | 0.0001347 |  902.0 |
|  251000.0 | 0.0001432 |  904.0 |
|  251100.0 | 0.0001532 |  907.0 |
| 251200.02 | 2.696e-05 |  672.0 |
| 251299.98 | 3.648e-05 |  674.0 |
|  251400.0 | 4.109e-05 |  674.0 |
|  251500.0 | 4.286e-05 |  675.0 |
|  251600.0 | 4.228e-05 |  676.0 |
|  251700.0 | 4.239e-05 |  677.0 |
|  251800.0 | 4.968e-05 |  678.0 |
|  251900.0 | 6.479e-05 |  678.0 |
|  252000.0 | 8.182e-05 |  678.0 |
| 252099.98 | 9.825e-05 |  679.0 |
|  252200.0 | 0.0001148 |  679.0 |
|  252300.0 |  0.000132 |  680.0 |
|  252400.0 | 0.0001466 |  680.0 |
|  252500.0 | 0.0001558 |  680.0 |
|  252600.0 | 0.0001599 |  681.0 |
|  252700.0 | 0.0001612 |  681.0 |
|  252800.0 | 0.0001625 |  682.0 |
| 252900.02 | 0.0001642 |  682.0 |
|  253000.0 | 0.0001661 |  682.0 |
|  253100.0 | 0.0001666 |  683.0 |
|  253200.0 | 0.0001621 |  683.0 |
|  253300.0 | 0.0001532 |  684.0 |
|  253400.0 | 0.0001433 |  684.0 |
|  253500.0 | 0.0001326 |  684.0 |
|  253600.0 | 0.0001181 |  685.0 |
| 253700.02 | 0.0001012 |  685.0 |
| 253799.98 | 9.522e-05 |  685.0 |
|  253900.0 | 0.0001098 |  686.0 |
|  254000.0 | 0.0001297 |  686.0 |
|  254100.0 | 0.0001443 |  686.0 |
|  254200.0 | 0.0001541 |  686.0 |
|  254300.0 | 0.0001624 |  686.0 |
|  254400.0 | 0.0001712 |  686.0 |
|  254500.0 | 0.0001811 |  686.0 |
| 254599.98 | 0.0001915 |  686.0 |
|  254700.0 | 0.0002009 |  686.0 |
|  254800.0 | 0.0002085 |  686.0 |
|  254900.0 | 0.0002145 |  686.0 |
|  255000.0 | 0.0002198 |  686.0 |
|  255100.0 | 0.0002252 |  686.0 |
|  255200.0 | 0.0002287 |  686.0 |
|  255300.0 | 0.0002323 |  686.0 |
| 255400.02 | 0.0002354 |  686.0 |
|  255500.0 | 0.0002373 |  686.0 |
|  255600.0 |  0.000239 |  686.0 |
|  255700.0 | 0.0002385 |  686.0 |
|  255800.0 |  0.000237 |  686.0 |
|  255900.0 | 0.0002341 |  686.0 |
|  256000.0 | 0.0002301 |  686.0 |
|  256100.0 | 0.0002263 |  686.0 |
| 256200.02 |  0.000223 |  686.0 |
| 256299.98 | 0.0002201 |  686.0 |
|  256400.0 | 0.0002173 |  686.0 |
|  256500.0 | 0.0002145 |  686.0 |
|  256600.0 | 0.0002121 |  686.0 |
|  256700.0 | 0.0002095 |  686.0 |
|  256800.0 | 0.0002083 |  686.0 |
|  256900.0 | 0.0002068 |  686.0 |
|  257000.0 | 0.0002039 |  686.0 |
| 257099.98 | 0.0001978 |  686.0 |
|  257200.0 |   0.00019 |  686.0 |
|  257300.0 | 0.0001823 |  686.0 |
|  257400.0 | 0.0001745 |  686.0 |
|  257500.0 | 0.0001664 |  686.0 |
|  257600.0 | 0.0001577 |  686.0 |
|  257700.0 | 0.0001526 |  686.0 |
|  257800.0 | 0.0001534 |  686.0 |
| 257900.02 | 0.0001566 |  686.0 |
|  258000.0 |  0.000159 |  686.0 |
|  258100.0 | 0.0001603 |  686.0 |
|  258200.0 | 0.0001622 |  686.0 |
|  258300.0 |  0.000164 |  686.0 |
|  258400.0 | 0.0001649 |  686.0 |
|  258500.0 | 0.0001641 |  686.0 |
|  258600.0 | 0.0001624 |  686.0 |
| 258700.02 | 0.0001612 |  686.0 |
| 258799.98 | 0.0001603 |  686.0 |
|  258900.0 |  0.000159 |  686.0 |
|  259000.0 |  0.000158 |  686.0 |
|  259100.0 | 0.0001561 |  686.0 |
|  259200.0 | 0.0001532 |  686.0 |
|  259300.0 | 0.0001499 |  686.0 |
|  259400.0 | 0.0001468 |  687.0 |
|  259500.0 | 0.0001434 |  686.0 |
| 259599.98 | 0.0001405 |  686.0 |
|  259700.0 | 0.0001384 |  686.0 |
|  259800.0 | 0.0001368 |  686.0 |
|  259900.0 | 0.0001363 |  686.0 |
|  260000.0 | 0.0001359 |  686.0 |
|  260100.0 | 0.0001351 |  686.0 |
|  260200.0 | 0.0001348 |  687.0 |
|  260300.0 | 0.0001352 |  686.0 |
| 260400.02 |  0.000136 |  686.0 |
|  260500.0 | 0.0001376 |  686.0 |
|  260600.0 | 0.0001395 |  686.0 |
|  260700.0 | 0.0001421 |  686.0 |
|  260800.0 | 0.0001459 |  686.0 |
|  260900.0 | 0.0001487 |  686.0 |
|  261000.0 | 0.0001499 |  686.0 |
|  261100.0 | 0.0001483 |  686.0 |
| 261200.02 | 0.0001448 |  686.0 |
| 261299.98 | 0.0001404 |  686.0 |
|  261400.0 |  0.000135 |  686.0 |
|  261500.0 | 0.0001293 |  686.0 |
|  261600.0 | 0.0001234 |  686.0 |
|  261700.0 | 0.0001176 |  686.0 |
|  261800.0 | 0.0001124 |  686.0 |
|  261900.0 | 0.0001079 |  686.0 |
|  262000.0 | 0.0001035 |  686.0 |
| 262099.98 | 9.912e-05 |  687.0 |
|  262200.0 | 9.294e-05 |  687.0 |
|  262300.0 | 8.551e-05 |  686.0 |
|  262400.0 |  8.05e-05 |  686.0 |
|  262500.0 | 8.171e-05 |  687.0 |
|  262600.0 | 8.775e-05 |  686.0 |
|  262700.0 | 9.408e-05 |  686.0 |
|  262800.0 |  9.87e-05 |  686.0 |
|  262900.0 | 0.0001033 |  686.0 |
|  263000.0 | 0.0001083 |  687.0 |
|  263100.0 | 0.0001126 |  686.0 |
|  263200.0 | 0.0001146 |  686.0 |
|  263300.0 | 0.0001145 |  686.0 |
|  263400.0 | 0.0001144 |  686.0 |
|  263500.0 | 0.0001143 |  686.0 |
|  263600.0 | 0.0001147 |  687.0 |
|  263700.0 | 0.0001151 |  686.0 |
|  263800.0 | 0.0001146 |  686.0 |
|  263900.0 | 0.0001159 |  686.0 |
|  264000.0 | 0.0001174 |  686.0 |
|  264100.0 | 0.0001198 |  687.0 |
|  264200.0 | 0.0001213 |  686.0 |
|  264300.0 | 0.0001227 |  686.0 |
|  264400.0 |  0.000124 |  687.0 |
|  264500.0 | 0.0001234 |  686.0 |
|  264600.0 |  0.000121 |  687.0 |
|  264700.0 | 0.0001159 |  686.0 |
|  264800.0 | 0.0001084 |  686.0 |
|  264900.0 | 9.937e-05 |  687.0 |
|  265000.0 | 9.015e-05 |  687.0 |
|  265100.0 |  7.99e-05 |  686.0 |
|  265200.0 | 6.808e-05 |  686.0 |
|  265300.0 | 5.401e-05 |  687.0 |
|  265400.0 | 3.567e-05 |  686.0 |
|  265500.0 | 0.0001431 |  944.0 |
|  265600.0 |  0.000144 |  944.0 |
|  265700.0 | 0.0001454 |  944.0 |
|  265800.0 |  0.000147 |  944.0 |
|  265900.0 | 0.0001486 |  944.0 |
|  266000.0 | 0.0001493 |  944.0 |
|  266100.0 | 0.0001501 |  944.0 |
|  266200.0 | 0.0001517 |  944.0 |
|  266300.0 | 0.0001531 |  944.0 |
|  266400.0 | 0.0001539 |  944.0 |
|  266500.0 | 0.0001555 |  944.0 |
|  266600.0 |  3.13e-05 |  686.0 |
|  266700.0 | 3.961e-05 |  687.0 |
|  266800.0 | 4.305e-05 |  687.0 |
|  266900.0 | 4.503e-05 |  686.0 |
|  267000.0 | 4.688e-05 |  687.0 |
|  267100.0 | 4.966e-05 |  687.0 |
|  267200.0 | 5.281e-05 |  686.0 |
|  267300.0 | 5.381e-05 |  687.0 |
|  267400.0 | 5.032e-05 |  686.0 |
|  267500.0 | 4.215e-05 |  686.0 |
|  267600.0 | 3.085e-05 |  687.0 |
|  267700.0 | 1.481e-05 |  686.0 |
|  267800.0 | 0.0001502 |  944.0 |
|  267900.0 | 0.0001495 |  944.0 |
|  268000.0 | 0.0001496 |  944.0 |
|  268100.0 | 0.0001489 |  944.0 |
|  268200.0 | 0.0001482 |  944.0 |
|  268300.0 | 0.0001469 |  944.0 |
|  268400.0 | 0.0001447 |  944.0 |
|  268500.0 | 0.0001432 |  944.0 |
|  268600.0 |  0.000141 |  944.0 |
|  268700.0 | 0.0001395 |  944.0 |
|  268800.0 | 0.0001375 |  944.0 |
|  268900.0 | 2.087e-05 |  687.0 |
|  269000.0 | 3.136e-05 |  687.0 |
|  269100.0 | 3.879e-05 |  687.0 |
|  269200.0 | 4.424e-05 |  687.0 |
|  269300.0 | 4.863e-05 |  686.0 |
|  269400.0 |  5.28e-05 |  686.0 |
|  269500.0 |  5.69e-05 |  686.0 |
|  269600.0 | 6.116e-05 |  686.0 |
|  269700.0 | 6.552e-05 |  687.0 |
|  269800.0 | 6.965e-05 |  686.0 |
|  269900.0 |  7.35e-05 |  686.0 |
|  270000.0 | 7.636e-05 |  686.0 |
|  270100.0 | 7.695e-05 |  686.0 |
|  270200.0 | 7.712e-05 |  686.0 |
|  270300.0 | 7.623e-05 |  687.0 |
|  270400.0 | 7.465e-05 |  686.0 |
|  270500.0 | 7.274e-05 |  687.0 |
|  270600.0 | 7.062e-05 |  686.0 |
|  270700.0 | 6.857e-05 |  686.0 |
|  270800.0 | 6.658e-05 |  686.0 |
|  270900.0 | 6.454e-05 |  687.0 |
|  271000.0 | 6.243e-05 |  686.0 |
|  271100.0 | 6.038e-05 |  686.0 |
|  271200.0 | 5.827e-05 |  686.0 |
|  271300.0 |  5.62e-05 |  686.0 |
|  271400.0 | 5.419e-05 |  686.0 |
|  271500.0 | 5.214e-05 |  687.0 |
|  271600.0 | 5.009e-05 |  687.0 |
|  271700.0 | 4.802e-05 |  687.0 |
|  271800.0 | 4.407e-05 |  687.0 |
|  271900.0 | 3.938e-05 |  686.0 |
|  272000.0 | 3.517e-05 |  687.0 |
|  272100.0 |  3.14e-05 |  687.0 |
|  272200.0 | 2.789e-05 |  687.0 |
|  272300.0 | 2.474e-05 |  687.0 |
|  272400.0 | 2.207e-05 |  687.0 |
|  272500.0 | 1.993e-05 |  686.0 |
|  272600.0 | 1.815e-05 |  686.0 |
|  272700.0 |  1.66e-05 |  687.0 |
|  272800.0 | 1.512e-05 |  686.0 |
|  272900.0 | 1.373e-05 |  686.0 |
|  273000.0 | 1.241e-05 |  687.0 |
|  273100.0 | 1.122e-05 |  687.0 |
|  273200.0 | 1.018e-05 |  687.0 |
|  273300.0 |   9.2e-06 |  686.0 |
|  273400.0 | 8.292e-06 |  687.0 |
|  273500.0 | 7.485e-06 |  687.0 |
|  273600.0 | 6.693e-06 |  687.0 |
|  273700.0 | 5.949e-06 |  686.0 |
|  273800.0 | 5.282e-06 |  686.0 |
|  273900.0 | 4.687e-06 |  687.0 |
|  274000.0 | 4.167e-06 |  687.0 |
|  274100.0 |  3.73e-06 |  686.0 |
|  274200.0 | 3.331e-06 |  687.0 |
|  274300.0 | 2.974e-06 |  687.0 |
|  274400.0 | 2.652e-06 |  686.0 |
|  274500.0 | 2.354e-06 |  686.0 |
|  274600.0 | 2.083e-06 |  687.0 |
|  274700.0 | 1.843e-06 |  686.0 |
|  274800.0 | 1.616e-06 |  687.0 |
|  274900.0 | 1.416e-06 |  687.0 |
|  275000.0 | 1.236e-06 |  686.0 |
|  275100.0 | 1.077e-06 |  686.0 |
|  275200.0 | 9.399e-07 |  686.0 |
|  275300.0 |  8.22e-07 |  686.0 |
|  275400.0 | 7.742e-07 |  686.0 |
|  275500.0 | 7.511e-07 |  686.0 |
|  275600.0 | 7.277e-07 |  687.0 |
|  275700.0 | 7.104e-07 |  687.0 |
|  275800.0 | 6.943e-07 |  686.0 |
|  275900.0 | 6.761e-07 |  687.0 |
|  276000.0 | 6.616e-07 |  686.0 |
|  276100.0 | 6.404e-07 |  687.0 |
|  276200.0 | 6.202e-07 |  687.0 |
|  276300.0 | 6.004e-07 |  687.0 |
|  276400.0 | 5.793e-07 |  687.0 |
|  276500.0 | 5.556e-07 |  687.0 |
|  276600.0 | 5.336e-07 |  686.0 |
|  276700.0 | 5.129e-07 |  687.0 |
|  276800.0 | 4.934e-07 |  686.0 |
|  276900.0 |  4.74e-07 |  686.0 |
|  277000.0 | 4.536e-07 |  687.0 |
|  277100.0 |  4.35e-07 |  687.0 |
|  277200.0 | 4.351e-07 |  686.0 |
|  277300.0 | 4.617e-07 |  687.0 |
|  277400.0 | 4.902e-07 |  687.0 |
|  277500.0 | 5.211e-07 |  687.0 |
|  277600.0 | 5.515e-07 |  687.0 |
|  277700.0 | 5.863e-07 |  687.0 |
|  277800.0 | 6.224e-07 |  687.0 |
|  277900.0 | 6.602e-07 |  687.0 |
|  278000.0 | 7.013e-07 |  687.0 |
|  278100.0 | 7.463e-07 |  686.0 |
|  278200.0 | 7.895e-07 |  687.0 |
|  278300.0 | 8.383e-07 |  687.0 |
|  278400.0 | 8.922e-07 |  687.0 |
|  278500.0 | 9.469e-07 |  686.0 |
|  278600.0 | 1.006e-06 |  687.0 |
|  278700.0 | 1.075e-06 |  687.0 |
|  278800.0 | 1.148e-06 |  687.0 |
|  278900.0 | 1.234e-06 |  686.0 |
|  279000.0 | 1.312e-06 |  687.0 |
|  279100.0 |  1.41e-06 |  687.0 |
|  279200.0 | 1.516e-06 |  687.0 |
|  279300.0 | 1.629e-06 |  687.0 |
|  279400.0 | 1.741e-06 |  687.0 |
|  279500.0 | 1.864e-06 |  686.0 |
|  279600.0 | 1.989e-06 |  686.0 |
|  279700.0 | 2.116e-06 |  687.0 |
|  279800.0 | 2.268e-06 |  686.0 |
|  279900.0 |  2.42e-06 |  687.0 |
|  280000.0 | 2.563e-06 |  687.0 |
|  280500.0 | 2.807e-06 |  703.0 |
|  281000.0 | 3.637e-06 |  703.0 |
|  281500.0 | 4.272e-06 |  703.0 |
|  282000.0 | 5.019e-06 |  703.0 |
|  282500.0 | 5.905e-06 |  703.0 |
|  283000.0 | 6.525e-06 |  703.0 |
|  283500.0 | 6.691e-06 |  703.0 |
|  284000.0 | 6.822e-06 |  703.0 |
|  284500.0 | 7.801e-06 |  703.0 |
|  285000.0 | 8.414e-06 |  703.0 |
|  285500.0 | 8.628e-06 |  703.0 |
