9.100000e+01 1.000000e+00
9.400000e+01 1.000000e+00
9.600000e+01 1.000000e+00
9.800000e+01 1.000000e+00
1.000000e+02 1.000000e+00
1.020000e+02 1.000000e+00
1.040000e+02 1.000000e+00
1.060000e+02 1.000000e+00
1.080000e+02 1.000000e+00
1.100000e+02 1.000000e+00
1.140000e+02 1.000000e+00
1.180000e+02 1.000000e+00
1.210000e+02 1.000000e+00
1.250000e+02 1.000000e+00
1.270000e+02 1.000000e+00
1.280000e+02 1.000000e+00
1.310000e+02 1.000000e+00
1.320000e+02 1.000000e+00
1.340000e+02 1.000000e+00
1.370000e+02 1.000000e+00
1.400000e+02 1.000000e+00
1.430000e+02 1.000000e+00
1.470000e+02 1.000000e+00
1.510000e+02 1.000000e+00
1.550000e+02 1.000000e+00
1.590000e+02 1.000000e+00
1.620000e+02 1.000000e+00
1.660000e+02 1.000000e+00
1.700000e+02 1.000000e+00
1.730000e+02 1.000000e+00
1.770000e+02 1.000000e+00
1.800000e+02 1.000000e+00
1.820000e+02 1.000000e+00
1.860000e+02 1.000000e+00
1.910000e+02 1.000000e+00
1.940000e+02 1.000000e+00
1.980000e+02 1.000000e+00
2.020000e+02 1.000000e+00
2.050000e+02 1.000000e+00
2.100000e+02 1.000000e+00
2.160000e+02 1.000000e+00
2.200000e+02 1.000000e+00
2.230000e+02 1.000000e+00
2.270000e+02 1.000000e+00
2.300000e+02 1.000000e+00
2.340000e+02 1.000000e+00
2.400000e+02 1.000000e+00
2.460000e+02 1.000000e+00
2.520000e+02 1.000000e+00
2.570000e+02 1.000000e+00
2.600000e+02 1.000000e+00
2.640000e+02 1.000000e+00
2.690000e+02 1.000000e+00
2.740000e+02 1.000000e+00
2.790000e+02 1.000000e+00
2.840000e+02 1.000000e+00
2.900000e+02 1.000000e+00
2.960000e+02 1.000000e+00
3.010000e+02 1.000000e+00
3.080000e+02 1.000000e+00
3.180000e+02 1.000000e+00
3.280000e+02 1.000000e+00
3.380000e+02 1.000000e+00
3.480000e+02 1.000000e+00
3.570000e+02 1.000000e+00
3.660000e+02 1.000000e+00
3.750000e+02 1.000000e+00
3.850000e+02 1.000000e+00
3.950000e+02 1.000000e+00
4.050000e+02 1.000000e+00
4.140000e+02 1.000000e+00
4.220000e+02 1.000000e+00
4.300000e+02 1.000000e+00
4.410000e+02 1.000000e+00
4.510000e+02 1.000000e+00
4.600000e+02 1.000000e+00
4.700000e+02 1.000000e+00
4.800000e+02 1.000000e+00
4.900000e+02 1.000000e+00
5.000000e+02 1.000000e+00
5.060000e+02 1.000000e+00
5.120000e+02 1.000000e+00
5.200000e+02 1.000000e+00
5.300000e+02 1.000000e+00
5.400000e+02 1.000000e+00
5.500000e+02 1.000000e+00
5.600000e+02 1.000000e+00
5.700000e+02 1.000000e+00
5.800000e+02 1.000000e+00
5.900000e+02 1.000000e+00
6.000000e+02 1.000000e+00
6.100000e+02 1.000000e+00
6.200000e+02 1.000000e+00
6.300000e+02 1.000000e+00
6.400000e+02 1.000000e+00
6.500000e+02 1.000000e+00
6.580000e+02 1.000000e+00
6.650000e+02 1.000000e+00
6.750000e+02 1.000000e+00
6.850001e+02 1.000000e+00
6.950000e+02 1.000000e+00
7.050000e+02 1.000000e+00
7.160000e+02 1.000000e+00
7.260000e+02 1.000000e+00
7.350001e+02 1.000000e+00
7.450000e+02 1.000000e+00
7.550000e+02 1.000000e+00
7.650000e+02 1.000000e+00
7.750000e+02 1.000000e+00
7.850001e+02 1.000000e+00
7.950000e+02 1.000000e+00
8.050000e+02 1.000000e+00
8.150001e+02 1.000000e+00
8.250000e+02 1.000000e+00
8.350001e+02 1.000000e+00
8.450000e+02 1.000000e+00
8.550000e+02 1.000000e+00
8.650001e+02 1.000000e+00
8.750000e+02 1.000000e+00
8.850001e+02 1.000000e+00
8.950000e+02 1.000000e+00
9.050000e+02 1.000000e+00
9.150001e+02 1.000000e+00
9.250000e+02 1.000000e+00
9.350001e+02 1.000000e+00
9.450000e+02 1.000000e+00
9.550000e+02 1.000000e+00
9.650001e+02 1.000000e+00
9.750000e+02 1.000000e+00
9.850001e+02 1.000000e+00
9.950000e+02 1.000000e+00
1.005000e+03 1.000000e+00
1.015000e+03 1.000000e+00
1.025000e+03 1.000000e+00
1.035000e+03 1.000000e+00
1.045000e+03 1.000000e+00
1.055000e+03 1.000000e+00
1.065000e+03 1.000000e+00
1.075000e+03 1.000000e+00
1.085000e+03 1.000000e+00
1.095000e+03 1.000000e+00
1.105000e+03 1.000000e+00
1.115000e+03 1.000000e+00
1.125000e+03 1.000000e+00
1.135000e+03 1.000000e+00
1.145000e+03 1.000000e+00
1.155000e+03 1.000000e+00
1.165000e+03 1.000000e+00
1.175000e+03 1.000000e+00
1.185000e+03 1.000000e+00
1.195000e+03 1.000000e+00
1.205000e+03 1.000000e+00
1.215000e+03 1.000000e+00
1.225000e+03 1.000000e+00
1.235000e+03 1.000000e+00
1.245000e+03 1.000000e+00
1.255000e+03 1.000000e+00
1.265000e+03 1.000000e+00
1.275000e+03 1.000000e+00
1.285000e+03 1.000000e+00
1.295000e+03 1.000000e+00
1.305000e+03 1.000000e+00
1.315000e+03 1.000000e+00
1.325000e+03 1.000000e+00
1.335000e+03 1.000000e+00
1.345000e+03 1.000000e+00
1.355000e+03 1.000000e+00
1.365000e+03 1.000000e+00
1.375000e+03 1.000000e+00
1.385000e+03 1.000000e+00
1.395000e+03 1.000000e+00
1.405000e+03 1.000000e+00
1.415000e+03 1.000000e+00
1.425000e+03 1.000000e+00
1.435000e+03 1.000000e+00
1.442000e+03 1.000000e+00
1.447000e+03 1.000000e+00
1.455000e+03 1.000000e+00
1.465000e+03 1.000000e+00
1.475000e+03 1.000000e+00
1.485000e+03 1.000000e+00
1.495000e+03 1.000000e+00
1.505000e+03 1.000000e+00
1.512000e+03 1.000000e+00
1.517000e+03 1.000000e+00
1.525000e+03 1.000000e+00
1.535000e+03 1.000000e+00
1.545000e+03 1.000000e+00
1.555000e+03 1.000000e+00
1.565000e+03 1.000000e+00
1.575000e+03 1.000000e+00
1.585000e+03 1.000000e+00
1.595000e+03 1.000000e+00
1.605000e+03 1.000000e+00
1.615000e+03 1.000000e+00
1.625000e+03 1.000000e+00
1.635000e+03 1.000000e+00
1.645000e+03 1.000000e+00
1.655000e+03 1.000000e+00
1.665000e+03 1.000000e+00
1.672000e+03 1.000000e+00
1.677000e+03 1.000000e+00
1.685000e+03 1.000000e+00
1.695000e+03 1.000000e+00
1.705000e+03 1.000000e+00
1.715000e+03 1.000000e+00
1.725000e+03 1.000000e+00
1.735000e+03 1.000000e+00
1.745000e+03 1.000000e+00
1.755000e+03 1.000000e+00
1.765000e+03 1.000000e+00
1.775000e+03 1.000000e+00
1.785000e+03 1.000000e+00
1.795000e+03 1.000000e+00
1.805000e+03 1.000000e+00
1.815000e+03 1.000000e+00
1.825000e+03 1.000000e+00
1.835000e+03 1.000000e+00
1.845000e+03 1.000000e+00
1.855000e+03 1.000000e+00
1.865000e+03 1.000000e+00
1.875000e+03 1.000000e+00
1.885000e+03 1.000000e+00
1.895000e+03 1.000000e+00
1.905000e+03 1.000000e+00
1.915000e+03 1.000000e+00
1.925000e+03 1.000000e+00
1.935000e+03 1.000000e+00
1.945000e+03 1.000000e+00
1.955000e+03 1.000000e+00
1.967000e+03 1.000000e+00
1.976000e+03 1.000000e+00
1.984000e+03 1.000000e+00
1.995000e+03 1.000000e+00
2.005000e+03 9.999951e-01
2.015000e+03 9.999556e-01
2.025000e+03 9.998766e-01
2.035000e+03 9.997582e-01
2.045000e+03 9.996003e-01
2.055000e+03 9.994029e-01
2.065000e+03 9.991661e-01
2.074000e+03 9.989192e-01
2.078000e+03 9.987993e-01
2.085000e+03 9.985742e-01
2.095000e+03 9.982191e-01
2.105000e+03 9.978245e-01
2.115000e+03 9.973906e-01
2.125000e+03 9.969173e-01
2.135000e+03 9.964047e-01
2.145000e+03 9.958527e-01
2.155000e+03 9.952614e-01
2.165000e+03 9.946308e-01
2.175000e+03 9.939610e-01
2.185000e+03 9.932519e-01
2.195000e+03 9.925035e-01
2.205000e+03 9.917160e-01
2.215000e+03 9.908894e-01
2.225000e+03 9.900236e-01
2.235000e+03 9.891188e-01
2.245000e+03 9.881749e-01
2.255000e+03 9.871920e-01
2.265000e+03 9.861701e-01
2.275000e+03 9.851093e-01
2.285000e+03 9.840096e-01
2.295000e+03 9.828711e-01
2.305000e+03 9.816937e-01
2.315000e+03 9.804776e-01
2.325000e+03 9.792228e-01
2.335000e+03 9.779294e-01
2.345000e+03 9.765972e-01
2.355000e+03 9.752266e-01
2.365000e+03 9.738175e-01
2.375000e+03 9.723699e-01
2.385000e+03 9.708840e-01
2.395000e+03 9.693597e-01
2.405000e+03 9.677970e-01
2.415000e+03 9.661963e-01
2.425000e+03 9.645574e-01
2.435000e+03 9.628804e-01
2.445000e+03 9.611654e-01
2.455000e+03 9.594125e-01
2.465000e+03 9.576216e-01
2.475000e+03 9.557930e-01
2.485000e+03 9.539266e-01
2.495000e+03 9.520226e-01
2.505000e+03 9.500811e-01
2.513000e+03 9.485008e-01
2.518000e+03 9.475009e-01
2.525000e+03 9.460854e-01
2.535000e+03 9.440315e-01
2.545000e+03 9.419403e-01
2.555000e+03 9.398119e-01
2.565000e+03 9.376465e-01
2.575000e+03 9.354441e-01
2.585000e+03 9.332047e-01
2.595000e+03 9.309284e-01
2.605000e+03 9.286154e-01
2.615000e+03 9.262658e-01
2.625000e+03 9.238796e-01
2.635000e+03 9.214569e-01
2.645000e+03 9.189978e-01
2.655000e+03 9.165024e-01
2.665000e+03 9.139709e-01
2.675000e+03 9.114033e-01
2.685000e+03 9.087997e-01
2.695000e+03 9.061602e-01
2.705000e+03 9.034849e-01
2.715000e+03 9.007740e-01
2.725000e+03 8.980275e-01
2.735000e+03 8.952456e-01
2.745000e+03 8.924283e-01
2.755000e+03 8.895759e-01
2.765000e+03 8.866883e-01
2.775000e+03 8.837656e-01
2.785000e+03 8.808081e-01
2.795000e+03 8.778158e-01
2.805000e+03 8.747889e-01
2.815000e+03 8.717275e-01
2.825000e+03 8.686315e-01
2.835000e+03 8.655013e-01
2.845000e+03 8.623370e-01
2.855000e+03 8.591386e-01
2.865000e+03 8.559063e-01
2.875000e+03 8.526402e-01
2.885000e+03 8.493404e-01
2.895000e+03 8.460071e-01
2.910000e+03 8.409446e-01
2.930000e+03 8.340785e-01
2.950000e+03 8.270806e-01
2.970000e+03 8.199522e-01
2.990000e+03 8.126942e-01
3.010000e+03 8.053079e-01
3.030000e+03 7.977945e-01
3.050000e+03 7.901551e-01
3.070000e+03 7.823908e-01
3.090000e+03 7.745031e-01
3.110000e+03 7.664931e-01
3.130000e+03 7.583621e-01
3.150000e+03 7.501112e-01
3.170000e+03 7.417420e-01
3.190000e+03 7.332555e-01
3.210000e+03 7.246532e-01
3.230000e+03 7.159365e-01
3.250000e+03 7.071068e-01
3.270000e+03 6.981655e-01
3.290000e+03 6.891139e-01
3.310000e+03 6.799535e-01
3.330000e+03 6.706856e-01
3.350000e+03 6.613120e-01
3.370000e+03 6.518338e-01
3.390000e+03 6.422529e-01
3.410000e+03 6.325703e-01
3.430000e+03 6.227878e-01
3.450000e+03 6.129072e-01
3.470000e+03 6.029296e-01
3.490000e+03 5.928569e-01
3.510000e+03 5.826906e-01
3.530000e+03 5.724322e-01
3.550000e+03 5.620835e-01
3.570000e+03 5.516460e-01
3.590000e+03 5.411214e-01
3.610000e+03 5.305114e-01
3.630000e+03 5.198177e-01
3.640000e+03 5.144398e-01
3.650000e+03 5.090417e-01
3.670000e+03 4.981853e-01
3.690000e+03 4.872504e-01
3.710000e+03 4.762384e-01
3.730000e+03 4.651512e-01
3.750000e+03 4.539906e-01
3.770000e+03 4.427584e-01
3.790000e+03 4.314561e-01
3.810000e+03 4.200858e-01
3.830000e+03 4.086493e-01
3.850000e+03 3.971480e-01
3.870000e+03 3.855841e-01
3.890000e+03 3.739595e-01
3.910000e+03 3.622755e-01
3.930000e+03 3.505345e-01
3.950000e+03 3.387380e-01
3.970000e+03 3.268883e-01
3.990000e+03 3.149867e-01
4.010000e+03 3.030353e-01
4.030000e+03 2.910362e-01
4.050000e+03 2.789911e-01
4.070000e+03 2.669020e-01
4.090000e+03 2.547708e-01
4.110000e+03 2.425994e-01
4.130000e+03 2.303897e-01
4.150000e+03 2.181434e-01
4.170000e+03 2.058627e-01
4.190000e+03 1.935497e-01
4.210000e+03 1.812059e-01
4.230000e+03 1.688335e-01
4.250000e+03 1.564346e-01
4.270000e+03 1.440110e-01
4.290000e+03 1.315646e-01
4.310000e+03 1.190971e-01
4.330000e+03 1.066110e-01
4.350000e+03 9.410819e-02
4.370000e+03 8.159053e-02
4.390000e+03 6.905987e-02
4.410000e+03 5.651842e-02
4.430000e+03 4.396804e-02
4.450000e+03 3.141073e-02
4.470000e+03 1.884833e-02
4.490000e+03 6.282960e-03
4.510000e+03 -6.282928e-03
4.530000e+03 -1.884830e-02
4.550000e+03 -3.141046e-02
4.570000e+03 -4.396790e-02
4.590000e+03 -5.651839e-02
4.610000e+03 -6.905983e-02
4.630000e+03 -8.159038e-02
4.650000e+03 -9.410816e-02
4.670000e+03 -1.066111e-01
4.690000e+03 -1.190969e-01
4.710000e+03 -1.315641e-01
4.730000e+03 -1.440106e-01
4.750000e+03 -1.564343e-01
4.770000e+03 -1.688333e-01
4.790000e+03 -1.812054e-01
4.810000e+03 -1.935496e-01
4.830000e+03 -2.058628e-01
4.850000e+03 -2.181433e-01
4.870000e+03 -2.303895e-01
4.890000e+03 -2.425993e-01
4.910000e+03 -2.547708e-01
4.930000e+03 -2.669022e-01
4.950000e+03 -2.789911e-01
4.970000e+03 -2.910362e-01
4.990000e+03 -3.030353e-01
5.010000e+03 -3.149862e-01
5.030000e+03 -3.268878e-01
5.050000e+03 -3.387378e-01
5.070000e+03 -3.505341e-01
5.090000e+03 -3.622752e-01
5.110000e+03 -3.739589e-01
5.130000e+03 -3.855838e-01
5.150000e+03 -3.971477e-01
5.170000e+03 -4.086489e-01
5.190000e+03 -4.200855e-01
5.210000e+03 -4.314558e-01
5.230000e+03 -4.427579e-01
5.250000e+03 -4.539902e-01
5.270000e+03 -4.651509e-01
5.290000e+03 -4.762380e-01
5.310000e+03 -4.872501e-01
5.330000e+03 -4.981853e-01
5.350000e+03 -5.090415e-01
5.370000e+03 -5.198172e-01
5.390000e+03 -5.305113e-01
5.410000e+03 -5.411212e-01
5.430000e+03 -5.516459e-01
5.450000e+03 -5.620835e-01
5.470000e+03 -5.724322e-01
5.490000e+03 -5.826905e-01
5.510000e+03 -5.928566e-01
5.530000e+03 -6.029294e-01
5.550000e+03 -6.129068e-01
5.570000e+03 -6.227875e-01
5.590000e+03 -6.325701e-01
5.610000e+03 -6.422525e-01
5.630000e+03 -6.518334e-01
5.650000e+03 -6.613117e-01
5.670000e+03 -6.706854e-01
5.690000e+03 -6.799531e-01
5.710000e+03 -6.891137e-01
5.730000e+03 -6.981651e-01
5.750000e+03 -7.071066e-01
5.770000e+03 -7.159363e-01
5.790000e+03 -7.246529e-01
5.810000e+03 -7.332553e-01
5.830000e+03 -7.417418e-01
5.850000e+03 -7.501111e-01
5.870000e+03 -7.583619e-01
5.890000e+03 -7.664931e-01
5.910000e+03 -7.745030e-01
5.930000e+03 -7.823907e-01
5.950000e+03 -7.901551e-01
5.970000e+03 -7.977945e-01
5.990000e+03 -8.053079e-01
6.010000e+03 -8.126940e-01
6.030000e+03 -8.199519e-01
6.050000e+03 -8.270804e-01
6.070000e+03 -8.340782e-01
6.090000e+03 -8.409445e-01
6.110000e+03 -8.476778e-01
6.130000e+03 -8.542773e-01
6.150000e+03 -8.607419e-01
6.170000e+03 -8.670705e-01
6.190000e+03 -8.732622e-01
6.210000e+03 -8.793162e-01
6.230000e+03 -8.852312e-01
6.250000e+03 -8.910064e-01
6.270000e+03 -8.966408e-01
6.290000e+03 -9.021338e-01
6.310000e+03 -9.074844e-01
6.330000e+03 -9.126916e-01
6.350000e+03 -9.177546e-01
6.370000e+03 -9.226727e-01
6.390000e+03 -9.274452e-01
6.410000e+03 -9.320711e-01
6.430000e+03 -9.365499e-01
6.450000e+03 -9.408808e-01
6.470000e+03 -9.450631e-01
6.490000e+03 -9.490962e-01
6.510000e+03 -9.529792e-01
6.530000e+03 -9.567120e-01
6.550000e+03 -9.602936e-01
6.570000e+03 -9.637235e-01
6.590000e+03 -9.670014e-01
6.610000e+03 -9.701265e-01
6.630000e+03 -9.730984e-01
6.650000e+03 -9.759167e-01
6.670000e+03 -9.785808e-01
6.690000e+03 -9.810904e-01
6.710000e+03 -9.834452e-01
6.730000e+03 -9.856445e-01
6.750000e+03 -9.876883e-01
6.770000e+03 -9.895761e-01
6.790000e+03 -9.913076e-01
6.810000e+03 -9.928826e-01
6.830000e+03 -9.943008e-01
6.850000e+03 -9.955620e-01
6.870000e+03 -9.966660e-01
6.890000e+03 -9.976125e-01
6.910000e+03 -9.984015e-01
6.930000e+03 -9.990329e-01
6.950000e+03 -9.995065e-01
6.970000e+03 -9.998224e-01
6.990000e+03 -9.999803e-01
7.010000e+03 -9.999803e-01
7.030000e+03 -9.998224e-01
7.050000e+03 -9.995066e-01
7.070000e+03 -9.990330e-01
7.090000e+03 -9.984016e-01
7.110000e+03 -9.976125e-01
7.130000e+03 -9.966660e-01
7.150000e+03 -9.955620e-01
7.170000e+03 -9.943008e-01
7.190000e+03 -9.928827e-01
7.210000e+03 -9.913077e-01
7.230000e+03 -9.895762e-01
7.250000e+03 -9.876884e-01
7.270000e+03 -9.856446e-01
7.290000e+03 -9.834453e-01
7.310000e+03 -9.810905e-01
7.330000e+03 -9.785810e-01
7.350000e+03 -9.759168e-01
7.370000e+03 -9.730985e-01
7.390000e+03 -9.701266e-01
7.410000e+03 -9.670016e-01
7.430000e+03 -9.637237e-01
7.450000e+03 -9.602937e-01
7.470000e+03 -9.567121e-01
7.490000e+03 -9.529793e-01
7.510000e+03 -9.490963e-01
7.530000e+03 -9.450631e-01
7.550000e+03 -9.408808e-01
7.570000e+03 -9.365501e-01
7.590000e+03 -9.320713e-01
7.610000e+03 -9.274454e-01
7.630000e+03 -9.226729e-01
7.650000e+03 -9.177548e-01
7.670000e+03 -9.126918e-01
7.690000e+03 -9.074845e-01
7.710000e+03 -9.021341e-01
7.730000e+03 -8.966412e-01
7.750000e+03 -8.910066e-01
7.770000e+03 -8.852314e-01
7.790000e+03 -8.793166e-01
7.810000e+03 -8.732625e-01
7.830000e+03 -8.670708e-01
7.850000e+03 -8.607421e-01
7.870000e+03 -8.542774e-01
7.890000e+03 -8.476779e-01
7.910000e+03 -8.409446e-01
7.930000e+03 -8.340784e-01
7.950000e+03 -8.270808e-01
7.970000e+03 -8.199522e-01
7.990000e+03 -8.126943e-01
8.010000e+03 -8.053082e-01
8.030000e+03 -7.977948e-01
8.050000e+03 -7.901554e-01
8.070000e+03 -7.823914e-01
8.090000e+03 -7.745034e-01
8.110000e+03 -7.664930e-01
8.130000e+03 -7.583621e-01
8.150000e+03 -7.501111e-01
8.170000e+03 -7.417420e-01
8.190000e+03 -7.332554e-01
8.210000e+03 -7.246536e-01
8.230000e+03 -7.159368e-01
8.250000e+03 -7.071072e-01
8.269999e+03 -6.981660e-01
8.290000e+03 -6.891141e-01
8.310000e+03 -6.799537e-01
8.330000e+03 -6.706859e-01
8.350000e+03 -6.613123e-01
8.370000e+03 -6.518341e-01
8.390000e+03 -6.422529e-01
8.410000e+03 -6.325707e-01
8.429998e+03 -6.227893e-01
8.450000e+03 -6.129076e-01
8.469998e+03 -6.029311e-01
8.490000e+03 -5.928571e-01
8.510000e+03 -5.826910e-01
8.530000e+03 -5.724325e-01
8.550000e+03 -5.620835e-01
8.570000e+03 -5.516463e-01
8.590000e+03 -5.411215e-01
8.610002e+03 -5.305105e-01
8.630000e+03 -5.198181e-01
8.650002e+03 -5.090408e-01
8.670000e+03 -4.981855e-01
8.690002e+03 -4.872496e-01
8.710000e+03 -4.762387e-01
8.730000e+03 -4.651514e-01
8.750000e+03 -4.539911e-01
8.769999e+03 -4.427595e-01
8.790000e+03 -4.314563e-01
8.810000e+03 -4.200862e-01
8.830000e+03 -4.086498e-01
8.850000e+03 -3.971485e-01
8.870000e+03 -3.855844e-01
8.890000e+03 -3.739599e-01
8.910000e+03 -3.622758e-01
8.929998e+03 -3.505360e-01
8.950000e+03 -3.387385e-01
8.969998e+03 -3.268898e-01
8.990000e+03 -3.149867e-01
9.010000e+03 -3.030357e-01
9.030000e+03 -2.910365e-01
9.050000e+03 -2.789917e-01
9.070000e+03 -2.669028e-01
9.090000e+03 -2.547714e-01
9.110002e+03 -2.425988e-01
9.130000e+03 -2.303902e-01
9.150002e+03 -2.181429e-01
9.170000e+03 -2.058630e-01
9.190002e+03 -1.935487e-01
9.210000e+03 -1.812062e-01
9.230000e+03 -1.688337e-01
9.250000e+03 -1.564350e-01
9.269999e+03 -1.440120e-01
9.290000e+03 -1.315650e-01
9.310000e+03 -1.190976e-01
9.330000e+03 -1.066118e-01
9.350000e+03 -9.410881e-02
9.370000e+03 -8.159092e-02
9.390000e+03 -6.906062e-02
9.410000e+03 -5.651893e-02
9.429998e+03 -4.397022e-02
9.450000e+03 -3.141124e-02
9.469998e+03 -1.885015e-02
9.490000e+03 -6.283707e-03
9.510000e+03 6.282300e-03
9.530000e+03 1.884779e-02
9.550000e+03 3.141031e-02
9.570000e+03 4.396738e-02
9.590000e+03 5.651800e-02
9.610002e+03 6.906064e-02
9.630000e+03 8.158999e-02
9.650002e+03 9.410883e-02
9.670000e+03 1.066104e-01
9.690002e+03 1.190981e-01
9.710000e+03 1.315636e-01
9.730000e+03 1.440102e-01
9.750000e+03 1.564336e-01
9.769999e+03 1.688323e-01
9.790000e+03 1.812053e-01
9.810000e+03 1.935487e-01
9.830000e+03 2.058620e-01
9.850000e+03 2.181429e-01
9.870000e+03 2.303888e-01
9.890000e+03 2.425983e-01
9.910000e+03 2.547700e-01
9.929998e+03 2.669001e-01
9.950000e+03 2.789903e-01
9.969998e+03 2.910346e-01
9.990000e+03 3.030348e-01
1.002500e+04 3.239162e-01
1.007500e+04 3.534737e-01
1.012500e+04 3.826823e-01
1.017500e+04 4.115132e-01
1.022500e+04 4.399381e-01
1.027500e+04 4.679287e-01
1.032500e+04 4.954576e-01
1.037500e+04 5.224975e-01
1.042500e+04 5.490218e-01
1.047500e+04 5.750043e-01
1.052500e+04 6.004189e-01
1.057500e+04 6.252418e-01
1.062500e+04 6.494472e-01
1.067500e+04 6.730117e-01
1.072500e+04 6.959124e-01
1.077500e+04 7.181259e-01
1.082500e+04 7.396303e-01
1.087500e+04 7.604056e-01
1.092500e+04 7.804300e-01
1.097500e+04 7.996843e-01
1.102500e+04 8.181494e-01
1.107500e+04 8.358068e-01
1.112500e+04 8.526399e-01
1.117500e+04 8.686308e-01
1.122500e+04 8.837649e-01
1.127500e+04 8.980269e-01
1.132500e+04 9.114029e-01
1.137500e+04 9.238790e-01
1.142500e+04 9.354435e-01
1.147500e+04 9.460849e-01
1.152500e+04 9.557926e-01
1.157500e+04 9.645571e-01
1.162500e+04 9.723696e-01
1.167500e+04 9.792225e-01
1.172500e+04 9.851092e-01
1.177500e+04 9.900236e-01
1.182500e+04 9.939609e-01
1.187500e+04 9.969172e-01
1.192500e+04 9.988899e-01
1.197500e+04 9.998766e-01
1.202500e+04 1.000000e+00
1.207500e+04 1.000000e+00
1.212500e+04 1.000000e+00
1.217500e+04 1.000000e+00
1.222500e+04 1.000000e+00
1.227500e+04 1.000000e+00
1.232500e+04 1.000000e+00
1.237500e+04 1.000000e+00
1.242500e+04 1.000000e+00
1.247500e+04 1.000000e+00
1.252500e+04 1.000000e+00
1.257500e+04 1.000000e+00
1.262500e+04 1.000000e+00
1.267500e+04 1.000000e+00
1.272500e+04 1.000000e+00
1.277500e+04 1.000000e+00
1.282500e+04 1.000000e+00
1.287500e+04 1.000000e+00
1.292500e+04 1.000000e+00
1.297500e+04 1.000000e+00
1.302500e+04 1.000000e+00
1.307500e+04 1.000000e+00
1.312500e+04 1.000000e+00
1.317500e+04 1.000000e+00
1.322500e+04 1.000000e+00
1.327500e+04 1.000000e+00
1.332500e+04 1.000000e+00
1.337500e+04 1.000000e+00
1.342500e+04 1.000000e+00
1.347500e+04 1.000000e+00
1.352500e+04 1.000000e+00
1.357500e+04 1.000000e+00
1.362500e+04 1.000000e+00
1.367500e+04 1.000000e+00
1.372500e+04 1.000000e+00
1.377500e+04 1.000000e+00
1.382500e+04 1.000000e+00
1.387500e+04 1.000000e+00
1.392500e+04 1.000000e+00
1.397500e+04 1.000000e+00
1.402500e+04 1.000000e+00
1.407500e+04 1.000000e+00
1.412500e+04 1.000000e+00
1.417500e+04 1.000000e+00
1.422500e+04 1.000000e+00
1.427500e+04 1.000000e+00
1.432500e+04 1.000000e+00
1.437500e+04 1.000000e+00
1.442500e+04 1.000000e+00
1.447500e+04 1.000000e+00
1.452500e+04 1.000000e+00
1.457000e+04 1.000000e+00
1.462000e+04 1.000000e+00
1.467500e+04 1.000000e+00
1.472500e+04 1.000000e+00
1.477500e+04 1.000000e+00
1.482500e+04 1.000000e+00
1.487500e+04 1.000000e+00
1.492500e+04 1.000000e+00
1.497500e+04 1.000000e+00
1.502500e+04 1.000000e+00
1.507500e+04 1.000000e+00
1.512500e+04 1.000000e+00
1.517500e+04 1.000000e+00
1.522500e+04 1.000000e+00
1.527500e+04 1.000000e+00
1.532500e+04 1.000000e+00
1.537500e+04 1.000000e+00
1.542500e+04 1.000000e+00
1.547500e+04 1.000000e+00
1.552500e+04 1.000000e+00
1.557500e+04 1.000000e+00
1.562500e+04 1.000000e+00
1.567500e+04 1.000000e+00
1.572500e+04 1.000000e+00
1.577500e+04 1.000000e+00
1.582500e+04 1.000000e+00
1.587500e+04 1.000000e+00
1.592500e+04 1.000000e+00
1.597500e+04 1.000000e+00
1.605000e+04 1.000000e+00
1.615000e+04 1.000000e+00
1.625000e+04 1.000000e+00
1.635000e+04 1.000000e+00
1.645000e+04 1.000000e+00
1.655000e+04 1.000000e+00
1.665000e+04 1.000000e+00
1.675000e+04 1.000000e+00
1.685000e+04 1.000000e+00
1.695000e+04 1.000000e+00
1.705000e+04 1.000000e+00
1.715000e+04 1.000000e+00
1.725000e+04 1.000000e+00
1.735000e+04 1.000000e+00
1.745000e+04 1.000000e+00
1.755000e+04 1.000000e+00
1.765000e+04 1.000000e+00
1.775000e+04 1.000000e+00
1.785000e+04 1.000000e+00
1.795000e+04 1.000000e+00
1.805000e+04 1.000000e+00
1.815000e+04 1.000000e+00
1.825000e+04 1.000000e+00
1.835000e+04 1.000000e+00
1.845000e+04 1.000000e+00
1.855000e+04 1.000000e+00
1.865000e+04 1.000000e+00
1.875000e+04 1.000000e+00
1.885000e+04 1.000000e+00
1.895000e+04 1.000000e+00
1.905000e+04 1.000000e+00
1.915000e+04 1.000000e+00
1.925000e+04 1.000000e+00
1.935000e+04 1.000000e+00
1.945000e+04 1.000000e+00
1.955000e+04 1.000000e+00
1.965000e+04 1.000000e+00
1.975000e+04 1.000000e+00
1.985000e+04 1.000000e+00
1.995000e+04 1.000000e+00
2.005000e+04 1.000000e+00
2.015000e+04 1.000000e+00
2.025000e+04 1.000000e+00
2.035000e+04 1.000000e+00
2.045000e+04 1.000000e+00
2.055000e+04 1.000000e+00
2.065000e+04 1.000000e+00
2.075000e+04 1.000000e+00
2.085000e+04 1.000000e+00
2.095000e+04 1.000000e+00
2.105000e+04 1.000000e+00
2.115000e+04 1.000000e+00
2.125000e+04 1.000000e+00
2.135000e+04 1.000000e+00
2.145000e+04 1.000000e+00
2.155000e+04 1.000000e+00
2.165000e+04 1.000000e+00
2.175000e+04 1.000000e+00
2.185000e+04 1.000000e+00
2.195000e+04 1.000000e+00
2.205000e+04 1.000000e+00
2.215000e+04 1.000000e+00
2.225000e+04 1.000000e+00
2.235000e+04 1.000000e+00
2.245000e+04 1.000000e+00
2.255000e+04 1.000000e+00
2.265000e+04 1.000000e+00
2.275000e+04 1.000000e+00
2.285000e+04 1.000000e+00
2.295000e+04 1.000000e+00
2.305000e+04 1.000000e+00
2.315000e+04 1.000000e+00
2.325000e+04 1.000000e+00
2.335000e+04 1.000000e+00
2.345000e+04 1.000000e+00
2.355000e+04 1.000000e+00
2.365000e+04 1.000000e+00
2.375000e+04 1.000000e+00
2.385000e+04 1.000000e+00
2.395000e+04 1.000000e+00
2.405000e+04 1.000000e+00
2.415000e+04 1.000000e+00
2.425000e+04 1.000000e+00
2.435000e+04 1.000000e+00
2.445000e+04 1.000000e+00
2.455000e+04 1.000000e+00
2.465000e+04 1.000000e+00
2.475000e+04 1.000000e+00
2.485000e+04 1.000000e+00
2.495000e+04 1.000000e+00
2.505000e+04 1.000000e+00
2.515000e+04 1.000000e+00
2.525000e+04 1.000000e+00
2.535000e+04 1.000000e+00
2.545000e+04 1.000000e+00
2.555000e+04 1.000000e+00
2.565000e+04 1.000000e+00
2.575000e+04 1.000000e+00
2.585000e+04 1.000000e+00
2.595000e+04 1.000000e+00
2.605000e+04 1.000000e+00
2.615000e+04 1.000000e+00
2.625000e+04 1.000000e+00
2.635000e+04 1.000000e+00
2.645000e+04 1.000000e+00
2.655000e+04 1.000000e+00
2.665000e+04 1.000000e+00
2.675000e+04 1.000000e+00
2.685000e+04 1.000000e+00
2.695000e+04 1.000000e+00
2.705000e+04 1.000000e+00
2.715000e+04 1.000000e+00
2.725000e+04 1.000000e+00
2.735000e+04 1.000000e+00
2.745000e+04 1.000000e+00
2.755000e+04 1.000000e+00
2.765000e+04 1.000000e+00
2.775000e+04 1.000000e+00
2.785000e+04 1.000000e+00
2.795000e+04 1.000000e+00
2.805000e+04 1.000000e+00
2.815000e+04 1.000000e+00
2.825000e+04 1.000000e+00
2.835000e+04 1.000000e+00
2.845000e+04 1.000000e+00
2.855000e+04 1.000000e+00
2.865000e+04 1.000000e+00
2.875000e+04 1.000000e+00
2.885000e+04 1.000000e+00
2.895000e+04 1.000000e+00
2.905000e+04 1.000000e+00
2.915000e+04 1.000000e+00
2.925000e+04 1.000000e+00
2.935000e+04 1.000000e+00
2.945000e+04 1.000000e+00
2.955000e+04 1.000000e+00
2.965000e+04 1.000000e+00
2.975000e+04 1.000000e+00
2.985000e+04 1.000000e+00
2.995000e+04 1.000000e+00
3.005000e+04 1.000000e+00
3.015000e+04 1.000000e+00
3.025000e+04 1.000000e+00
3.035000e+04 1.000000e+00
3.045000e+04 1.000000e+00
3.055000e+04 1.000000e+00
3.065000e+04 1.000000e+00
3.075000e+04 1.000000e+00
3.085000e+04 1.000000e+00
3.095000e+04 1.000000e+00
3.105000e+04 1.000000e+00
3.115000e+04 1.000000e+00
3.125000e+04 1.000000e+00
3.135000e+04 1.000000e+00
3.145000e+04 1.000000e+00
3.155000e+04 1.000000e+00
3.165000e+04 1.000000e+00
3.175000e+04 1.000000e+00
3.185000e+04 1.000000e+00
3.195000e+04 1.000000e+00
3.210000e+04 1.000000e+00
3.230000e+04 1.000000e+00
3.250000e+04 1.000000e+00
3.270000e+04 1.000000e+00
3.290000e+04 1.000000e+00
3.310000e+04 1.000000e+00
3.330000e+04 1.000000e+00
3.350000e+04 1.000000e+00
3.370000e+04 1.000000e+00
3.390000e+04 1.000000e+00
3.410000e+04 1.000000e+00
3.430000e+04 1.000000e+00
3.450000e+04 1.000000e+00
3.470000e+04 1.000000e+00
3.490000e+04 1.000000e+00
3.510000e+04 1.000000e+00
3.530000e+04 1.000000e+00
3.550000e+04 1.000000e+00
3.570000e+04 1.000000e+00
3.590000e+04 1.000000e+00
3.610000e+04 1.000000e+00
3.630000e+04 1.000000e+00
3.650000e+04 1.000000e+00
3.670000e+04 1.000000e+00
3.690000e+04 1.000000e+00
3.710000e+04 1.000000e+00
3.730000e+04 1.000000e+00
3.750000e+04 1.000000e+00
3.770000e+04 1.000000e+00
3.790000e+04 1.000000e+00
3.810000e+04 1.000000e+00
3.830000e+04 1.000000e+00
3.850000e+04 1.000000e+00
3.870000e+04 1.000000e+00
3.890000e+04 1.000000e+00
3.910000e+04 1.000000e+00
3.930000e+04 1.000000e+00
3.950000e+04 1.000000e+00
3.970000e+04 1.000000e+00
3.990000e+04 1.000000e+00
4.010000e+04 1.000000e+00
4.030000e+04 1.000000e+00
4.050000e+04 1.000000e+00
4.070000e+04 1.000000e+00
4.090000e+04 1.000000e+00
4.110000e+04 1.000000e+00
4.130000e+04 1.000000e+00
4.150000e+04 1.000000e+00
4.170000e+04 1.000000e+00
4.190000e+04 1.000000e+00
4.210000e+04 1.000000e+00
4.230000e+04 1.000000e+00
4.250000e+04 1.000000e+00
4.270000e+04 1.000000e+00
4.290000e+04 1.000000e+00
4.310000e+04 1.000000e+00
4.330000e+04 1.000000e+00
4.350000e+04 1.000000e+00
4.370000e+04 1.000000e+00
4.390000e+04 1.000000e+00
4.410000e+04 1.000000e+00
4.430000e+04 1.000000e+00
4.450000e+04 1.000000e+00
4.470000e+04 1.000000e+00
4.490000e+04 1.000000e+00
4.510000e+04 1.000000e+00
4.530000e+04 1.000000e+00
4.550000e+04 1.000000e+00
4.570000e+04 1.000000e+00
4.590000e+04 1.000000e+00
4.610000e+04 1.000000e+00
4.630000e+04 1.000000e+00
4.650000e+04 1.000000e+00
4.670000e+04 1.000000e+00
4.690000e+04 1.000000e+00
4.710000e+04 1.000000e+00
4.730000e+04 1.000000e+00
4.750000e+04 1.000000e+00
4.770000e+04 1.000000e+00
4.790000e+04 1.000000e+00
4.810000e+04 1.000000e+00
4.830000e+04 1.000000e+00
4.850000e+04 1.000000e+00
4.870000e+04 1.000000e+00
4.890000e+04 1.000000e+00
4.910000e+04 1.000000e+00
4.930000e+04 1.000000e+00
4.950000e+04 1.000000e+00
4.970000e+04 1.000000e+00
4.990000e+04 1.000000e+00
5.010000e+04 1.000000e+00
5.030000e+04 1.000000e+00
5.050000e+04 1.000000e+00
5.070000e+04 1.000000e+00
5.090000e+04 1.000000e+00
5.110000e+04 1.000000e+00
5.130000e+04 1.000000e+00
5.150000e+04 1.000000e+00
5.170000e+04 1.000000e+00
5.190000e+04 1.000000e+00
5.210000e+04 1.000000e+00
5.230000e+04 1.000000e+00
5.250000e+04 1.000000e+00
5.270000e+04 1.000000e+00
5.290000e+04 1.000000e+00
5.310000e+04 1.000000e+00
5.330000e+04 1.000000e+00
5.350000e+04 1.000000e+00
5.370000e+04 1.000000e+00
5.390000e+04 1.000000e+00
5.410000e+04 1.000000e+00
5.430000e+04 1.000000e+00
5.450000e+04 1.000000e+00
5.470000e+04 1.000000e+00
5.490000e+04 1.000000e+00
5.510000e+04 1.000000e+00
5.530000e+04 1.000000e+00
5.550000e+04 1.000000e+00
5.570000e+04 1.000000e+00
5.590000e+04 1.000000e+00
5.610000e+04 1.000000e+00
5.630000e+04 1.000000e+00
5.650000e+04 1.000000e+00
5.670000e+04 1.000000e+00
5.690000e+04 1.000000e+00
5.710000e+04 1.000000e+00
5.730000e+04 1.000000e+00
5.750000e+04 1.000000e+00
5.770000e+04 1.000000e+00
5.790000e+04 1.000000e+00
5.810000e+04 1.000000e+00
5.830000e+04 1.000000e+00
5.850000e+04 1.000000e+00
5.870000e+04 1.000000e+00
5.890000e+04 1.000000e+00
5.910000e+04 1.000000e+00
5.930000e+04 1.000000e+00
5.950000e+04 1.000000e+00
5.970000e+04 1.000000e+00
5.990000e+04 1.000000e+00
6.010000e+04 1.000000e+00
6.030000e+04 1.000000e+00
6.050000e+04 1.000000e+00
6.070000e+04 1.000000e+00
6.090000e+04 1.000000e+00
6.110000e+04 1.000000e+00
6.130000e+04 1.000000e+00
6.150000e+04 1.000000e+00
6.170000e+04 1.000000e+00
6.190000e+04 1.000000e+00
6.210000e+04 1.000000e+00
6.230000e+04 1.000000e+00
6.250000e+04 1.000000e+00
6.270000e+04 1.000000e+00
6.290000e+04 1.000000e+00
6.310000e+04 1.000000e+00
6.330000e+04 1.000000e+00
6.350000e+04 1.000000e+00
6.370000e+04 1.000000e+00
6.390000e+04 1.000000e+00
6.420000e+04 1.000000e+00
6.460000e+04 1.000000e+00
6.500000e+04 1.000000e+00
6.540000e+04 1.000000e+00
6.580000e+04 1.000000e+00
6.620000e+04 1.000000e+00
6.660000e+04 1.000000e+00
6.700000e+04 1.000000e+00
6.740000e+04 1.000000e+00
6.780000e+04 1.000000e+00
6.820000e+04 1.000000e+00
6.860000e+04 1.000000e+00
6.900000e+04 1.000000e+00
6.940000e+04 1.000000e+00
6.980000e+04 1.000000e+00
7.020000e+04 1.000000e+00
7.060000e+04 1.000000e+00
7.100000e+04 1.000000e+00
7.140000e+04 1.000000e+00
7.180000e+04 1.000000e+00
7.220000e+04 1.000000e+00
7.260000e+04 1.000000e+00
7.300000e+04 1.000000e+00
7.340000e+04 1.000000e+00
7.380000e+04 1.000000e+00
7.420000e+04 1.000000e+00
7.460000e+04 1.000000e+00
7.500000e+04 1.000000e+00
7.540000e+04 1.000000e+00
7.580000e+04 1.000000e+00
7.620000e+04 1.000000e+00
7.660000e+04 1.000000e+00
7.700000e+04 1.000000e+00
7.740000e+04 1.000000e+00
7.780000e+04 1.000000e+00
7.820000e+04 1.000000e+00
7.860000e+04 1.000000e+00
7.900000e+04 1.000000e+00
7.940000e+04 1.000000e+00
7.980000e+04 1.000000e+00
8.020002e+04 1.000000e+00
8.060002e+04 1.000000e+00
8.100000e+04 1.000000e+00
8.140000e+04 1.000000e+00
8.180000e+04 1.000000e+00
8.220000e+04 1.000000e+00
8.260000e+04 1.000000e+00
8.300000e+04 1.000000e+00
8.340000e+04 1.000000e+00
8.380000e+04 1.000000e+00
8.420000e+04 1.000000e+00
8.460000e+04 1.000000e+00
8.500000e+04 1.000000e+00
8.540000e+04 1.000000e+00
8.580000e+04 1.000000e+00
8.620002e+04 1.000000e+00
8.660002e+04 1.000000e+00
8.700000e+04 1.000000e+00
8.740000e+04 1.000000e+00
8.780000e+04 1.000000e+00
8.820002e+04 1.000000e+00
8.860002e+04 1.000000e+00
8.900000e+04 1.000000e+00
8.939998e+04 1.000000e+00
8.979998e+04 1.000000e+00
9.020002e+04 1.000000e+00
9.060002e+04 1.000000e+00
9.100000e+04 1.000000e+00
9.140000e+04 1.000000e+00
9.180000e+04 1.000000e+00
9.220000e+04 1.000000e+00
9.260000e+04 1.000000e+00
9.300000e+04 1.000000e+00
9.340000e+04 1.000000e+00
9.380000e+04 1.000000e+00
9.420000e+04 1.000000e+00
9.460000e+04 1.000000e+00
9.500000e+04 1.000000e+00
9.540000e+04 1.000000e+00
9.580000e+04 1.000000e+00
9.620002e+04 1.000000e+00
9.660002e+04 1.000000e+00
9.700000e+04 1.000000e+00
9.740000e+04 1.000000e+00
9.780000e+04 1.000000e+00
9.820002e+04 1.000000e+00
9.860002e+04 1.000000e+00
9.900000e+04 1.000000e+00
9.939998e+04 1.000000e+00
9.979998e+04 1.000000e+00
1.002000e+05 1.000000e+00
2.000000e+05 1.000000e+00
4.000000e+05 1.000000e+00
6.000000e+05 1.000000e+00
8.000000e+05 1.000000e+00
1.000000e+06 1.000000e+00
1.200000e+06 1.000000e+00
1.400000e+06 1.000000e+00
1.600000e+06 1.000000e+00
