9.100000e+01 1.000000e+00
9.400000e+01 1.000000e+00
9.600000e+01 1.000000e+00
9.800000e+01 1.000000e+00
1.000000e+02 1.000000e+00
1.020000e+02 1.000000e+00
1.040000e+02 1.000000e+00
1.060000e+02 1.000000e+00
1.080000e+02 1.000000e+00
1.100000e+02 1.000000e+00
1.140000e+02 1.000000e+00
1.180000e+02 1.000000e+00
1.210000e+02 1.000000e+00
1.250000e+02 1.000000e+00
1.270000e+02 1.000000e+00
1.280000e+02 1.000000e+00
1.310000e+02 1.000000e+00
1.320000e+02 1.000000e+00
1.340000e+02 1.000000e+00
1.370000e+02 1.000000e+00
1.400000e+02 1.000000e+00
1.430000e+02 1.000000e+00
1.470000e+02 1.000000e+00
1.510000e+02 1.000000e+00
1.550000e+02 1.000000e+00
1.590000e+02 1.000000e+00
1.620000e+02 1.000000e+00
1.660000e+02 1.000000e+00
1.700000e+02 1.000000e+00
1.730000e+02 1.000000e+00
1.770000e+02 1.000000e+00
1.800000e+02 1.000000e+00
1.820000e+02 1.000000e+00
1.860000e+02 1.000000e+00
1.910000e+02 1.000000e+00
1.940000e+02 1.000000e+00
1.980000e+02 1.000000e+00
2.020000e+02 1.000000e+00
2.050000e+02 1.000000e+00
2.100000e+02 1.000000e+00
2.160000e+02 1.000000e+00
2.200000e+02 1.000000e+00
2.230000e+02 1.000000e+00
2.270000e+02 1.000000e+00
2.300000e+02 1.000000e+00
2.340000e+02 1.000000e+00
2.400000e+02 1.000000e+00
2.460000e+02 1.000000e+00
2.520000e+02 1.000000e+00
2.570000e+02 1.000000e+00
2.600000e+02 1.000000e+00
2.640000e+02 1.000000e+00
2.690000e+02 1.000000e+00
2.740000e+02 1.000000e+00
2.790000e+02 1.000000e+00
2.840000e+02 1.000000e+00
2.900000e+02 1.000000e+00
2.960000e+02 1.000000e+00
3.010000e+02 1.000000e+00
3.080000e+02 1.000000e+00
3.180000e+02 1.000000e+00
3.280000e+02 1.000000e+00
3.380000e+02 1.000000e+00
3.480000e+02 1.000000e+00
3.570000e+02 1.000000e+00
3.660000e+02 1.000000e+00
3.750000e+02 1.000000e+00
3.850000e+02 1.000000e+00
3.950000e+02 1.000000e+00
4.050000e+02 1.000000e+00
4.140000e+02 1.000000e+00
4.220000e+02 1.000000e+00
4.300000e+02 1.000000e+00
4.410000e+02 1.000000e+00
4.510000e+02 1.000000e+00
4.600000e+02 1.000000e+00
4.700000e+02 1.000000e+00
4.800000e+02 1.000000e+00
4.900000e+02 1.000000e+00
5.000000e+02 1.000000e+00
5.060000e+02 1.000000e+00
5.120000e+02 1.000000e+00
5.200000e+02 1.000000e+00
5.300000e+02 1.000000e+00
5.400000e+02 1.000000e+00
5.500000e+02 1.000000e+00
5.600000e+02 1.000000e+00
5.700000e+02 1.000000e+00
5.800000e+02 1.000000e+00
5.900000e+02 1.000000e+00
6.000000e+02 1.000000e+00
6.100000e+02 1.000000e+00
6.200000e+02 1.000000e+00
6.300000e+02 1.000000e+00
6.400000e+02 1.000000e+00
6.500000e+02 1.000000e+00
6.580000e+02 1.000000e+00
6.650000e+02 1.000000e+00
6.750000e+02 1.000000e+00
6.850001e+02 1.000000e+00
6.950000e+02 1.000000e+00
7.050000e+02 1.000000e+00
7.160000e+02 1.000000e+00
7.260000e+02 1.000000e+00
7.350001e+02 1.000000e+00
7.450000e+02 1.000000e+00
7.550000e+02 1.000000e+00
7.650000e+02 1.000000e+00
7.750000e+02 1.000000e+00
7.850001e+02 1.000000e+00
7.950000e+02 1.000000e+00
8.050000e+02 1.000000e+00
8.150001e+02 1.000000e+00
8.250000e+02 1.000000e+00
8.350001e+02 1.000000e+00
8.450000e+02 1.000000e+00
8.550000e+02 1.000000e+00
8.650001e+02 1.000000e+00
8.750000e+02 1.000000e+00
8.850001e+02 1.000000e+00
8.950000e+02 1.000000e+00
9.050000e+02 1.000000e+00
9.150001e+02 1.000000e+00
9.250000e+02 1.000000e+00
9.350001e+02 1.000000e+00
9.450000e+02 1.000000e+00
9.550000e+02 1.000000e+00
9.650001e+02 1.000000e+00
9.750000e+02 1.000000e+00
9.850001e+02 1.000000e+00
9.950000e+02 1.000000e+00
1.005000e+03 1.000000e+00
1.015000e+03 1.000000e+00
1.025000e+03 1.000000e+00
1.035000e+03 1.000000e+00
1.045000e+03 1.000000e+00
1.055000e+03 1.000000e+00
1.065000e+03 1.000000e+00
1.075000e+03 1.000000e+00
1.085000e+03 1.000000e+00
1.095000e+03 1.000000e+00
1.105000e+03 1.000000e+00
1.115000e+03 1.000000e+00
1.125000e+03 1.000000e+00
1.135000e+03 1.000000e+00
1.145000e+03 1.000000e+00
1.155000e+03 1.000000e+00
1.165000e+03 1.000000e+00
1.175000e+03 1.000000e+00
1.185000e+03 1.000000e+00
1.195000e+03 1.000000e+00
1.205000e+03 1.000000e+00
1.215000e+03 1.000000e+00
1.225000e+03 1.000000e+00
1.235000e+03 1.000000e+00
1.245000e+03 1.000000e+00
1.255000e+03 1.000000e+00
1.265000e+03 1.000000e+00
1.275000e+03 1.000000e+00
1.285000e+03 1.000000e+00
1.295000e+03 1.000000e+00
1.305000e+03 1.000000e+00
1.315000e+03 1.000000e+00
1.325000e+03 1.000000e+00
1.335000e+03 1.000000e+00
1.345000e+03 1.000000e+00
1.355000e+03 1.000000e+00
1.365000e+03 1.000000e+00
1.375000e+03 1.000000e+00
1.385000e+03 1.000000e+00
1.395000e+03 1.000000e+00
1.405000e+03 1.000000e+00
1.415000e+03 1.000000e+00
1.425000e+03 1.000000e+00
1.435000e+03 1.000000e+00
1.442000e+03 1.000000e+00
1.447000e+03 1.000000e+00
1.455000e+03 1.000000e+00
1.465000e+03 1.000000e+00
1.475000e+03 1.000000e+00
1.485000e+03 1.000000e+00
1.495000e+03 1.000000e+00
1.505000e+03 1.000000e+00
1.512000e+03 1.000000e+00
1.517000e+03 1.000000e+00
1.525000e+03 1.000000e+00
1.535000e+03 1.000000e+00
1.545000e+03 1.000000e+00
1.555000e+03 1.000000e+00
1.565000e+03 1.000000e+00
1.575000e+03 1.000000e+00
1.585000e+03 1.000000e+00
1.595000e+03 1.000000e+00
1.605000e+03 1.000000e+00
1.615000e+03 1.000000e+00
1.625000e+03 1.000000e+00
1.635000e+03 1.000000e+00
1.645000e+03 1.000000e+00
1.655000e+03 1.000000e+00
1.665000e+03 1.000000e+00
1.672000e+03 1.000000e+00
1.677000e+03 1.000000e+00
1.685000e+03 1.000000e+00
1.695000e+03 1.000000e+00
1.705000e+03 1.000000e+00
1.715000e+03 1.000000e+00
1.725000e+03 1.000000e+00
1.735000e+03 1.000000e+00
1.745000e+03 1.000000e+00
1.755000e+03 1.000000e+00
1.765000e+03 1.000000e+00
1.775000e+03 1.000000e+00
1.785000e+03 1.000000e+00
1.795000e+03 1.000000e+00
1.805000e+03 1.000000e+00
1.815000e+03 1.000000e+00
1.825000e+03 1.000000e+00
1.835000e+03 1.000000e+00
1.845000e+03 1.000000e+00
1.855000e+03 1.000000e+00
1.865000e+03 1.000000e+00
1.875000e+03 1.000000e+00
1.885000e+03 1.000000e+00
1.895000e+03 1.000000e+00
1.905000e+03 1.000000e+00
1.915000e+03 1.000000e+00
1.925000e+03 1.000000e+00
1.935000e+03 1.000000e+00
1.945000e+03 1.000000e+00
1.955000e+03 1.000000e+00
1.967000e+03 1.000000e+00
1.976000e+03 1.000000e+00
1.984000e+03 1.000000e+00
1.995000e+03 1.000000e+00
2.005000e+03 9.999889e-01
2.015000e+03 9.999000e-01
2.025000e+03 9.997224e-01
2.035000e+03 9.994560e-01
2.045000e+03 9.991007e-01
2.055000e+03 9.986568e-01
2.065000e+03 9.981241e-01
2.074000e+03 9.975689e-01
2.078000e+03 9.972991e-01
2.085000e+03 9.967929e-01
2.095000e+03 9.959944e-01
2.105000e+03 9.951074e-01
2.115000e+03 9.941321e-01
2.125000e+03 9.930685e-01
2.135000e+03 9.919166e-01
2.145000e+03 9.906766e-01
2.155000e+03 9.893487e-01
2.165000e+03 9.879329e-01
2.175000e+03 9.864293e-01
2.185000e+03 9.848381e-01
2.195000e+03 9.831594e-01
2.205000e+03 9.813933e-01
2.215000e+03 9.795401e-01
2.225000e+03 9.775999e-01
2.235000e+03 9.755728e-01
2.245000e+03 9.734592e-01
2.255000e+03 9.712591e-01
2.265000e+03 9.689726e-01
2.275000e+03 9.666001e-01
2.285000e+03 9.641417e-01
2.295000e+03 9.615977e-01
2.305000e+03 9.589683e-01
2.315000e+03 9.562537e-01
2.325000e+03 9.534542e-01
2.335000e+03 9.505699e-01
2.345000e+03 9.476013e-01
2.355000e+03 9.445484e-01
2.365000e+03 9.414117e-01
2.375000e+03 9.381914e-01
2.385000e+03 9.348876e-01
2.395000e+03 9.315009e-01
2.405000e+03 9.280313e-01
2.415000e+03 9.244794e-01
2.425000e+03 9.208454e-01
2.435000e+03 9.171296e-01
2.445000e+03 9.133323e-01
2.455000e+03 9.094539e-01
2.465000e+03 9.054947e-01
2.475000e+03 9.014550e-01
2.485000e+03 8.973354e-01
2.495000e+03 8.931359e-01
2.505000e+03 8.888573e-01
2.513000e+03 8.853774e-01
2.518000e+03 8.831769e-01
2.525000e+03 8.800634e-01
2.535000e+03 8.755488e-01
2.545000e+03 8.709567e-01
2.555000e+03 8.662871e-01
2.565000e+03 8.615406e-01
2.575000e+03 8.567176e-01
2.585000e+03 8.518184e-01
2.595000e+03 8.468436e-01
2.605000e+03 8.417935e-01
2.615000e+03 8.366688e-01
2.625000e+03 8.314697e-01
2.635000e+03 8.261967e-01
2.645000e+03 8.208503e-01
2.655000e+03 8.154310e-01
2.665000e+03 8.099393e-01
2.675000e+03 8.043756e-01
2.685000e+03 7.987406e-01
2.695000e+03 7.930345e-01
2.705000e+03 7.872579e-01
2.715000e+03 7.814115e-01
2.725000e+03 7.754956e-01
2.735000e+03 7.695109e-01
2.745000e+03 7.634578e-01
2.755000e+03 7.573371e-01
2.765000e+03 7.511489e-01
2.775000e+03 7.448941e-01
2.785000e+03 7.385730e-01
2.795000e+03 7.321864e-01
2.805000e+03 7.257348e-01
2.815000e+03 7.192186e-01
2.825000e+03 7.126386e-01
2.835000e+03 7.059953e-01
2.845000e+03 6.992892e-01
2.855000e+03 6.925210e-01
2.865000e+03 6.856914e-01
2.875000e+03 6.788008e-01
2.885000e+03 6.718499e-01
2.895000e+03 6.648393e-01
2.910000e+03 6.542131e-01
2.930000e+03 6.398415e-01
2.950000e+03 6.252428e-01
2.970000e+03 6.104217e-01
2.990000e+03 5.953839e-01
3.010000e+03 5.801346e-01
3.030000e+03 5.646790e-01
3.050000e+03 5.490229e-01
3.070000e+03 5.331717e-01
3.090000e+03 5.171311e-01
3.110000e+03 5.009066e-01
3.130000e+03 4.845046e-01
3.150000e+03 4.679302e-01
3.170000e+03 4.511894e-01
3.190000e+03 4.342883e-01
3.210000e+03 4.172328e-01
3.230000e+03 4.000293e-01
3.250000e+03 3.826835e-01
3.270000e+03 3.652019e-01
3.290000e+03 3.475904e-01
3.310000e+03 3.298555e-01
3.330000e+03 3.120034e-01
3.350000e+03 2.940404e-01
3.370000e+03 2.759730e-01
3.390000e+03 2.578078e-01
3.410000e+03 2.395504e-01
3.430000e+03 2.212082e-01
3.450000e+03 2.027874e-01
3.470000e+03 1.842947e-01
3.490000e+03 1.657363e-01
3.510000e+03 1.471190e-01
3.530000e+03 1.284495e-01
3.550000e+03 1.097344e-01
3.570000e+03 9.098027e-02
3.590000e+03 7.219390e-02
3.610000e+03 5.338188e-02
3.630000e+03 3.455102e-02
3.640000e+03 2.513044e-02
3.650000e+03 1.570764e-02
3.670000e+03 -3.141203e-03
3.690000e+03 -2.198905e-02
3.710000e+03 -4.082920e-02
3.730000e+03 -5.965460e-02
3.750000e+03 -7.845894e-02
3.770000e+03 -9.723539e-02
3.790000e+03 -1.159773e-01
3.810000e+03 -1.346778e-01
3.830000e+03 -1.533306e-01
3.850000e+03 -1.719290e-01
3.870000e+03 -1.904663e-01
3.890000e+03 -2.089355e-01
3.910000e+03 -2.273310e-01
3.930000e+03 -2.456456e-01
3.950000e+03 -2.638729e-01
3.970000e+03 -2.820064e-01
3.990000e+03 -3.000398e-01
4.010000e+03 -3.179667e-01
4.030000e+03 -3.357804e-01
4.050000e+03 -3.534748e-01
4.070000e+03 -3.710437e-01
4.090000e+03 -3.884808e-01
4.110000e+03 -4.057795e-01
4.130000e+03 -4.229344e-01
4.150000e+03 -4.399391e-01
4.170000e+03 -4.567872e-01
4.190000e+03 -4.734732e-01
4.210000e+03 -4.899910e-01
4.230000e+03 -5.063345e-01
4.250000e+03 -5.224983e-01
4.270000e+03 -5.384765e-01
4.290000e+03 -5.542633e-01
4.310000e+03 -5.698536e-01
4.330000e+03 -5.852408e-01
4.350000e+03 -6.004204e-01
4.370000e+03 -6.153865e-01
4.390000e+03 -6.301341e-01
4.410000e+03 -6.446576e-01
4.430000e+03 -6.589522e-01
4.450000e+03 -6.730127e-01
4.470000e+03 -6.868339e-01
4.490000e+03 -7.004112e-01
4.510000e+03 -7.137394e-01
4.530000e+03 -7.268143e-01
4.550000e+03 -7.396309e-01
4.570000e+03 -7.521848e-01
4.590000e+03 -7.644713e-01
4.610000e+03 -7.764863e-01
4.630000e+03 -7.882255e-01
4.650000e+03 -7.996844e-01
4.670000e+03 -8.108594e-01
4.690000e+03 -8.217462e-01
4.710000e+03 -8.323411e-01
4.730000e+03 -8.426402e-01
4.750000e+03 -8.526400e-01
4.770000e+03 -8.623368e-01
4.790000e+03 -8.717273e-01
4.810000e+03 -8.808082e-01
4.830000e+03 -8.895759e-01
4.850000e+03 -8.980277e-01
4.870000e+03 -9.061603e-01
4.890000e+03 -9.139709e-01
4.910000e+03 -9.214569e-01
4.930000e+03 -9.286155e-01
4.950000e+03 -9.354441e-01
4.970000e+03 -9.419404e-01
4.990000e+03 -9.481020e-01
5.010000e+03 -9.539266e-01
5.030000e+03 -9.594124e-01
5.050000e+03 -9.645573e-01
5.070000e+03 -9.693596e-01
5.090000e+03 -9.738174e-01
5.110000e+03 -9.779293e-01
5.130000e+03 -9.816937e-01
5.150000e+03 -9.851093e-01
5.170000e+03 -9.881749e-01
5.190000e+03 -9.908894e-01
5.210000e+03 -9.932518e-01
5.230000e+03 -9.952614e-01
5.250000e+03 -9.969173e-01
5.270000e+03 -9.982191e-01
5.290000e+03 -9.991661e-01
5.310000e+03 -9.997582e-01
5.330000e+03 -9.999951e-01
5.350000e+03 -9.998766e-01
5.370000e+03 -9.994029e-01
5.390000e+03 -9.985742e-01
5.410000e+03 -9.973906e-01
5.430000e+03 -9.958527e-01
5.450000e+03 -9.939609e-01
5.470000e+03 -9.917160e-01
5.490000e+03 -9.891188e-01
5.510000e+03 -9.861702e-01
5.530000e+03 -9.828711e-01
5.550000e+03 -9.792229e-01
5.570000e+03 -9.752268e-01
5.590000e+03 -9.708841e-01
5.610000e+03 -9.661964e-01
5.630000e+03 -9.611655e-01
5.650000e+03 -9.557931e-01
5.670000e+03 -9.500811e-01
5.690000e+03 -9.440316e-01
5.710000e+03 -9.376466e-01
5.730000e+03 -9.309285e-01
5.750000e+03 -9.238796e-01
5.770000e+03 -9.165025e-01
5.790000e+03 -9.087997e-01
5.810000e+03 -9.007740e-01
5.830000e+03 -8.924283e-01
5.850000e+03 -8.837656e-01
5.870000e+03 -8.747888e-01
5.890000e+03 -8.655012e-01
5.910000e+03 -8.559061e-01
5.930000e+03 -8.460070e-01
5.950000e+03 -8.358072e-01
5.970000e+03 -8.253106e-01
5.990000e+03 -8.145208e-01
6.010000e+03 -8.034417e-01
6.030000e+03 -7.920769e-01
6.050000e+03 -7.804306e-01
6.070000e+03 -7.685071e-01
6.090000e+03 -7.563105e-01
6.110000e+03 -7.438454e-01
6.130000e+03 -7.311158e-01
6.150000e+03 -7.181265e-01
6.170000e+03 -7.048822e-01
6.190000e+03 -6.913873e-01
6.210000e+03 -6.776467e-01
6.230000e+03 -6.636654e-01
6.250000e+03 -6.494486e-01
6.270000e+03 -6.350006e-01
6.290000e+03 -6.203272e-01
6.310000e+03 -6.054328e-01
6.330000e+03 -5.903240e-01
6.350000e+03 -5.750051e-01
6.370000e+03 -5.594822e-01
6.390000e+03 -5.437602e-01
6.410000e+03 -5.278458e-01
6.430000e+03 -5.117430e-01
6.450000e+03 -4.954588e-01
6.470000e+03 -4.789982e-01
6.490000e+03 -4.623678e-01
6.510000e+03 -4.455732e-01
6.530000e+03 -4.286202e-01
6.550000e+03 -4.115149e-01
6.570000e+03 -3.942630e-01
6.590000e+03 -3.768715e-01
6.610000e+03 -3.593456e-01
6.630000e+03 -3.416925e-01
6.650000e+03 -3.239175e-01
6.670000e+03 -3.060284e-01
6.690000e+03 -2.880296e-01
6.710000e+03 -2.699289e-01
6.730000e+03 -2.517319e-01
6.750000e+03 -2.334459e-01
6.770000e+03 -2.150765e-01
6.790000e+03 -1.966311e-01
6.810000e+03 -1.781150e-01
6.830000e+03 -1.595369e-01
6.850000e+03 -1.409013e-01
6.870000e+03 -1.222160e-01
6.890000e+03 -1.034869e-01
6.910000e+03 -8.472144e-02
6.930000e+03 -6.592542e-02
6.950000e+03 -4.710646e-02
6.970000e+03 -2.827076e-02
6.990000e+03 -9.425011e-03
7.010000e+03 9.424082e-03
7.030000e+03 2.827030e-02
7.050000e+03 4.710601e-02
7.070000e+03 6.592545e-02
7.090000e+03 8.472051e-02
7.110000e+03 1.034864e-01
7.130000e+03 1.222151e-01
7.150000e+03 1.409008e-01
7.170000e+03 1.595360e-01
7.190000e+03 1.781150e-01
7.210000e+03 1.966302e-01
7.230000e+03 2.150756e-01
7.250000e+03 2.334445e-01
7.270000e+03 2.517310e-01
7.290000e+03 2.699276e-01
7.310000e+03 2.880292e-01
7.330000e+03 3.060275e-01
7.350000e+03 3.239176e-01
7.370000e+03 3.416921e-01
7.390000e+03 3.593456e-01
7.410000e+03 3.768706e-01
7.430000e+03 3.942626e-01
7.450000e+03 4.115141e-01
7.470000e+03 4.286198e-01
7.490000e+03 4.455728e-01
7.510000e+03 4.623670e-01
7.530000e+03 4.789978e-01
7.550000e+03 4.954580e-01
7.570000e+03 5.117427e-01
7.590000e+03 5.278450e-01
7.610000e+03 5.437602e-01
7.630000e+03 5.594819e-01
7.650000e+03 5.750047e-01
7.670000e+03 5.903233e-01
7.690000e+03 6.054325e-01
7.710000e+03 6.203262e-01
7.730000e+03 6.349999e-01
7.750000e+03 6.494476e-01
7.770000e+03 6.636649e-01
7.790000e+03 6.776460e-01
7.810000e+03 6.913871e-01
7.830000e+03 7.048815e-01
7.850000e+03 7.181262e-01
7.870000e+03 7.311154e-01
7.890000e+03 7.438451e-01
7.910000e+03 7.563102e-01
7.930000e+03 7.685069e-01
7.950000e+03 7.804303e-01
7.970000e+03 7.920765e-01
7.990000e+03 8.034414e-01
8.010000e+03 8.145204e-01
8.030000e+03 8.253102e-01
8.050000e+03 8.358071e-01
8.070000e+03 8.460065e-01
8.090000e+03 8.559058e-01
8.110000e+03 8.655013e-01
8.130000e+03 8.747885e-01
8.150000e+03 8.837656e-01
8.170000e+03 8.924280e-01
8.190000e+03 9.007741e-01
8.210000e+03 9.087995e-01
8.230000e+03 9.165021e-01
8.250000e+03 9.238794e-01
8.269999e+03 9.309278e-01
8.290000e+03 9.376464e-01
8.310000e+03 9.440313e-01
8.330000e+03 9.500809e-01
8.350000e+03 9.557929e-01
8.370000e+03 9.611652e-01
8.390000e+03 9.661961e-01
8.410000e+03 9.708838e-01
8.429998e+03 9.752260e-01
8.450000e+03 9.792227e-01
8.469998e+03 9.828706e-01
8.490000e+03 9.861701e-01
8.510000e+03 9.891187e-01
8.530000e+03 9.917160e-01
8.550000e+03 9.939609e-01
8.570000e+03 9.958526e-01
8.590000e+03 9.973906e-01
8.610002e+03 9.985743e-01
8.630000e+03 9.994029e-01
8.650002e+03 9.998767e-01
8.670000e+03 9.999951e-01
8.690002e+03 9.997582e-01
8.710000e+03 9.991662e-01
8.730000e+03 9.982191e-01
8.750000e+03 9.969174e-01
8.769999e+03 9.952615e-01
8.790000e+03 9.932519e-01
8.810000e+03 9.908895e-01
8.830000e+03 9.881750e-01
8.850000e+03 9.851094e-01
8.870000e+03 9.816938e-01
8.890000e+03 9.779295e-01
8.910000e+03 9.738176e-01
8.929998e+03 9.693602e-01
8.950000e+03 9.645576e-01
8.969998e+03 9.594131e-01
8.990000e+03 9.539267e-01
9.010000e+03 9.481021e-01
9.030000e+03 9.419406e-01
9.050000e+03 9.354442e-01
9.070000e+03 9.286157e-01
9.090000e+03 9.214571e-01
9.110002e+03 9.139706e-01
9.130000e+03 9.061604e-01
9.150002e+03 8.980272e-01
9.170000e+03 8.895763e-01
9.190002e+03 8.808076e-01
9.210000e+03 8.717277e-01
9.230000e+03 8.623372e-01
9.250000e+03 8.526405e-01
9.269999e+03 8.426413e-01
9.290000e+03 8.323415e-01
9.310000e+03 8.217471e-01
9.330000e+03 8.108598e-01
9.350000e+03 7.996852e-01
9.370000e+03 7.882258e-01
9.390000e+03 7.764871e-01
9.410000e+03 7.644716e-01
9.429998e+03 7.521864e-01
9.450000e+03 7.396317e-01
9.469998e+03 7.268165e-01
9.490000e+03 7.137402e-01
9.510000e+03 7.004116e-01
9.530000e+03 6.868344e-01
9.550000e+03 6.730129e-01
9.570000e+03 6.589525e-01
9.590000e+03 6.446581e-01
9.610002e+03 6.301332e-01
9.630000e+03 6.153869e-01
9.650002e+03 6.004194e-01
9.670000e+03 5.852412e-01
9.690002e+03 5.698524e-01
9.710000e+03 5.542639e-01
9.730000e+03 5.384777e-01
9.750000e+03 5.224988e-01
9.769999e+03 5.063361e-01
9.790000e+03 4.899914e-01
9.810000e+03 4.734742e-01
9.830000e+03 4.567876e-01
9.850000e+03 4.399399e-01
9.870000e+03 4.229355e-01
9.890000e+03 4.057804e-01
9.910000e+03 3.884816e-01
9.929998e+03 3.710465e-01
9.950000e+03 3.534756e-01
9.969998e+03 3.357831e-01
9.990000e+03 3.179673e-01
1.002500e+04 2.865262e-01
1.007500e+04 2.410771e-01
1.012500e+04 1.950919e-01
1.017500e+04 1.486736e-01
1.022500e+04 1.019261e-01
1.027500e+04 5.495177e-02
1.032500e+04 7.855951e-03
1.037500e+04 -3.925826e-02
1.042500e+04 -8.628436e-02
1.047500e+04 -1.331198e-01
1.052500e+04 -1.796597e-01
1.057500e+04 -2.257994e-01
1.062500e+04 -2.714386e-01
1.067500e+04 -3.164752e-01
1.072500e+04 -3.608100e-01
1.077500e+04 -4.043427e-01
1.082500e+04 -4.469778e-01
1.087500e+04 -4.886205e-01
1.092500e+04 -5.291783e-01
1.097500e+04 -5.685611e-01
1.102500e+04 -6.066817e-01
1.107500e+04 -6.434553e-01
1.112500e+04 -6.788002e-01
1.117500e+04 -7.126373e-01
1.122500e+04 -7.448929e-01
1.127500e+04 -7.754947e-01
1.132500e+04 -8.043746e-01
1.137500e+04 -8.314687e-01
1.142500e+04 -8.567167e-01
1.147500e+04 -8.800621e-01
1.152500e+04 -9.014544e-01
1.157500e+04 -9.208449e-01
1.162500e+04 -9.381908e-01
1.167500e+04 -9.534537e-01
1.172500e+04 -9.665997e-01
1.177500e+04 -9.775998e-01
1.182500e+04 -9.864292e-01
1.187500e+04 -9.930683e-01
1.192500e+04 -9.975027e-01
1.197500e+04 -9.997224e-01
1.202500e+04 -1.000000e+00
1.207500e+04 -1.000000e+00
1.212500e+04 -1.000000e+00
1.217500e+04 -1.000000e+00
1.222500e+04 -1.000000e+00
1.227500e+04 -1.000000e+00
1.232500e+04 -1.000000e+00
1.237500e+04 -1.000000e+00
1.242500e+04 -1.000000e+00
1.247500e+04 -1.000000e+00
1.252500e+04 -1.000000e+00
1.257500e+04 -1.000000e+00
1.262500e+04 -1.000000e+00
1.267500e+04 -1.000000e+00
1.272500e+04 -1.000000e+00
1.277500e+04 -1.000000e+00
1.282500e+04 -1.000000e+00
1.287500e+04 -1.000000e+00
1.292500e+04 -1.000000e+00
1.297500e+04 -1.000000e+00
1.302500e+04 -1.000000e+00
1.307500e+04 -1.000000e+00
1.312500e+04 -1.000000e+00
1.317500e+04 -1.000000e+00
1.322500e+04 -1.000000e+00
1.327500e+04 -1.000000e+00
1.332500e+04 -1.000000e+00
1.337500e+04 -1.000000e+00
1.342500e+04 -1.000000e+00
1.347500e+04 -1.000000e+00
1.352500e+04 -1.000000e+00
1.357500e+04 -1.000000e+00
1.362500e+04 -1.000000e+00
1.367500e+04 -1.000000e+00
1.372500e+04 -1.000000e+00
1.377500e+04 -1.000000e+00
1.382500e+04 -1.000000e+00
1.387500e+04 -1.000000e+00
1.392500e+04 -1.000000e+00
1.397500e+04 -1.000000e+00
1.402500e+04 -1.000000e+00
1.407500e+04 -1.000000e+00
1.412500e+04 -1.000000e+00
1.417500e+04 -1.000000e+00
1.422500e+04 -1.000000e+00
1.427500e+04 -1.000000e+00
1.432500e+04 -1.000000e+00
1.437500e+04 -1.000000e+00
1.442500e+04 -1.000000e+00
1.447500e+04 -1.000000e+00
1.452500e+04 -1.000000e+00
1.457000e+04 -1.000000e+00
1.462000e+04 -1.000000e+00
1.467500e+04 -1.000000e+00
1.472500e+04 -1.000000e+00
1.477500e+04 -1.000000e+00
1.482500e+04 -1.000000e+00
1.487500e+04 -1.000000e+00
1.492500e+04 -1.000000e+00
1.497500e+04 -1.000000e+00
1.502500e+04 -1.000000e+00
1.507500e+04 -1.000000e+00
1.512500e+04 -1.000000e+00
1.517500e+04 -1.000000e+00
1.522500e+04 -1.000000e+00
1.527500e+04 -1.000000e+00
1.532500e+04 -1.000000e+00
1.537500e+04 -1.000000e+00
1.542500e+04 -1.000000e+00
1.547500e+04 -1.000000e+00
1.552500e+04 -1.000000e+00
1.557500e+04 -1.000000e+00
1.562500e+04 -1.000000e+00
1.567500e+04 -1.000000e+00
1.572500e+04 -1.000000e+00
1.577500e+04 -1.000000e+00
1.582500e+04 -1.000000e+00
1.587500e+04 -1.000000e+00
1.592500e+04 -1.000000e+00
1.597500e+04 -1.000000e+00
1.605000e+04 -1.000000e+00
1.615000e+04 -1.000000e+00
1.625000e+04 -1.000000e+00
1.635000e+04 -1.000000e+00
1.645000e+04 -1.000000e+00
1.655000e+04 -1.000000e+00
1.665000e+04 -1.000000e+00
1.675000e+04 -1.000000e+00
1.685000e+04 -1.000000e+00
1.695000e+04 -1.000000e+00
1.705000e+04 -1.000000e+00
1.715000e+04 -1.000000e+00
1.725000e+04 -1.000000e+00
1.735000e+04 -1.000000e+00
1.745000e+04 -1.000000e+00
1.755000e+04 -1.000000e+00
1.765000e+04 -1.000000e+00
1.775000e+04 -1.000000e+00
1.785000e+04 -1.000000e+00
1.795000e+04 -1.000000e+00
1.805000e+04 -1.000000e+00
1.815000e+04 -1.000000e+00
1.825000e+04 -1.000000e+00
1.835000e+04 -1.000000e+00
1.845000e+04 -1.000000e+00
1.855000e+04 -1.000000e+00
1.865000e+04 -1.000000e+00
1.875000e+04 -1.000000e+00
1.885000e+04 -1.000000e+00
1.895000e+04 -1.000000e+00
1.905000e+04 -1.000000e+00
1.915000e+04 -1.000000e+00
1.925000e+04 -1.000000e+00
1.935000e+04 -1.000000e+00
1.945000e+04 -1.000000e+00
1.955000e+04 -1.000000e+00
1.965000e+04 -1.000000e+00
1.975000e+04 -1.000000e+00
1.985000e+04 -1.000000e+00
1.995000e+04 -1.000000e+00
2.005000e+04 -1.000000e+00
2.015000e+04 -1.000000e+00
2.025000e+04 -1.000000e+00
2.035000e+04 -1.000000e+00
2.045000e+04 -1.000000e+00
2.055000e+04 -1.000000e+00
2.065000e+04 -1.000000e+00
2.075000e+04 -1.000000e+00
2.085000e+04 -1.000000e+00
2.095000e+04 -1.000000e+00
2.105000e+04 -1.000000e+00
2.115000e+04 -1.000000e+00
2.125000e+04 -1.000000e+00
2.135000e+04 -1.000000e+00
2.145000e+04 -1.000000e+00
2.155000e+04 -1.000000e+00
2.165000e+04 -1.000000e+00
2.175000e+04 -1.000000e+00
2.185000e+04 -1.000000e+00
2.195000e+04 -1.000000e+00
2.205000e+04 -1.000000e+00
2.215000e+04 -1.000000e+00
2.225000e+04 -1.000000e+00
2.235000e+04 -1.000000e+00
2.245000e+04 -1.000000e+00
2.255000e+04 -1.000000e+00
2.265000e+04 -1.000000e+00
2.275000e+04 -1.000000e+00
2.285000e+04 -1.000000e+00
2.295000e+04 -1.000000e+00
2.305000e+04 -1.000000e+00
2.315000e+04 -1.000000e+00
2.325000e+04 -1.000000e+00
2.335000e+04 -1.000000e+00
2.345000e+04 -1.000000e+00
2.355000e+04 -1.000000e+00
2.365000e+04 -1.000000e+00
2.375000e+04 -1.000000e+00
2.385000e+04 -1.000000e+00
2.395000e+04 -1.000000e+00
2.405000e+04 -1.000000e+00
2.415000e+04 -1.000000e+00
2.425000e+04 -1.000000e+00
2.435000e+04 -1.000000e+00
2.445000e+04 -1.000000e+00
2.455000e+04 -1.000000e+00
2.465000e+04 -1.000000e+00
2.475000e+04 -1.000000e+00
2.485000e+04 -1.000000e+00
2.495000e+04 -1.000000e+00
2.505000e+04 -1.000000e+00
2.515000e+04 -1.000000e+00
2.525000e+04 -1.000000e+00
2.535000e+04 -1.000000e+00
2.545000e+04 -1.000000e+00
2.555000e+04 -1.000000e+00
2.565000e+04 -1.000000e+00
2.575000e+04 -1.000000e+00
2.585000e+04 -1.000000e+00
2.595000e+04 -1.000000e+00
2.605000e+04 -1.000000e+00
2.615000e+04 -1.000000e+00
2.625000e+04 -1.000000e+00
2.635000e+04 -1.000000e+00
2.645000e+04 -1.000000e+00
2.655000e+04 -1.000000e+00
2.665000e+04 -1.000000e+00
2.675000e+04 -1.000000e+00
2.685000e+04 -1.000000e+00
2.695000e+04 -1.000000e+00
2.705000e+04 -1.000000e+00
2.715000e+04 -1.000000e+00
2.725000e+04 -1.000000e+00
2.735000e+04 -1.000000e+00
2.745000e+04 -1.000000e+00
2.755000e+04 -1.000000e+00
2.765000e+04 -1.000000e+00
2.775000e+04 -1.000000e+00
2.785000e+04 -1.000000e+00
2.795000e+04 -1.000000e+00
2.805000e+04 -1.000000e+00
2.815000e+04 -1.000000e+00
2.825000e+04 -1.000000e+00
2.835000e+04 -1.000000e+00
2.845000e+04 -1.000000e+00
2.855000e+04 -1.000000e+00
2.865000e+04 -1.000000e+00
2.875000e+04 -1.000000e+00
2.885000e+04 -1.000000e+00
2.895000e+04 -1.000000e+00
2.905000e+04 -1.000000e+00
2.915000e+04 -1.000000e+00
2.925000e+04 -1.000000e+00
2.935000e+04 -1.000000e+00
2.945000e+04 -1.000000e+00
2.955000e+04 -1.000000e+00
2.965000e+04 -1.000000e+00
2.975000e+04 -1.000000e+00
2.985000e+04 -1.000000e+00
2.995000e+04 -1.000000e+00
3.005000e+04 -1.000000e+00
3.015000e+04 -1.000000e+00
3.025000e+04 -1.000000e+00
3.035000e+04 -1.000000e+00
3.045000e+04 -1.000000e+00
3.055000e+04 -1.000000e+00
3.065000e+04 -1.000000e+00
3.075000e+04 -1.000000e+00
3.085000e+04 -1.000000e+00
3.095000e+04 -1.000000e+00
3.105000e+04 -1.000000e+00
3.115000e+04 -1.000000e+00
3.125000e+04 -1.000000e+00
3.135000e+04 -1.000000e+00
3.145000e+04 -1.000000e+00
3.155000e+04 -1.000000e+00
3.165000e+04 -1.000000e+00
3.175000e+04 -1.000000e+00
3.185000e+04 -1.000000e+00
3.195000e+04 -1.000000e+00
3.210000e+04 -1.000000e+00
3.230000e+04 -1.000000e+00
3.250000e+04 -1.000000e+00
3.270000e+04 -1.000000e+00
3.290000e+04 -1.000000e+00
3.310000e+04 -1.000000e+00
3.330000e+04 -1.000000e+00
3.350000e+04 -1.000000e+00
3.370000e+04 -1.000000e+00
3.390000e+04 -1.000000e+00
3.410000e+04 -1.000000e+00
3.430000e+04 -1.000000e+00
3.450000e+04 -1.000000e+00
3.470000e+04 -1.000000e+00
3.490000e+04 -1.000000e+00
3.510000e+04 -1.000000e+00
3.530000e+04 -1.000000e+00
3.550000e+04 -1.000000e+00
3.570000e+04 -1.000000e+00
3.590000e+04 -1.000000e+00
3.610000e+04 -1.000000e+00
3.630000e+04 -1.000000e+00
3.650000e+04 -1.000000e+00
3.670000e+04 -1.000000e+00
3.690000e+04 -1.000000e+00
3.710000e+04 -1.000000e+00
3.730000e+04 -1.000000e+00
3.750000e+04 -1.000000e+00
3.770000e+04 -1.000000e+00
3.790000e+04 -1.000000e+00
3.810000e+04 -1.000000e+00
3.830000e+04 -1.000000e+00
3.850000e+04 -1.000000e+00
3.870000e+04 -1.000000e+00
3.890000e+04 -1.000000e+00
3.910000e+04 -1.000000e+00
3.930000e+04 -1.000000e+00
3.950000e+04 -1.000000e+00
3.970000e+04 -1.000000e+00
3.990000e+04 -1.000000e+00
4.010000e+04 -1.000000e+00
4.030000e+04 -1.000000e+00
4.050000e+04 -1.000000e+00
4.070000e+04 -1.000000e+00
4.090000e+04 -1.000000e+00
4.110000e+04 -1.000000e+00
4.130000e+04 -1.000000e+00
4.150000e+04 -1.000000e+00
4.170000e+04 -1.000000e+00
4.190000e+04 -1.000000e+00
4.210000e+04 -1.000000e+00
4.230000e+04 -1.000000e+00
4.250000e+04 -1.000000e+00
4.270000e+04 -1.000000e+00
4.290000e+04 -1.000000e+00
4.310000e+04 -1.000000e+00
4.330000e+04 -1.000000e+00
4.350000e+04 -1.000000e+00
4.370000e+04 -1.000000e+00
4.390000e+04 -1.000000e+00
4.410000e+04 -1.000000e+00
4.430000e+04 -1.000000e+00
4.450000e+04 -1.000000e+00
4.470000e+04 -1.000000e+00
4.490000e+04 -1.000000e+00
4.510000e+04 -1.000000e+00
4.530000e+04 -1.000000e+00
4.550000e+04 -1.000000e+00
4.570000e+04 -1.000000e+00
4.590000e+04 -1.000000e+00
4.610000e+04 -1.000000e+00
4.630000e+04 -1.000000e+00
4.650000e+04 -1.000000e+00
4.670000e+04 -1.000000e+00
4.690000e+04 -1.000000e+00
4.710000e+04 -1.000000e+00
4.730000e+04 -1.000000e+00
4.750000e+04 -1.000000e+00
4.770000e+04 -1.000000e+00
4.790000e+04 -1.000000e+00
4.810000e+04 -1.000000e+00
4.830000e+04 -1.000000e+00
4.850000e+04 -1.000000e+00
4.870000e+04 -1.000000e+00
4.890000e+04 -1.000000e+00
4.910000e+04 -1.000000e+00
4.930000e+04 -1.000000e+00
4.950000e+04 -1.000000e+00
4.970000e+04 -1.000000e+00
4.990000e+04 -1.000000e+00
5.010000e+04 -1.000000e+00
5.030000e+04 -1.000000e+00
5.050000e+04 -1.000000e+00
5.070000e+04 -1.000000e+00
5.090000e+04 -1.000000e+00
5.110000e+04 -1.000000e+00
5.130000e+04 -1.000000e+00
5.150000e+04 -1.000000e+00
5.170000e+04 -1.000000e+00
5.190000e+04 -1.000000e+00
5.210000e+04 -1.000000e+00
5.230000e+04 -1.000000e+00
5.250000e+04 -1.000000e+00
5.270000e+04 -1.000000e+00
5.290000e+04 -1.000000e+00
5.310000e+04 -1.000000e+00
5.330000e+04 -1.000000e+00
5.350000e+04 -1.000000e+00
5.370000e+04 -1.000000e+00
5.390000e+04 -1.000000e+00
5.410000e+04 -1.000000e+00
5.430000e+04 -1.000000e+00
5.450000e+04 -1.000000e+00
5.470000e+04 -1.000000e+00
5.490000e+04 -1.000000e+00
5.510000e+04 -1.000000e+00
5.530000e+04 -1.000000e+00
5.550000e+04 -1.000000e+00
5.570000e+04 -1.000000e+00
5.590000e+04 -1.000000e+00
5.610000e+04 -1.000000e+00
5.630000e+04 -1.000000e+00
5.650000e+04 -1.000000e+00
5.670000e+04 -1.000000e+00
5.690000e+04 -1.000000e+00
5.710000e+04 -1.000000e+00
5.730000e+04 -1.000000e+00
5.750000e+04 -1.000000e+00
5.770000e+04 -1.000000e+00
5.790000e+04 -1.000000e+00
5.810000e+04 -1.000000e+00
5.830000e+04 -1.000000e+00
5.850000e+04 -1.000000e+00
5.870000e+04 -1.000000e+00
5.890000e+04 -1.000000e+00
5.910000e+04 -1.000000e+00
5.930000e+04 -1.000000e+00
5.950000e+04 -1.000000e+00
5.970000e+04 -1.000000e+00
5.990000e+04 -1.000000e+00
6.010000e+04 -1.000000e+00
6.030000e+04 -1.000000e+00
6.050000e+04 -1.000000e+00
6.070000e+04 -1.000000e+00
6.090000e+04 -1.000000e+00
6.110000e+04 -1.000000e+00
6.130000e+04 -1.000000e+00
6.150000e+04 -1.000000e+00
6.170000e+04 -1.000000e+00
6.190000e+04 -1.000000e+00
6.210000e+04 -1.000000e+00
6.230000e+04 -1.000000e+00
6.250000e+04 -1.000000e+00
6.270000e+04 -1.000000e+00
6.290000e+04 -1.000000e+00
6.310000e+04 -1.000000e+00
6.330000e+04 -1.000000e+00
6.350000e+04 -1.000000e+00
6.370000e+04 -1.000000e+00
6.390000e+04 -1.000000e+00
6.420000e+04 -1.000000e+00
6.460000e+04 -1.000000e+00
6.500000e+04 -1.000000e+00
6.540000e+04 -1.000000e+00
6.580000e+04 -1.000000e+00
6.620000e+04 -1.000000e+00
6.660000e+04 -1.000000e+00
6.700000e+04 -1.000000e+00
6.740000e+04 -1.000000e+00
6.780000e+04 -1.000000e+00
6.820000e+04 -1.000000e+00
6.860000e+04 -1.000000e+00
6.900000e+04 -1.000000e+00
6.940000e+04 -1.000000e+00
6.980000e+04 -1.000000e+00
7.020000e+04 -1.000000e+00
7.060000e+04 -1.000000e+00
7.100000e+04 -1.000000e+00
7.140000e+04 -1.000000e+00
7.180000e+04 -1.000000e+00
7.220000e+04 -1.000000e+00
7.260000e+04 -1.000000e+00
7.300000e+04 -1.000000e+00
7.340000e+04 -1.000000e+00
7.380000e+04 -1.000000e+00
7.420000e+04 -1.000000e+00
7.460000e+04 -1.000000e+00
7.500000e+04 -1.000000e+00
7.540000e+04 -1.000000e+00
7.580000e+04 -1.000000e+00
7.620000e+04 -1.000000e+00
7.660000e+04 -1.000000e+00
7.700000e+04 -1.000000e+00
7.740000e+04 -1.000000e+00
7.780000e+04 -1.000000e+00
7.820000e+04 -1.000000e+00
7.860000e+04 -1.000000e+00
7.900000e+04 -1.000000e+00
7.940000e+04 -1.000000e+00
7.980000e+04 -1.000000e+00
8.020002e+04 -1.000000e+00
8.060002e+04 -1.000000e+00
8.100000e+04 -1.000000e+00
8.140000e+04 -1.000000e+00
8.180000e+04 -1.000000e+00
8.220000e+04 -1.000000e+00
8.260000e+04 -1.000000e+00
8.300000e+04 -1.000000e+00
8.340000e+04 -1.000000e+00
8.380000e+04 -1.000000e+00
8.420000e+04 -1.000000e+00
8.460000e+04 -1.000000e+00
8.500000e+04 -1.000000e+00
8.540000e+04 -1.000000e+00
8.580000e+04 -1.000000e+00
8.620002e+04 -1.000000e+00
8.660002e+04 -1.000000e+00
8.700000e+04 -1.000000e+00
8.740000e+04 -1.000000e+00
8.780000e+04 -1.000000e+00
8.820002e+04 -1.000000e+00
8.860002e+04 -1.000000e+00
8.900000e+04 -1.000000e+00
8.939998e+04 -1.000000e+00
8.979998e+04 -1.000000e+00
9.020002e+04 -1.000000e+00
9.060002e+04 -1.000000e+00
9.100000e+04 -1.000000e+00
9.140000e+04 -1.000000e+00
9.180000e+04 -1.000000e+00
9.220000e+04 -1.000000e+00
9.260000e+04 -1.000000e+00
9.300000e+04 -1.000000e+00
9.340000e+04 -1.000000e+00
9.380000e+04 -1.000000e+00
9.420000e+04 -1.000000e+00
9.460000e+04 -1.000000e+00
9.500000e+04 -1.000000e+00
9.540000e+04 -1.000000e+00
9.580000e+04 -1.000000e+00
9.620002e+04 -1.000000e+00
9.660002e+04 -1.000000e+00
9.700000e+04 -1.000000e+00
9.740000e+04 -1.000000e+00
9.780000e+04 -1.000000e+00
9.820002e+04 -1.000000e+00
9.860002e+04 -1.000000e+00
9.900000e+04 -1.000000e+00
9.939998e+04 -1.000000e+00
9.979998e+04 -1.000000e+00
1.002000e+05 -1.000000e+00
2.000000e+05 -1.000000e+00
4.000000e+05 -1.000000e+00
6.000000e+05 -1.000000e+00
8.000000e+05 -1.000000e+00
1.000000e+06 -1.000000e+00
1.200000e+06 -1.000000e+00
1.400000e+06 -1.000000e+00
1.600000e+06 -1.000000e+00
