9.100000e+01 1.000000e+00
9.400000e+01 1.000000e+00
9.600000e+01 1.000000e+00
9.800000e+01 1.000000e+00
1.000000e+02 1.000000e+00
1.020000e+02 1.000000e+00
1.040000e+02 1.000000e+00
1.060000e+02 1.000000e+00
1.080000e+02 1.000000e+00
1.100000e+02 1.000000e+00
1.140000e+02 1.000000e+00
1.180000e+02 1.000000e+00
1.210000e+02 1.000000e+00
1.250000e+02 1.000000e+00
1.270000e+02 1.000000e+00
1.280000e+02 1.000000e+00
1.310000e+02 1.000000e+00
1.320000e+02 1.000000e+00
1.340000e+02 1.000000e+00
1.370000e+02 1.000000e+00
1.400000e+02 1.000000e+00
1.430000e+02 1.000000e+00
1.470000e+02 1.000000e+00
1.510000e+02 1.000000e+00
1.550000e+02 1.000000e+00
1.590000e+02 1.000000e+00
1.620000e+02 1.000000e+00
1.660000e+02 1.000000e+00
1.700000e+02 1.000000e+00
1.730000e+02 1.000000e+00
1.770000e+02 1.000000e+00
1.800000e+02 1.000000e+00
1.820000e+02 1.000000e+00
1.860000e+02 1.000000e+00
1.910000e+02 1.000000e+00
1.940000e+02 1.000000e+00
1.980000e+02 1.000000e+00
2.020000e+02 1.000000e+00
2.050000e+02 1.000000e+00
2.100000e+02 1.000000e+00
2.160000e+02 1.000000e+00
2.200000e+02 1.000000e+00
2.230000e+02 1.000000e+00
2.270000e+02 1.000000e+00
2.300000e+02 1.000000e+00
2.340000e+02 1.000000e+00
2.400000e+02 1.000000e+00
2.460000e+02 1.000000e+00
2.520000e+02 1.000000e+00
2.570000e+02 1.000000e+00
2.600000e+02 1.000000e+00
2.640000e+02 1.000000e+00
2.690000e+02 1.000000e+00
2.740000e+02 1.000000e+00
2.790000e+02 1.000000e+00
2.840000e+02 1.000000e+00
2.900000e+02 1.000000e+00
2.960000e+02 1.000000e+00
3.010000e+02 1.000000e+00
3.080000e+02 1.000000e+00
3.180000e+02 1.000000e+00
3.280000e+02 1.000000e+00
3.380000e+02 1.000000e+00
3.480000e+02 1.000000e+00
3.570000e+02 1.000000e+00
3.660000e+02 1.000000e+00
3.750000e+02 1.000000e+00
3.850000e+02 1.000000e+00
3.950000e+02 1.000000e+00
4.050000e+02 1.000000e+00
4.140000e+02 1.000000e+00
4.220000e+02 1.000000e+00
4.300000e+02 1.000000e+00
4.410000e+02 1.000000e+00
4.510000e+02 1.000000e+00
4.600000e+02 1.000000e+00
4.700000e+02 1.000000e+00
4.800000e+02 1.000000e+00
4.900000e+02 1.000000e+00
5.000000e+02 1.000000e+00
5.060000e+02 1.000000e+00
5.120000e+02 1.000000e+00
5.200000e+02 1.000000e+00
5.300000e+02 1.000000e+00
5.400000e+02 1.000000e+00
5.500000e+02 1.000000e+00
5.600000e+02 1.000000e+00
5.700000e+02 1.000000e+00
5.800000e+02 1.000000e+00
5.900000e+02 1.000000e+00
6.000000e+02 1.000000e+00
6.100000e+02 1.000000e+00
6.200000e+02 1.000000e+00
6.300000e+02 1.000000e+00
6.400000e+02 1.000000e+00
6.500000e+02 1.000000e+00
6.580000e+02 1.000000e+00
6.650000e+02 1.000000e+00
6.750000e+02 1.000000e+00
6.850001e+02 1.000000e+00
6.950000e+02 1.000000e+00
7.050000e+02 1.000000e+00
7.160000e+02 1.000000e+00
7.260000e+02 1.000000e+00
7.350001e+02 1.000000e+00
7.450000e+02 1.000000e+00
7.550000e+02 1.000000e+00
7.650000e+02 1.000000e+00
7.750000e+02 1.000000e+00
7.850001e+02 1.000000e+00
7.950000e+02 1.000000e+00
8.050000e+02 1.000000e+00
8.150001e+02 1.000000e+00
8.250000e+02 1.000000e+00
8.350001e+02 1.000000e+00
8.450000e+02 1.000000e+00
8.550000e+02 1.000000e+00
8.650001e+02 1.000000e+00
8.750000e+02 1.000000e+00
8.850001e+02 1.000000e+00
8.950000e+02 1.000000e+00
9.050000e+02 1.000000e+00
9.150001e+02 1.000000e+00
9.250000e+02 1.000000e+00
9.350001e+02 1.000000e+00
9.450000e+02 1.000000e+00
9.550000e+02 1.000000e+00
9.650001e+02 1.000000e+00
9.750000e+02 1.000000e+00
9.850001e+02 1.000000e+00
9.950000e+02 1.000000e+00
1.005000e+03 1.000000e+00
1.015000e+03 1.000000e+00
1.025000e+03 1.000000e+00
1.035000e+03 1.000000e+00
1.045000e+03 1.000000e+00
1.055000e+03 1.000000e+00
1.065000e+03 1.000000e+00
1.075000e+03 1.000000e+00
1.085000e+03 1.000000e+00
1.095000e+03 1.000000e+00
1.105000e+03 1.000000e+00
1.115000e+03 1.000000e+00
1.125000e+03 1.000000e+00
1.135000e+03 1.000000e+00
1.145000e+03 1.000000e+00
1.155000e+03 1.000000e+00
1.165000e+03 1.000000e+00
1.175000e+03 1.000000e+00
1.185000e+03 1.000000e+00
1.195000e+03 1.000000e+00
1.205000e+03 1.000000e+00
1.215000e+03 1.000000e+00
1.225000e+03 1.000000e+00
1.235000e+03 1.000000e+00
1.245000e+03 1.000000e+00
1.255000e+03 1.000000e+00
1.265000e+03 1.000000e+00
1.275000e+03 1.000000e+00
1.285000e+03 1.000000e+00
1.295000e+03 1.000000e+00
1.305000e+03 1.000000e+00
1.315000e+03 1.000000e+00
1.325000e+03 1.000000e+00
1.335000e+03 1.000000e+00
1.345000e+03 1.000000e+00
1.355000e+03 1.000000e+00
1.365000e+03 1.000000e+00
1.375000e+03 1.000000e+00
1.385000e+03 1.000000e+00
1.395000e+03 1.000000e+00
1.405000e+03 1.000000e+00
1.415000e+03 1.000000e+00
1.425000e+03 1.000000e+00
1.435000e+03 1.000000e+00
1.442000e+03 1.000000e+00
1.447000e+03 1.000000e+00
1.455000e+03 1.000000e+00
1.465000e+03 1.000000e+00
1.475000e+03 1.000000e+00
1.485000e+03 1.000000e+00
1.495000e+03 1.000000e+00
1.505000e+03 1.000000e+00
1.512000e+03 1.000000e+00
1.517000e+03 1.000000e+00
1.525000e+03 1.000000e+00
1.535000e+03 1.000000e+00
1.545000e+03 1.000000e+00
1.555000e+03 1.000000e+00
1.565000e+03 1.000000e+00
1.575000e+03 1.000000e+00
1.585000e+03 1.000000e+00
1.595000e+03 1.000000e+00
1.605000e+03 1.000000e+00
1.615000e+03 1.000000e+00
1.625000e+03 1.000000e+00
1.635000e+03 1.000000e+00
1.645000e+03 1.000000e+00
1.655000e+03 1.000000e+00
1.665000e+03 1.000000e+00
1.672000e+03 1.000000e+00
1.677000e+03 1.000000e+00
1.685000e+03 1.000000e+00
1.695000e+03 1.000000e+00
1.705000e+03 1.000000e+00
1.715000e+03 1.000000e+00
1.725000e+03 1.000000e+00
1.735000e+03 1.000000e+00
1.745000e+03 1.000000e+00
1.755000e+03 1.000000e+00
1.765000e+03 1.000000e+00
1.775000e+03 1.000000e+00
1.785000e+03 1.000000e+00
1.795000e+03 1.000000e+00
1.805000e+03 1.000000e+00
1.815000e+03 1.000000e+00
1.825000e+03 1.000000e+00
1.835000e+03 1.000000e+00
1.845000e+03 1.000000e+00
1.855000e+03 1.000000e+00
1.865000e+03 1.000000e+00
1.875000e+03 1.000000e+00
1.885000e+03 1.000000e+00
1.895000e+03 1.000000e+00
1.905000e+03 1.000000e+00
1.915000e+03 1.000000e+00
1.925000e+03 1.000000e+00
1.935000e+03 1.000000e+00
1.945000e+03 1.000000e+00
1.955000e+03 1.000000e+00
1.967000e+03 1.000000e+00
1.976000e+03 1.000000e+00
1.984000e+03 1.000000e+00
1.995000e+03 1.000000e+00
2.005000e+03 9.999210e-01
2.015000e+03 9.992895e-01
2.025000e+03 9.980267e-01
2.035000e+03 9.961336e-01
2.045000e+03 9.936113e-01
2.055000e+03 9.904614e-01
2.065000e+03 9.866859e-01
2.074000e+03 9.827551e-01
2.078000e+03 9.808466e-01
2.085000e+03 9.772681e-01
2.095000e+03 9.716318e-01
2.105000e+03 9.653816e-01
2.115000e+03 9.585218e-01
2.125000e+03 9.510565e-01
2.135000e+03 9.429905e-01
2.145000e+03 9.343290e-01
2.155000e+03 9.250772e-01
2.165000e+03 9.152412e-01
2.175000e+03 9.048271e-01
2.185000e+03 8.938414e-01
2.195000e+03 8.822913e-01
2.205000e+03 8.701835e-01
2.215000e+03 8.575264e-01
2.225000e+03 8.443276e-01
2.235000e+03 8.305956e-01
2.245000e+03 8.163390e-01
2.255000e+03 8.015670e-01
2.265000e+03 7.862884e-01
2.275000e+03 7.705133e-01
2.285000e+03 7.542514e-01
2.295000e+03 7.375132e-01
2.305000e+03 7.203091e-01
2.315000e+03 7.026501e-01
2.325000e+03 6.845472e-01
2.335000e+03 6.660120e-01
2.345000e+03 6.470560e-01
2.355000e+03 6.276914e-01
2.365000e+03 6.079304e-01
2.375000e+03 5.877854e-01
2.385000e+03 5.672690e-01
2.395000e+03 5.463945e-01
2.405000e+03 5.251742e-01
2.415000e+03 5.036228e-01
2.425000e+03 4.817533e-01
2.435000e+03 4.595794e-01
2.445000e+03 4.371154e-01
2.455000e+03 4.143751e-01
2.465000e+03 3.913732e-01
2.475000e+03 3.681241e-01
2.485000e+03 3.446425e-01
2.495000e+03 3.209431e-01
2.505000e+03 2.970417e-01
2.513000e+03 2.777843e-01
2.518000e+03 2.656909e-01
2.525000e+03 2.486901e-01
2.535000e+03 2.242709e-01
2.545000e+03 1.997102e-01
2.555000e+03 1.750233e-01
2.565000e+03 1.502257e-01
2.575000e+03 1.253335e-01
2.585000e+03 1.003619e-01
2.595000e+03 7.532698e-02
2.605000e+03 5.024446e-02
2.615000e+03 2.513032e-02
2.625000e+03 1.947072e-07
2.635000e+03 -2.512993e-02
2.645000e+03 -5.024407e-02
2.655000e+03 -7.532659e-02
2.665000e+03 -1.003615e-01
2.675000e+03 -1.253330e-01
2.685000e+03 -1.502254e-01
2.695000e+03 -1.750230e-01
2.705000e+03 -1.997103e-01
2.715000e+03 -2.242711e-01
2.725000e+03 -2.486904e-01
2.735000e+03 -2.729522e-01
2.745000e+03 -2.970420e-01
2.755000e+03 -3.209434e-01
2.765000e+03 -3.446427e-01
2.775000e+03 -3.681243e-01
2.785000e+03 -3.913735e-01
2.795000e+03 -4.143754e-01
2.805000e+03 -4.371154e-01
2.815000e+03 -4.595796e-01
2.825000e+03 -4.817536e-01
2.835000e+03 -5.036230e-01
2.845000e+03 -5.251744e-01
2.855000e+03 -5.463941e-01
2.865000e+03 -5.672688e-01
2.875000e+03 -5.877850e-01
2.885000e+03 -6.079300e-01
2.895000e+03 -6.276912e-01
2.910000e+03 -6.565855e-01
2.930000e+03 -6.936531e-01
2.950000e+03 -7.289685e-01
2.970000e+03 -7.624422e-01
2.990000e+03 -7.939902e-01
3.010000e+03 -8.235325e-01
3.030000e+03 -8.509944e-01
3.050000e+03 -8.763065e-01
3.070000e+03 -8.994051e-01
3.090000e+03 -9.202316e-01
3.110000e+03 -9.387337e-01
3.130000e+03 -9.548643e-01
3.150000e+03 -9.685829e-01
3.170000e+03 -9.798548e-01
3.190000e+03 -9.886516e-01
3.210000e+03 -9.949510e-01
3.230000e+03 -9.987369e-01
3.250000e+03 -1.000000e+00
3.270000e+03 -9.987370e-01
3.290000e+03 -9.949511e-01
3.310000e+03 -9.886518e-01
3.330000e+03 -9.798551e-01
3.350000e+03 -9.685833e-01
3.370000e+03 -9.548647e-01
3.390000e+03 -9.387342e-01
3.410000e+03 -9.202321e-01
3.430000e+03 -8.994054e-01
3.450000e+03 -8.763070e-01
3.470000e+03 -8.509946e-01
3.490000e+03 -8.235328e-01
3.510000e+03 -7.939907e-01
3.530000e+03 -7.624428e-01
3.550000e+03 -7.289690e-01
3.570000e+03 -6.936536e-01
3.590000e+03 -6.565861e-01
3.610000e+03 -6.178603e-01
3.630000e+03 -5.775739e-01
3.640000e+03 -5.568765e-01
3.650000e+03 -5.358278e-01
3.670000e+03 -4.927281e-01
3.690000e+03 -4.483841e-01
3.710000e+03 -4.029071e-01
3.730000e+03 -3.564123e-01
3.750000e+03 -3.090176e-01
3.770000e+03 -2.608422e-01
3.790000e+03 -2.120076e-01
3.810000e+03 -1.626373e-01
3.830000e+03 -1.128572e-01
3.850000e+03 -6.279101e-02
3.870000e+03 -1.256670e-02
3.890000e+03 3.768888e-02
3.910000e+03 8.785067e-02
3.930000e+03 1.377896e-01
3.950000e+03 1.873809e-01
3.970000e+03 2.364980e-01
3.990000e+03 2.850186e-01
4.010000e+03 3.328196e-01
4.030000e+03 3.797790e-01
4.050000e+03 4.257795e-01
4.070000e+03 4.707040e-01
4.090000e+03 5.144394e-01
4.110000e+03 5.568749e-01
4.130000e+03 5.979042e-01
4.150000e+03 6.374235e-01
4.170000e+03 6.753325e-01
4.190000e+03 7.115350e-01
4.210000e+03 7.459407e-01
4.230000e+03 7.784621e-01
4.250000e+03 8.090166e-01
4.270000e+03 8.375276e-01
4.290000e+03 8.639230e-01
4.310000e+03 8.881366e-01
4.330000e+03 9.101062e-01
4.350000e+03 9.297767e-01
4.370000e+03 9.470984e-01
4.390000e+03 9.620278e-01
4.410000e+03 9.745270e-01
4.430000e+03 9.845644e-01
4.450000e+03 9.921147e-01
4.470000e+03 9.971589e-01
4.490000e+03 9.996842e-01
4.510000e+03 9.996842e-01
4.530000e+03 9.971589e-01
4.550000e+03 9.921148e-01
4.570000e+03 9.845645e-01
4.590000e+03 9.745270e-01
4.610000e+03 9.620279e-01
4.630000e+03 9.470986e-01
4.650000e+03 9.297767e-01
4.670000e+03 9.101061e-01
4.690000e+03 8.881369e-01
4.710000e+03 8.639240e-01
4.730000e+03 8.375285e-01
4.750000e+03 8.090173e-01
4.770000e+03 7.784627e-01
4.790000e+03 7.459421e-01
4.810000e+03 7.115354e-01
4.830000e+03 6.753323e-01
4.850000e+03 6.374239e-01
4.870000e+03 5.979047e-01
4.890000e+03 5.568755e-01
4.910000e+03 5.144391e-01
4.930000e+03 4.707032e-01
4.950000e+03 4.257791e-01
4.970000e+03 3.797791e-01
4.990000e+03 3.328193e-01
5.010000e+03 2.850205e-01
5.030000e+03 2.365000e-01
5.050000e+03 1.873820e-01
5.070000e+03 1.377911e-01
5.090000e+03 8.785175e-02
5.110000e+03 3.769138e-02
5.130000e+03 -1.256514e-02
5.150000e+03 -6.278946e-02
5.170000e+03 -1.128556e-01
5.190000e+03 -1.626363e-01
5.210000e+03 -2.120060e-01
5.230000e+03 -2.608403e-01
5.250000e+03 -3.090156e-01
5.270000e+03 -3.564113e-01
5.290000e+03 -4.029057e-01
5.310000e+03 -4.483832e-01
5.330000e+03 -4.927280e-01
5.350000e+03 -5.358273e-01
5.370000e+03 -5.775722e-01
5.390000e+03 -6.178598e-01
5.410000e+03 -6.565858e-01
5.430000e+03 -6.936532e-01
5.450000e+03 -7.289691e-01
5.470000e+03 -7.624428e-01
5.490000e+03 -7.939906e-01
5.510000e+03 -8.235322e-01
5.530000e+03 -8.509940e-01
5.550000e+03 -8.763061e-01
5.570000e+03 -8.994047e-01
5.590000e+03 -9.202316e-01
5.610000e+03 -9.387336e-01
5.630000e+03 -9.548640e-01
5.650000e+03 -9.685829e-01
5.670000e+03 -9.798548e-01
5.690000e+03 -9.886515e-01
5.710000e+03 -9.949510e-01
5.730000e+03 -9.987369e-01
5.750000e+03 -1.000000e+00
5.770000e+03 -9.987370e-01
5.790000e+03 -9.949511e-01
5.810000e+03 -9.886518e-01
5.830000e+03 -9.798550e-01
5.850000e+03 -9.685831e-01
5.870000e+03 -9.548646e-01
5.890000e+03 -9.387336e-01
5.910000e+03 -9.202320e-01
5.930000e+03 -8.994055e-01
5.950000e+03 -8.763066e-01
5.970000e+03 -8.509945e-01
5.990000e+03 -8.235326e-01
6.010000e+03 -7.939911e-01
6.030000e+03 -7.624434e-01
6.050000e+03 -7.289697e-01
6.070000e+03 -6.936545e-01
6.090000e+03 -6.565865e-01
6.110000e+03 -6.178605e-01
6.130000e+03 -5.775738e-01
6.150000e+03 -5.358281e-01
6.170000e+03 -4.927288e-01
6.190000e+03 -4.483849e-01
6.210000e+03 -4.029074e-01
6.230000e+03 -3.564130e-01
6.250000e+03 -3.090183e-01
6.270000e+03 -2.608430e-01
6.290000e+03 -2.120088e-01
6.310000e+03 -1.626371e-01
6.330000e+03 -1.128565e-01
6.350000e+03 -6.279083e-02
6.370000e+03 -1.256653e-02
6.390000e+03 3.769048e-02
6.410000e+03 8.785132e-02
6.430000e+03 1.377902e-01
6.450000e+03 1.873811e-01
6.470000e+03 2.364986e-01
6.490000e+03 2.850196e-01
6.510000e+03 3.328180e-01
6.530000e+03 3.797783e-01
6.550000e+03 4.257783e-01
6.570000e+03 4.707020e-01
6.590000e+03 5.144383e-01
6.610000e+03 5.568743e-01
6.630000e+03 5.979036e-01
6.650000e+03 6.374233e-01
6.670000e+03 6.753320e-01
6.690000e+03 7.115347e-01
6.710000e+03 7.459401e-01
6.730000e+03 7.784613e-01
6.750000e+03 8.090165e-01
6.770000e+03 8.375275e-01
6.790000e+03 8.639224e-01
6.810000e+03 8.881363e-01
6.830000e+03 9.101061e-01
6.850000e+03 9.297762e-01
6.870000e+03 9.470983e-01
6.890000e+03 9.620276e-01
6.910000e+03 9.745268e-01
6.930000e+03 9.845642e-01
6.950000e+03 9.921146e-01
6.970000e+03 9.971588e-01
6.990000e+03 9.996842e-01
7.010000e+03 9.996842e-01
7.030000e+03 9.971590e-01
7.050000e+03 9.921149e-01
7.070000e+03 9.845646e-01
7.090000e+03 9.745271e-01
7.110000e+03 9.620282e-01
7.130000e+03 9.470990e-01
7.150000e+03 9.297770e-01
7.170000e+03 9.101066e-01
7.190000e+03 8.881372e-01
7.210000e+03 8.639244e-01
7.230000e+03 8.375292e-01
7.250000e+03 8.090178e-01
7.270000e+03 7.784632e-01
7.290000e+03 7.459422e-01
7.310000e+03 7.115356e-01
7.330000e+03 6.753336e-01
7.350000e+03 6.374249e-01
7.370000e+03 5.979053e-01
7.390000e+03 5.568761e-01
7.410000e+03 5.144402e-01
7.430000e+03 4.707039e-01
7.450000e+03 4.257794e-01
7.470000e+03 3.797794e-01
7.490000e+03 3.328191e-01
7.510000e+03 2.850208e-01
7.530000e+03 2.364998e-01
7.550000e+03 1.873823e-01
7.570000e+03 1.377924e-01
7.590000e+03 8.785348e-02
7.610000e+03 3.769264e-02
7.630000e+03 -1.256436e-02
7.650000e+03 -6.278868e-02
7.670000e+03 -1.128544e-01
7.690000e+03 -1.626360e-01
7.710000e+03 -2.120057e-01
7.730000e+03 -2.608400e-01
7.750000e+03 -3.090163e-01
7.770000e+03 -3.564110e-01
7.790000e+03 -4.029045e-01
7.810000e+03 -4.483829e-01
7.830000e+03 -4.927269e-01
7.850000e+03 -5.358262e-01
7.870000e+03 -5.775728e-01
7.890000e+03 -6.178595e-01
7.910000e+03 -6.565856e-01
7.930000e+03 -6.936537e-01
7.950000e+03 -7.289675e-01
7.970000e+03 -7.624420e-01
7.990000e+03 -7.939898e-01
8.010000e+03 -8.235314e-01
8.030000e+03 -8.509933e-01
8.050000e+03 -8.763055e-01
8.070000e+03 -8.994037e-01
8.090000e+03 -9.202312e-01
8.110000e+03 -9.387338e-01
8.130000e+03 -9.548642e-01
8.150000e+03 -9.685830e-01
8.170000e+03 -9.798548e-01
8.190000e+03 -9.886516e-01
8.210000e+03 -9.949507e-01
8.230000e+03 -9.987369e-01
8.250000e+03 -1.000000e+00
8.269999e+03 -9.987371e-01
8.290000e+03 -9.949512e-01
8.310000e+03 -9.886520e-01
8.330000e+03 -9.798554e-01
8.350000e+03 -9.685837e-01
8.370000e+03 -9.548652e-01
8.390000e+03 -9.387344e-01
8.410000e+03 -9.202329e-01
8.429998e+03 -8.994085e-01
8.450000e+03 -8.763081e-01
8.469998e+03 -8.509986e-01
8.490000e+03 -8.235334e-01
8.510000e+03 -7.939919e-01
8.530000e+03 -7.624436e-01
8.550000e+03 -7.289693e-01
8.570000e+03 -6.936548e-01
8.590000e+03 -6.565867e-01
8.610002e+03 -6.178570e-01
8.630000e+03 -5.775756e-01
8.650002e+03 -5.358242e-01
8.670000e+03 -4.927290e-01
8.690002e+03 -4.483809e-01
8.710000e+03 -4.029085e-01
8.730000e+03 -3.564133e-01
8.750000e+03 -3.090195e-01
8.769999e+03 -2.608470e-01
8.790000e+03 -2.120081e-01
8.810000e+03 -1.626393e-01
8.830000e+03 -1.128597e-01
8.850000e+03 -6.279304e-02
8.870000e+03 -1.256778e-02
8.890000e+03 3.768732e-02
8.910000e+03 8.784913e-02
8.929998e+03 1.377833e-01
8.950000e+03 1.873789e-01
8.969998e+03 2.364918e-01
8.990000e+03 2.850184e-01
9.010000e+03 3.328177e-01
9.030000e+03 3.797780e-01
9.050000e+03 4.257772e-01
9.070000e+03 4.707009e-01
9.090000e+03 5.144373e-01
9.110002e+03 5.568772e-01
9.130000e+03 5.979026e-01
9.150002e+03 6.374252e-01
9.170000e+03 6.753318e-01
9.190002e+03 7.115379e-01
9.210000e+03 7.459400e-01
9.230000e+03 7.784617e-01
9.250000e+03 8.090158e-01
9.269999e+03 8.375252e-01
9.290000e+03 8.639222e-01
9.310000e+03 8.881357e-01
9.330000e+03 9.101048e-01
9.350000e+03 9.297758e-01
9.370000e+03 9.470979e-01
9.390000e+03 9.620270e-01
9.410000e+03 9.745265e-01
9.429998e+03 9.845629e-01
9.450000e+03 9.921145e-01
9.469998e+03 9.971584e-01
9.490000e+03 9.996842e-01
9.510000e+03 9.996843e-01
9.530000e+03 9.971591e-01
9.550000e+03 9.921149e-01
9.570000e+03 9.845648e-01
9.590000e+03 9.745274e-01
9.610002e+03 9.620270e-01
9.630000e+03 9.470991e-01
9.650002e+03 9.297757e-01
9.670000e+03 9.101071e-01
9.690002e+03 8.881348e-01
9.710000e+03 8.639250e-01
9.730000e+03 8.375294e-01
9.750000e+03 8.090190e-01
9.769999e+03 7.784652e-01
9.790000e+03 7.459424e-01
9.810000e+03 7.115378e-01
9.830000e+03 6.753345e-01
9.850000e+03 6.374251e-01
9.870000e+03 5.979071e-01
9.890000e+03 5.568787e-01
9.910000e+03 5.144421e-01
9.929998e+03 4.707109e-01
9.950000e+03 4.257823e-01
9.969998e+03 3.797850e-01
9.990000e+03 3.328212e-01
1.002500e+04 2.486949e-01
1.007500e+04 1.253383e-01
1.012500e+04 5.034588e-06
1.017500e+04 -1.253283e-01
1.022500e+04 -2.486851e-01
1.027500e+04 -3.681200e-01
1.032500e+04 -4.817494e-01
1.037500e+04 -5.877814e-01
1.042500e+04 -6.845437e-01
1.047500e+04 -7.705103e-01
1.052500e+04 -8.443244e-01
1.057500e+04 -9.048251e-01
1.062500e+04 -9.510551e-01
1.067500e+04 -9.822864e-01
1.072500e+04 -9.980265e-01
1.077500e+04 -9.980269e-01
1.082500e+04 -9.822881e-01
1.087500e+04 -9.510573e-01
1.092500e+04 -9.048280e-01
1.097500e+04 -8.443291e-01
1.102500e+04 -7.705147e-01
1.107500e+04 -6.845500e-01
1.112500e+04 -5.877870e-01
1.117500e+04 -4.817588e-01
1.122500e+04 -3.681300e-01
1.127500e+04 -2.486955e-01
1.132500e+04 -1.253370e-01
1.137500e+04 -5.662422e-06
1.142500e+04 1.253277e-01
1.147500e+04 2.486845e-01
1.152500e+04 3.681194e-01
1.157500e+04 4.817489e-01
1.162500e+04 5.877809e-01
1.167500e+04 6.845432e-01
1.172500e+04 7.705111e-01
1.177500e+04 8.443261e-01
1.182500e+04 9.048256e-01
1.187500e+04 9.510555e-01
1.192500e+04 9.822866e-01
1.197500e+04 9.980265e-01
1.202500e+04 1.000000e+00
1.207500e+04 1.000000e+00
1.212500e+04 1.000000e+00
1.217500e+04 1.000000e+00
1.222500e+04 1.000000e+00
1.227500e+04 1.000000e+00
1.232500e+04 1.000000e+00
1.237500e+04 1.000000e+00
1.242500e+04 1.000000e+00
1.247500e+04 1.000000e+00
1.252500e+04 1.000000e+00
1.257500e+04 1.000000e+00
1.262500e+04 1.000000e+00
1.267500e+04 1.000000e+00
1.272500e+04 1.000000e+00
1.277500e+04 1.000000e+00
1.282500e+04 1.000000e+00
1.287500e+04 1.000000e+00
1.292500e+04 1.000000e+00
1.297500e+04 1.000000e+00
1.302500e+04 1.000000e+00
1.307500e+04 1.000000e+00
1.312500e+04 1.000000e+00
1.317500e+04 1.000000e+00
1.322500e+04 1.000000e+00
1.327500e+04 1.000000e+00
1.332500e+04 1.000000e+00
1.337500e+04 1.000000e+00
1.342500e+04 1.000000e+00
1.347500e+04 1.000000e+00
1.352500e+04 1.000000e+00
1.357500e+04 1.000000e+00
1.362500e+04 1.000000e+00
1.367500e+04 1.000000e+00
1.372500e+04 1.000000e+00
1.377500e+04 1.000000e+00
1.382500e+04 1.000000e+00
1.387500e+04 1.000000e+00
1.392500e+04 1.000000e+00
1.397500e+04 1.000000e+00
1.402500e+04 1.000000e+00
1.407500e+04 1.000000e+00
1.412500e+04 1.000000e+00
1.417500e+04 1.000000e+00
1.422500e+04 1.000000e+00
1.427500e+04 1.000000e+00
1.432500e+04 1.000000e+00
1.437500e+04 1.000000e+00
1.442500e+04 1.000000e+00
1.447500e+04 1.000000e+00
1.452500e+04 1.000000e+00
1.457000e+04 1.000000e+00
1.462000e+04 1.000000e+00
1.467500e+04 1.000000e+00
1.472500e+04 1.000000e+00
1.477500e+04 1.000000e+00
1.482500e+04 1.000000e+00
1.487500e+04 1.000000e+00
1.492500e+04 1.000000e+00
1.497500e+04 1.000000e+00
1.502500e+04 1.000000e+00
1.507500e+04 1.000000e+00
1.512500e+04 1.000000e+00
1.517500e+04 1.000000e+00
1.522500e+04 1.000000e+00
1.527500e+04 1.000000e+00
1.532500e+04 1.000000e+00
1.537500e+04 1.000000e+00
1.542500e+04 1.000000e+00
1.547500e+04 1.000000e+00
1.552500e+04 1.000000e+00
1.557500e+04 1.000000e+00
1.562500e+04 1.000000e+00
1.567500e+04 1.000000e+00
1.572500e+04 1.000000e+00
1.577500e+04 1.000000e+00
1.582500e+04 1.000000e+00
1.587500e+04 1.000000e+00
1.592500e+04 1.000000e+00
1.597500e+04 1.000000e+00
1.605000e+04 1.000000e+00
1.615000e+04 1.000000e+00
1.625000e+04 1.000000e+00
1.635000e+04 1.000000e+00
1.645000e+04 1.000000e+00
1.655000e+04 1.000000e+00
1.665000e+04 1.000000e+00
1.675000e+04 1.000000e+00
1.685000e+04 1.000000e+00
1.695000e+04 1.000000e+00
1.705000e+04 1.000000e+00
1.715000e+04 1.000000e+00
1.725000e+04 1.000000e+00
1.735000e+04 1.000000e+00
1.745000e+04 1.000000e+00
1.755000e+04 1.000000e+00
1.765000e+04 1.000000e+00
1.775000e+04 1.000000e+00
1.785000e+04 1.000000e+00
1.795000e+04 1.000000e+00
1.805000e+04 1.000000e+00
1.815000e+04 1.000000e+00
1.825000e+04 1.000000e+00
1.835000e+04 1.000000e+00
1.845000e+04 1.000000e+00
1.855000e+04 1.000000e+00
1.865000e+04 1.000000e+00
1.875000e+04 1.000000e+00
1.885000e+04 1.000000e+00
1.895000e+04 1.000000e+00
1.905000e+04 1.000000e+00
1.915000e+04 1.000000e+00
1.925000e+04 1.000000e+00
1.935000e+04 1.000000e+00
1.945000e+04 1.000000e+00
1.955000e+04 1.000000e+00
1.965000e+04 1.000000e+00
1.975000e+04 1.000000e+00
1.985000e+04 1.000000e+00
1.995000e+04 1.000000e+00
2.005000e+04 1.000000e+00
2.015000e+04 1.000000e+00
2.025000e+04 1.000000e+00
2.035000e+04 1.000000e+00
2.045000e+04 1.000000e+00
2.055000e+04 1.000000e+00
2.065000e+04 1.000000e+00
2.075000e+04 1.000000e+00
2.085000e+04 1.000000e+00
2.095000e+04 1.000000e+00
2.105000e+04 1.000000e+00
2.115000e+04 1.000000e+00
2.125000e+04 1.000000e+00
2.135000e+04 1.000000e+00
2.145000e+04 1.000000e+00
2.155000e+04 1.000000e+00
2.165000e+04 1.000000e+00
2.175000e+04 1.000000e+00
2.185000e+04 1.000000e+00
2.195000e+04 1.000000e+00
2.205000e+04 1.000000e+00
2.215000e+04 1.000000e+00
2.225000e+04 1.000000e+00
2.235000e+04 1.000000e+00
2.245000e+04 1.000000e+00
2.255000e+04 1.000000e+00
2.265000e+04 1.000000e+00
2.275000e+04 1.000000e+00
2.285000e+04 1.000000e+00
2.295000e+04 1.000000e+00
2.305000e+04 1.000000e+00
2.315000e+04 1.000000e+00
2.325000e+04 1.000000e+00
2.335000e+04 1.000000e+00
2.345000e+04 1.000000e+00
2.355000e+04 1.000000e+00
2.365000e+04 1.000000e+00
2.375000e+04 1.000000e+00
2.385000e+04 1.000000e+00
2.395000e+04 1.000000e+00
2.405000e+04 1.000000e+00
2.415000e+04 1.000000e+00
2.425000e+04 1.000000e+00
2.435000e+04 1.000000e+00
2.445000e+04 1.000000e+00
2.455000e+04 1.000000e+00
2.465000e+04 1.000000e+00
2.475000e+04 1.000000e+00
2.485000e+04 1.000000e+00
2.495000e+04 1.000000e+00
2.505000e+04 1.000000e+00
2.515000e+04 1.000000e+00
2.525000e+04 1.000000e+00
2.535000e+04 1.000000e+00
2.545000e+04 1.000000e+00
2.555000e+04 1.000000e+00
2.565000e+04 1.000000e+00
2.575000e+04 1.000000e+00
2.585000e+04 1.000000e+00
2.595000e+04 1.000000e+00
2.605000e+04 1.000000e+00
2.615000e+04 1.000000e+00
2.625000e+04 1.000000e+00
2.635000e+04 1.000000e+00
2.645000e+04 1.000000e+00
2.655000e+04 1.000000e+00
2.665000e+04 1.000000e+00
2.675000e+04 1.000000e+00
2.685000e+04 1.000000e+00
2.695000e+04 1.000000e+00
2.705000e+04 1.000000e+00
2.715000e+04 1.000000e+00
2.725000e+04 1.000000e+00
2.735000e+04 1.000000e+00
2.745000e+04 1.000000e+00
2.755000e+04 1.000000e+00
2.765000e+04 1.000000e+00
2.775000e+04 1.000000e+00
2.785000e+04 1.000000e+00
2.795000e+04 1.000000e+00
2.805000e+04 1.000000e+00
2.815000e+04 1.000000e+00
2.825000e+04 1.000000e+00
2.835000e+04 1.000000e+00
2.845000e+04 1.000000e+00
2.855000e+04 1.000000e+00
2.865000e+04 1.000000e+00
2.875000e+04 1.000000e+00
2.885000e+04 1.000000e+00
2.895000e+04 1.000000e+00
2.905000e+04 1.000000e+00
2.915000e+04 1.000000e+00
2.925000e+04 1.000000e+00
2.935000e+04 1.000000e+00
2.945000e+04 1.000000e+00
2.955000e+04 1.000000e+00
2.965000e+04 1.000000e+00
2.975000e+04 1.000000e+00
2.985000e+04 1.000000e+00
2.995000e+04 1.000000e+00
3.005000e+04 1.000000e+00
3.015000e+04 1.000000e+00
3.025000e+04 1.000000e+00
3.035000e+04 1.000000e+00
3.045000e+04 1.000000e+00
3.055000e+04 1.000000e+00
3.065000e+04 1.000000e+00
3.075000e+04 1.000000e+00
3.085000e+04 1.000000e+00
3.095000e+04 1.000000e+00
3.105000e+04 1.000000e+00
3.115000e+04 1.000000e+00
3.125000e+04 1.000000e+00
3.135000e+04 1.000000e+00
3.145000e+04 1.000000e+00
3.155000e+04 1.000000e+00
3.165000e+04 1.000000e+00
3.175000e+04 1.000000e+00
3.185000e+04 1.000000e+00
3.195000e+04 1.000000e+00
3.210000e+04 1.000000e+00
3.230000e+04 1.000000e+00
3.250000e+04 1.000000e+00
3.270000e+04 1.000000e+00
3.290000e+04 1.000000e+00
3.310000e+04 1.000000e+00
3.330000e+04 1.000000e+00
3.350000e+04 1.000000e+00
3.370000e+04 1.000000e+00
3.390000e+04 1.000000e+00
3.410000e+04 1.000000e+00
3.430000e+04 1.000000e+00
3.450000e+04 1.000000e+00
3.470000e+04 1.000000e+00
3.490000e+04 1.000000e+00
3.510000e+04 1.000000e+00
3.530000e+04 1.000000e+00
3.550000e+04 1.000000e+00
3.570000e+04 1.000000e+00
3.590000e+04 1.000000e+00
3.610000e+04 1.000000e+00
3.630000e+04 1.000000e+00
3.650000e+04 1.000000e+00
3.670000e+04 1.000000e+00
3.690000e+04 1.000000e+00
3.710000e+04 1.000000e+00
3.730000e+04 1.000000e+00
3.750000e+04 1.000000e+00
3.770000e+04 1.000000e+00
3.790000e+04 1.000000e+00
3.810000e+04 1.000000e+00
3.830000e+04 1.000000e+00
3.850000e+04 1.000000e+00
3.870000e+04 1.000000e+00
3.890000e+04 1.000000e+00
3.910000e+04 1.000000e+00
3.930000e+04 1.000000e+00
3.950000e+04 1.000000e+00
3.970000e+04 1.000000e+00
3.990000e+04 1.000000e+00
4.010000e+04 1.000000e+00
4.030000e+04 1.000000e+00
4.050000e+04 1.000000e+00
4.070000e+04 1.000000e+00
4.090000e+04 1.000000e+00
4.110000e+04 1.000000e+00
4.130000e+04 1.000000e+00
4.150000e+04 1.000000e+00
4.170000e+04 1.000000e+00
4.190000e+04 1.000000e+00
4.210000e+04 1.000000e+00
4.230000e+04 1.000000e+00
4.250000e+04 1.000000e+00
4.270000e+04 1.000000e+00
4.290000e+04 1.000000e+00
4.310000e+04 1.000000e+00
4.330000e+04 1.000000e+00
4.350000e+04 1.000000e+00
4.370000e+04 1.000000e+00
4.390000e+04 1.000000e+00
4.410000e+04 1.000000e+00
4.430000e+04 1.000000e+00
4.450000e+04 1.000000e+00
4.470000e+04 1.000000e+00
4.490000e+04 1.000000e+00
4.510000e+04 1.000000e+00
4.530000e+04 1.000000e+00
4.550000e+04 1.000000e+00
4.570000e+04 1.000000e+00
4.590000e+04 1.000000e+00
4.610000e+04 1.000000e+00
4.630000e+04 1.000000e+00
4.650000e+04 1.000000e+00
4.670000e+04 1.000000e+00
4.690000e+04 1.000000e+00
4.710000e+04 1.000000e+00
4.730000e+04 1.000000e+00
4.750000e+04 1.000000e+00
4.770000e+04 1.000000e+00
4.790000e+04 1.000000e+00
4.810000e+04 1.000000e+00
4.830000e+04 1.000000e+00
4.850000e+04 1.000000e+00
4.870000e+04 1.000000e+00
4.890000e+04 1.000000e+00
4.910000e+04 1.000000e+00
4.930000e+04 1.000000e+00
4.950000e+04 1.000000e+00
4.970000e+04 1.000000e+00
4.990000e+04 1.000000e+00
5.010000e+04 1.000000e+00
5.030000e+04 1.000000e+00
5.050000e+04 1.000000e+00
5.070000e+04 1.000000e+00
5.090000e+04 1.000000e+00
5.110000e+04 1.000000e+00
5.130000e+04 1.000000e+00
5.150000e+04 1.000000e+00
5.170000e+04 1.000000e+00
5.190000e+04 1.000000e+00
5.210000e+04 1.000000e+00
5.230000e+04 1.000000e+00
5.250000e+04 1.000000e+00
5.270000e+04 1.000000e+00
5.290000e+04 1.000000e+00
5.310000e+04 1.000000e+00
5.330000e+04 1.000000e+00
5.350000e+04 1.000000e+00
5.370000e+04 1.000000e+00
5.390000e+04 1.000000e+00
5.410000e+04 1.000000e+00
5.430000e+04 1.000000e+00
5.450000e+04 1.000000e+00
5.470000e+04 1.000000e+00
5.490000e+04 1.000000e+00
5.510000e+04 1.000000e+00
5.530000e+04 1.000000e+00
5.550000e+04 1.000000e+00
5.570000e+04 1.000000e+00
5.590000e+04 1.000000e+00
5.610000e+04 1.000000e+00
5.630000e+04 1.000000e+00
5.650000e+04 1.000000e+00
5.670000e+04 1.000000e+00
5.690000e+04 1.000000e+00
5.710000e+04 1.000000e+00
5.730000e+04 1.000000e+00
5.750000e+04 1.000000e+00
5.770000e+04 1.000000e+00
5.790000e+04 1.000000e+00
5.810000e+04 1.000000e+00
5.830000e+04 1.000000e+00
5.850000e+04 1.000000e+00
5.870000e+04 1.000000e+00
5.890000e+04 1.000000e+00
5.910000e+04 1.000000e+00
5.930000e+04 1.000000e+00
5.950000e+04 1.000000e+00
5.970000e+04 1.000000e+00
5.990000e+04 1.000000e+00
6.010000e+04 1.000000e+00
6.030000e+04 1.000000e+00
6.050000e+04 1.000000e+00
6.070000e+04 1.000000e+00
6.090000e+04 1.000000e+00
6.110000e+04 1.000000e+00
6.130000e+04 1.000000e+00
6.150000e+04 1.000000e+00
6.170000e+04 1.000000e+00
6.190000e+04 1.000000e+00
6.210000e+04 1.000000e+00
6.230000e+04 1.000000e+00
6.250000e+04 1.000000e+00
6.270000e+04 1.000000e+00
6.290000e+04 1.000000e+00
6.310000e+04 1.000000e+00
6.330000e+04 1.000000e+00
6.350000e+04 1.000000e+00
6.370000e+04 1.000000e+00
6.390000e+04 1.000000e+00
6.420000e+04 1.000000e+00
6.460000e+04 1.000000e+00
6.500000e+04 1.000000e+00
6.540000e+04 1.000000e+00
6.580000e+04 1.000000e+00
6.620000e+04 1.000000e+00
6.660000e+04 1.000000e+00
6.700000e+04 1.000000e+00
6.740000e+04 1.000000e+00
6.780000e+04 1.000000e+00
6.820000e+04 1.000000e+00
6.860000e+04 1.000000e+00
6.900000e+04 1.000000e+00
6.940000e+04 1.000000e+00
6.980000e+04 1.000000e+00
7.020000e+04 1.000000e+00
7.060000e+04 1.000000e+00
7.100000e+04 1.000000e+00
7.140000e+04 1.000000e+00
7.180000e+04 1.000000e+00
7.220000e+04 1.000000e+00
7.260000e+04 1.000000e+00
7.300000e+04 1.000000e+00
7.340000e+04 1.000000e+00
7.380000e+04 1.000000e+00
7.420000e+04 1.000000e+00
7.460000e+04 1.000000e+00
7.500000e+04 1.000000e+00
7.540000e+04 1.000000e+00
7.580000e+04 1.000000e+00
7.620000e+04 1.000000e+00
7.660000e+04 1.000000e+00
7.700000e+04 1.000000e+00
7.740000e+04 1.000000e+00
7.780000e+04 1.000000e+00
7.820000e+04 1.000000e+00
7.860000e+04 1.000000e+00
7.900000e+04 1.000000e+00
7.940000e+04 1.000000e+00
7.980000e+04 1.000000e+00
8.020002e+04 1.000000e+00
8.060002e+04 1.000000e+00
8.100000e+04 1.000000e+00
8.140000e+04 1.000000e+00
8.180000e+04 1.000000e+00
8.220000e+04 1.000000e+00
8.260000e+04 1.000000e+00
8.300000e+04 1.000000e+00
8.340000e+04 1.000000e+00
8.380000e+04 1.000000e+00
8.420000e+04 1.000000e+00
8.460000e+04 1.000000e+00
8.500000e+04 1.000000e+00
8.540000e+04 1.000000e+00
8.580000e+04 1.000000e+00
8.620002e+04 1.000000e+00
8.660002e+04 1.000000e+00
8.700000e+04 1.000000e+00
8.740000e+04 1.000000e+00
8.780000e+04 1.000000e+00
8.820002e+04 1.000000e+00
8.860002e+04 1.000000e+00
8.900000e+04 1.000000e+00
8.939998e+04 1.000000e+00
8.979998e+04 1.000000e+00
9.020002e+04 1.000000e+00
9.060002e+04 1.000000e+00
9.100000e+04 1.000000e+00
9.140000e+04 1.000000e+00
9.180000e+04 1.000000e+00
9.220000e+04 1.000000e+00
9.260000e+04 1.000000e+00
9.300000e+04 1.000000e+00
9.340000e+04 1.000000e+00
9.380000e+04 1.000000e+00
9.420000e+04 1.000000e+00
9.460000e+04 1.000000e+00
9.500000e+04 1.000000e+00
9.540000e+04 1.000000e+00
9.580000e+04 1.000000e+00
9.620002e+04 1.000000e+00
9.660002e+04 1.000000e+00
9.700000e+04 1.000000e+00
9.740000e+04 1.000000e+00
9.780000e+04 1.000000e+00
9.820002e+04 1.000000e+00
9.860002e+04 1.000000e+00
9.900000e+04 1.000000e+00
9.939998e+04 1.000000e+00
9.979998e+04 1.000000e+00
1.002000e+05 1.000000e+00
2.000000e+05 1.000000e+00
4.000000e+05 1.000000e+00
6.000000e+05 1.000000e+00
8.000000e+05 1.000000e+00
1.000000e+06 1.000000e+00
1.200000e+06 1.000000e+00
1.400000e+06 1.000000e+00
1.600000e+06 1.000000e+00
