       106.65000   2.2354177e-11
       119.95000   6.9663267e-11
       133.25000   1.6528973e-10
       146.55000   3.2482845e-10
       159.85000   5.5453246e-10
       173.15000   8.5155793e-10
       186.45000   1.2063324e-09
       199.75000   1.6034257e-09
       213.05000   2.0260349e-09
       226.35000   2.4576377e-09
       239.65000   2.1442007e-08
       252.95000   2.0467785e-08
       266.25000   1.9704302e-08
       279.55000   1.8614679e-08
       292.85000   1.7827626e-08
       306.15000   1.6744375e-08
       319.45000   1.5761183e-08
       332.75000   1.4866514e-08
       346.05000   1.3954739e-08
       359.35000   1.3516167e-08
       372.65000   1.3116635e-08
       385.95000   1.2137778e-08
       399.25000   1.2123677e-08
       412.55000   1.1697764e-08
       425.85000   1.0869260e-08
       439.15000   1.0521995e-08
       452.45000   1.0019863e-08
       465.75000   9.3391808e-09
       479.05000   9.0744992e-09
       492.35000   8.4877599e-09
       505.65000   8.0711253e-09
       518.95000   8.3724940e-09
       532.25000   7.7123792e-09
       545.55000   6.9923992e-09
       558.85000   7.0638039e-09
       572.15000   7.0709706e-09
       585.45000   6.7585890e-09
       598.75000   6.1776532e-09
       612.05000   5.8434248e-09
       625.35000   5.8743302e-09
       638.65000   5.7735648e-09
       651.95000   5.4438456e-09
       665.25000   5.3431470e-09
       678.55000   5.1172130e-09
       691.85000   4.9171951e-09
       705.15000   4.4392032e-09
       718.45000   4.6877531e-09
       731.75000   4.5404959e-09
       745.05000   4.3062521e-09
       758.35000   4.0617403e-09
       771.65000   3.9173708e-09
       784.95000   3.6676125e-09
       798.25000   3.6994550e-09
       811.55000   3.6189639e-09
       824.85000   3.5213989e-09
       838.15000   3.1695820e-09
       851.45000   3.2449638e-09
       864.75000   3.1864523e-09
       878.05000   3.0939928e-09
       891.35000   2.9976787e-09
       904.65000   2.8730013e-09
       917.95000   3.7378226e-09
       931.25000   5.7129576e-09
       944.55000   7.4754274e-09
       957.85000   8.3078253e-09
       971.15000   6.0318113e-09
       984.45000   6.5873136e-09
       997.75000   6.8020334e-09
       1011.0500   7.6850428e-09
       1024.3500   6.2167540e-09
       1037.6500   7.3114587e-09
       1050.9500   8.3025152e-09
       1064.2500   7.1028309e-09
       1077.5500   7.2433447e-09
       1090.8500   7.1045905e-09
       1104.1500   7.0928303e-09
       1117.4500   6.6351492e-09
       1130.7500   6.5396396e-09
       1144.0500   6.6104524e-09
       1157.3500   6.4587761e-09
       1170.6500   5.3100262e-09
       1183.9500   5.8165846e-09
       1197.2500   5.1205773e-09
       1210.5500   4.2799125e-09
       1223.8500   5.0462147e-09
       1237.1500   5.7576907e-09
       1250.4500   9.2949170e-08
       1263.7500   9.1545314e-08
       1277.0500   9.9328728e-08
       1290.3500   9.3909608e-08
       1303.6500   8.9541131e-08
       1316.9500   9.9874849e-08
       1330.2500   9.3681266e-08
       1343.5500   9.7393987e-08
       1356.8500   9.5444084e-08
       1370.1500   9.0249810e-08
       1383.4500   8.9515593e-08
       1396.7500   6.9482795e-08
       1410.0500   7.6498668e-08
       1423.3500   8.2756403e-08
       1436.6500   8.5283474e-08
       1449.9500   8.4690081e-08
       1463.2500   7.9594471e-08
       1476.5500   7.9599911e-08
       1489.8500   7.9397182e-08
       1503.1500   7.5725359e-08
       1516.4500   7.1223157e-08
       1529.7500   6.7043213e-08
       1543.0500   5.8466889e-08
       1556.3500   5.7878417e-08
       1569.6500   6.3698378e-08
       1582.9500   6.6090952e-08
       1596.2500   6.5918277e-08
       1609.5500   6.4193555e-08
       1622.8500   6.2493896e-08
       1636.1500   6.4479818e-08
       1649.4500   6.3369014e-08
       1662.7500   6.3581548e-08
       1676.0500   6.4034999e-08
       1689.3500   6.3368552e-08
       1702.6500   6.0223654e-08
       1715.9500   5.6337953e-08
       1729.2500   5.6358967e-08
       1742.5500   5.6514433e-08
       1755.8500   5.6762429e-08
       1769.1500   5.3899238e-08
       1782.4500   5.3291366e-08
       1795.7500   5.4250066e-08
       1809.0500   5.2155658e-08
       1822.3500   4.9922484e-08
       1835.6500   4.8164323e-08
       1848.9500   4.4416123e-08
       1862.2500   4.3932779e-08
       1875.5500   4.5576857e-08
       1888.8500   4.0876794e-08
       1902.1500   4.0816259e-08
       1915.4500   3.8625670e-08
       1928.7500   3.7305440e-08
       1942.0500   3.8080170e-08
       1955.3500   3.4655729e-08
       1968.6500   3.6390581e-08
       1981.9500   3.4854569e-08
       1995.2500   3.2719732e-08
       2008.5500   3.2511620e-08
       2021.8500   3.1725624e-08
       2035.1500   2.9148179e-08
       2048.4500   2.7942785e-08
       2061.7500   2.5975510e-08
       2075.0500   2.7457204e-08
       2088.3500   2.6510778e-08
       2101.6500   2.5316692e-08
       2114.9500   2.5324162e-08
       2128.2500   2.4585554e-08
       2141.5500   2.3756265e-08
       2154.8500   2.4065952e-08
       2168.1500   2.3365476e-08
       2181.4500   2.3170560e-08
       2194.7500   2.3774171e-08
       2208.0500   2.3381837e-08
       2221.3500   2.2872746e-08
       2234.6500   2.4398432e-08
       2247.9500   2.4083292e-08
       2261.2500   2.3544767e-08
       2274.5500   2.4273220e-08
       2287.8500   2.5617647e-08
       2301.1500   2.5221729e-08
       2314.4500   2.5160980e-08
       2327.7500   2.2787138e-08
       2341.0500   2.4359957e-08
       2354.3500   2.6121893e-08
       2367.6500   2.5011765e-08
       2380.9500   2.4857722e-08
       2394.2500   2.5590712e-08
       2407.5500   2.5877488e-08
       2420.8500   2.7787726e-08
       2434.1500   2.9198490e-08
       2447.4500   3.1840353e-08
       2460.7500   3.1208999e-08
       2474.0500   2.9479324e-08
       2487.3500   2.5753274e-08
       2500.6500   2.8247054e-08
       2513.9500   2.5776099e-08
       2527.2500   2.6619702e-08
       2540.5500   2.9837335e-08
       2553.8500   4.0958852e-08
       2567.1500   3.7034244e-08
       2580.4500   4.1321573e-08
       2593.7500   3.9316498e-08
       2607.0500   3.7218078e-08
       2620.3500   3.9038939e-08
       2633.6500   6.1102734e-08
       2646.9500   8.4880833e-08
       2660.2500   9.4992938e-08
       2673.5500   7.7453800e-08
       2686.8500   9.1075868e-08
       2700.1500   7.6467182e-08
       2713.4500   6.6861619e-08
       2726.7500   4.7811686e-08
       2740.0500   5.1455850e-08
       2753.3500   5.3610182e-08
       2766.6500   7.0193544e-08
       2779.9500   6.2298078e-08
       2793.2500   3.6679516e-08
       2806.5500   4.1825851e-08
       2819.8500   7.4443759e-08
       2833.1500   7.3319005e-08
       2846.4500   4.6162321e-08
       2859.7500   4.7693086e-08
       2873.0500   9.4102008e-08
       2886.3500   1.1020365e-07
       2899.6500   1.7054371e-07
       2912.9500   2.1901853e-07
       2926.2500   1.9514772e-07
       2939.5500   1.7553922e-07
       2952.8500   1.6170885e-07
       2966.1500   1.6313018e-07
       2979.4500   1.6465608e-07
       2992.7500   1.6416731e-07
       3006.0500   1.5575631e-07
       3019.3500   1.6701927e-07
       3032.6500   1.8384321e-07
       3045.9500   1.8909467e-07
       3059.2500   2.1476019e-07
       3072.5500   2.4119979e-07
       3085.8500   2.3271206e-07
       3099.1500   2.6815131e-07
       3112.4500   3.0849258e-07
       3125.7500   2.8136431e-07
       3139.0500   2.8241641e-07
       3152.3500   2.9950052e-07
       3165.6500   3.2934015e-07
       3178.9500   3.1170896e-07
       3192.2500   2.8068408e-07
       3205.5500   2.9802495e-07
       3218.8500   2.8097632e-07
       3232.1500   2.6860580e-07
       3245.4500   3.7094442e-07
       3258.7500   4.4561519e-07
       3272.0500   4.9685597e-07
       3285.3500   4.9840871e-07
       3298.6500   4.7213829e-07
       3311.9500   4.3951334e-07
       3325.2500   4.5749662e-07
       3338.5500   4.5341308e-07
       3351.8500   4.2546369e-07
       3365.1500   3.2585617e-07
       3378.4500   3.1064019e-07
       3391.7500   3.4078350e-07
       3405.0500   3.4968049e-07
       3418.3500   3.6630513e-07
       3431.6500   3.8634954e-07
       3444.9500   3.9802474e-07
       3458.2500   4.1149042e-07
       3471.5500   4.3145046e-07
       3484.8500   4.9230044e-07
       3498.1500   5.3906391e-07
       3511.4500   5.6675623e-07
       3524.7500   5.1119936e-07
       3538.0500   5.2773088e-07
       3551.3500   5.6717556e-07
       3564.6500   3.9152416e-07
       3577.9500   3.3327751e-07
       3591.2500   3.6190654e-07
       3604.5500   4.6419606e-07
       3617.8500   5.2939795e-07
       3631.1500   5.6996223e-07
       3644.4500   6.5113637e-07
       3657.7500   7.4155885e-07
       3671.0500   7.8760194e-07
       3684.3500   7.0905580e-07
       3697.6500   6.8322648e-07
       3710.9500   6.8000667e-07
       3724.2500   4.6204542e-07
       3737.5500   3.9439758e-07
       3750.8500   4.4806678e-07
       3764.1500   5.9457445e-07
       3777.4500   6.6670569e-07
       3790.7500   6.7618574e-07
       3804.0500   6.1872791e-07
       3817.3500   4.7905193e-07
       3830.6500   2.8637421e-07
       3843.9500   3.6719575e-07
       3857.2500   4.0539922e-07
       3870.5500   4.1338787e-07
       3883.8500   5.5013394e-07
       3897.1500   6.8067234e-07
       3910.4500   7.9163141e-07
       3923.7500   4.9384616e-07
       3937.0500   4.6873081e-07
       3950.3500   6.7741170e-07
       3963.6500   5.3090503e-07
       3976.9500   7.0367379e-07
       3990.2500   1.1636568e-06
       4003.5500   1.2748177e-06
       4016.8500   1.3143153e-06
       4030.1500   1.2856974e-06
       4043.4500   1.2445822e-06
       4056.7500   1.1886189e-06
       4070.0500   1.1194155e-06
       4083.3500   1.3936205e-06
       4096.6500   1.4932188e-06
       4109.9500   1.4168069e-06
       4123.2500   1.3605529e-06
       4136.5500   1.3134930e-06
       4149.8500   1.2759087e-06
       4163.1500   1.3091171e-06
       4176.4500   1.3185429e-06
       4189.7500   1.3016280e-06
       4203.0500   1.3154437e-06
       4216.3500   1.2945937e-06
       4229.6500   1.2348373e-06
       4242.9500   1.3311483e-06
       4256.2500   1.3561147e-06
       4269.5500   1.2950936e-06
       4282.8500   1.2395639e-06
       4296.1500   1.1657965e-06
       4309.4500   1.0704708e-06
       4322.7500   1.4494641e-06
       4336.0500   1.6811107e-06
       4349.3500   1.7096731e-06
       4362.6500   1.8060221e-06
       4375.9500   1.7814989e-06
       4389.2500   1.6020678e-06
       4402.5500   1.6630330e-06
       4415.8500   1.7590023e-06
       4429.1500   1.8813036e-06
       4442.4500   1.9158895e-06
       4455.7500   1.9868709e-06
       4469.0500   2.1139054e-06
       4482.3500   2.1750480e-06
       4495.6500   2.3222762e-06
       4508.9500   2.5937585e-06
       4522.2500   2.3656929e-06
       4535.5500   2.2514551e-06
       4548.8500   2.3581520e-06
       4562.1500   2.5124156e-06
       4575.4500   2.5664982e-06
       4588.7500   2.4684710e-06
       4602.0500   2.5081285e-06
       4615.3500   2.5258685e-06
       4628.6500   2.4892926e-06
       4641.9500   2.5103208e-06
       4655.2500   2.5705055e-06
       4668.5500   2.6810003e-06
       4681.8500   2.6717161e-06
       4695.1500   2.6365408e-06
       4708.4500   2.5836288e-06
       4721.7500   2.6328850e-06
       4735.0500   2.7039522e-06
       4748.3500   2.7885107e-06
       4761.6500   2.7591057e-06
       4774.9500   2.7406744e-06
       4788.2500   2.7684861e-06
       4801.5500   2.7885577e-06
       4814.8500   2.8345255e-06
       4828.1500   2.9279083e-06
       4841.4500   2.8663694e-06
       4854.7500   2.7603892e-06
       4868.0500   2.6197048e-06
       4881.3500   2.7574052e-06
       4894.6500   2.8826532e-06
       4907.9500   2.8943567e-06
       4921.2500   2.8585575e-06
       4934.5500   2.8613280e-06
       4947.8500   2.9556091e-06
       4961.1500   2.9211774e-06
       4974.4500   2.8336397e-06
       4987.7500   2.6899596e-06
       5001.0500   2.5659385e-06
       5014.3500   2.5300612e-06
       5027.6500   2.6685215e-06
       5040.9500   2.6850420e-06
       5054.2500   2.7092750e-06
       5067.5500   2.8062554e-06
       5080.8500   2.7282379e-06
       5094.1500   2.6680299e-06
       5107.4500   2.7355232e-06
       5120.7500   2.6879228e-06
       5134.0500   2.6107366e-06
       5147.3500   2.5288286e-06
       5160.6500   2.3712938e-06
       5173.9500   2.2751367e-06
       5187.2500   2.3704314e-06
       5200.5500   2.5504664e-06
       5213.8500   2.7601153e-06
       5227.1500   2.9874105e-06
       5240.4500   3.1417928e-06
       5253.7500   3.1520003e-06
       5267.0500   2.8441587e-06
       5280.3500   3.0676422e-06
       5293.6500   3.3945832e-06
       5306.9500   3.5913854e-06
       5320.2500   3.3597380e-06
       5333.5500   3.1624701e-06
       5346.8500   3.4140986e-06
       5360.1500   3.4663926e-06
       5373.4500   3.4459820e-06
       5386.7500   3.3952118e-06
       5400.0500   3.3601275e-06
       5413.3500   3.3473024e-06
       5426.6500   3.3858253e-06
       5439.9500   3.4431465e-06
       5453.2500   3.4833222e-06
       5466.5500   3.4503775e-06
       5479.8500   3.4534069e-06
       5493.1500   3.4603074e-06
       5506.4500   3.4388320e-06
       5519.7500   3.5340500e-06
       5533.0500   3.6537148e-06
       5546.3500   3.7114963e-06
       5559.6500   3.6917138e-06
       5572.9500   3.6325071e-06
       5586.2500   3.5384423e-06
       5599.5500   3.5953619e-06
       5612.8500   3.6871243e-06
       5626.1500   3.6877429e-06
       5639.4500   3.7362004e-06
       5652.7500   3.7775169e-06
       5666.0500   3.7158399e-06
       5679.3500   3.7744341e-06
       5692.6500   3.8434110e-06
       5705.9500   3.7482624e-06
       5719.2500   3.9081423e-06
       5732.5500   4.1070282e-06
       5745.8500   3.9958120e-06
       5759.1500   3.9841407e-06
       5772.4500   3.9903151e-06
       5785.7500   3.8744290e-06
       5799.0500   3.9295640e-06
       5812.3500   4.0594985e-06
       5825.6500   4.1616749e-06
       5838.9500   4.1227371e-06
       5852.2500   4.0309456e-06
       5865.5500   4.0184593e-06
       5878.8500   3.6667981e-06
       5892.1500   3.3020391e-06
       5905.4500   3.7619858e-06
       5918.7500   3.9643250e-06
       5932.0500   4.0246199e-06
       5945.3500   4.0427543e-06
       5958.6500   4.0951722e-06
       5971.9500   4.1501679e-06
       5985.2500   4.1119163e-06
       5998.5500   4.0802686e-06
       6011.8500   4.0707269e-06
       6025.1500   4.1756925e-06
       6038.4500   4.2566963e-06
       6051.7500   4.3161531e-06
       6065.0500   4.3240210e-06
       6078.3500   4.2603021e-06
       6091.6500   4.1703925e-06
       6104.9500   4.1973143e-06
       6118.2500   4.0922595e-06
       6131.5500   3.9382715e-06
       6144.8500   4.0298869e-06
       6158.1500   3.9344364e-06
       6171.4500   3.7674940e-06
       6184.7500   3.9883887e-06
       6198.0500   4.0590553e-06
       6211.3500   4.0244421e-06
       6224.6500   3.9286801e-06
       6237.9500   3.8465970e-06
       6251.2500   3.7939023e-06
       6264.5500   3.9363764e-06
       6277.8500   4.0439330e-06
       6291.1500   4.1145878e-06
       6304.4500   4.0516713e-06
       6317.7500   4.0567467e-06
       6331.0500   4.1084511e-06
       6344.3500   4.1333369e-06
       6357.6500   4.1427284e-06
       6370.9500   4.1454540e-06
       6384.2500   4.2110980e-06
       6397.5500   4.2080708e-06
       6410.8500   4.1581235e-06
       6424.1500   4.1908672e-06
       6437.4500   4.1989932e-06
       6450.7500   4.1877813e-06
       6464.0500   4.1779649e-06
       6477.3500   4.1496446e-06
       6490.6500   4.1151420e-06
       6503.9500   4.2538562e-06
       6517.2500   4.3264762e-06
       6530.5500   4.3409660e-06
       6543.8500   4.2919155e-06
       6557.1500   4.2104893e-06
       6570.4500   4.1089560e-06
       6583.7500   4.2335742e-06
       6597.0500   4.3136105e-06
       6610.3500   4.3518438e-06
       6623.6500   4.3119897e-06
       6636.9500   4.2953205e-06
       6650.2500   4.2983071e-06
       6663.5500   4.2161991e-06
       6676.8500   4.1987048e-06
       6690.1500   4.2403285e-06
       6703.4500   4.1045147e-06
       6716.7500   4.0863097e-06
       6730.0500   4.1822557e-06
       6743.3500   4.1351891e-06
       6756.6500   4.1271682e-06
       6769.9500   4.1583868e-06
       6783.2500   4.1250472e-06
       6796.5500   4.1248039e-06
       6809.8500   4.1590892e-06
       6823.1500   4.2110247e-06
       6836.4500   4.2033761e-06
       6849.7500   4.1319226e-06
       6863.0500   4.1955783e-06
       6876.3500   4.2579362e-06
       6889.6500   4.3160010e-06
       6902.9500   4.3325502e-06
       6916.2500   4.3339837e-06
       6929.5500   4.3195580e-06
       6942.8500   4.3407981e-06
       6956.1500   4.3831351e-06
       6969.4500   4.4486419e-06
       6982.7500   4.4542077e-06
       6996.0500   4.4489056e-06
       7009.3500   4.4336397e-06
       7022.6500   4.5115976e-06
       7035.9500   4.5446706e-06
       7049.2500   4.5160575e-06
       7062.5500   4.4212218e-06
       7075.8500   4.3068001e-06
       7089.1500   4.1724678e-06
       7102.4500   4.0887595e-06
       7115.7500   4.0151043e-06
       7129.0500   3.9502022e-06
       7142.3500   3.9318220e-06
       7155.6500   3.9486579e-06
       7168.9500   4.0085110e-06
       7182.2500   3.9586351e-06
       7195.5500   3.9593279e-06
       7208.8500   4.0441876e-06
       7222.1500   4.1395051e-06
       7235.4500   4.2144804e-06
       7248.7500   4.2585124e-06
       7262.0500   4.3015882e-06
       7275.3500   4.3190463e-06
       7288.6500   4.2983975e-06
       7301.9500   4.4226704e-06
       7315.2500   4.5155188e-06
       7328.5500   4.5345877e-06
       7341.8500   4.5948239e-06
       7355.1500   4.6919333e-06
       7368.4500   4.8395158e-06
       7381.7500   4.7954017e-06
       7395.0500   4.7712949e-06
       7408.3500   4.8216446e-06
       7421.6500   4.9300933e-06
       7434.9500   4.9997354e-06
       7448.2500   4.9895572e-06
       7461.5500   5.0852087e-06
       7474.8500   5.1600453e-06
       7488.1500   5.1702280e-06
       7501.4500   5.2192224e-06
       7514.7500   5.2925868e-06
       7528.0500   5.3985347e-06
       7541.3500   5.4543489e-06
       7554.6500   5.4813012e-06
       7567.9500   5.4704207e-06
       7581.2500   5.3447788e-06
       7594.5500   5.2227388e-06
       7607.8500   5.1483727e-06
       7621.1500   5.0349979e-06
       7634.4500   4.9084814e-06
       7647.7500   4.7710372e-06
       7661.0500   4.5872323e-06
       7674.3500   4.4910028e-06
       7687.6500   4.5954721e-06
       7700.9500   4.5679232e-06
       7714.2500   4.5371297e-06
       7727.5500   4.5602002e-06
       7740.8500   4.5546186e-06
       7754.1500   4.5658404e-06
       7767.4500   4.6286054e-06
       7780.7500   4.6689624e-06
       7794.0500   4.6956921e-06
       7807.3500   4.7033418e-06
       7820.6500   4.6995640e-06
       7833.9500   4.6844943e-06
       7847.2500   4.6494184e-06
       7860.5500   4.6917944e-06
       7873.8500   4.7297562e-06
       7887.1500   4.7068949e-06
       7900.4500   4.6402755e-06
       7913.7500   4.5958318e-06
       7927.0500   4.6388021e-06
       7940.3500   4.6397254e-06
       7953.6500   4.6645186e-06
       7966.9500   4.7844967e-06
       7980.2500   4.8253679e-06
       7993.5500   4.8618041e-06
       8006.8500   4.9509849e-06
       8020.1500   4.9937867e-06
       8033.4500   5.0195904e-06
       8046.7500   5.0379838e-06
       8060.0500   5.1203130e-06
       8073.3500   5.1985376e-06
       8086.6500   5.2025268e-06
       8099.9500   5.2538738e-06
       8113.2500   5.3467081e-06
       8126.5500   5.5184137e-06
       8139.8500   5.6471130e-06
       8153.1500   5.7495177e-06
       8166.4500   5.8154328e-06
       8179.7500   5.6670473e-06
       8193.0500   5.4947468e-06
       8206.3500   5.5062347e-06
       8219.6500   5.5238744e-06
       8232.9500   5.5397584e-06
       8246.2500   5.5412317e-06
       8259.5500   5.5547046e-06
       8272.8500   5.5618272e-06
       8286.1500   5.5282258e-06
       8299.4500   5.4290483e-06
       8312.7500   5.3177146e-06
       8326.0500   5.2631517e-06
       8339.3500   5.2684879e-06
       8352.6500   5.2982823e-06
       8365.9500   5.3243192e-06
       8379.2500   5.2319897e-06
       8392.5500   5.1457248e-06
       8405.8500   5.3052373e-06
       8419.1500   5.2055276e-06
       8432.4500   5.0026580e-06
       8445.7500   4.8660973e-06
       8459.0500   4.8310526e-06
       8472.3500   4.8447398e-06
       8485.6500   4.8627540e-06
       8498.9500   4.7803657e-06
       8512.2500   4.6925382e-06
       8525.5500   4.8193477e-06
       8538.8500   4.6323881e-06
       8552.1500   4.4288013e-06
       8565.4500   4.9624364e-06
       8578.7500   5.1347277e-06
       8592.0500   5.1322555e-06
       8605.3500   5.2050413e-06
       8618.6500   5.2929210e-06
       8631.9500   5.3750711e-06
       8645.2500   5.3759911e-06
       8658.5500   5.0847708e-06
       8671.8500   4.7488701e-06
       8685.1500   5.1472595e-06
       8698.4500   5.4231983e-06
       8711.7500   5.6080486e-06
       8725.0500   5.6557654e-06
       8738.3500   5.6697226e-06
       8751.6500   5.6750505e-06
       8764.9500   5.7614062e-06
       8778.2500   5.8606910e-06
       8791.5500   5.9458978e-06
       8804.8500   5.8634974e-06
       8818.1500   5.8574046e-06
       8831.4500   5.8935905e-06
       8844.7500   5.8798758e-06
       8858.0500   5.7739734e-06
       8871.3500   5.6262771e-06
       8884.6500   5.6435657e-06
       8897.9500   5.6879280e-06
       8911.2500   5.7404535e-06
       8924.5500   5.6951530e-06
       8937.8500   5.6949310e-06
       8951.1500   5.7258229e-06
       8964.4500   5.7537351e-06
       8977.7500   5.7731964e-06
       8991.0500   5.7795305e-06
       9004.3500   5.7034350e-06
       9017.6500   5.7707328e-06
       9030.9500   5.9421124e-06
       9044.2500   6.0848665e-06
       9057.5500   6.1664753e-06
       9070.8500   6.1966905e-06
       9084.1500   6.1580664e-06
       9097.4500   6.1887032e-06
       9110.7500   6.2725257e-06
       9124.0500   6.3520857e-06
       9137.3500   6.3776465e-06
       9150.6500   6.3610145e-06
       9163.9500   6.3767856e-06
       9177.2500   6.4159342e-06
       9190.5500   6.4640289e-06
       9203.8500   6.2653668e-06
       9217.1500   6.0982473e-06
       9230.4500   5.9622213e-06
       9243.7500   5.9381020e-06
       9257.0500   5.9510117e-06
       9270.3500   5.9932686e-06
       9283.6500   5.9026501e-06
       9296.9500   5.8700211e-06
       9310.2500   5.8910877e-06
       9323.5500   5.9407447e-06
       9336.8500   5.9512579e-06
       9350.1500   5.9243500e-06
       9363.4500   5.8584763e-06
       9376.7500   5.8822609e-06
       9390.0500   5.9927390e-06
       9403.3500   5.9476692e-06
       9416.6500   5.9796504e-06
       9429.9500   6.0889279e-06
       9443.2500   6.0344533e-06
       9456.5500   6.0734177e-06
       9469.8500   6.2096126e-06
       9483.1500   6.2230178e-06
       9496.4500   6.1858653e-06
       9509.7500   6.0963548e-06
       9523.0500   6.1568804e-06
       9536.3500   6.1719748e-06
       9549.6500   6.1340355e-06
       9562.9500   6.1755007e-06
       9576.2500   6.2360769e-06
       9589.5500   6.3158341e-06
       9602.8500   6.2675267e-06
       9616.1500   6.2646110e-06
       9629.4500   6.3198612e-06
       9642.7500   6.2253361e-06
       9656.0500   6.1815610e-06
       9669.3500   6.2065685e-06
       9682.6500   6.2833567e-06
       9695.9500   6.2859330e-06
       9709.2500   6.1932796e-06
       9722.5500   6.1390397e-06
       9735.8500   6.1111157e-06
       9749.1500   6.1138807e-06
       9762.4500   6.1551440e-06
       9775.7500   6.1505989e-06
       9789.0500   6.0822840e-06
       9802.3500   6.2116043e-06
       9815.6500   6.2796243e-06
       9828.9500   6.2437335e-06
       9842.2500   6.2715032e-06
       9855.5500   6.2794614e-06
       9868.8500   6.2520369e-06
       9882.1500   6.2548811e-06
       9895.4500   6.2192040e-06
       9908.7500   6.1237840e-06
       9922.0500   6.1733116e-06
       9935.3500   6.2257747e-06
       9948.6500   6.2601583e-06
       9961.9500   6.2752988e-06
       9975.2500   6.2829929e-06
       9988.5500   6.2825892e-06
       10001.850   6.2973453e-06
       10015.150   6.3139634e-06
       10028.450   6.3230264e-06
       10041.750   6.3104784e-06
       10055.050   6.2978830e-06
       10068.350   6.2852416e-06
       10081.650   6.2923129e-06
       10094.950   6.3191504e-06
       10108.250   6.3460105e-06
       10121.550   6.3728936e-06
       10134.850   6.3683219e-06
       10148.150   6.3526819e-06
       10161.450   6.3369921e-06
       10174.750   6.3212508e-06
       10188.050   6.3342392e-06
       10201.350   6.3477781e-06
       10214.650   6.3613173e-06
       10227.950   6.3746426e-06
       10241.250   6.3872183e-06
       10254.550   6.3997924e-06
       10267.850   6.4123655e-06
       10281.150   6.4145416e-06
       10294.450   6.4046035e-06
       10307.750   6.3946267e-06
       10321.050   6.3846108e-06
       10334.350   6.3761157e-06
       10347.650   6.3682442e-06
       10360.950   6.3603370e-06
       10374.250   6.3523958e-06
       10387.550   6.3613412e-06
       10400.850   6.3712923e-06
       10414.150   6.3812372e-06
       10427.450   6.3854965e-06
       10440.750   6.3645630e-06
       10454.050   6.3435739e-06
       10467.350   6.3225307e-06
       10480.650   6.3033387e-06
       10493.950   6.2866779e-06
       10507.250   6.2699704e-06
       10520.550   6.2532158e-06
       10533.850   6.2262875e-06
       10547.150   6.1942009e-06
       10560.450   6.1620438e-06
       10573.750   6.1298170e-06
       10587.050   6.1159503e-06
       10600.350   6.1039562e-06
       10613.650   6.0919239e-06
       10626.950   6.0808596e-06
       10640.250   6.0756131e-06
       10653.550   6.0703398e-06
       10666.850   6.0650402e-06
       10680.150   6.0682211e-06
       10693.450   6.0848616e-06
       10706.750   6.1015086e-06
       10720.050   6.1181626e-06
       10733.350   6.1226705e-06
       10746.650   6.1199575e-06
       10759.950   6.1172219e-06
       10773.250   6.1144648e-06
       10786.550   6.0934621e-06
       10799.850   6.0696469e-06
       10813.150   6.0457794e-06
       10826.450   6.0241332e-06
       10839.750   6.0210383e-06
       10853.050   6.0179211e-06
       10866.350   6.0147826e-06
       10879.650   6.0144934e-06
       10892.950   6.0195318e-06
       10906.250   6.0245598e-06
       10919.550   6.0295784e-06
       10932.850   6.0183586e-06
       10946.150   5.9958313e-06
       10959.450   5.9732556e-06
       10972.750   5.9506310e-06
       10986.050   5.9347746e-06
       10999.350   5.9202697e-06
       11012.650   5.9057275e-06
       11025.950   5.8902304e-06
       11039.250   5.8627478e-06
       11052.550   5.8352107e-06
       11065.850   5.8076197e-06
       11079.150   5.7900765e-06
       11092.450   5.7947798e-06
       11105.750   5.7994742e-06
       11119.050   5.8041598e-06
       11132.350   5.8031254e-06
       11145.650   5.7974480e-06
       11158.950   5.7917473e-06
       11172.250   5.7860247e-06
       11185.550   5.7881357e-06
       11198.850   5.7922843e-06
       11212.150   5.7964235e-06
       11225.450   5.7999146e-06
       11238.750   5.7851205e-06
       11252.050   5.7702923e-06
       11265.350   5.7554302e-06
       11278.650   5.7446215e-06
       11291.950   5.7445977e-06
       11305.250   5.7445602e-06
       11318.550   5.7445086e-06
       11331.850   5.7333922e-06
       11345.150   5.7118365e-06
       11358.450   5.6902386e-06
       11371.750   5.6685997e-06
       11385.050   5.6515785e-06
       11398.350   5.6360300e-06
       11411.650   5.6204484e-06
       11424.950   5.6048339e-06
       11438.250   5.6356986e-06
       11451.550   5.6667652e-06
       11464.850   5.6978579e-06
       11478.150   5.7223791e-06
       11491.450   5.7256450e-06
       11504.750   5.7289028e-06
       11518.050   5.7321507e-06
       11531.350   5.7257887e-06
       11544.650   5.7088914e-06
       11557.950   5.6919597e-06
       11571.250   5.6749943e-06
       11584.550   5.6534588e-06
       11597.850   5.6301016e-06
       11611.150   5.6067041e-06
       11624.450   5.5832650e-06
       11637.750   5.5812510e-06
       11651.050   5.5801491e-06
       11664.350   5.5790335e-06
       11677.650   5.5798824e-06
       11690.950   5.5886735e-06
       11704.250   5.5974637e-06
       11717.550   5.6062521e-06
       11730.850   5.5956014e-06
       11744.150   5.5601583e-06
       11757.450   5.5246609e-06
       11770.750   5.4891100e-06
       11784.050   5.4714850e-06
       11797.350   5.4622759e-06
       11810.650   5.4530446e-06
       11823.950   5.4437912e-06
       11837.250   5.4208553e-06
       11850.550   5.3967104e-06
       11863.850   5.3725269e-06
       11877.150   5.3557175e-06
       11890.450   5.3773443e-06
       11903.750   5.3989853e-06
       11917.050   5.4206400e-06
       11930.350   5.4133982e-06
       11943.650   5.3631514e-06
       11956.950   5.3128368e-06
       11970.250   5.2624553e-06
       11983.550   5.2674652e-06
       11996.850   5.3032989e-06
       12010.150   5.3391625e-06
       12023.450   5.3750555e-06
       12036.750   5.3692232e-06
       12050.050   5.3578624e-06
       12063.350   5.3464792e-06
       12076.650   5.3372117e-06
       12089.950   5.3430306e-06
       12103.250   5.3488462e-06
       12116.550   5.3546580e-06
       12129.850   5.3602647e-06
       12143.150   5.3655168e-06
       12156.450   5.3707650e-06
       12169.750   5.3760083e-06
       12183.050   5.3751925e-06
       12196.350   5.3704144e-06
       12209.650   5.3656216e-06
       12222.950   5.3608136e-06
       12236.250   5.3525630e-06
       12249.550   5.3436691e-06
       12262.850   5.3347563e-06
       12276.150   5.3257936e-06
       12289.450   5.3164837e-06
       12302.750   5.3071547e-06
       12316.050   5.2978065e-06
       12329.350   5.2914426e-06
       12342.650   5.2912451e-06
       12355.950   5.2910383e-06
       12369.250   5.2908219e-06
       12382.550   5.2755453e-06
       12395.850   5.2487748e-06
       12409.150   5.2219681e-06
       12422.450   5.1951249e-06
       12435.750   5.1901748e-06
       12449.050   5.1904152e-06
       12462.350   5.1906478e-06
       12475.650   5.1903884e-06
       12488.950   5.1807192e-06
       12502.250   5.1710314e-06
       12515.550   5.1613254e-06
       12528.850   5.1545546e-06
       12542.150   5.1550226e-06
       12555.450   5.1554823e-06
       12568.750   5.1559342e-06
       12582.050   5.1548764e-06
       12595.350   5.1524767e-06
       12608.650   5.1500669e-06
       12621.950   5.1476464e-06
       12635.250   5.1357226e-06
       12648.550   5.1209529e-06
       12661.850   5.1061607e-06
       12675.150   5.0915872e-06
       12688.450   5.0981563e-06
       12701.750   5.1047236e-06
       12715.050   5.1112893e-06
       12728.350   5.1161841e-06
       12741.650   5.1161141e-06
       12754.950   5.1160361e-06
       12768.250   5.1159504e-06
       12781.550   5.0976112e-06
       12794.850   5.0604354e-06
       12808.150   5.0232168e-06
       12821.450   4.9859553e-06
       12834.750   4.9882229e-06
       12848.050   5.0048997e-06
       12861.350   5.0215848e-06
       12874.650   5.0382782e-06
       12887.950   5.0288902e-06
       12901.250   5.0187807e-06
       12914.550   5.0086546e-06
       12927.850   5.0033960e-06
       12941.150   5.0160438e-06
       12954.450   5.0286955e-06
       12967.750   5.0413521e-06
       12981.050   5.0436946e-06
       12994.350   5.0336616e-06
       13007.650   5.0236118e-06
       13020.950   5.0135464e-06
       13034.250   5.0112783e-06
       13047.550   5.0124242e-06
       13060.850   5.0135639e-06
       13074.150   5.0146980e-06
       13087.450   4.9851633e-06
       13100.750   4.9535016e-06
       13114.050   4.9218043e-06
       13127.350   4.8955621e-06
       13140.650   4.8948796e-06
       13153.950   4.8941899e-06
       13167.250   4.8934931e-06
       13180.550   4.8934468e-06
       13193.850   4.8943121e-06
       13207.150   4.8951717e-06
       13220.450   4.8960253e-06
       13233.750   4.8808907e-06
       13247.050   4.8574215e-06
       13260.350   4.8339256e-06
       13273.650   4.8104031e-06
       13286.950   4.8058625e-06
       13300.250   4.8034597e-06
       13313.550   4.8010490e-06
       13326.850   4.7970086e-06
       13340.150   4.7829194e-06
       13353.450   4.7688121e-06
       13366.750   4.7546866e-06
       13380.050   4.7468816e-06
       13393.350   4.7494236e-06
       13406.650   4.7519616e-06
       13419.950   4.7544957e-06
       13433.250   4.7480866e-06
       13446.550   4.7361922e-06
       13459.850   4.7242815e-06
       13473.150   4.7123556e-06
       13486.450   4.7042445e-06
       13499.750   4.6967398e-06
       13513.050   4.6892234e-06
       13526.350   4.6802246e-06
       13539.650   4.6581935e-06
       13552.950   4.6361385e-06
       13566.250   4.6140600e-06
       13579.550   4.5973470e-06
       13592.850   4.5909820e-06
       13606.150   4.5846065e-06
       13619.450   4.5782204e-06
       13632.750   4.5825323e-06
       13646.050   4.5945146e-06
       13659.350   4.6065007e-06
       13672.650   4.6184910e-06
       13685.950   4.6246758e-06
       13699.250   4.6296128e-06
       13712.550   4.6345483e-06
       13725.850   4.6392351e-06
       13739.150   4.6402971e-06
       13752.450   4.6413546e-06
       13765.750   4.6424079e-06
       13779.050   4.6437139e-06
       13792.350   4.6456042e-06
       13805.650   4.6474910e-06
       13818.950   4.6493739e-06
       13832.250   4.6432391e-06
       13845.550   4.6304041e-06
       13858.850   4.6175543e-06
       13872.150   4.6046894e-06
       13885.450   4.5509348e-06
       13898.750   4.4859824e-06
       13912.050   4.4209753e-06
       13925.350   4.3573391e-06
       13938.650   4.3463972e-06
       13951.950   4.3354421e-06
       13965.250   4.3244743e-06
       13978.550   4.3140497e-06
       13991.850   4.3051409e-06
       14005.150   4.2962206e-06
       14018.450   4.2872888e-06
       14031.750   4.2866118e-06
       14045.050   4.2939533e-06
       14058.350   4.3012954e-06
       14071.650   4.3086389e-06
       14084.950   4.3016296e-06
       14098.250   4.2897762e-06
       14111.550   4.2779098e-06
       14124.850   4.2660302e-06
       14138.150   4.2765739e-06
       14151.450   4.2873769e-06
       14164.750   4.2981834e-06
       14178.050   4.3044058e-06
       14191.350   4.2952053e-06
       14204.650   4.2859941e-06
       14217.950   4.2767719e-06
       14231.250   4.2657908e-06
       14244.550   4.2528252e-06
       14257.850   4.2398464e-06
       14271.150   4.2268536e-06
       14284.450   4.2386879e-06
       14297.750   4.2606499e-06
       14311.050   4.2826233e-06
       14324.350   4.3046082e-06
       14337.650   4.3122642e-06
       14350.950   4.3191849e-06
       14364.250   4.3261057e-06
       14377.550   4.3275250e-06
       14390.850   4.3057366e-06
       14404.150   4.2839285e-06
       14417.450   4.2621016e-06
       14430.750   4.2583723e-06
       14444.050   4.2784328e-06
       14457.350   4.2985033e-06
       14470.650   4.3185836e-06
       14483.950   4.3183545e-06
       14497.250   4.3082419e-06
       14510.550   4.2981187e-06
       14523.850   4.2879844e-06
       14537.150   4.2974050e-06
       14550.450   4.3086803e-06
       14563.750   4.3199596e-06
       14577.050   4.3101732e-06
       14590.350   4.2816917e-06
       14603.650   4.2531868e-06
       14616.950   4.2246593e-06
       14630.250   4.2145154e-06
       14643.550   4.2098396e-06
       14656.850   4.2051568e-06
       14670.150   4.2004674e-06
       14683.450   4.1934986e-06
       14696.750   4.1852167e-06
       14710.050   4.1769259e-06
       14723.350   4.1686256e-06
       14736.650   4.1759143e-06
       14749.950   4.1854137e-06
       14763.250   4.1949158e-06
       14776.550   4.2043973e-06
       14789.850   4.2137052e-06
       14803.150   4.2230155e-06
       14816.450   4.2323280e-06
       14829.750   4.2358423e-06
       14843.050   4.2289100e-06
       14856.350   4.2219696e-06
       14869.650   4.2150214e-06
       14882.950   4.2293045e-06
       14896.250   4.2578908e-06
       14909.550   4.2864920e-06
       14922.850   4.3151076e-06
       14936.150   4.3144418e-06
       14949.450   4.3081215e-06
       14962.750   4.3017937e-06
       14976.050   4.2944807e-06
       14989.350   4.2757507e-06
       15002.650   4.2570056e-06
       15015.950   4.2382455e-06
       15029.250   4.2292454e-06
       15042.550   4.2410589e-06
       15055.850   4.2528763e-06
       15069.150   4.2646975e-06
       15082.450   4.2807393e-06
       15095.750   4.3001003e-06
       15109.050   4.3194696e-06
       15122.350   4.3388474e-06
       15135.650   4.3488743e-06
       15148.950   4.3565741e-06
       15162.250   4.3642753e-06
       15175.550   4.3717440e-06
       15188.850   4.3737872e-06
       15202.150   4.3758283e-06
       15215.450   4.3778669e-06
       15228.750   4.3829377e-06
       15242.050   4.3957373e-06
       15255.350   4.4085408e-06
       15268.650   4.4213489e-06
       15281.950   4.4259145e-06
       15295.250   4.4229429e-06
       15308.550   4.4199661e-06
       15321.850   4.4169839e-06
       15335.150   4.4133789e-06
       15348.450   4.4095765e-06
       15361.750   4.4057685e-06
       15375.050   4.4019572e-06
       15388.350   4.3986656e-06
       15401.650   4.3953689e-06
       15414.950   4.3920667e-06
       15428.250   4.3903184e-06
       15441.550   4.3933876e-06
       15454.850   4.3964549e-06
       15468.150   4.3995211e-06
       15481.450   4.3979377e-06
       15494.750   4.3914129e-06
       15508.050   4.3848811e-06
       15521.350   4.3783422e-06
       15534.650   4.3553667e-06
       15547.950   4.3261591e-06
       15561.250   4.2969319e-06
       15574.550   4.2676850e-06
       15587.850   4.2733126e-06
       15601.150   4.2801629e-06
       15614.450   4.2870139e-06
       15627.750   4.2930972e-06
       15641.050   4.2962313e-06
       15654.350   4.2993640e-06
       15667.650   4.3024952e-06
       15680.950   4.3159616e-06
       15694.250   4.3422045e-06
       15707.550   4.3684592e-06
       15720.850   4.3947251e-06
       15734.150   4.3551811e-06
       15747.450   4.2857502e-06
       15760.750   4.2162785e-06
       15774.050   4.1467655e-06
       15787.350   4.1432890e-06
       15800.650   4.1448924e-06
       15813.950   4.1464936e-06
       15827.250   4.1490098e-06
       15840.550   4.1560283e-06
       15853.850   4.1630479e-06
       15867.150   4.1700686e-06
       15880.450   4.1885302e-06
       15893.750   4.2234819e-06
       15907.050   4.2584493e-06
       15920.350   4.2934330e-06
       15933.650   4.2915758e-06
       15946.950   4.2698964e-06
       15960.250   4.2482028e-06
       15973.550   4.2264951e-06
       15986.850   4.2220923e-06
       16000.150   4.2198046e-06
       16013.450   4.2175126e-06
       16026.750   4.2152170e-06
       16040.050   4.2129171e-06
       16053.350   4.2143008e-06
       16066.650   4.2266367e-06
       16079.950   4.2389763e-06
       16093.250   4.2513197e-06
       16106.550   4.2636670e-06
       16119.850   4.2760177e-06
       16133.150   4.2883724e-06
       16146.450   4.3007307e-06
       16159.750   4.2902588e-06
       16173.050   4.2714630e-06
       16186.350   4.2526549e-06
       16199.650   4.2338344e-06
       16212.950   4.2150015e-06
       16226.250   4.1961567e-06
       16239.550   4.1772996e-06
       16252.850   4.1675195e-06
       16266.150   4.1910663e-06
       16279.450   4.2146224e-06
       16292.750   4.2381880e-06
       16306.050   4.2617631e-06
       16319.350   4.2853470e-06
       16332.650   4.3089408e-06
       16345.950   4.3325433e-06
       16359.250   4.3230664e-06
       16372.550   4.2990905e-06
       16385.850   4.2751006e-06
       16399.150   4.2510961e-06
       16412.450   4.2270770e-06
       16425.750   4.2030437e-06
       16439.050   4.1789959e-06
       16452.350   4.1621546e-06
       16465.650   4.1789545e-06
       16478.950   4.1957601e-06
       16492.250   4.2125716e-06
       16505.550   4.2293889e-06
       16518.850   4.2462121e-06
       16532.150   4.2630409e-06
       16545.450   4.2798755e-06
       16558.750   4.2758437e-06
       16572.050   4.2609510e-06
       16585.350   4.2460489e-06
       16598.650   4.2311375e-06
       16611.950   4.2162164e-06
       16625.250   4.2012856e-06
       16638.550   4.1863456e-06
       16651.850   4.1741218e-06
       16665.150   4.1787656e-06
       16678.450   4.1834091e-06
       16691.750   4.1880524e-06
       16705.050   4.1926957e-06
       16718.350   4.1973389e-06
       16731.650   4.2019821e-06
       16744.950   4.2066251e-06
       16758.250   4.2027118e-06
       16771.550   4.1935561e-06
       16784.850   4.1843940e-06
       16798.150   4.1752253e-06
       16811.450   4.1660500e-06
       16824.750   4.1568683e-06
       16838.050   4.1476801e-06
       16851.350   4.1396838e-06
       16864.650   4.1422925e-06
       16877.950   4.1449002e-06
       16891.250   4.1475072e-06
       16904.550   4.1501128e-06
       16917.850   4.1527177e-06
       16931.150   4.1553216e-06
       16944.450   4.1579245e-06
       16957.750   4.1540371e-06
       16971.050   4.1454976e-06
       16984.350   4.1369522e-06
       16997.650   4.1284009e-06
       17010.950   4.1198434e-06
       17024.250   4.1112800e-06
       17037.550   4.1027108e-06
       17050.850   4.0941450e-06
       17064.150   4.0857105e-06
       17077.450   4.0772703e-06
       17090.750   4.0688243e-06
       17104.050   4.0603724e-06
       17117.350   4.0519148e-06
       17130.650   4.0434514e-06
       17143.950   4.0349822e-06
       17157.250   4.0263168e-06
       17170.550   4.0174865e-06
       17183.850   4.0086505e-06
       17197.150   3.9998085e-06
       17210.450   3.9909608e-06
       17223.750   3.9821072e-06
       17237.050   3.9732477e-06
       17250.350   3.9642256e-06
       17263.650   3.9493926e-06
       17276.950   3.9345510e-06
       17290.250   3.9197010e-06
       17303.550   3.9048429e-06
       17316.850   3.8899766e-06
       17330.150   3.8751018e-06
       17343.450   3.8602190e-06
       17356.750   3.8494867e-06
       17370.050   3.8427840e-06
       17383.350   3.8360767e-06
       17396.650   3.8293646e-06
       17409.950   3.8226480e-06
       17423.250   3.8159265e-06
       17436.550   3.8092008e-06
       17449.850   3.8024703e-06
       17463.150   3.7923661e-06
       17476.450   3.7822173e-06
       17489.750   3.7720625e-06
       17503.050   3.7619019e-06
       17516.350   3.7517353e-06
       17529.650   3.7415626e-06
       17542.950   3.7313840e-06
       17556.250   3.7206356e-06
       17569.550   3.7092450e-06
       17582.850   3.6978480e-06
       17596.150   3.6864445e-06
       17609.450   3.6750346e-06
       17622.750   3.6636187e-06
       17636.050   3.6521963e-06
       17649.350   3.6407675e-06
       17662.650   3.6266554e-06
       17675.950   3.6123982e-06
       17689.250   3.5981337e-06
       17702.550   3.5838617e-06
       17715.850   3.5695826e-06
       17729.150   3.5552959e-06
       17742.450   3.5410021e-06
       17755.750   3.5297555e-06
       17769.050   3.5225148e-06
       17782.350   3.5152698e-06
       17795.650   3.5080202e-06
       17808.950   3.5007662e-06
       17822.250   3.4935080e-06
       17835.550   3.4862451e-06
       17848.850   3.4789781e-06
       17862.150   3.4641163e-06
       17875.450   3.4485288e-06
       17888.750   3.4329337e-06
       17902.050   3.4173309e-06
       17915.350   3.4017205e-06
       17928.650   3.3861025e-06
       17941.950   3.3704769e-06
       17955.250   3.3565002e-06
       17968.550   3.3450564e-06
       17981.850   3.3336069e-06
       17995.150   3.3221516e-06
       18008.450   3.3106903e-06
       18021.750   3.2992232e-06
       18035.050   3.2877505e-06
       18048.350   3.2762717e-06
       18061.650   3.2695814e-06
       18074.950   3.2635663e-06
       18088.250   3.2575476e-06
       18101.550   3.2515253e-06
       18114.850   3.2454993e-06
       18128.150   3.2394696e-06
       18141.450   3.2334365e-06
       18154.750   3.2268999e-06
       18168.050   3.2194597e-06
       18181.350   3.2120155e-06
       18194.650   3.2045672e-06
       18207.950   3.1971147e-06
       18221.250   3.1896582e-06
       18234.550   3.1821976e-06
       18247.850   3.1747329e-06
       18261.150   3.1680206e-06
       18274.450   3.1614499e-06
       18287.750   3.1548758e-06
       18301.050   3.1482978e-06
       18314.350   3.1417161e-06
       18327.650   3.1351308e-06
       18340.950   3.1285420e-06
       18354.250   3.1216538e-06
       18367.550   3.1141319e-06
       18380.850   3.1066062e-06
       18394.150   3.0990766e-06
       18407.450   3.0915430e-06
       18420.750   3.0840053e-06
       18434.050   3.0764638e-06
       18447.350   3.0689185e-06
       18460.650   3.0637213e-06
       18473.950   3.0591067e-06
       18487.250   3.0544891e-06
       18500.550   3.0498688e-06
       18513.850   3.0452457e-06
       18527.150   3.0406197e-06
       18540.450   3.0359910e-06
       18553.750   3.0293323e-06
       18567.050   3.0175066e-06
       18580.350   3.0056756e-06
       18593.650   2.9938392e-06
       18606.950   2.9819975e-06
       18620.250   2.9701505e-06
       18633.550   2.9582982e-06
       18646.850   2.9464406e-06
       18660.150   2.9380641e-06
       18673.450   2.9307656e-06
       18686.750   2.9234637e-06
       18700.050   2.9161581e-06
       18713.350   2.9088486e-06
       18726.650   2.9015359e-06
       18739.950   2.8942194e-06
       18753.250   2.8882445e-06
       18766.550   2.8864270e-06
       18779.850   2.8846077e-06
       18793.150   2.8827871e-06
       18806.450   2.8809646e-06
       18819.750   2.8791405e-06
       18833.050   2.8773148e-06
       18846.350   2.8754873e-06
       18859.650   2.8669002e-06
       18872.950   2.8557525e-06
       18886.250   2.8446001e-06
       18899.550   2.8334428e-06
       18912.850   2.8222807e-06
       18926.150   2.8111138e-06
       18939.450   2.7999422e-06
       18952.750   2.7921874e-06
       18966.050   2.7975587e-06
       18979.350   2.8029308e-06
       18992.650   2.8083036e-06
       19005.950   2.8136775e-06
       19019.250   2.8190521e-06
       19032.550   2.8244277e-06
       19045.850   2.8298040e-06
       19059.150   2.8266649e-06
       19072.450   2.8196602e-06
       19085.750   2.8126523e-06
       19099.050   2.8056412e-06
       19112.350   2.7986269e-06
       19125.650   2.7916092e-06
       19138.950   2.7845884e-06
       19152.250   2.7782655e-06
       19165.550   2.7753846e-06
       19178.850   2.7725018e-06
       19192.150   2.7696170e-06
       19205.450   2.7667305e-06
       19218.750   2.7638421e-06
       19232.050   2.7609521e-06
       19245.350   2.7580600e-06
       19258.650   2.7514671e-06
       19271.950   2.7428823e-06
       19285.250   2.7342940e-06
       19298.550   2.7257020e-06
       19311.850   2.7171063e-06
       19325.150   2.7085070e-06
       19338.450   2.6999040e-06
       19351.750   2.6912747e-06
       19365.050   2.6824925e-06
       19378.350   2.6737066e-06
       19391.650   2.6649170e-06
       19404.950   2.6561237e-06
       19418.250   2.6473269e-06
       19431.550   2.6385263e-06
       19444.850   2.6297222e-06
       19458.150   2.6255470e-06
       19471.450   2.6242972e-06
       19484.750   2.6230463e-06
       19498.050   2.6217942e-06
       19511.350   2.6205408e-06
       19524.650   2.6192862e-06
       19537.950   2.6180305e-06
       19551.250   2.6163355e-06
       19564.550   2.6104153e-06
       19577.850   2.6044925e-06
       19591.150   2.5985670e-06
       19604.450   2.5926388e-06
       19617.750   2.5867081e-06
       19631.050   2.5807747e-06
       19644.350   2.5748388e-06
       19657.650   2.5660761e-06
       19670.950   2.5552242e-06
       19684.250   2.5443680e-06
       19697.550   2.5335078e-06
       19710.850   2.5226436e-06
       19724.150   2.5117753e-06
       19737.450   2.5009028e-06
       19750.750   2.4904116e-06
       19764.050   2.4863641e-06
       19777.350   2.4823145e-06
       19790.650   2.4782630e-06
       19803.950   2.4742097e-06
       19817.250   2.4701543e-06
       19830.550   2.4660970e-06
       19843.850   2.4620378e-06
       19857.150   2.4591280e-06
       19870.450   2.4572074e-06
       19883.750   2.4552855e-06
       19897.050   2.4533623e-06
       19910.350   2.4514380e-06
       19923.650   2.4495123e-06
       19936.950   2.4475852e-06
       19950.250   2.4456734e-06
       19963.550   2.4446147e-06
       19976.850   2.4435552e-06
       19990.150   2.4424945e-06
       20003.450   2.4414329e-06
       20016.750   2.4403703e-06
       20030.050   2.4393067e-06
       20043.350   2.4382421e-06
       20056.650   2.4362273e-06
       20069.950   2.4332616e-06
       20083.250   2.4302944e-06
       20096.550   2.4273256e-06
       20109.850   2.4243554e-06
       20123.150   2.4213836e-06
       20136.450   2.4184103e-06
       20149.750   2.4154355e-06
       20163.050   2.4080505e-06
       20176.350   2.4005782e-06
       20189.650   2.3931032e-06
       20202.950   2.3856252e-06
       20216.250   2.3781447e-06
       20229.550   2.3706613e-06
       20242.850   2.3631749e-06
       20256.150   2.3577818e-06
       20269.450   2.3548231e-06
       20282.750   2.3518630e-06
       20296.050   2.3489014e-06
       20309.350   2.3459383e-06
       20322.650   2.3429738e-06
       20335.950   2.3400079e-06
       20349.250   2.3370406e-06
       20362.550   2.3365947e-06
       20375.850   2.3362988e-06
       20389.150   2.3360023e-06
       20402.450   2.3357050e-06
       20415.750   2.3354072e-06
       20429.050   2.3351086e-06
       20442.350   2.3348093e-06
       20455.650   2.3331165e-06
       20468.950   2.3295363e-06
       20482.250   2.3259545e-06
       20495.550   2.3223711e-06
       20508.850   2.3187861e-06
       20522.150   2.3151995e-06
       20535.450   2.3116115e-06
       20548.750   2.3080218e-06
       20562.050   2.3043212e-06
       20575.350   2.3006078e-06
       20588.650   2.2968927e-06
       20601.950   2.2931760e-06
       20615.250   2.2894577e-06
       20628.550   2.2857379e-06
       20641.850   2.2820165e-06
       20655.150   2.2789490e-06
       20668.450   2.2769180e-06
       20681.750   2.2748857e-06
       20695.050   2.2728525e-06
       20708.350   2.2708181e-06
       20721.650   2.2687827e-06
       20734.950   2.2667460e-06
       20748.250   2.2647083e-06
       20761.550   2.2630051e-06
       20774.850   2.2613516e-06
       20788.150   2.2596971e-06
       20801.450   2.2580416e-06
       20814.750   2.2563851e-06
       20828.050   2.2547277e-06
       20841.350   2.2530692e-06
       20854.650   2.2503003e-06
       20867.950   2.2454654e-06
       20881.250   2.2406286e-06
       20894.550   2.2357901e-06
       20907.850   2.2309497e-06
       20921.150   2.2261076e-06
       20934.450   2.2212636e-06
       20947.750   2.2164180e-06
       20961.050   2.2156404e-06
       20974.350   2.2156910e-06
       20987.650   2.2157410e-06
       21000.950   2.2157906e-06
       21014.250   2.2158395e-06
       21027.550   2.2158881e-06
       21040.850   2.2159361e-06
       21054.150   2.2147498e-06
       21067.450   2.2108417e-06
       21080.750   2.2069321e-06
       21094.050   2.2030210e-06
       21107.350   2.1991085e-06
       21120.650   2.1951944e-06
       21133.950   2.1912788e-06
       21147.250   2.1873616e-06
       21160.550   2.1847057e-06
       21173.850   2.1823778e-06
       21187.150   2.1800488e-06
       21200.450   2.1777188e-06
       21213.750   2.1753875e-06
       21227.050   2.1730553e-06
       21240.350   2.1707221e-06
       21253.650   2.1686658e-06
       21266.950   2.1673440e-06
       21280.250   2.1660213e-06
       21293.550   2.1646980e-06
       21306.850   2.1633738e-06
       21320.150   2.1620488e-06
       21333.450   2.1607229e-06
       21346.750   2.1593964e-06
       21360.050   2.1565682e-06
       21373.350   2.1532536e-06
       21386.650   2.1499379e-06
       21399.950   2.1466207e-06
       21413.250   2.1433023e-06
       21426.550   2.1399825e-06
       21439.850   2.1366615e-06
       21453.150   2.1334487e-06
       21466.450   2.1305880e-06
       21479.750   2.1277261e-06
       21493.050   2.1248630e-06
       21506.350   2.1219988e-06
       21519.650   2.1191334e-06
       21532.950   2.1162669e-06
       21546.250   2.1133993e-06
       21559.550   2.1095891e-06
       21572.850   2.1054077e-06
       21586.150   2.1012248e-06
       21599.450   2.0970406e-06
       21612.750   2.0928549e-06
       21626.050   2.0886678e-06
       21639.350   2.0844791e-06
       21652.650   2.0803622e-06
       21665.950   2.0765369e-06
       21679.250   2.0727105e-06
       21692.550   2.0688826e-06
       21705.850   2.0650535e-06
       21719.150   2.0612229e-06
       21732.450   2.0573910e-06
       21745.750   2.0535579e-06
       21759.050   2.0507438e-06
       21772.350   2.0484080e-06
       21785.650   2.0460712e-06
       21798.950   2.0437334e-06
       21812.250   2.0413947e-06
       21825.550   2.0390549e-06
       21838.850   2.0367143e-06
       21852.150   2.0342792e-06
       21865.450   2.0313585e-06
       21878.750   2.0284367e-06
       21892.050   2.0255139e-06
       21905.350   2.0225898e-06
       21918.650   2.0196649e-06
       21931.950   2.0167387e-06
       21945.250   2.0138116e-06
       21958.550   2.0081950e-06
       21971.850   2.0010832e-06
       21985.150   1.9939695e-06
       21998.450   1.9868537e-06
       22011.750   1.9797359e-06
       22025.050   1.9726160e-06
       22038.350   1.9654940e-06
       22051.650   1.9593955e-06
       22064.950   1.9605359e-06
       22078.250   1.9616762e-06
       22091.550   1.9628164e-06
       22104.850   1.9639564e-06
       22118.150   1.9650964e-06
       22131.450   1.9662362e-06
       22144.750   1.9673759e-06
       22158.050   1.9646191e-06
       22171.350   1.9593199e-06
       22184.650   1.9540191e-06
       22197.950   1.9487167e-06
       22211.250   1.9434129e-06
       22224.550   1.9381074e-06
       22237.850   1.9328005e-06
       22251.150   1.9277401e-06
       22264.450   1.9253014e-06
       22277.750   1.9228617e-06
       22291.050   1.9204211e-06
       22304.350   1.9179797e-06
       22317.650   1.9155373e-06
       22330.950   1.9130941e-06
       22344.250   1.9106499e-06
       22357.550   1.9081349e-06
       22370.850   1.9055659e-06
       22384.150   1.9029958e-06
       22397.450   1.9004249e-06
       22410.750   1.8978531e-06
       22424.050   1.8952803e-06
       22437.350   1.8927067e-06
       22450.650   1.8901105e-06
       22463.950   1.8870897e-06
       22477.250   1.8840680e-06
       22490.550   1.8810453e-06
       22503.850   1.8780217e-06
       22517.150   1.8749970e-06
       22530.450   1.8719713e-06
       22543.750   1.8689448e-06
       22557.050   1.8648800e-06
       22570.350   1.8598949e-06
       22583.650   1.8549083e-06
       22596.950   1.8499202e-06
       22610.250   1.8449309e-06
       22623.550   1.8399400e-06
       22636.850   1.8349478e-06
       22650.150   1.8300021e-06
       22663.450   1.8292486e-06
       22676.750   1.8284947e-06
       22690.050   1.8277401e-06
       22703.350   1.8269852e-06
       22716.650   1.8262299e-06
       22729.950   1.8254740e-06
       22743.250   1.8247176e-06
       22756.550   1.8219814e-06
       22769.850   1.8172045e-06
       22783.150   1.8124262e-06
       22796.450   1.8076466e-06
       22809.750   1.8028657e-06
       22823.050   1.7980834e-06
       22836.350   1.7932998e-06
       22849.650   1.7885150e-06
       22862.950   1.7536321e-06
       22876.250   1.7179282e-06
       22889.550   1.6822165e-06
       22902.850   1.6464971e-06
       22916.150   1.6107700e-06
       22929.450   1.5750354e-06
       22942.750   1.5392930e-06
       22956.050   1.5253327e-06
       22969.350   1.5374837e-06
       22982.650   1.5496369e-06
       22995.950   1.5617924e-06
       23009.250   1.5739500e-06
       23022.550   1.5861100e-06
       23035.850   1.5982721e-06
       23049.150   1.6104364e-06
       23062.450   1.6110041e-06
       23075.750   1.6107794e-06
       23089.050   1.6105546e-06
       23102.350   1.6103295e-06
       23115.650   1.6101040e-06
       23128.950   1.6098782e-06
       23142.250   1.6096521e-06
       23155.550   1.5971324e-06
       23168.850   1.5674417e-06
       23182.150   1.5377447e-06
       23195.450   1.5080416e-06
       23208.750   1.4783323e-06
       23222.050   1.4486168e-06
       23235.350   1.4188951e-06
       23248.650   1.3891673e-06
       23261.950   1.3980151e-06
       23275.250   1.4112234e-06
       23288.550   1.4244342e-06
       23301.850   1.4376474e-06
       23315.150   1.4508629e-06
       23328.450   1.4640809e-06
       23341.750   1.4773013e-06
       23355.050   1.4825877e-06
       23368.350   1.4749084e-06
       23381.650   1.4672274e-06
       23394.950   1.4595446e-06
       23408.250   1.4518602e-06
       23421.550   1.4441739e-06
       23434.850   1.4364860e-06
       23448.150   1.4287963e-06
       23461.450   1.4112625e-06
       23474.750   1.3921346e-06
       23488.050   1.3730028e-06
       23501.350   1.3538672e-06
       23514.650   1.3347275e-06
       23527.950   1.3155839e-06
       23541.250   1.2964366e-06
       23554.550   1.2880832e-06
       23567.850   1.3004954e-06
       23581.150   1.3129098e-06
       23594.450   1.3253264e-06
       23607.750   1.3377451e-06
       23621.050   1.3501662e-06
       23634.350   1.3625892e-06
       23647.650   1.3750145e-06
       23660.950   1.3716766e-06
       23674.250   1.3649541e-06
       23687.550   1.3582301e-06
       23700.850   1.3515046e-06
       23714.150   1.3447777e-06
       23727.450   1.3380492e-06
       23740.750   1.3313194e-06
       23754.050   1.3220454e-06
       23767.350   1.3069617e-06
       23780.650   1.2918750e-06
       23793.950   1.2767852e-06
       23807.250   1.2616925e-06
       23820.550   1.2465967e-06
       23833.850   1.2314979e-06
       23847.150   1.2163961e-06
       23860.450   1.2203747e-06
       23873.750   1.2295590e-06
       23887.050   1.2387448e-06
       23900.350   1.2479320e-06
       23913.650   1.2571208e-06
       23926.950   1.2663112e-06
       23940.250   1.2755031e-06
       23953.550   1.2811325e-06
       23966.850   1.2769741e-06
       23980.150   1.2728147e-06
       23993.450   1.2686544e-06
       24006.750   1.2644930e-06
       24020.050   1.2603308e-06
       24033.350   1.2561676e-06
       24046.650   1.2520035e-06
       24059.950   1.2407092e-06
       24073.250   1.2270121e-06
       24086.550   1.2133123e-06
       24099.850   1.1996100e-06
       24113.150   1.1859049e-06
       24126.450   1.1721972e-06
       24139.750   1.1584868e-06
       24153.050   1.1488822e-06
       24166.350   1.1530839e-06
       24179.650   1.1572862e-06
       24192.950   1.1614892e-06
       24206.250   1.1656926e-06
       24219.550   1.1698967e-06
       24232.850   1.1741014e-06
       24246.150   1.1783067e-06
       24259.450   1.1765594e-06
       24272.750   1.1723860e-06
       24286.050   1.1682118e-06
       24299.350   1.1640366e-06
       24312.650   1.1598606e-06
       24325.950   1.1556837e-06
       24339.250   1.1515059e-06
       24352.550   1.1465531e-06
       24365.850   1.1383356e-06
       24379.150   1.1301165e-06
       24392.450   1.1218959e-06
       24405.750   1.1136736e-06
       24419.050   1.1054497e-06
       24432.350   1.0972243e-06
       24445.650   1.0889972e-06
       24458.950   1.0841117e-06
       24472.250   1.0808502e-06
       24485.550   1.0775878e-06
       24498.850   1.0743249e-06
       24512.150   1.0710613e-06
       24525.450   1.0677968e-06
       24538.750   1.0645318e-06
       24552.050   1.0617815e-06
       24565.350   1.0618599e-06
       24578.650   1.0619383e-06
       24591.950   1.0620165e-06
       24605.250   1.0620946e-06
       24618.550   1.0621725e-06
       24631.850   1.0622504e-06
       24645.150   1.0623281e-06
       24658.450   1.0586232e-06
       24671.750   1.0527463e-06
       24685.050   1.0468684e-06
       24698.350   1.0409892e-06
       24711.650   1.0351090e-06
       24724.950   1.0292276e-06
       24738.250   1.0233451e-06
       24751.550   1.0166410e-06
       24764.850   1.0037155e-06
       24778.150   9.9078765e-07
       24791.450   9.7785759e-07
       24804.750   9.6492513e-07
       24818.050   9.5199043e-07
       24831.350   9.3905341e-07
       24844.650   9.2611409e-07
       24857.950   9.1941301e-07
       24871.250   9.1691061e-07
       24884.550   9.1440766e-07
       24897.850   9.1190422e-07
       24911.150   9.0940023e-07
       24924.450   9.0689575e-07
       24937.750   9.0439067e-07
       24951.050   9.0219247e-07
       24964.350   9.0358016e-07
       24977.650   9.0496795e-07
       24990.950   9.0635584e-07
       25004.250   9.0774383e-07
       25017.550   9.0913197e-07
       25030.850   9.1052021e-07
       25044.150   9.1190861e-07
       25057.450   9.0834965e-07
       25070.750   9.0090476e-07
       25084.050   8.9345858e-07
       25097.350   8.8601105e-07
       25110.650   8.7856223e-07
       25123.950   8.7111202e-07
       25137.250   8.6366058e-07
       25150.550   8.5663064e-07
       25163.850   8.5940363e-07
       25177.150   8.6217701e-07
       25190.450   8.6495065e-07
       25203.750   8.6772473e-07
       25217.050   8.7049907e-07
       25230.350   8.7327380e-07
       25243.650   8.7604890e-07
       25256.950   8.7714713e-07
       25270.250   8.7671306e-07
       25283.550   8.7627873e-07
       25296.850   8.7584427e-07
       25310.150   8.7540967e-07
       25323.450   8.7497487e-07
       25336.750   8.7453988e-07
       25350.050   8.7409828e-07
       25363.350   8.7194190e-07
       25376.650   8.6978512e-07
       25389.950   8.6762786e-07
       25403.250   8.6547020e-07
       25416.550   8.6331207e-07
       25429.850   8.6115348e-07
       25443.150   8.5899448e-07
       25456.450   8.5754234e-07
       25469.750   8.5684117e-07
       25483.050   8.5613976e-07
       25496.350   8.5543817e-07
       25509.650   8.5473635e-07
       25522.950   8.5403436e-07
       25536.250   8.5333213e-07
       25549.550   8.5262973e-07
       25562.850   8.5334290e-07
       25576.150   8.5410565e-07
       25589.450   8.5486844e-07
       25602.750   8.5563129e-07
       25616.050   8.5639414e-07
       25629.350   8.5715698e-07
       25642.650   8.5791988e-07
       25655.950   8.5885024e-07
       25669.250   8.5998745e-07
       25682.550   8.6112472e-07
       25695.850   8.6226209e-07
       25709.150   8.6339958e-07
       25722.450   8.6453711e-07
       25735.750   8.6567469e-07
       25749.050   8.6681238e-07
       25762.350   8.6369196e-07
       25775.650   8.6024335e-07
       25788.950   8.5679409e-07
       25802.250   8.5334424e-07
       25815.550   8.4989381e-07
       25828.850   8.4644273e-07
       25842.150   8.4299100e-07
       25855.450   8.4137112e-07
       25868.750   8.4239037e-07
       25882.050   8.4340965e-07
       25895.350   8.4442896e-07
       25908.650   8.4544842e-07
       25921.950   8.4646791e-07
       25935.250   8.4748744e-07
       25948.550   8.4850705e-07
       25961.850   8.4927634e-07
       25975.150   8.5001498e-07
       25988.450   8.5075361e-07
       26001.750   8.5149234e-07
       26015.050   8.5223101e-07
       26028.350   8.5296977e-07
       26041.650   8.5370853e-07
       26054.950   8.5348726e-07
       26068.250   8.5164634e-07
       26081.550   8.4980508e-07
       26094.850   8.4796344e-07
       26108.150   8.4612146e-07
       26121.450   8.4427908e-07
       26134.750   8.4243638e-07
       26148.050   8.4059328e-07
       26161.350   8.3912063e-07
       26174.650   8.3771129e-07
       26187.950   8.3630173e-07
       26201.250   8.3489179e-07
       26214.550   8.3348164e-07
       26227.850   8.3207117e-07
       26241.150   8.3066043e-07
       26254.450   8.2983950e-07
       26267.750   8.3019212e-07
       26281.050   8.3054467e-07
       26294.350   8.3089721e-07
       26307.650   8.3124973e-07
       26320.950   8.3160225e-07
       26334.250   8.3195469e-07
       26347.550   8.3230708e-07
       26360.850   8.3141053e-07
       26374.150   8.3023177e-07
       26387.450   8.2905277e-07
       26400.750   8.2787349e-07
       26414.050   8.2669397e-07
       26427.350   8.2551418e-07
       26440.650   8.2433415e-07
       26453.950   8.2319099e-07
       26467.250   8.2213540e-07
       26480.550   8.2107960e-07
       26493.850   8.2002359e-07
       26507.150   8.1896731e-07
       26520.450   8.1791083e-07
       26533.750   8.1685407e-07
       26547.050   8.1579716e-07
       26560.350   8.1438273e-07
       26573.650   8.1286615e-07
       26586.950   8.1134930e-07
       26600.250   8.0983218e-07
       26613.550   8.0831478e-07
       26626.850   8.0679705e-07
       26640.150   8.0527905e-07
       26653.450   8.0441438e-07
       26666.750   8.0541567e-07
       26680.050   8.0641705e-07
       26693.350   8.0741845e-07
       26706.650   8.0841998e-07
       26719.950   8.0942154e-07
       26733.250   8.1042313e-07
       26746.550   8.1142479e-07
       26759.850   8.1043638e-07
       26773.150   8.0875054e-07
       26786.450   8.0706447e-07
       26799.750   8.0537805e-07
       26813.050   8.0369134e-07
       26826.350   8.0200428e-07
       26839.650   8.0031698e-07
       26852.950   7.9853374e-07
       26866.250   7.9641468e-07
       26879.550   7.9429533e-07
       26892.850   7.9217558e-07
       26906.150   7.9005542e-07
       26919.450   7.8793498e-07
       26932.750   7.8581413e-07
       26946.050   7.8369294e-07
       26959.350   7.8298151e-07
       26972.650   7.8286563e-07
       26985.950   7.8274973e-07
       26999.250   7.8263365e-07
       27012.550   7.8251755e-07
       27025.850   7.8240133e-07
       27039.150   7.8228508e-07
       27052.450   7.8197588e-07
       27065.750   7.8081282e-07
       27079.050   7.7964951e-07
       27092.350   7.7848598e-07
       27105.650   7.7732224e-07
       27118.950   7.7615828e-07
       27132.250   7.7499406e-07
       27145.550   7.7382963e-07
       27158.850   7.7335398e-07
       27172.150   7.7322467e-07
       27185.450   7.7309524e-07
       27198.750   7.7296574e-07
       27212.050   7.7283616e-07
       27225.350   7.7270650e-07
       27238.650   7.7257673e-07
       27251.950   7.7216969e-07
       27265.250   7.7014911e-07
       27278.550   7.6812820e-07
       27291.850   7.6610691e-07
       27305.150   7.6408536e-07
       27318.450   7.6206344e-07
       27331.750   7.6004119e-07
       27345.050   7.5801858e-07
       27358.350   7.5744017e-07
       27371.650   7.5771793e-07
       27384.950   7.5799568e-07
       27398.250   7.5827341e-07
       27411.550   7.5855112e-07
       27424.850   7.5882876e-07
       27438.150   7.5910638e-07
       27451.450   7.5925713e-07
       27464.750   7.5837109e-07
       27478.050   7.5748484e-07
       27491.350   7.5659846e-07
       27504.650   7.5571187e-07
       27517.950   7.5482511e-07
       27531.250   7.5393818e-07
       27544.550   7.5305108e-07
       27557.850   7.5176945e-07
       27571.150   7.5021382e-07
       27584.450   7.4865799e-07
       27597.750   7.4710185e-07
       27611.050   7.4554542e-07
       27624.350   7.4398878e-07
       27637.650   7.4243184e-07
       27650.950   7.4089099e-07
       27664.250   7.3956163e-07
       27677.550   7.3823204e-07
       27690.850   7.3690219e-07
       27704.150   7.3557216e-07
       27717.450   7.3424187e-07
       27730.750   7.3291140e-07
       27744.050   7.3158066e-07
       27757.350   7.3092708e-07
       27770.650   7.3082176e-07
       27783.950   7.3071632e-07
       27797.250   7.3061086e-07
       27810.550   7.3050529e-07
       27823.850   7.3039966e-07
       27837.150   7.3029395e-07
       27850.450   7.3018007e-07
       27863.750   7.2983435e-07
       27877.050   7.2948853e-07
       27890.350   7.2914257e-07
       27903.650   7.2879656e-07
       27916.950   7.2845041e-07
       27930.250   7.2810417e-07
       27943.550   7.2775783e-07
       27956.850   7.2692494e-07
       27970.150   7.2563384e-07
       27983.450   7.2434247e-07
       27996.750   7.2305095e-07
       28010.050   7.2175916e-07
       28023.350   7.2046717e-07
       28036.650   7.1917501e-07
       28049.950   7.1788259e-07
       28063.250   7.1642998e-07
       28076.550   7.1497649e-07
       28089.850   7.1352282e-07
       28103.150   7.1206892e-07
       28116.450   7.1061474e-07
       28129.750   7.0916038e-07
       28143.050   7.0770575e-07
       28156.350   7.0670362e-07
       28169.650   7.0619685e-07
       28182.950   7.0568996e-07
       28196.250   7.0518296e-07
       28209.550   7.0467585e-07
       28222.850   7.0416863e-07
       28236.150   7.0366125e-07
       28249.450   7.0315381e-07
       28262.750   7.0232251e-07
       28276.050   7.0147714e-07
       28289.350   7.0063158e-07
       28302.650   6.9978586e-07
       28315.950   6.9894000e-07
       28329.250   6.9809398e-07
       28342.550   6.9724781e-07
       28355.850   6.9602450e-07
       28369.150   6.9432084e-07
       28382.450   6.9261694e-07
       28395.750   6.9091274e-07
       28409.050   6.8920834e-07
       28422.350   6.8750364e-07
       28435.650   6.8579873e-07
       28448.950   6.8409353e-07
       28462.250   6.8364242e-07
       28475.550   6.8329868e-07
       28488.850   6.8295485e-07
       28502.150   6.8261098e-07
       28515.450   6.8226697e-07
       28528.750   6.8192287e-07
       28542.050   6.8157869e-07
       28555.350   6.8111485e-07
       28568.650   6.8047324e-07
       28581.950   6.7983150e-07
       28595.250   6.7918963e-07
       28608.550   6.7854760e-07
       28621.850   6.7790549e-07
       28635.150   6.7726326e-07
       28648.450   6.7662091e-07
       28661.750   6.7567276e-07
       28675.050   6.7468419e-07
       28688.350   6.7369545e-07
       28701.650   6.7270651e-07
       28714.950   6.7171745e-07
       28728.250   6.7072819e-07
       28741.550   6.6973880e-07
       28754.850   6.6875815e-07
       28768.150   6.6779295e-07
       28781.450   6.6682754e-07
       28794.750   6.6586198e-07
       28808.050   6.6489630e-07
       28821.350   6.6393042e-07
       28834.650   6.6296439e-07
       28847.950   6.6199824e-07
       28861.250   6.6094839e-07
       28874.550   6.5988315e-07
       28887.850   6.5881779e-07
       28901.150   6.5775222e-07
       28914.450   6.5668648e-07
       28927.750   6.5562061e-07
       28941.050   6.5455454e-07
       28954.350   6.5365265e-07
       28967.650   6.5308875e-07
       28980.950   6.5252478e-07
       28994.250   6.5196066e-07
       29007.550   6.5139643e-07
       29020.850   6.5083214e-07
       29034.150   6.5026769e-07
       29047.450   6.4970314e-07
       29060.750   6.4881759e-07
       29074.050   6.4785573e-07
       29087.350   6.4689375e-07
       29100.650   6.4593158e-07
       29113.950   6.4496926e-07
       29127.250   6.4400683e-07
       29140.550   6.4304420e-07
       29153.850   6.4187349e-07
       29167.150   6.4019202e-07
       29180.450   6.3851036e-07
       29193.750   6.3682843e-07
       29207.050   6.3514631e-07
       29220.350   6.3346396e-07
       29233.650   6.3178134e-07
       29246.950   6.3009853e-07
       29260.250   6.2957601e-07
       29273.550   6.2939868e-07
       29286.850   6.2922133e-07
       29300.150   6.2904391e-07
       29313.450   6.2886643e-07
       29326.750   6.2868889e-07
       29340.050   6.2851129e-07
       29353.350   6.2810671e-07
       29366.650   6.2702803e-07
       29379.950   6.2594920e-07
       29393.250   6.2487020e-07
       29406.550   6.2379105e-07
       29419.850   6.2271177e-07
       29433.150   6.2163229e-07
       29446.450   6.2055266e-07
       29459.750   6.1966879e-07
       29473.050   6.1885607e-07
       29486.350   6.1804326e-07
       29499.650   6.1723029e-07
       29512.950   6.1641722e-07
       29526.250   6.1560402e-07
       29539.550   6.1479069e-07
       29552.850   6.1402140e-07
       29566.150   6.1341416e-07
       29579.450   6.1280680e-07
       29592.750   6.1219934e-07
       29606.050   6.1159181e-07
       29619.350   6.1098413e-07
       29632.650   6.1037635e-07
       29645.950   6.0976846e-07
       29659.250   6.0906220e-07
       29672.550   6.0831273e-07
       29685.850   6.0756318e-07
       29699.150   6.0681351e-07
       29712.450   6.0606371e-07
       29725.750   6.0531376e-07
       29739.050   6.0456373e-07
       29752.350   6.0378025e-07
       29765.650   6.0284142e-07
       29778.950   6.0190240e-07
       29792.250   6.0096325e-07
       29805.550   6.0002400e-07
       29818.850   5.9908457e-07
       29832.150   5.9814503e-07
       29845.450   5.9720532e-07
       29858.750   5.9637993e-07
       29872.050   5.9561391e-07
       29885.350   5.9484777e-07
       29898.650   5.9408151e-07
       29911.950   5.9331513e-07
       29925.250   5.9254867e-07
       29938.550   5.9178205e-07
       29951.850   5.9103783e-07
       29965.150   5.9043263e-07
       29978.450   5.8982736e-07
       29991.750   5.8922199e-07
       30005.050   5.8861652e-07
       30018.350   5.8801095e-07
       30031.650   5.8740527e-07
       30044.950   5.8679953e-07
       30058.250   5.8635641e-07
       30071.550   5.8601288e-07
       30084.850   5.8566927e-07
       30098.150   5.8532555e-07
       30111.450   5.8498179e-07
       30124.750   5.8463796e-07
       30138.050   5.8429409e-07
       30151.350   5.8391258e-07
       30164.650   5.8319877e-07
       30177.950   5.8248489e-07
       30191.250   5.8177090e-07
       30204.550   5.8105679e-07
       30217.850   5.8034258e-07
       30231.150   5.7962825e-07
       30244.450   5.7891381e-07
       30257.750   5.7824869e-07
       30271.050   5.7761880e-07
       30284.350   5.7698884e-07
       30297.650   5.7635879e-07
       30310.950   5.7572863e-07
       30324.250   5.7509836e-07
       30337.550   5.7446800e-07
       30350.850   5.7386343e-07
       30364.150   5.7363753e-07
       30377.450   5.7341160e-07
       30390.750   5.7318562e-07
       30404.050   5.7295957e-07
       30417.350   5.7273346e-07
       30430.650   5.7250729e-07
       30443.950   5.7228109e-07
       30457.250   5.7184767e-07
       30470.550   5.7124125e-07
       30483.850   5.7063477e-07
       30497.150   5.7002819e-07
       30510.450   5.6942154e-07
       30523.750   5.6881477e-07
       30537.050   5.6820793e-07
       30550.350   5.6760377e-07
       30563.650   5.6710231e-07
       30576.950   5.6660077e-07
       30590.250   5.6609914e-07
       30603.550   5.6559745e-07
       30616.850   5.6509565e-07
       30630.150   5.6459379e-07
       30643.450   5.6409184e-07
       30656.750   5.6369456e-07
       30670.050   5.6339879e-07
       30683.350   5.6310298e-07
       30696.650   5.6280708e-07
       30709.950   5.6251114e-07
       30723.250   5.6221513e-07
       30736.550   5.6191909e-07
       30749.850   5.6162295e-07
       30763.150   5.6092135e-07
       30776.450   5.6021502e-07
       30789.750   5.5950859e-07
       30803.050   5.5880204e-07
       30816.350   5.5809539e-07
       30829.650   5.5738868e-07
       30842.950   5.5668185e-07
       30856.250   5.5616945e-07
       30869.550   5.5587640e-07
       30882.850   5.5558328e-07
       30896.150   5.5529013e-07
       30909.450   5.5499691e-07
       30922.750   5.5470364e-07
       30936.050   5.5441029e-07
       30949.350   5.5411688e-07
       30962.650   5.5387879e-07
       30975.950   5.5364350e-07
       30989.250   5.5340814e-07
       31002.550   5.5317272e-07
       31015.850   5.5293727e-07
       31029.150   5.5270173e-07
       31042.450   5.5246617e-07
       31055.750   5.5193749e-07
       31069.050   5.5102389e-07
       31082.350   5.5011021e-07
       31095.650   5.4919641e-07
       31108.950   5.4828248e-07
       31122.250   5.4736843e-07
       31135.550   5.4645426e-07
       31148.850   5.4554000e-07
       31162.150   5.4529374e-07
       31175.450   5.4511065e-07
       31188.750   5.4492751e-07
       31202.050   5.4474431e-07
       31215.350   5.4456110e-07
       31228.650   5.4437783e-07
       31241.950   5.4419451e-07
       31255.250   5.4389625e-07
       31268.550   5.4342169e-07
       31281.850   5.4294709e-07
       31295.150   5.4247240e-07
       31308.450   5.4199767e-07
       31321.750   5.4152282e-07
       31335.050   5.4104793e-07
       31348.350   5.4057296e-07
       31361.650   5.4006563e-07
       31374.950   5.3955368e-07
       31388.250   5.3904165e-07
       31401.550   5.3852953e-07
       31414.850   5.3801733e-07
       31428.150   5.3750509e-07
       31441.450   5.3699272e-07
       31454.750   5.3645024e-07
       31468.050   5.3585357e-07
       31481.350   5.3525678e-07
       31494.650   5.3465993e-07
       31507.950   5.3406300e-07
       31521.250   5.3346597e-07
       31534.550   5.3286889e-07
       31547.850   5.3227168e-07
       31561.150   5.3166907e-07
       31574.450   5.3106536e-07
       31587.750   5.3046153e-07
       31601.050   5.2985765e-07
       31614.350   5.2925368e-07
       31627.650   5.2864961e-07
       31640.950   5.2804549e-07
       31654.250   5.2754621e-07
       31667.550   5.2727030e-07
       31680.850   5.2699432e-07
       31694.150   5.2671832e-07
       31707.450   5.2644226e-07
       31720.750   5.2616614e-07
       31734.050   5.2588996e-07
       31747.350   5.2561375e-07
       31760.650   5.2523237e-07
       31773.950   5.2482478e-07
       31787.250   5.2441714e-07
       31800.550   5.2400943e-07
       31813.850   5.2360165e-07
       31827.150   5.2319380e-07
       31840.450   5.2278591e-07
       31853.750   5.2241665e-07
       31867.050   5.2214586e-07
       31880.350   5.2187501e-07
       31893.650   5.2160413e-07
       31906.950   5.2133320e-07
       31920.250   5.2106221e-07
       31933.550   5.2079119e-07
       31946.850   5.2052011e-07
       31960.150   5.2008443e-07
       31973.450   5.1959763e-07
       31986.750   5.1911072e-07
       32000.050   5.1862377e-07
       32013.350   5.1813677e-07
       32026.650   5.1764966e-07
       32039.950   5.1716251e-07
       32053.250   5.1667529e-07
       32066.550   5.1618802e-07
       32079.850   5.1570067e-07
       32093.150   5.1521324e-07
       32106.450   5.1473791e-07
       32119.750   5.1427545e-07
       32133.050   5.1381292e-07
       32146.350   5.1335032e-07
       32159.650   5.1288768e-07
       32172.950   5.1242496e-07
       32186.250   5.1196216e-07
       32199.550   5.1149933e-07
       32212.850   5.1103639e-07
       32226.150   5.1057341e-07
       32239.450   5.1011038e-07
       32252.750   5.0964729e-07
       32266.050   5.0918412e-07
       32279.350   5.0872087e-07
       32292.650   5.0825759e-07
       32305.950   5.0782994e-07
       32319.250   5.0744632e-07
       32332.550   5.0706267e-07
       32345.850   5.0667896e-07
       32359.150   5.0629517e-07
       32372.450   5.0591132e-07
       32385.750   5.0552744e-07
       32399.050   5.0514353e-07
       32412.350   5.0475951e-07
       32425.650   5.0437546e-07
       32438.950   5.0399135e-07
       32452.250   5.0360720e-07
       32465.550   5.0322295e-07
       32478.850   5.0283871e-07
       32492.150   5.0245436e-07
       32505.450   5.0202889e-07
       32518.750   5.0154416e-07
       32532.050   5.0105936e-07
       32545.350   5.0057452e-07
       32558.650   5.0008960e-07
       32571.950   4.9960464e-07
       32585.250   4.9911961e-07
       32598.550   4.9863450e-07
       32611.850   4.9814932e-07
       32625.150   4.9766410e-07
       32638.450   4.9717881e-07
       32651.750   4.9669347e-07
       32665.050   4.9620803e-07
       32678.350   4.9572255e-07
       32691.650   4.9523703e-07
       32704.950   4.9474536e-07
       32718.250   4.9424338e-07
       32731.550   4.9374132e-07
       32744.850   4.9323923e-07
       32758.150   4.9273705e-07
       32771.450   4.9223484e-07
       32784.750   4.9173255e-07
       32798.050   4.9123019e-07
       32811.350   4.9072778e-07
       32824.650   4.9022531e-07
       32837.950   4.8972275e-07
       32851.250   4.8922016e-07
       32864.550   4.8871749e-07
       32877.850   4.8821475e-07
       32891.150   4.8771197e-07
       32904.450   4.8724147e-07
       32917.750   4.8683524e-07
       32931.050   4.8642897e-07
       32944.350   4.8602265e-07
       32957.650   4.8561625e-07
       32970.950   4.8520982e-07
       32984.250   4.8480336e-07
       32997.550   4.8439680e-07
       33010.850   4.8399021e-07
       33024.150   4.8358356e-07
       33037.450   4.8317687e-07
       33050.750   4.8277011e-07
       33064.050   4.8236329e-07
       33077.350   4.8195644e-07
       33090.650   4.8154952e-07
       33103.950   4.8112917e-07
       33117.250   4.8067704e-07
       33130.550   4.8022485e-07
       33143.850   4.7977258e-07
       33157.150   4.7932028e-07
       33170.450   4.7886794e-07
       33183.750   4.7841551e-07
       33197.050   4.7796303e-07
       33210.350   4.7751052e-07
       33223.650   4.7705795e-07
       33236.950   4.7660530e-07
       33250.250   4.7615262e-07
       33263.550   4.7569987e-07
       33276.850   4.7524705e-07
       33290.150   4.7479420e-07
       33303.450   4.7437259e-07
       33316.750   4.7404028e-07
       33330.050   4.7370795e-07
       33343.350   4.7337557e-07
       33356.650   4.7304315e-07
       33369.950   4.7271068e-07
       33383.250   4.7237816e-07
       33396.550   4.7204560e-07
       33409.850   4.7171302e-07
       33423.150   4.7138035e-07
       33436.450   4.7104765e-07
       33449.750   4.7071490e-07
       33463.050   4.7038212e-07
       33476.350   4.7004928e-07
       33489.650   4.6971642e-07
       33502.950   4.6934099e-07
       33516.250   4.6881634e-07
       33529.550   4.6829166e-07
       33542.850   4.6776690e-07
       33556.150   4.6724208e-07
       33569.450   4.6671721e-07
       33582.750   4.6619230e-07
       33596.050   4.6566729e-07
       33609.350   4.6514227e-07
       33622.650   4.6461714e-07
       33635.950   4.6409198e-07
       33649.250   4.6356675e-07
       33662.550   4.6304147e-07
       33675.850   4.6251612e-07
       33689.150   4.6199074e-07
       33702.450   4.6147427e-07
       33715.750   4.6099759e-07
       33729.050   4.6052086e-07
       33742.350   4.6004407e-07
       33755.650   4.5956721e-07
       33768.950   4.5909034e-07
       33782.250   4.5861337e-07
       33795.550   4.5813637e-07
       33808.850   4.5765931e-07
       33822.150   4.5718220e-07
       33835.450   4.5670504e-07
       33848.750   4.5622780e-07
       33862.050   4.5575053e-07
       33875.350   4.5527319e-07
       33888.650   4.5479582e-07
       33901.950   4.5431977e-07
       33915.250   4.5385182e-07
       33928.550   4.5338381e-07
       33941.850   4.5291574e-07
       33955.150   4.5244762e-07
       33968.450   4.5197945e-07
       33981.750   4.5151123e-07
       33995.050   4.5104295e-07
       34008.350   4.5057461e-07
       34021.650   4.5010623e-07
       34034.950   4.4963782e-07
       34048.250   4.4916931e-07
       34061.550   4.4870080e-07
       34074.850   4.4823220e-07
       34088.150   4.4776355e-07
       34101.450   4.4731006e-07
       34114.750   4.4698056e-07
       34128.050   4.4665101e-07
       34141.350   4.4632143e-07
       34154.650   4.4599180e-07
       34167.950   4.4566215e-07
       34181.250   4.4533244e-07
       34194.550   4.4500268e-07
       34207.850   4.4467289e-07
       34221.150   4.4434308e-07
       34234.450   4.4401322e-07
       34247.750   4.4368330e-07
       34261.050   4.4335335e-07
       34274.350   4.4302336e-07
       34287.650   4.4269331e-07
       34300.950   4.4235165e-07
       34314.250   4.4185931e-07
       34327.550   4.4136691e-07
       34340.850   4.4087445e-07
       34354.150   4.4038195e-07
       34367.450   4.3988938e-07
       34380.750   4.3939678e-07
       34394.050   4.3890412e-07
       34407.350   4.3841141e-07
       34420.650   4.3791865e-07
       34433.950   4.3742582e-07
       34447.250   4.3693295e-07
       34460.550   4.3644005e-07
       34473.850   4.3594706e-07
       34487.150   4.3545405e-07
       34500.450   4.3496070e-07
       34513.750   4.3445924e-07
       34527.050   4.3395771e-07
       34540.350   4.3345615e-07
       34553.650   4.3295455e-07
       34566.950   4.3245288e-07
       34580.250   4.3195118e-07
       34593.550   4.3144939e-07
       34606.850   4.3094759e-07
       34620.150   4.3044572e-07
       34633.450   4.2994379e-07
       34646.750   4.2944183e-07
       34660.050   4.2893980e-07
       34673.350   4.2843773e-07
       34686.650   4.2793560e-07
       34699.950   4.2743341e-07
       34713.250   4.2691016e-07
       34726.550   4.2638674e-07
       34739.850   4.2586327e-07
       34753.150   4.2533978e-07
       34766.450   4.2481621e-07
       34779.750   4.2429259e-07
       34793.050   4.2376892e-07
       34806.350   4.2324519e-07
       34819.650   4.2272143e-07
       34832.950   4.2219760e-07
       34846.250   4.2167373e-07
       34859.550   4.2114980e-07
       34872.850   4.2062583e-07
       34886.150   4.2010179e-07
       34899.450   4.1957772e-07
       34912.750   4.1916976e-07
       34926.050   4.1876677e-07
       34939.350   4.1836373e-07
       34952.650   4.1796064e-07
       34965.950   4.1755751e-07
       34979.250   4.1715436e-07
       34992.550   4.1675115e-07
       35005.850   4.1634789e-07
       35019.150   4.1594460e-07
       35032.450   4.1554128e-07
       35045.750   4.1513788e-07
       35059.050   4.1473448e-07
       35072.350   4.1433102e-07
       35085.650   4.1392751e-07
       35098.950   4.1352397e-07
       35112.250   4.1300475e-07
       35125.550   4.1247558e-07
       35138.850   4.1194635e-07
       35152.150   4.1141709e-07
       35165.450   4.1088776e-07
       35178.750   4.1035839e-07
       35192.050   4.0982896e-07
       35205.350   4.0929950e-07
       35218.650   4.0876997e-07
       35231.950   4.0824040e-07
       35245.250   4.0771078e-07
       35258.550   4.0718111e-07
       35271.850   4.0665139e-07
       35285.150   4.0612162e-07
       35298.450   4.0559180e-07
       35311.750   4.0507897e-07
       35325.050   4.0456832e-07
       35338.350   4.0405764e-07
       35351.650   4.0354690e-07
       35364.950   4.0303610e-07
       35378.250   4.0252528e-07
       35391.550   4.0201439e-07
       35404.850   4.0150345e-07
       35418.150   4.0099249e-07
       35431.450   4.0048146e-07
       35444.750   3.9997040e-07
       35458.050   3.9945928e-07
       35471.350   3.9894812e-07
       35484.650   3.9843690e-07
       35497.950   3.9792565e-07
       35511.250   3.9748910e-07
       35524.550   3.9706614e-07
       35537.850   3.9664313e-07
       35551.150   3.9622007e-07
       35564.450   3.9579700e-07
       35577.750   3.9537385e-07
       35591.050   3.9495068e-07
       35604.350   3.9452748e-07
       35617.650   3.9410422e-07
       35630.950   3.9368093e-07
       35644.250   3.9325759e-07
       35657.550   3.9283423e-07
       35670.850   3.9241081e-07
       35684.150   3.9198736e-07
       35697.450   3.9156388e-07
       35710.750   3.9109192e-07
       35724.050   3.9060847e-07
       35737.350   3.9012497e-07
       35750.650   3.8964141e-07
       35763.950   3.8915781e-07
       35777.250   3.8867416e-07
       35790.550   3.8819048e-07
       35803.850   3.8770677e-07
       35817.150   3.8722299e-07
       35830.450   3.8673917e-07
       35843.750   3.8625531e-07
       35857.050   3.8577142e-07
       35870.350   3.8528747e-07
       35883.650   3.8480347e-07
       35896.950   3.8431943e-07
       35910.250   3.8391853e-07
       35923.550   3.8354232e-07
       35936.850   3.8316609e-07
       35950.150   3.8278981e-07
       35963.450   3.8241349e-07
       35976.750   3.8203716e-07
       35990.050   3.8166075e-07
       36003.350   3.8128435e-07
       36016.650   3.8090790e-07
       36029.950   3.8053140e-07
       36043.250   3.8015488e-07
       36056.550   3.7977830e-07
       36069.850   3.7940171e-07
       36083.150   3.7902508e-07
       36096.450   3.7864841e-07
       36109.750   3.7817011e-07
       36123.050   3.7765478e-07
       36136.350   3.7713942e-07
       36149.650   3.7662401e-07
       36162.950   3.7610856e-07
       36176.250   3.7559305e-07
       36189.550   3.7507751e-07
       36202.850   3.7456192e-07
       36216.150   3.7404629e-07
       36229.450   3.7353060e-07
       36242.750   3.7301488e-07
       36256.050   3.7249911e-07
       36269.350   3.7198330e-07
       36282.650   3.7146746e-07
       36295.950   3.7095156e-07
       36309.250   3.7045439e-07
       36322.550   3.6996540e-07
       36335.850   3.6947638e-07
       36349.150   3.6898731e-07
       36362.450   3.6849821e-07
       36375.750   3.6800905e-07
       36389.050   3.6751986e-07
       36402.350   3.6703064e-07
       36415.650   3.6654137e-07
       36428.950   3.6605205e-07
       36442.250   3.6556269e-07
       36455.550   3.6507330e-07
       36468.850   3.6458386e-07
       36482.150   3.6409436e-07
       36495.450   3.6360486e-07
       36508.750   3.6314662e-07
       36522.050   3.6270467e-07
       36535.350   3.6226267e-07
       36548.650   3.6182061e-07
       36561.950   3.6137854e-07
       36575.250   3.6093643e-07
       36588.550   3.6049427e-07
       36601.850   3.6005207e-07
       36615.150   3.5960983e-07
       36628.450   3.5916757e-07
       36641.750   3.5872528e-07
       36655.050   3.5828292e-07
       36668.350   3.5784055e-07
       36681.650   3.5739813e-07
       36694.950   3.5695566e-07
       36708.250   3.5646443e-07
       36721.550   3.5594332e-07
       36734.850   3.5542217e-07
       36748.150   3.5490098e-07
       36761.450   3.5437973e-07
       36774.750   3.5385846e-07
       36788.050   3.5333715e-07
       36801.350   3.5281579e-07
       36814.650   3.5229437e-07
       36827.950   3.5177292e-07
       36841.250   3.5125144e-07
       36854.550   3.5072991e-07
       36867.850   3.5020834e-07
       36881.150   3.4968674e-07
       36894.450   3.4916509e-07
       36907.750   3.4867418e-07
       36921.050   3.4820529e-07
       36934.350   3.4773637e-07
       36947.650   3.4726741e-07
       36960.950   3.4679841e-07
       36974.250   3.4632937e-07
       36987.550   3.4586029e-07
       37000.850   3.4539119e-07
       37014.150   3.4492204e-07
       37027.450   3.4445283e-07
       37040.750   3.4398362e-07
       37054.050   3.4351436e-07
       37067.350   3.4304505e-07
       37080.650   3.4257572e-07
       37093.950   3.4210633e-07
       37107.250   3.4170664e-07
       37120.550   3.4136512e-07
       37133.850   3.4102355e-07
       37147.150   3.4068196e-07
       37160.450   3.4034036e-07
       37173.750   3.3999871e-07
       37187.050   3.3965702e-07
       37200.350   3.3931531e-07
       37213.650   3.3897358e-07
       37226.950   3.3863180e-07
       37240.250   3.3829001e-07
       37253.550   3.3794819e-07
       37266.850   3.3760634e-07
       37280.150   3.3726444e-07
       37293.450   3.3692252e-07
       37306.750   3.3649464e-07
       37320.050   3.3598331e-07
       37333.350   3.3547196e-07
       37346.650   3.3496057e-07
       37359.950   3.3444914e-07
       37373.250   3.3393767e-07
       37386.550   3.3342615e-07
       37399.850   3.3291460e-07
       37413.150   3.3240300e-07
       37426.450   3.3189137e-07
       37439.750   3.3137971e-07
       37453.050   3.3086801e-07
       37466.350   3.3035627e-07
       37479.650   3.2984448e-07
       37492.950   3.2933265e-07
       37506.250   3.2891287e-07
       37519.550   3.2859689e-07
       37532.850   3.2828089e-07
       37546.150   3.2796486e-07
       37559.450   3.2764880e-07
       37572.750   3.2733273e-07
       37586.050   3.2701661e-07
       37599.350   3.2670048e-07
       37612.650   3.2638431e-07
       37625.950   3.2606812e-07
       37639.250   3.2575190e-07
       37652.550   3.2543565e-07
       37665.850   3.2511938e-07
       37679.150   3.2480310e-07
       37692.450   3.2448676e-07
       37705.750   3.2412728e-07
       37719.050   3.2371112e-07
       37732.350   3.2329494e-07
       37745.650   3.2287871e-07
       37758.950   3.2246246e-07
       37772.250   3.2204617e-07
       37785.550   3.2162985e-07
       37798.850   3.2121350e-07
       37812.150   3.2079712e-07
       37825.450   3.2038070e-07
       37838.750   3.1996427e-07
       37852.050   3.1954779e-07
       37865.350   3.1913127e-07
       37878.650   3.1871474e-07
       37891.950   3.1829817e-07
       37905.250   3.1790279e-07
       37918.550   3.1753994e-07
       37931.850   3.1717707e-07
       37945.150   3.1681415e-07
       37958.450   3.1645122e-07
       37971.750   3.1608826e-07
       37985.050   3.1572527e-07
       37998.350   3.1536226e-07
       38011.650   3.1499920e-07
       38024.950   3.1463612e-07
       38038.250   3.1427303e-07
       38051.550   3.1390989e-07
       38064.850   3.1354673e-07
       38078.150   3.1318354e-07
       38091.450   3.1282032e-07
       38104.750   3.1246264e-07
       38118.050   3.1211493e-07
       38131.350   3.1176720e-07
       38144.650   3.1141943e-07
       38157.950   3.1107166e-07
       38171.250   3.1072383e-07
       38184.550   3.1037601e-07
       38197.850   3.1002814e-07
       38211.150   3.0968023e-07
       38224.450   3.0933231e-07
       38237.750   3.0898437e-07
       38251.050   3.0863638e-07
       38264.350   3.0828838e-07
       38277.650   3.0794036e-07
       38290.950   3.0759230e-07
       38304.250   3.0724198e-07
       38317.550   3.0688688e-07
       38330.850   3.0653174e-07
       38344.150   3.0617658e-07
       38357.450   3.0582139e-07
       38370.750   3.0546617e-07
       38384.050   3.0511093e-07
       38397.350   3.0475566e-07
       38410.650   3.0440036e-07
       38423.950   3.0404503e-07
       38437.250   3.0368968e-07
       38450.550   3.0333431e-07
       38463.850   3.0297890e-07
       38477.150   3.0262346e-07
       38490.450   3.0226802e-07
       38503.750   3.0189233e-07
       38517.050   3.0146517e-07
       38530.350   3.0103797e-07
       38543.650   3.0061075e-07
       38556.950   3.0018350e-07
       38570.250   2.9975623e-07
       38583.550   2.9932892e-07
       38596.850   2.9890157e-07
       38610.150   2.9847420e-07
       38623.450   2.9804680e-07
       38636.750   2.9761938e-07
       38650.050   2.9719191e-07
       38663.350   2.9676443e-07
       38676.650   2.9633690e-07
       38689.950   2.9590935e-07
       38703.250   2.9550395e-07
       38716.550   2.9516711e-07
       38729.850   2.9483025e-07
       38743.150   2.9449337e-07
       38756.450   2.9415645e-07
       38769.750   2.9381951e-07
       38783.050   2.9348254e-07
       38796.350   2.9314555e-07
       38809.650   2.9280854e-07
       38822.950   2.9247150e-07
       38836.250   2.9213444e-07
       38849.550   2.9179736e-07
       38862.850   2.9146024e-07
       38876.150   2.9112310e-07
       38889.450   2.9078595e-07
       38902.750   2.9045153e-07
       38916.050   2.9012772e-07
       38929.350   2.8980388e-07
       38942.650   2.8948004e-07
       38955.950   2.8915614e-07
       38969.250   2.8883224e-07
       38982.550   2.8850831e-07
       38995.850   2.8818436e-07
       39009.150   2.8786038e-07
       39022.450   2.8753638e-07
       39035.750   2.8721234e-07
       39049.050   2.8688831e-07
       39062.350   2.8656424e-07
       39075.650   2.8624013e-07
       39088.950   2.8591601e-07
       39102.250   2.8558937e-07
       39115.550   2.8525041e-07
       39128.850   2.8491141e-07
       39142.150   2.8457239e-07
       39155.450   2.8423335e-07
       39168.750   2.8389428e-07
       39182.050   2.8355519e-07
       39195.350   2.8321607e-07
       39208.650   2.8287693e-07
       39221.950   2.8253778e-07
       39235.250   2.8219859e-07
       39248.550   2.8185938e-07
       39261.850   2.8152015e-07
       39275.150   2.8118089e-07
       39288.450   2.8084161e-07
       39301.750   2.8049456e-07
       39315.050   2.8009632e-07
       39328.350   2.7969806e-07
       39341.650   2.7929975e-07
       39354.950   2.7890145e-07
       39368.250   2.7850309e-07
       39381.550   2.7810473e-07
       39394.850   2.7770632e-07
       39408.150   2.7730790e-07
       39421.450   2.7690944e-07
       39434.750   2.7651096e-07
       39448.050   2.7611246e-07
       39461.350   2.7571394e-07
       39474.650   2.7531539e-07
       39487.950   2.7491679e-07
       39501.250   2.7452650e-07
       39514.550   2.7421626e-07
       39527.850   2.7390600e-07
       39541.150   2.7359571e-07
       39554.450   2.7328541e-07
       39567.750   2.7297509e-07
       39581.050   2.7266473e-07
       39594.350   2.7235436e-07
       39607.650   2.7204398e-07
       39620.950   2.7173356e-07
       39634.250   2.7142312e-07
       39647.550   2.7111267e-07
       39660.850   2.7080219e-07
       39674.150   2.7049169e-07
       39687.450   2.7018118e-07
       39700.750   2.6986471e-07
       39714.050   2.6944914e-07
       39727.350   2.6903355e-07
       39740.650   2.6861792e-07
       39753.950   2.6820227e-07
       39767.250   2.6778660e-07
       39780.550   2.6737089e-07
       39793.850   2.6695516e-07
       39807.150   2.6653941e-07
       39820.450   2.6612363e-07
       39833.750   2.6570782e-07
       39847.050   2.6529199e-07
       39860.350   2.6487612e-07
       39873.650   2.6446024e-07
       39886.950   2.6404433e-07
       39900.250   2.6363165e-07
       39913.550   2.6338902e-07
       39926.850   2.6314639e-07
       39940.150   2.6290373e-07
       39953.450   2.6266105e-07
       39966.750   2.6241837e-07
       39980.050   2.6217565e-07
       39993.350   2.6193292e-07
