9.100000e+01 5.578266e-09
9.400000e+01 7.686724e-09
9.600000e+01 9.392554e-09
9.800000e+01 1.136458e-08
1.000000e+02 1.362464e-08
1.020000e+02 1.619379e-08
1.040000e+02 1.909234e-08
1.060000e+02 2.233918e-08
1.080000e+02 2.595206e-08
1.100000e+02 2.994707e-08
1.140000e+02 3.913995e-08
1.180000e+02 5.001141e-08
1.210000e+02 5.930597e-08
1.250000e+02 7.324849e-08
1.270000e+02 8.088671e-08
1.280000e+02 8.487204e-08
1.310000e+02 9.748759e-08
1.320000e+02 1.019112e-07
1.340000e+02 1.110792e-07
1.370000e+02 1.256269e-07
1.400000e+02 1.410895e-07
1.430000e+02 1.574315e-07
1.470000e+02 1.805116e-07
1.510000e+02 2.049563e-07
1.550000e+02 2.306340e-07
1.590000e+02 2.574030e-07
1.620000e+02 2.781132e-07
1.660000e+02 3.064437e-07
1.700000e+02 3.354611e-07
1.730000e+02 3.575855e-07
1.770000e+02 3.874535e-07
1.800000e+02 4.100509e-07
1.820000e+02 4.251810e-07
1.860000e+02 4.555118e-07
1.910000e+02 4.934108e-07
1.940000e+02 5.160546e-07
1.980000e+02 5.460358e-07
2.020000e+02 5.756834e-07
2.050000e+02 5.976490e-07
2.100000e+02 6.336263e-07
2.160000e+02 6.755882e-07
2.200000e+02 7.027265e-07
2.230000e+02 7.225980e-07
2.270000e+02 7.484135e-07
2.300000e+02 4.740647e-06
2.340000e+02 4.659509e-06
2.400000e+02 4.552140e-06
2.460000e+02 4.463318e-06
2.520000e+02 4.374723e-06
2.570000e+02 4.211542e-06
2.600000e+02 4.218108e-06
2.640000e+02 4.191586e-06
2.690000e+02 4.099091e-06
2.740000e+02 4.005788e-06
2.790000e+02 3.886453e-06
2.840000e+02 3.821223e-06
2.900000e+02 3.708141e-06
2.960000e+02 3.566604e-06
3.010000e+02 3.368801e-06
3.080000e+02 3.283836e-06
3.180000e+02 3.190151e-06
3.280000e+02 3.035538e-06
3.380000e+02 2.879194e-06
3.480000e+02 2.732472e-06
3.570000e+02 2.622590e-06
3.660000e+02 2.523179e-06
3.750000e+02 2.410528e-06
3.850000e+02 2.275267e-06
3.950000e+02 2.185170e-06
4.050000e+02 2.091139e-06
4.140000e+02 2.003320e-06
4.220000e+02 1.922934e-06
4.300000e+02 1.848631e-06
4.410000e+02 1.765782e-06
4.510000e+02 1.687157e-06
4.600000e+02 1.613563e-06
4.700000e+02 1.542155e-06
4.800000e+02 1.478824e-06
4.900000e+02 1.408591e-06
5.000000e+02 1.355305e-06
5.060000e+02 1.339816e-06
5.120000e+02 1.372500e-06
5.200000e+02 1.324515e-06
5.300000e+02 1.270387e-06
5.400000e+02 1.203845e-06
5.500000e+02 1.157692e-06
5.600000e+02 1.134028e-06
5.700000e+02 1.094068e-06
5.800000e+02 1.048360e-06
5.900000e+02 1.015612e-06
6.000000e+02 9.750089e-07
6.100000e+02 9.373861e-07
6.200000e+02 9.181912e-07
6.300000e+02 8.869370e-07
6.400000e+02 8.629250e-07
6.500000e+02 8.358805e-07
6.580000e+02 8.134596e-07
6.650000e+02 8.037079e-07
6.750000e+02 7.861691e-07
6.850000e+02 7.621334e-07
6.950000e+02 7.540978e-07
7.050000e+02 7.340497e-07
7.160000e+02 7.316714e-07
7.260000e+02 7.255432e-07
7.350000e+02 7.221713e-07
7.450000e+02 7.195346e-07
7.550000e+02 7.208915e-07
7.650000e+02 7.229839e-07
7.750000e+02 7.348497e-07
7.850000e+02 7.471340e-07
7.950000e+02 7.643382e-07
8.050000e+02 7.865762e-07
8.150000e+02 8.124949e-07
8.250000e+02 8.442639e-07
8.350000e+02 8.683387e-07
8.450000e+02 9.201850e-07
8.550000e+02 9.650883e-07
8.650000e+02 1.021449e-06
8.750000e+02 1.081392e-06
8.850000e+02 1.149102e-06
8.950000e+02 1.222636e-06
9.050000e+02 1.293142e-06
9.150000e+02 2.588994e-06
9.250000e+02 6.923774e-06
9.350000e+02 1.572485e-05
9.450000e+02 1.026196e-04
9.550000e+02 4.823137e-04
9.650000e+02 7.196041e-04
9.750000e+02 1.600346e-04
9.850000e+02 1.909898e-03
9.950000e+02 2.632814e-03
1.005000e+03 2.732087e-03
1.015000e+03 1.366898e-03
1.025000e+03 6.502623e-05
1.035000e+03 9.942154e-04
1.045000e+03 2.880721e-03
1.055000e+03 3.451357e-03
1.065000e+03 3.329805e-03
1.075000e+03 3.659666e-03
1.085000e+03 3.448390e-03
1.095000e+03 3.635759e-03
1.105000e+03 3.503851e-03
1.115000e+03 3.460517e-03
1.125000e+03 3.327766e-03
1.135000e+03 3.417342e-03
1.145000e+03 3.229041e-03
1.155000e+03 3.213454e-03
1.165000e+03 3.231320e-03
1.175000e+03 2.928187e-03
1.185000e+03 2.795482e-03
1.195000e+03 1.908395e-03
1.205000e+03 9.461552e-04
1.215000e+03 7.409049e-05
1.225000e+03 7.520352e-04
1.235000e+03 2.031022e-03
1.245000e+03 2.571364e-03
1.255000e+03 2.736259e-03
1.265000e+03 2.543372e-03
1.275000e+03 2.893130e-03
1.285000e+03 2.995808e-03
1.295000e+03 2.873601e-03
1.305000e+03 2.770159e-03
1.315000e+03 2.970802e-03
1.325000e+03 2.911557e-03
1.335000e+03 2.819967e-03
1.345000e+03 2.935715e-03
1.355000e+03 2.857599e-03
1.365000e+03 2.780119e-03
1.375000e+03 2.779443e-03
1.385000e+03 2.801847e-03
1.395000e+03 2.760811e-03
1.405000e+03 2.760243e-03
1.415000e+03 2.690167e-03
1.425000e+03 2.682343e-03
1.435000e+03 2.628949e-03
1.442000e+03 2.652089e-03
1.447000e+03 2.649876e-03
1.455000e+03 2.615710e-03
1.465000e+03 2.559864e-03
1.475000e+03 2.535347e-03
1.485000e+03 2.503055e-03
1.495000e+03 2.472641e-03
1.505000e+03 2.455551e-03
1.512000e+03 2.413379e-03
1.517000e+03 2.432541e-03
1.525000e+03 2.362576e-03
1.535000e+03 2.299489e-03
1.545000e+03 2.356426e-03
1.555000e+03 2.271065e-03
1.565000e+03 2.183450e-03
1.575000e+03 2.208511e-03
1.585000e+03 2.222082e-03
1.595000e+03 2.241655e-03
1.605000e+03 2.159377e-03
1.615000e+03 2.142056e-03
1.625000e+03 2.066162e-03
1.635000e+03 2.060338e-03
1.645000e+03 2.050112e-03
1.655000e+03 1.947600e-03
1.665000e+03 2.043188e-03
1.672000e+03 1.936656e-03
1.677000e+03 1.972510e-03
1.685000e+03 1.995294e-03
1.695000e+03 1.948032e-03
1.705000e+03 1.903725e-03
1.715000e+03 1.887373e-03
1.725000e+03 1.855371e-03
1.735000e+03 1.885411e-03
1.745000e+03 1.837766e-03
1.755000e+03 1.858455e-03
1.765000e+03 1.753348e-03
1.775000e+03 1.817887e-03
1.785000e+03 1.785115e-03
1.795000e+03 1.795214e-03
1.805000e+03 1.773562e-03
1.815000e+03 1.747613e-03
1.825000e+03 1.731707e-03
1.835000e+03 1.705483e-03
1.845000e+03 1.665459e-03
1.855000e+03 1.639675e-03
1.865000e+03 1.624947e-03
1.875000e+03 1.641528e-03
1.885000e+03 1.609542e-03
1.895000e+03 1.585246e-03
1.905000e+03 1.592848e-03
1.915000e+03 1.558036e-03
1.925000e+03 1.547313e-03
1.935000e+03 1.529930e-03
1.945000e+03 1.544928e-03
1.955000e+03 1.512379e-03
1.967000e+03 1.517389e-03
1.976000e+03 1.502703e-03
1.984000e+03 1.484210e-03
1.995000e+03 1.450121e-03
2.005000e+03 1.445582e-03
2.015000e+03 1.419978e-03
2.025000e+03 1.419644e-03
2.035000e+03 1.409988e-03
2.045000e+03 1.401858e-03
2.055000e+03 1.360716e-03
2.065000e+03 1.357587e-03
2.074000e+03 1.364483e-03
2.078000e+03 1.354680e-03
2.085000e+03 1.356772e-03
2.095000e+03 1.332474e-03
2.105000e+03 1.327621e-03
2.115000e+03 1.317435e-03
2.125000e+03 1.309837e-03
2.135000e+03 1.280181e-03
2.145000e+03 1.284910e-03
2.155000e+03 1.271730e-03
2.165000e+03 1.239867e-03
2.175000e+03 1.230521e-03
2.185000e+03 1.225745e-03
2.195000e+03 1.236224e-03
2.205000e+03 1.205349e-03
2.215000e+03 1.180371e-03
2.225000e+03 1.160392e-03
2.235000e+03 1.188496e-03
2.245000e+03 1.161253e-03
2.255000e+03 1.138461e-03
2.265000e+03 1.129699e-03
2.275000e+03 1.136121e-03
2.285000e+03 1.135789e-03
2.295000e+03 1.109098e-03
2.305000e+03 1.105692e-03
2.315000e+03 1.091927e-03
2.325000e+03 1.001364e-03
2.335000e+03 1.064559e-03
2.345000e+03 1.019505e-03
2.355000e+03 1.047564e-03
2.365000e+03 1.009101e-03
2.375000e+03 1.022493e-03
2.385000e+03 9.797324e-04
2.395000e+03 1.002843e-03
2.405000e+03 9.856702e-04
2.415000e+03 9.833744e-04
2.425000e+03 9.945520e-04
2.435000e+03 9.706166e-04
2.445000e+03 9.773194e-04
2.455000e+03 9.719149e-04
2.465000e+03 9.528805e-04
2.475000e+03 9.424181e-04
2.485000e+03 9.493243e-04
2.495000e+03 9.294513e-04
2.505000e+03 9.493286e-04
2.513000e+03 9.251701e-04
2.518000e+03 9.250871e-04
2.525000e+03 9.006878e-04
2.535000e+03 8.884058e-04
2.545000e+03 8.877821e-04
2.555000e+03 9.041736e-04
2.565000e+03 8.926704e-04
2.575000e+03 9.016597e-04
2.585000e+03 8.981999e-04
2.595000e+03 8.882095e-04
2.605000e+03 8.720164e-04
2.615000e+03 8.628109e-04
2.625000e+03 8.634119e-04
2.635000e+03 8.635767e-04
2.645000e+03 8.901013e-04
2.655000e+03 8.853375e-04
2.665000e+03 8.644799e-04
2.675000e+03 8.696456e-04
2.685000e+03 8.666407e-04
2.695000e+03 8.510742e-04
2.705000e+03 8.480104e-04
2.715000e+03 8.314408e-04
2.725000e+03 8.246197e-04
2.735000e+03 8.308355e-04
2.745000e+03 7.914575e-04
2.755000e+03 7.923733e-04
2.765000e+03 8.044533e-04
2.775000e+03 8.130939e-04
2.785000e+03 8.010091e-04
2.795000e+03 7.381129e-04
2.805000e+03 7.592359e-04
2.815000e+03 7.989947e-04
2.825000e+03 7.950416e-04
2.835000e+03 7.843602e-04
2.845000e+03 7.742693e-04
2.855000e+03 7.631241e-04
2.865000e+03 7.733470e-04
2.875000e+03 7.670745e-04
2.885000e+03 7.658224e-04
2.895000e+03 7.623024e-04
2.910000e+03 7.665847e-04
2.930000e+03 7.506360e-04
2.950000e+03 7.409881e-04
2.970000e+03 7.364594e-04
2.990000e+03 7.292740e-04
3.010000e+03 7.255332e-04
3.030000e+03 7.183632e-04
3.050000e+03 7.116020e-04
3.070000e+03 7.025070e-04
3.090000e+03 6.967886e-04
3.110000e+03 6.887700e-04
3.130000e+03 6.806820e-04
3.150000e+03 6.741820e-04
3.170000e+03 6.694084e-04
3.190000e+03 6.558631e-04
3.210000e+03 6.554886e-04
3.230000e+03 6.456003e-04
3.250000e+03 6.453338e-04
3.270000e+03 6.439288e-04
3.290000e+03 6.382071e-04
3.310000e+03 6.329694e-04
3.330000e+03 6.253918e-04
3.350000e+03 6.178391e-04
3.370000e+03 6.073901e-04
3.390000e+03 6.053512e-04
3.410000e+03 6.018303e-04
3.430000e+03 5.992023e-04
3.450000e+03 5.939195e-04
3.470000e+03 5.886884e-04
3.490000e+03 5.847136e-04
3.510000e+03 5.824603e-04
3.530000e+03 5.757443e-04
3.550000e+03 5.758220e-04
3.570000e+03 5.648055e-04
3.590000e+03 5.587488e-04
3.610000e+03 5.571179e-04
3.630000e+03 5.535911e-04
3.640000e+03 5.515796e-04
3.650000e+03 5.571155e-04
3.670000e+03 5.413682e-04
3.690000e+03 5.301902e-04
3.710000e+03 5.894551e-04
3.730000e+03 6.011436e-04
3.750000e+03 7.231657e-04
3.770000e+03 7.454798e-04
3.790000e+03 8.503569e-04
3.810000e+03 9.466605e-04
3.830000e+03 7.838083e-04
3.850000e+03 1.004050e-03
3.870000e+03 1.072895e-03
3.890000e+03 7.154063e-04
3.910000e+03 1.061347e-03
3.930000e+03 1.049238e-03
3.950000e+03 1.042049e-03
3.970000e+03 6.689024e-04
3.990000e+03 1.013156e-03
4.010000e+03 1.064901e-03
4.030000e+03 1.050827e-03
4.050000e+03 1.046940e-03
4.070000e+03 1.016717e-03
4.090000e+03 8.757837e-04
4.110000e+03 7.179687e-04
4.130000e+03 9.732936e-04
4.150000e+03 9.869125e-04
4.170000e+03 9.820435e-04
4.190000e+03 9.703740e-04
4.210000e+03 9.593781e-04
4.230000e+03 9.458373e-04
4.250000e+03 9.352314e-04
4.270000e+03 9.212327e-04
4.290000e+03 9.029244e-04
4.310000e+03 8.652788e-04
4.330000e+03 7.399306e-04
4.350000e+03 6.547036e-04
4.370000e+03 8.542492e-04
4.390000e+03 8.561391e-04
4.410000e+03 8.569042e-04
4.430000e+03 8.543555e-04
4.450000e+03 8.455584e-04
4.470000e+03 8.299028e-04
4.490000e+03 8.273018e-04
4.510000e+03 8.251436e-04
4.530000e+03 8.114629e-04
4.550000e+03 8.020920e-04
4.570000e+03 8.000844e-04
4.590000e+03 7.891551e-04
4.610000e+03 7.841919e-04
4.630000e+03 7.744990e-04
4.650000e+03 7.676719e-04
4.670000e+03 7.612457e-04
4.690000e+03 7.530852e-04
4.710000e+03 7.405535e-04
4.730000e+03 7.379254e-04
4.750000e+03 7.312664e-04
4.770000e+03 7.230401e-04
4.790000e+03 7.141035e-04
4.810000e+03 7.042524e-04
4.830000e+03 6.858923e-04
4.850000e+03 5.955398e-04
4.870000e+03 5.110400e-04
4.890000e+03 6.577226e-04
4.910000e+03 6.682119e-04
4.930000e+03 6.601063e-04
4.950000e+03 6.604748e-04
4.970000e+03 6.567971e-04
4.990000e+03 6.463088e-04
5.010000e+03 6.356008e-04
5.030000e+03 6.360608e-04
5.050000e+03 6.276790e-04
5.070000e+03 6.253141e-04
5.090000e+03 6.177481e-04
5.110000e+03 6.121814e-04
5.130000e+03 6.053148e-04
5.150000e+03 5.978799e-04
5.170000e+03 5.890871e-04
5.190000e+03 5.856392e-04
5.210000e+03 5.810466e-04
5.230000e+03 5.774393e-04
5.250000e+03 5.753064e-04
5.270000e+03 5.645512e-04
5.290000e+03 5.653846e-04
5.310000e+03 5.611078e-04
5.330000e+03 5.524419e-04
5.350000e+03 5.513845e-04
5.370000e+03 5.456983e-04
5.390000e+03 5.406433e-04
5.410000e+03 5.347747e-04
5.430000e+03 5.305974e-04
5.450000e+03 5.273909e-04
5.470000e+03 5.231919e-04
5.490000e+03 5.194448e-04
5.510000e+03 5.146137e-04
5.530000e+03 5.109265e-04
5.550000e+03 5.078964e-04
5.570000e+03 5.020236e-04
5.590000e+03 4.976660e-04
5.610000e+03 4.941699e-04
5.630000e+03 4.914440e-04
5.650000e+03 4.874811e-04
5.670000e+03 4.824580e-04
5.690000e+03 4.799300e-04
5.710000e+03 4.745426e-04
5.730000e+03 4.732183e-04
5.750000e+03 4.687904e-04
5.770000e+03 4.654926e-04
5.790000e+03 4.612489e-04
5.810000e+03 4.581949e-04
5.830000e+03 4.551445e-04
5.850000e+03 4.506880e-04
5.870000e+03 4.452439e-04
5.890000e+03 4.407061e-04
5.910000e+03 4.405309e-04
5.930000e+03 4.372979e-04
5.950000e+03 4.341292e-04
5.970000e+03 4.311376e-04
5.990000e+03 4.276502e-04
6.010000e+03 4.239426e-04
6.030000e+03 4.211257e-04
6.050000e+03 4.187397e-04
6.070000e+03 4.153069e-04
6.090000e+03 4.119058e-04
6.110000e+03 4.087275e-04
6.130000e+03 4.037454e-04
6.150000e+03 4.019724e-04
6.170000e+03 3.983354e-04
6.190000e+03 3.967681e-04
6.210000e+03 3.940364e-04
6.230000e+03 3.903462e-04
6.250000e+03 3.859410e-04
6.270000e+03 3.855668e-04
6.290000e+03 3.829163e-04
6.310000e+03 3.792435e-04
6.330000e+03 3.771670e-04
6.350000e+03 3.747455e-04
6.370000e+03 3.723783e-04
6.390000e+03 3.698678e-04
6.410000e+03 3.659241e-04
6.430000e+03 3.638917e-04
6.450000e+03 3.615713e-04
6.470000e+03 3.588449e-04
6.490000e+03 3.545061e-04
6.510000e+03 3.527227e-04
6.530000e+03 3.477177e-04
6.550000e+03 3.241678e-04
6.570000e+03 2.806704e-04
6.590000e+03 3.357326e-04
6.610000e+03 3.405939e-04
6.630000e+03 3.401002e-04
6.650000e+03 3.382014e-04
6.670000e+03 3.352637e-04
6.690000e+03 3.341033e-04
6.710000e+03 3.316810e-04
6.730000e+03 3.300972e-04
6.750000e+03 3.274427e-04
6.770000e+03 3.256029e-04
6.790000e+03 3.233605e-04
6.810000e+03 3.212434e-04
6.830000e+03 3.193271e-04
6.850000e+03 3.167249e-04
6.870000e+03 3.149128e-04
6.890000e+03 3.131398e-04
6.910000e+03 3.109100e-04
6.930000e+03 3.089335e-04
6.950000e+03 3.064584e-04
6.970000e+03 3.048326e-04
6.990000e+03 3.028413e-04
7.010000e+03 3.004561e-04
7.030000e+03 2.989232e-04
7.050000e+03 2.970980e-04
7.070000e+03 2.947707e-04
7.090000e+03 2.930597e-04
7.110000e+03 2.913112e-04
7.130000e+03 2.890506e-04
7.150000e+03 2.869828e-04
7.170000e+03 2.855718e-04
7.190000e+03 2.831397e-04
7.210000e+03 2.815668e-04
7.230000e+03 2.805739e-04
7.250000e+03 2.788524e-04
7.270000e+03 2.770142e-04
7.290000e+03 2.746431e-04
7.310000e+03 2.733856e-04
7.330000e+03 2.716568e-04
7.350000e+03 2.700072e-04
7.370000e+03 2.689819e-04
7.390000e+03 2.664343e-04
7.410000e+03 2.641504e-04
7.430000e+03 2.635594e-04
7.450000e+03 2.620423e-04
7.470000e+03 2.606481e-04
7.490000e+03 2.588138e-04
7.510000e+03 2.574142e-04
7.530000e+03 2.560486e-04
7.550000e+03 2.547676e-04
7.570000e+03 2.529594e-04
7.590000e+03 2.512473e-04
7.610000e+03 2.500591e-04
7.630000e+03 2.486665e-04
7.650000e+03 2.470395e-04
7.670000e+03 2.447066e-04
7.690000e+03 2.443932e-04
7.710000e+03 2.419087e-04
7.730000e+03 2.410928e-04
7.750000e+03 2.394334e-04
7.770000e+03 2.379884e-04
7.790000e+03 2.371203e-04
7.810000e+03 2.360088e-04
7.830000e+03 2.342736e-04
7.850000e+03 2.328675e-04
7.870000e+03 2.315738e-04
7.890000e+03 2.297008e-04
7.910000e+03 2.279651e-04
7.930000e+03 2.267740e-04
7.950000e+03 2.251713e-04
7.970000e+03 2.246266e-04
7.990000e+03 2.234587e-04
8.010000e+03 2.221349e-04
8.030000e+03 2.209891e-04
8.050000e+03 2.192934e-04
8.070000e+03 2.182457e-04
8.090000e+03 2.165747e-04
8.110000e+03 2.155903e-04
8.130000e+03 2.146448e-04
8.150000e+03 2.136353e-04
8.170000e+03 2.124163e-04
8.190000e+03 2.102968e-04
8.210000e+03 2.100802e-04
8.230000e+03 2.087884e-04
8.250000e+03 2.081254e-04
8.270000e+03 2.071164e-04
8.290000e+03 2.056672e-04
8.310000e+03 2.035524e-04
8.330000e+03 2.010255e-04
8.350000e+03 2.002856e-04
8.370000e+03 1.982022e-04
8.390000e+03 1.959703e-04
8.410000e+03 1.957773e-04
8.430000e+03 1.954123e-04
8.450000e+03 1.954600e-04
8.470000e+03 1.899186e-04
8.490000e+03 1.962042e-04
8.510000e+03 1.851879e-04
8.530000e+03 1.967154e-04
8.550000e+03 1.754002e-04
8.570000e+03 1.981020e-04
8.590000e+03 1.884058e-04
8.610000e+03 1.851204e-04
8.630000e+03 1.974666e-04
8.650000e+03 1.918779e-04
8.670000e+03 1.688592e-04
8.690000e+03 1.921040e-04
8.710000e+03 1.954925e-04
8.730000e+03 1.909178e-04
8.750000e+03 1.709570e-04
8.770000e+03 1.859167e-04
8.790000e+03 1.917615e-04
8.810000e+03 1.905345e-04
8.830000e+03 1.885657e-04
8.850000e+03 1.798488e-04
8.870000e+03 1.663201e-04
8.890000e+03 1.838310e-04
8.910000e+03 1.863202e-04
8.930000e+03 1.860087e-04
8.950000e+03 1.850445e-04
8.970000e+03 1.835493e-04
8.990000e+03 1.796579e-04
9.010000e+03 1.616512e-04
9.030000e+03 1.692124e-04
9.050000e+03 1.782447e-04
9.070000e+03 1.787105e-04
9.090000e+03 1.771203e-04
9.110000e+03 1.775200e-04
9.130000e+03 1.767481e-04
9.150000e+03 1.758763e-04
9.170000e+03 1.745103e-04
9.190000e+03 1.727501e-04
9.210000e+03 1.666197e-04
9.230000e+03 1.501475e-04
9.250000e+03 1.635035e-04
9.270000e+03 1.681833e-04
9.290000e+03 1.690452e-04
9.310000e+03 1.684423e-04
9.330000e+03 1.679130e-04
9.350000e+03 1.669431e-04
9.370000e+03 1.658206e-04
9.390000e+03 1.654563e-04
9.410000e+03 1.636234e-04
9.430000e+03 1.636728e-04
9.450000e+03 1.621765e-04
9.470000e+03 1.616162e-04
9.490000e+03 1.603957e-04
9.510000e+03 1.584408e-04
9.530000e+03 1.529107e-04
9.550000e+03 1.391484e-04
9.570000e+03 1.525511e-04
9.590000e+03 1.555732e-04
9.610000e+03 1.555614e-04
9.630000e+03 1.550436e-04
9.650000e+03 1.540547e-04
9.670000e+03 1.534330e-04
9.690000e+03 1.530524e-04
9.710000e+03 1.522291e-04
9.730000e+03 1.514366e-04
9.750000e+03 1.504367e-04
9.770000e+03 1.499874e-04
9.790000e+03 1.489473e-04
9.810000e+03 1.487251e-04
9.830000e+03 1.480564e-04
9.850000e+03 1.471518e-04
9.870000e+03 1.461527e-04
9.890000e+03 1.453769e-04
9.910000e+03 1.447888e-04
9.930000e+03 1.442162e-04
9.950000e+03 1.434538e-04
9.970000e+03 1.426340e-04
9.990000e+03 1.416443e-04
1.002500e+04 1.360489e-04
1.007500e+04 1.322808e-04
1.012500e+04 1.368024e-04
1.017500e+04 1.352553e-04
1.022500e+04 1.338484e-04
1.027500e+04 1.324983e-04
1.032500e+04 1.307075e-04
1.037500e+04 1.291857e-04
1.042500e+04 1.276306e-04
1.047500e+04 1.260302e-04
1.052500e+04 1.246862e-04
1.057500e+04 1.232729e-04
1.062500e+04 1.216816e-04
1.067500e+04 1.198746e-04
1.072500e+04 1.188086e-04
1.077500e+04 1.174184e-04
1.082500e+04 1.156124e-04
1.087500e+04 1.140137e-04
1.092500e+04 1.068073e-04
1.097500e+04 1.095758e-04
1.102500e+04 1.104827e-04
1.107500e+04 1.094327e-04
1.112500e+04 1.084576e-04
1.117500e+04 1.072383e-04
1.122500e+04 1.062014e-04
1.127500e+04 1.047912e-04
1.132500e+04 1.036000e-04
1.137500e+04 1.023550e-04
1.142500e+04 1.009971e-04
1.147500e+04 1.002567e-04
1.152500e+04 9.938898e-05
1.157500e+04 9.824718e-05
1.162500e+04 9.684809e-05
1.167500e+04 9.596182e-05
1.172500e+04 9.500154e-05
1.177500e+04 9.380552e-05
1.182500e+04 9.278885e-05
1.187500e+04 9.162936e-05
1.192500e+04 9.092155e-05
1.197500e+04 8.948421e-05
1.202500e+04 8.910937e-05
1.207500e+04 8.786083e-05
1.212500e+04 8.725985e-05
1.217500e+04 8.637641e-05
1.222500e+04 8.559767e-05
1.227500e+04 8.470850e-05
1.232500e+04 8.373612e-05
1.237500e+04 8.295932e-05
1.242500e+04 8.210076e-05
1.247500e+04 8.124688e-05
1.252500e+04 8.039626e-05
1.257500e+04 7.957237e-05
1.262500e+04 7.897516e-05
1.267500e+04 7.793689e-05
1.272500e+04 7.726847e-05
1.277500e+04 7.585051e-05
1.282500e+04 7.149964e-05
1.287500e+04 7.450654e-05
1.292500e+04 7.441559e-05
1.297500e+04 7.371764e-05
1.302500e+04 7.313742e-05
1.307500e+04 7.237279e-05
1.312500e+04 7.167530e-05
1.317500e+04 7.089511e-05
1.322500e+04 7.037443e-05
1.327500e+04 6.953820e-05
1.332500e+04 6.902943e-05
1.337500e+04 6.831019e-05
1.342500e+04 6.789375e-05
1.347500e+04 6.729695e-05
1.352500e+04 6.669258e-05
1.357500e+04 6.594487e-05
1.362500e+04 6.528889e-05
1.367500e+04 6.488508e-05
1.372500e+04 6.424660e-05
1.377500e+04 6.375904e-05
1.382500e+04 6.321471e-05
1.387500e+04 6.259977e-05
1.392500e+04 6.216366e-05
1.397500e+04 6.155969e-05
1.402500e+04 6.103370e-05
1.407500e+04 6.043763e-05
1.412500e+04 5.975534e-05
1.417500e+04 5.940105e-05
1.422500e+04 5.889592e-05
1.427500e+04 5.843918e-05
1.432500e+04 5.796882e-05
1.437500e+04 5.758036e-05
1.442500e+04 5.681347e-05
1.447500e+04 5.651295e-05
1.452500e+04 5.585909e-05
1.457000e+04 5.559979e-05
1.462000e+04 5.535149e-05
1.467500e+04 5.476806e-05
1.472500e+04 5.426779e-05
1.477500e+04 5.387553e-05
1.482500e+04 5.350180e-05
1.487500e+04 5.294081e-05
1.492500e+04 5.278727e-05
1.497500e+04 5.220828e-05
1.502500e+04 5.139789e-05
1.507500e+04 5.111910e-05
1.512500e+04 5.079668e-05
1.517500e+04 5.054870e-05
1.522500e+04 5.026670e-05
1.527500e+04 4.966713e-05
1.532500e+04 4.928826e-05
1.537500e+04 4.919706e-05
1.542500e+04 4.848770e-05
1.547500e+04 4.876329e-05
1.552500e+04 4.837543e-05
1.557500e+04 4.697021e-05
1.562500e+04 4.809536e-05
1.567500e+04 4.713623e-05
1.572500e+04 4.607880e-05
1.577500e+04 4.665514e-05
1.582500e+04 4.651699e-05
1.587500e+04 4.441863e-05
1.592500e+04 4.569733e-05
1.597500e+04 4.578913e-05
1.605000e+04 4.504835e-05
1.615000e+04 4.346569e-05
1.625000e+04 4.376086e-05
1.635000e+04 4.276693e-05
1.645000e+04 4.111661e-05
1.655000e+04 4.141944e-05
1.665000e+04 4.051062e-05
1.675000e+04 3.959277e-05
1.685000e+04 3.792158e-05
1.695000e+04 3.835996e-05
1.705000e+04 3.755397e-05
1.715000e+04 3.690377e-05
1.725000e+04 3.606872e-05
1.735000e+04 3.424383e-05
1.745000e+04 3.460221e-05
1.755000e+04 3.413892e-05
1.765000e+04 3.341806e-05
1.775000e+04 3.273425e-05
1.785000e+04 3.224564e-05
1.795000e+04 3.139041e-05
1.805000e+04 3.086188e-05
1.815000e+04 2.944584e-05
1.825000e+04 2.942935e-05
1.835000e+04 2.904805e-05
1.845000e+04 2.867203e-05
1.855000e+04 2.821998e-05
1.865000e+04 2.755555e-05
1.875000e+04 2.609544e-05
1.885000e+04 2.660632e-05
1.895000e+04 2.606062e-05
1.905000e+04 2.582840e-05
1.915000e+04 2.529479e-05
1.925000e+04 2.488465e-05
1.935000e+04 2.440378e-05
1.945000e+04 2.316315e-05
1.955000e+04 2.346724e-05
1.965000e+04 2.316084e-05
1.975000e+04 2.273104e-05
1.985000e+04 2.226443e-05
1.995000e+04 2.199851e-05
2.005000e+04 2.163304e-05
2.015000e+04 2.134700e-05
2.025000e+04 2.092056e-05
2.035000e+04 2.055570e-05
2.045000e+04 2.018748e-05
2.055000e+04 1.986237e-05
2.065000e+04 1.948579e-05
2.075000e+04 1.915972e-05
2.085000e+04 1.898104e-05
2.095000e+04 1.857576e-05
2.105000e+04 1.831790e-05
2.115000e+04 1.799409e-05
2.125000e+04 1.774033e-05
2.135000e+04 1.744533e-05
2.145000e+04 1.713896e-05
2.155000e+04 1.687106e-05
2.165000e+04 1.614658e-05
2.175000e+04 1.625552e-05
2.185000e+04 1.603963e-05
2.195000e+04 1.578691e-05
2.205000e+04 1.548130e-05
2.215000e+04 1.531001e-05
2.225000e+04 1.510951e-05
2.235000e+04 1.486156e-05
2.245000e+04 1.469243e-05
2.255000e+04 1.441159e-05
2.265000e+04 1.420010e-05
2.275000e+04 1.400341e-05
2.285000e+04 1.378899e-05
2.295000e+04 1.319791e-05
2.305000e+04 1.329789e-05
2.315000e+04 1.316678e-05
2.325000e+04 1.254821e-05
2.335000e+04 1.273037e-05
2.345000e+04 1.251389e-05
2.355000e+04 1.198480e-05
2.365000e+04 1.204086e-05
2.375000e+04 1.199646e-05
2.385000e+04 1.140971e-05
2.395000e+04 1.156270e-05
2.405000e+04 1.140629e-05
2.415000e+04 1.091896e-05
2.425000e+04 1.089753e-05
2.435000e+04 1.078708e-05
2.445000e+04 1.050517e-05
2.455000e+04 1.040493e-05
2.465000e+04 1.033414e-05
2.475000e+04 1.010668e-05
2.485000e+04 9.934332e-06
2.495000e+04 9.794100e-06
2.505000e+04 9.837060e-06
2.515000e+04 9.521171e-06
2.525000e+04 9.378487e-06
2.535000e+04 9.376183e-06
2.545000e+04 9.239971e-06
2.555000e+04 9.140239e-06
2.565000e+04 8.912893e-06
2.575000e+04 8.947675e-06
2.585000e+04 8.814414e-06
2.595000e+04 8.730857e-06
2.605000e+04 8.633828e-06
2.615000e+04 8.396341e-06
2.625000e+04 8.255267e-06
2.635000e+04 8.385000e-06
2.645000e+04 8.257449e-06
2.655000e+04 8.203496e-06
2.665000e+04 8.121245e-06
2.675000e+04 7.869765e-06
2.685000e+04 7.826085e-06
2.695000e+04 7.809147e-06
2.705000e+04 7.729187e-06
2.715000e+04 7.621255e-06
2.725000e+04 7.641475e-06
2.735000e+04 7.524826e-06
2.745000e+04 7.501817e-06
2.755000e+04 7.238807e-06
2.765000e+04 7.195114e-06
2.775000e+04 7.181486e-06
2.785000e+04 7.144963e-06
2.795000e+04 7.084208e-06
2.805000e+04 6.957497e-06
2.815000e+04 6.858587e-06
2.825000e+04 6.799270e-06
2.835000e+04 6.641530e-06
2.845000e+04 6.433803e-06
2.855000e+04 6.478639e-06
2.865000e+04 6.419355e-06
2.875000e+04 6.207354e-06
2.885000e+04 6.216003e-06
2.895000e+04 6.097612e-06
2.905000e+04 6.094778e-06
2.915000e+04 5.956841e-06
2.925000e+04 5.828711e-06
2.935000e+04 5.758579e-06
2.945000e+04 5.659003e-06
2.955000e+04 5.568311e-06
2.965000e+04 5.488939e-06
2.975000e+04 5.407384e-06
2.985000e+04 5.321579e-06
2.995000e+04 5.265751e-06
3.005000e+04 5.211642e-06
3.015000e+04 5.140057e-06
3.025000e+04 5.071392e-06
3.035000e+04 4.930462e-06
3.045000e+04 4.912477e-06
3.055000e+04 4.893930e-06
3.065000e+04 4.848498e-06
3.075000e+04 4.795725e-06
3.085000e+04 4.735662e-06
3.095000e+04 4.674710e-06
3.105000e+04 4.631065e-06
3.115000e+04 4.574834e-06
3.125000e+04 4.518930e-06
3.135000e+04 4.461421e-06
3.145000e+04 4.414638e-06
3.155000e+04 4.364559e-06
3.165000e+04 4.308870e-06
3.175000e+04 4.258547e-06
3.185000e+04 4.222565e-06
3.195000e+04 4.185000e-06
3.210000e+04 4.111162e-06
3.230000e+04 4.017946e-06
3.250000e+04 3.946813e-06
3.270000e+04 3.862708e-06
3.290000e+04 3.738243e-06
3.310000e+04 3.688982e-06
3.330000e+04 3.640990e-06
3.350000e+04 3.604672e-06
3.370000e+04 3.511412e-06
3.390000e+04 3.466076e-06
3.410000e+04 3.428387e-06
3.430000e+04 3.400750e-06
3.450000e+04 3.325475e-06
3.470000e+04 3.257481e-06
3.490000e+04 3.159785e-06
3.510000e+04 3.123159e-06
3.530000e+04 3.050974e-06
3.550000e+04 2.948145e-06
3.570000e+04 2.918900e-06
3.590000e+04 2.844268e-06
3.610000e+04 2.794373e-06
3.630000e+04 2.708298e-06
3.650000e+04 2.641213e-06
3.670000e+04 2.592068e-06
3.690000e+04 2.514673e-06
3.710000e+04 2.457003e-06
3.730000e+04 2.391357e-06
3.750000e+04 2.313972e-06
3.770000e+04 2.289089e-06
3.790000e+04 2.244852e-06
3.810000e+04 2.190763e-06
3.830000e+04 2.145623e-06
3.850000e+04 2.112009e-06
3.870000e+04 2.073692e-06
3.890000e+04 2.032893e-06
3.910000e+04 1.984840e-06
3.930000e+04 1.962261e-06
3.950000e+04 1.930381e-06
3.970000e+04 1.898905e-06
3.990000e+04 1.865990e-06
4.010000e+04 1.825973e-06
4.030000e+04 1.792244e-06
4.050000e+04 1.757803e-06
4.070000e+04 1.748608e-06
4.090000e+04 1.726741e-06
4.110000e+04 1.706459e-06
4.130000e+04 1.674816e-06
4.150000e+04 1.632005e-06
4.170000e+04 1.605326e-06
4.190000e+04 1.600857e-06
4.210000e+04 1.568474e-06
4.230000e+04 1.552245e-06
4.250000e+04 1.529384e-06
4.270000e+04 1.507914e-06
4.290000e+04 1.456763e-06
4.310000e+04 1.409412e-06
4.330000e+04 1.394137e-06
4.350000e+04 1.335581e-06
4.370000e+04 1.297578e-06
4.390000e+04 1.279599e-06
4.410000e+04 1.247257e-06
4.430000e+04 1.234460e-06
4.450000e+04 1.206758e-06
4.470000e+04 1.174620e-06
4.490000e+04 1.172897e-06
4.510000e+04 1.147512e-06
4.530000e+04 1.108906e-06
4.550000e+04 1.083977e-06
4.570000e+04 1.060090e-06
4.590000e+04 1.032571e-06
4.610000e+04 1.029130e-06
4.630000e+04 1.010853e-06
4.650000e+04 9.901053e-07
4.670000e+04 9.740269e-07
4.690000e+04 9.594763e-07
4.710000e+04 9.450948e-07
4.730000e+04 9.474543e-07
4.750000e+04 9.283003e-07
4.770000e+04 9.135826e-07
4.790000e+04 8.990213e-07
4.810000e+04 8.795322e-07
4.830000e+04 8.734456e-07
4.850000e+04 8.583321e-07
4.870000e+04 8.434445e-07
4.890000e+04 8.339776e-07
4.910000e+04 8.193954e-07
4.930000e+04 8.080211e-07
4.950000e+04 7.896978e-07
4.970000e+04 7.763234e-07
4.990000e+04 7.693196e-07
5.010000e+04 7.599390e-07
5.030000e+04 7.476263e-07
5.050000e+04 7.306617e-07
5.070000e+04 7.212083e-07
5.090000e+04 7.149969e-07
5.110000e+04 7.042019e-07
5.130000e+04 6.906615e-07
5.150000e+04 6.854022e-07
5.170000e+04 6.813582e-07
5.190000e+04 6.689100e-07
5.210000e+04 6.584607e-07
5.230000e+04 6.487652e-07
5.250000e+04 6.420640e-07
5.270000e+04 6.370280e-07
5.290000e+04 6.252549e-07
5.310000e+04 6.162786e-07
5.330000e+04 6.077416e-07
5.350000e+04 5.985103e-07
5.370000e+04 5.911791e-07
5.390000e+04 5.830593e-07
5.410000e+04 5.762953e-07
5.430000e+04 5.685474e-07
5.450000e+04 5.633157e-07
5.470000e+04 5.553167e-07
5.490000e+04 5.483689e-07
5.510000e+04 5.411538e-07
5.530000e+04 5.383910e-07
5.550000e+04 5.261176e-07
5.570000e+04 5.243709e-07
5.590000e+04 5.143669e-07
5.610000e+04 5.093647e-07
5.630000e+04 5.006198e-07
5.650000e+04 4.966536e-07
5.670000e+04 4.890670e-07
5.690000e+04 4.815324e-07
5.710000e+04 4.760426e-07
5.730000e+04 4.701518e-07
5.750000e+04 4.634953e-07
5.770000e+04 4.567650e-07
5.790000e+04 4.538912e-07
5.810000e+04 4.477295e-07
5.830000e+04 4.431110e-07
5.850000e+04 4.382071e-07
5.870000e+04 4.329873e-07
5.890000e+04 4.265883e-07
5.910000e+04 4.177979e-07
5.930000e+04 4.147100e-07
5.950000e+04 4.096363e-07
5.970000e+04 4.055022e-07
5.990000e+04 3.998892e-07
6.010000e+04 3.943864e-07
6.030000e+04 3.901022e-07
6.050000e+04 3.858966e-07
6.070000e+04 3.821092e-07
6.090000e+04 3.774379e-07
6.110000e+04 3.719763e-07
6.130000e+04 3.672472e-07
6.150000e+04 3.626493e-07
6.170000e+04 3.577437e-07
6.190000e+04 3.524256e-07
6.210000e+04 3.480015e-07
6.230000e+04 3.440297e-07
6.250000e+04 3.402493e-07
6.270000e+04 3.356048e-07
6.290000e+04 3.307104e-07
6.310000e+04 3.265011e-07
6.330000e+04 3.229750e-07
6.350000e+04 3.196123e-07
6.370000e+04 3.166439e-07
6.390000e+04 3.121841e-07
6.420000e+04 3.055566e-07
6.460000e+04 2.979455e-07
6.500000e+04 2.914848e-07
6.540000e+04 2.846366e-07
6.580000e+04 2.769468e-07
6.620000e+04 2.700434e-07
6.660000e+04 2.646995e-07
6.700000e+04 2.591240e-07
6.740000e+04 2.532102e-07
6.780000e+04 2.468976e-07
6.820000e+04 2.417908e-07
6.860000e+04 2.364869e-07
6.900000e+04 2.300049e-07
6.940000e+04 2.247074e-07
6.980000e+04 2.198034e-07
7.020000e+04 2.153686e-07
7.060000e+04 2.105079e-07
7.100000e+04 2.061663e-07
7.140000e+04 2.017325e-07
7.180000e+04 1.977730e-07
7.220000e+04 1.940362e-07
7.260000e+04 1.902595e-07
7.300000e+04 1.861716e-07
7.340000e+04 1.821374e-07
7.380000e+04 1.781527e-07
7.420000e+04 1.744513e-07
7.460000e+04 1.706088e-07
7.500000e+04 1.672150e-07
7.540000e+04 1.647786e-07
7.580000e+04 1.605939e-07
7.620000e+04 1.573962e-07
7.660000e+04 1.537006e-07
7.700000e+04 1.512434e-07
7.740000e+04 1.484854e-07
7.780000e+04 1.457287e-07
7.820000e+04 1.426435e-07
7.860000e+04 1.395624e-07
7.900000e+04 1.370136e-07
7.940000e+04 1.347787e-07
7.980000e+04 1.321960e-07
8.020000e+04 1.298120e-07
8.060000e+04 1.271474e-07
8.100000e+04 1.247771e-07
8.140000e+04 1.223422e-07
8.180000e+04 1.200533e-07
8.220000e+04 1.174654e-07
8.260000e+04 1.153131e-07
8.300000e+04 1.132570e-07
8.340000e+04 1.112465e-07
8.380000e+04 1.094509e-07
8.420000e+04 1.074416e-07
8.460000e+04 1.054670e-07
8.500000e+04 1.035515e-07
8.540000e+04 1.018678e-07
8.580000e+04 1.001572e-07
8.620000e+04 9.842834e-08
8.660000e+04 9.671758e-08
8.700000e+04 9.504180e-08
8.740000e+04 9.355674e-08
8.780000e+04 9.216988e-08
8.820000e+04 9.095067e-08
8.860000e+04 8.946982e-08
8.900000e+04 8.811070e-08
8.940000e+04 8.652951e-08
8.980000e+04 8.502204e-08
9.020000e+04 8.370765e-08
9.060000e+04 8.206462e-08
9.100000e+04 8.061484e-08
9.140000e+04 7.913105e-08
9.180000e+04 7.781349e-08
9.220000e+04 7.673844e-08
9.260000e+04 7.591237e-08
9.300000e+04 7.483042e-08
9.340000e+04 7.337151e-08
9.380000e+04 7.207264e-08
9.420000e+04 7.081356e-08
9.460000e+04 6.972586e-08
9.500000e+04 6.897112e-08
9.540000e+04 6.795838e-08
9.580000e+04 6.679269e-08
9.620000e+04 6.583756e-08
9.660000e+04 6.463394e-08
9.700000e+04 6.345757e-08
9.740000e+04 6.277239e-08
9.780000e+04 6.196816e-08
9.820000e+04 6.102195e-08
9.860000e+04 6.025861e-08
9.900000e+04 5.945163e-08
9.940000e+04 5.837240e-08
9.980000e+04 5.725307e-08
1.002000e+05 5.623548e-08
2.000000e+05 3.137491e-09
4.000000e+05 1.979805e-10
6.000000e+05 3.905417e-11
8.000000e+05 1.231527e-11
1.000000e+06 5.023287e-12
1.200000e+06 2.412500e-12
1.400000e+06 1.297079e-12
1.600000e+06 7.573348e-13
