9.100000e+01 6.139585e-37
9.400000e+01 4.779870e-36
9.600000e+01 3.365959e-35
9.800000e+01 1.048733e-34
1.000000e+02 3.893101e-34
1.020000e+02 1.932372e-33
1.040000e+02 6.075630e-33
1.060000e+02 1.840361e-32
1.080000e+02 6.451828e-32
1.100000e+02 3.050423e-31
1.140000e+02 2.126000e-30
1.180000e+02 1.467872e-29
1.210000e+02 7.928827e-29
1.250000e+02 3.845973e-28
1.270000e+02 1.047767e-27
1.280000e+02 1.821933e-27
1.310000e+02 4.263076e-27
1.320000e+02 9.232334e-27
1.340000e+02 1.644265e-26
1.370000e+02 4.548736e-26
1.400000e+02 1.460192e-25
1.430000e+02 4.955461e-25
1.470000e+02 1.792890e-24
1.510000e+02 5.897604e-24
1.550000e+02 2.071461e-23
1.590000e+02 5.738993e-23
1.620000e+02 1.378183e-22
1.660000e+02 3.923271e-22
1.700000e+02 1.150304e-21
1.730000e+02 2.414297e-21
1.770000e+02 5.244144e-21
1.800000e+02 1.120047e-20
1.820000e+02 1.539987e-20
1.860000e+02 3.884385e-20
1.910000e+02 1.030748e-19
1.940000e+02 1.794816e-19
1.980000e+02 4.134714e-19
2.020000e+02 7.505191e-19
2.050000e+02 1.301394e-18
2.100000e+02 3.232553e-18
2.160000e+02 7.842957e-18
2.200000e+02 1.337740e-17
2.230000e+02 2.129058e-17
2.270000e+02 3.622527e-17
2.300000e+02 4.372101e-13
2.340000e+02 1.165557e-12
2.400000e+02 2.238833e-12
2.460000e+02 4.571750e-12
2.520000e+02 8.397449e-12
2.570000e+02 1.055297e-11
2.600000e+02 1.747978e-11
2.640000e+02 2.459240e-11
2.690000e+02 3.691915e-11
2.740000e+02 5.631862e-11
2.790000e+02 8.361259e-11
2.840000e+02 1.344406e-10
2.900000e+02 2.094129e-10
2.960000e+02 3.190331e-10
3.010000e+02 4.189072e-10
3.080000e+02 6.216735e-10
3.180000e+02 1.377927e-09
3.280000e+02 2.445617e-09
3.380000e+02 4.341057e-09
3.480000e+02 7.337677e-09
3.570000e+02 1.183147e-08
3.660000e+02 1.841305e-08
3.750000e+02 2.688016e-08
3.850000e+02 4.161547e-08
3.950000e+02 6.204888e-08
4.050000e+02 9.024457e-08
4.140000e+02 1.257030e-07
4.220000e+02 1.635854e-07
4.300000e+02 2.128298e-07
4.410000e+02 3.019458e-07
4.510000e+02 4.091987e-07
4.600000e+02 5.261926e-07
4.700000e+02 6.966481e-07
4.800000e+02 9.040388e-07
4.900000e+02 1.163360e-06
5.000000e+02 1.484939e-06
5.060000e+02 1.032670e-05
5.120000e+02 3.229790e-05
5.200000e+02 3.482833e-05
5.300000e+02 4.027836e-05
5.400000e+02 4.000680e-05
5.500000e+02 5.075457e-05
5.600000e+02 5.646634e-05
5.700000e+02 6.378560e-05
5.800000e+02 6.198063e-05
5.900000e+02 7.485227e-05
6.000000e+02 8.241174e-05
6.100000e+02 9.158030e-05
6.200000e+02 9.966868e-05
6.300000e+02 1.090892e-04
6.400000e+02 1.144853e-04
6.500000e+02 1.266443e-04
6.580000e+02 1.360879e-04
6.650000e+02 1.432015e-04
6.750000e+02 1.497732e-04
6.850000e+02 1.588747e-04
6.950000e+02 1.789673e-04
7.050000e+02 1.864245e-04
7.160000e+02 2.041585e-04
7.260000e+02 2.155978e-04
7.350000e+02 2.286594e-04
7.450000e+02 2.463466e-04
7.550000e+02 2.616654e-04
7.650000e+02 2.765672e-04
7.750000e+02 2.943573e-04
7.850000e+02 3.127727e-04
7.950000e+02 3.273135e-04
8.050000e+02 3.446876e-04
8.150000e+02 3.594015e-04
8.250000e+02 3.812203e-04
8.350000e+02 3.820112e-04
8.450000e+02 4.132632e-04
8.550000e+02 4.308290e-04
8.650000e+02 4.529045e-04
8.750000e+02 4.763572e-04
8.850000e+02 4.987167e-04
8.950000e+02 5.194081e-04
9.050000e+02 5.342021e-04
9.150000e+02 8.073638e-04
9.250000e+02 5.660308e-03
9.350000e+02 1.364372e-02
9.450000e+02 3.165744e-02
9.550000e+02 4.174555e-02
9.650000e+02 5.233650e-02
9.750000e+02 1.987288e-02
9.850000e+02 5.754140e-02
9.950000e+02 5.591323e-02
1.005000e+03 5.932073e-02
1.015000e+03 5.249937e-02
1.025000e+03 2.018735e-02
1.035000e+03 4.594783e-02
1.045000e+03 5.966873e-02
1.055000e+03 5.854282e-02
1.065000e+03 5.342077e-02
1.075000e+03 5.591794e-02
1.085000e+03 5.110104e-02
1.095000e+03 5.486621e-02
1.105000e+03 5.238076e-02
1.115000e+03 5.174978e-02
1.125000e+03 4.827571e-02
1.135000e+03 5.010719e-02
1.145000e+03 4.724304e-02
1.155000e+03 4.794191e-02
1.165000e+03 4.746281e-02
1.175000e+03 4.053600e-02
1.185000e+03 4.479644e-02
1.195000e+03 4.079350e-02
1.205000e+03 3.466839e-02
1.215000e+03 1.503406e-02
1.225000e+03 3.406921e-02
1.235000e+03 3.977553e-02
1.245000e+03 4.012213e-02
1.255000e+03 3.958835e-02
1.265000e+03 3.843688e-02
1.275000e+03 3.899514e-02
1.285000e+03 3.843977e-02
1.295000e+03 3.592293e-02
1.305000e+03 3.554510e-02
1.315000e+03 3.642236e-02
1.325000e+03 3.519529e-02
1.335000e+03 3.378491e-02
1.345000e+03 3.423403e-02
1.355000e+03 3.390073e-02
1.365000e+03 3.278867e-02
1.375000e+03 3.232980e-02
1.385000e+03 3.195951e-02
1.395000e+03 2.982873e-02
1.405000e+03 2.975546e-02
1.415000e+03 3.019672e-02
1.425000e+03 2.956808e-02
1.435000e+03 2.926978e-02
1.442000e+03 2.915534e-02
1.447000e+03 2.884795e-02
1.455000e+03 2.837790e-02
1.465000e+03 2.768625e-02
1.475000e+03 2.726286e-02
1.485000e+03 2.678599e-02
1.495000e+03 2.633003e-02
1.505000e+03 2.555724e-02
1.512000e+03 2.487434e-02
1.517000e+03 2.495531e-02
1.525000e+03 2.459836e-02
1.535000e+03 2.337146e-02
1.545000e+03 2.329625e-02
1.555000e+03 2.254805e-02
1.565000e+03 2.267072e-02
1.575000e+03 2.266899e-02
1.585000e+03 2.243495e-02
1.595000e+03 2.224521e-02
1.605000e+03 2.146583e-02
1.615000e+03 2.113802e-02
1.625000e+03 2.089265e-02
1.635000e+03 2.078349e-02
1.645000e+03 2.027225e-02
1.655000e+03 2.005382e-02
1.665000e+03 2.006454e-02
1.672000e+03 1.948295e-02
1.677000e+03 1.977438e-02
1.685000e+03 1.956352e-02
1.695000e+03 1.911200e-02
1.705000e+03 1.869040e-02
1.715000e+03 1.823925e-02
1.725000e+03 1.798403e-02
1.735000e+03 1.795052e-02
1.745000e+03 1.758477e-02
1.755000e+03 1.753117e-02
1.765000e+03 1.684226e-02
1.775000e+03 1.683253e-02
1.785000e+03 1.669185e-02
1.795000e+03 1.658774e-02
1.805000e+03 1.640885e-02
1.815000e+03 1.596754e-02
1.825000e+03 1.584596e-02
1.835000e+03 1.558363e-02
1.845000e+03 1.492807e-02
1.855000e+03 1.460723e-02
1.865000e+03 1.459739e-02
1.875000e+03 1.468643e-02
1.885000e+03 1.399966e-02
1.895000e+03 1.353527e-02
1.905000e+03 1.384767e-02
1.915000e+03 1.338354e-02
1.925000e+03 1.311914e-02
1.935000e+03 1.322376e-02
1.945000e+03 1.327137e-02
1.955000e+03 1.265611e-02
1.967000e+03 1.285936e-02
1.976000e+03 1.292138e-02
1.984000e+03 1.251662e-02
1.995000e+03 1.215437e-02
2.005000e+03 1.223743e-02
2.015000e+03 1.216797e-02
2.025000e+03 1.215019e-02
2.035000e+03 1.180450e-02
2.045000e+03 1.167513e-02
2.055000e+03 1.127556e-02
2.065000e+03 1.125479e-02
2.074000e+03 1.146531e-02
2.078000e+03 1.116546e-02
2.085000e+03 1.115312e-02
2.095000e+03 1.085877e-02
2.105000e+03 1.089957e-02
2.115000e+03 1.081631e-02
2.125000e+03 1.077044e-02
2.135000e+03 1.057698e-02
2.145000e+03 1.040515e-02
2.155000e+03 1.035433e-02
2.165000e+03 1.019261e-02
2.175000e+03 1.005922e-02
2.185000e+03 9.958915e-03
2.195000e+03 9.902543e-03
2.205000e+03 9.737155e-03
2.215000e+03 9.595785e-03
2.225000e+03 9.436964e-03
2.235000e+03 9.400771e-03
2.245000e+03 9.279664e-03
2.255000e+03 9.128014e-03
2.265000e+03 9.047935e-03
2.275000e+03 8.963642e-03
2.285000e+03 8.888494e-03
2.295000e+03 8.669690e-03
2.305000e+03 8.646743e-03
2.315000e+03 8.525999e-03
2.325000e+03 7.808494e-03
2.335000e+03 8.294296e-03
2.345000e+03 8.140264e-03
2.355000e+03 8.132373e-03
2.365000e+03 7.976519e-03
2.375000e+03 7.926109e-03
2.385000e+03 7.765638e-03
2.395000e+03 7.743333e-03
2.405000e+03 7.638548e-03
2.415000e+03 7.557658e-03
2.425000e+03 7.524361e-03
2.435000e+03 7.394687e-03
2.445000e+03 7.346265e-03
2.455000e+03 7.279848e-03
2.465000e+03 7.170242e-03
2.475000e+03 7.091002e-03
2.485000e+03 7.046264e-03
2.495000e+03 6.836987e-03
2.505000e+03 6.909439e-03
2.513000e+03 6.768107e-03
2.518000e+03 6.798557e-03
2.525000e+03 6.705883e-03
2.535000e+03 6.615144e-03
2.545000e+03 6.536194e-03
2.555000e+03 6.533446e-03
2.565000e+03 6.453781e-03
2.575000e+03 6.422276e-03
2.585000e+03 6.361917e-03
2.595000e+03 6.290224e-03
2.605000e+03 6.207051e-03
2.615000e+03 6.140241e-03
2.625000e+03 6.090456e-03
2.635000e+03 6.031452e-03
2.645000e+03 6.048995e-03
2.655000e+03 5.986288e-03
2.665000e+03 5.894056e-03
2.675000e+03 5.854416e-03
2.685000e+03 5.822260e-03
2.695000e+03 5.715758e-03
2.705000e+03 5.692745e-03
2.715000e+03 5.619451e-03
2.725000e+03 5.528019e-03
2.735000e+03 5.522298e-03
2.745000e+03 5.399804e-03
2.755000e+03 5.356679e-03
2.765000e+03 5.308224e-03
2.775000e+03 5.316780e-03
2.785000e+03 5.256175e-03
2.795000e+03 5.093699e-03
2.805000e+03 5.106776e-03
2.815000e+03 5.124547e-03
2.825000e+03 5.041979e-03
2.835000e+03 4.980682e-03
2.845000e+03 4.956898e-03
2.855000e+03 4.909878e-03
2.865000e+03 4.882811e-03
2.875000e+03 4.831715e-03
2.885000e+03 4.792175e-03
2.895000e+03 4.749769e-03
2.910000e+03 4.695999e-03
2.930000e+03 4.597493e-03
2.950000e+03 4.489902e-03
2.970000e+03 4.437513e-03
2.990000e+03 4.356617e-03
3.010000e+03 4.285515e-03
3.030000e+03 4.213314e-03
3.050000e+03 4.139625e-03
3.070000e+03 4.065183e-03
3.090000e+03 3.994164e-03
3.110000e+03 3.926741e-03
3.130000e+03 3.855403e-03
3.150000e+03 3.791789e-03
3.170000e+03 3.730197e-03
3.190000e+03 3.637791e-03
3.210000e+03 3.606209e-03
3.230000e+03 3.542906e-03
3.250000e+03 3.490349e-03
3.270000e+03 3.441497e-03
3.290000e+03 3.381810e-03
3.310000e+03 3.332262e-03
3.330000e+03 3.277090e-03
3.350000e+03 3.217780e-03
3.370000e+03 3.166834e-03
3.390000e+03 3.120875e-03
3.410000e+03 3.074877e-03
3.430000e+03 3.002002e-03
3.450000e+03 2.959103e-03
3.470000e+03 2.933609e-03
3.490000e+03 2.891828e-03
3.510000e+03 2.857090e-03
3.530000e+03 2.812120e-03
3.550000e+03 2.776296e-03
3.570000e+03 2.735427e-03
3.590000e+03 2.684087e-03
3.610000e+03 2.649956e-03
3.630000e+03 2.610021e-03
3.640000e+03 2.602267e-03
3.650000e+03 2.589690e-03
3.670000e+03 2.524646e-03
3.690000e+03 2.485608e-03
3.710000e+03 2.626179e-03
3.730000e+03 2.611981e-03
3.750000e+03 2.897401e-03
3.770000e+03 2.906414e-03
3.790000e+03 3.081838e-03
3.810000e+03 3.275683e-03
3.830000e+03 2.854135e-03
3.850000e+03 3.350228e-03
3.870000e+03 3.405235e-03
3.890000e+03 2.675653e-03
3.910000e+03 3.351130e-03
3.930000e+03 3.283585e-03
3.950000e+03 3.256034e-03
3.970000e+03 2.484255e-03
3.990000e+03 3.156536e-03
4.010000e+03 3.184022e-03
4.030000e+03 3.087612e-03
4.050000e+03 3.117432e-03
4.070000e+03 3.046733e-03
4.090000e+03 2.803186e-03
4.110000e+03 2.427034e-03
4.130000e+03 2.891258e-03
4.150000e+03 2.886203e-03
4.170000e+03 2.863261e-03
4.190000e+03 2.828260e-03
4.210000e+03 2.789124e-03
4.230000e+03 2.746768e-03
4.250000e+03 2.708171e-03
4.270000e+03 2.661860e-03
4.290000e+03 2.618269e-03
4.310000e+03 2.544878e-03
4.330000e+03 2.321405e-03
4.350000e+03 2.104539e-03
4.370000e+03 2.468855e-03
4.390000e+03 2.427432e-03
4.410000e+03 2.431147e-03
4.430000e+03 2.403066e-03
4.450000e+03 2.377650e-03
4.470000e+03 2.288510e-03
4.490000e+03 2.315078e-03
4.510000e+03 2.297114e-03
4.530000e+03 2.259546e-03
4.550000e+03 2.229392e-03
4.570000e+03 2.210419e-03
4.590000e+03 2.178282e-03
4.610000e+03 2.156270e-03
4.630000e+03 2.126945e-03
4.650000e+03 2.099917e-03
4.670000e+03 2.078028e-03
4.690000e+03 2.052426e-03
4.710000e+03 2.006620e-03
4.730000e+03 2.002155e-03
4.750000e+03 1.978596e-03
4.770000e+03 1.955551e-03
4.790000e+03 1.929945e-03
4.810000e+03 1.903590e-03
4.830000e+03 1.866546e-03
4.850000e+03 1.717202e-03
4.870000e+03 1.522264e-03
4.890000e+03 1.791062e-03
4.910000e+03 1.790271e-03
4.930000e+03 1.747936e-03
4.950000e+03 1.755583e-03
4.970000e+03 1.739127e-03
4.990000e+03 1.712292e-03
5.010000e+03 1.674596e-03
5.030000e+03 1.676582e-03
5.050000e+03 1.648771e-03
5.070000e+03 1.641318e-03
5.090000e+03 1.619855e-03
5.110000e+03 1.602245e-03
5.130000e+03 1.581822e-03
5.150000e+03 1.561929e-03
5.170000e+03 1.540976e-03
5.190000e+03 1.526072e-03
5.210000e+03 1.509351e-03
5.230000e+03 1.495754e-03
5.250000e+03 1.483483e-03
5.270000e+03 1.459459e-03
5.290000e+03 1.452528e-03
5.310000e+03 1.437564e-03
5.330000e+03 1.416971e-03
5.350000e+03 1.407790e-03
5.370000e+03 1.391831e-03
5.390000e+03 1.376875e-03
5.410000e+03 1.360550e-03
5.430000e+03 1.346562e-03
5.450000e+03 1.334949e-03
5.470000e+03 1.321588e-03
5.490000e+03 1.308757e-03
5.510000e+03 1.294785e-03
5.530000e+03 1.282353e-03
5.550000e+03 1.271148e-03
5.570000e+03 1.255692e-03
5.590000e+03 1.242794e-03
5.610000e+03 1.230870e-03
5.630000e+03 1.220562e-03
5.650000e+03 1.207741e-03
5.670000e+03 1.194042e-03
5.690000e+03 1.184268e-03
5.710000e+03 1.170729e-03
5.730000e+03 1.162719e-03
5.750000e+03 1.150282e-03
5.770000e+03 1.139816e-03
5.790000e+03 1.127844e-03
5.810000e+03 1.117556e-03
5.830000e+03 1.107446e-03
5.850000e+03 1.095405e-03
5.870000e+03 1.066953e-03
5.890000e+03 1.069925e-03
5.910000e+03 1.064512e-03
5.930000e+03 1.054653e-03
5.950000e+03 1.044821e-03
5.970000e+03 1.035254e-03
5.990000e+03 1.025120e-03
6.010000e+03 1.015001e-03
6.030000e+03 1.005804e-03
6.050000e+03 9.976431e-04
6.070000e+03 9.879359e-04
6.090000e+03 9.783140e-04
6.110000e+03 9.688954e-04
6.130000e+03 9.571966e-04
6.150000e+03 9.495555e-04
6.170000e+03 9.407933e-04
6.190000e+03 9.339103e-04
6.210000e+03 9.257316e-04
6.230000e+03 9.159590e-04
6.250000e+03 9.050104e-04
6.270000e+03 9.010588e-04
6.290000e+03 8.928078e-04
6.310000e+03 8.831808e-04
6.330000e+03 8.763559e-04
6.350000e+03 8.687238e-04
6.370000e+03 8.613689e-04
6.390000e+03 8.542509e-04
6.410000e+03 8.447272e-04
6.430000e+03 8.381267e-04
6.450000e+03 8.310103e-04
6.470000e+03 8.238978e-04
6.490000e+03 8.140927e-04
6.510000e+03 8.086209e-04
6.530000e+03 7.987323e-04
6.550000e+03 7.623924e-04
6.570000e+03 6.737605e-04
6.590000e+03 7.715610e-04
6.610000e+03 7.741904e-04
6.630000e+03 7.699921e-04
6.650000e+03 7.640556e-04
6.670000e+03 7.534611e-04
6.690000e+03 7.485366e-04
6.710000e+03 7.452100e-04
6.730000e+03 7.395874e-04
6.750000e+03 7.330359e-04
6.770000e+03 7.271543e-04
6.790000e+03 7.210251e-04
6.810000e+03 7.152265e-04
6.830000e+03 7.095300e-04
6.850000e+03 7.031970e-04
6.870000e+03 6.977760e-04
6.890000e+03 6.925173e-04
6.910000e+03 6.866670e-04
6.930000e+03 6.812420e-04
6.950000e+03 6.754808e-04
6.970000e+03 6.704436e-04
6.990000e+03 6.648762e-04
7.010000e+03 6.590376e-04
7.030000e+03 6.544206e-04
7.050000e+03 6.492675e-04
7.070000e+03 6.394170e-04
7.090000e+03 6.389115e-04
7.110000e+03 6.339230e-04
7.130000e+03 6.284592e-04
7.150000e+03 6.235619e-04
7.170000e+03 6.192051e-04
7.190000e+03 6.132347e-04
7.210000e+03 6.088425e-04
7.230000e+03 6.043145e-04
7.250000e+03 6.005453e-04
7.270000e+03 5.959694e-04
7.290000e+03 5.884659e-04
7.310000e+03 5.863639e-04
7.330000e+03 5.820394e-04
7.350000e+03 5.779723e-04
7.370000e+03 5.738941e-04
7.390000e+03 5.689706e-04
7.410000e+03 5.632649e-04
7.430000e+03 5.603319e-04
7.450000e+03 5.564702e-04
7.470000e+03 5.524664e-04
7.490000e+03 5.482037e-04
7.510000e+03 5.440345e-04
7.530000e+03 5.404492e-04
7.550000e+03 5.367887e-04
7.570000e+03 5.325649e-04
7.590000e+03 5.285460e-04
7.610000e+03 5.248389e-04
7.630000e+03 5.211409e-04
7.650000e+03 5.174336e-04
7.670000e+03 5.124425e-04
7.690000e+03 5.100922e-04
7.710000e+03 5.051754e-04
7.730000e+03 5.023058e-04
7.750000e+03 4.984631e-04
7.770000e+03 4.947790e-04
7.790000e+03 4.919732e-04
7.810000e+03 4.886977e-04
7.830000e+03 4.848703e-04
7.850000e+03 4.815675e-04
7.870000e+03 4.782179e-04
7.890000e+03 4.746345e-04
7.910000e+03 4.713091e-04
7.930000e+03 4.674185e-04
7.950000e+03 4.642513e-04
7.970000e+03 4.618939e-04
7.990000e+03 4.588327e-04
8.010000e+03 4.550090e-04
8.030000e+03 4.524707e-04
8.050000e+03 4.488962e-04
8.070000e+03 4.466043e-04
8.090000e+03 4.427935e-04
8.110000e+03 4.402960e-04
8.130000e+03 4.376516e-04
8.150000e+03 4.343793e-04
8.170000e+03 4.317392e-04
8.190000e+03 4.275567e-04
8.210000e+03 4.250049e-04
8.230000e+03 4.223840e-04
8.250000e+03 4.201561e-04
8.270000e+03 4.168380e-04
8.290000e+03 4.135639e-04
8.310000e+03 4.092223e-04
8.330000e+03 4.041204e-04
8.350000e+03 4.028413e-04
8.370000e+03 3.978972e-04
8.390000e+03 3.958940e-04
8.410000e+03 3.949666e-04
8.430000e+03 3.952570e-04
8.450000e+03 3.933177e-04
8.470000e+03 3.835355e-04
8.490000e+03 3.943543e-04
8.510000e+03 3.743419e-04
8.530000e+03 3.926364e-04
8.550000e+03 3.564537e-04
8.570000e+03 3.933810e-04
8.590000e+03 3.758332e-04
8.610000e+03 3.702779e-04
8.630000e+03 3.889482e-04
8.650000e+03 3.793471e-04
8.670000e+03 3.404497e-04
8.690000e+03 3.787727e-04
8.710000e+03 3.820270e-04
8.730000e+03 3.741076e-04
8.750000e+03 3.407105e-04
8.770000e+03 3.653284e-04
8.790000e+03 3.729572e-04
8.810000e+03 3.707123e-04
8.830000e+03 3.668506e-04
8.850000e+03 3.524064e-04
8.870000e+03 3.283910e-04
8.890000e+03 3.580922e-04
8.910000e+03 3.601430e-04
8.930000e+03 3.585399e-04
8.950000e+03 3.566897e-04
8.970000e+03 3.539021e-04
8.990000e+03 3.472880e-04
9.010000e+03 3.164508e-04
9.030000e+03 3.302239e-04
9.050000e+03 3.434566e-04
9.070000e+03 3.419586e-04
9.090000e+03 3.397230e-04
9.110000e+03 3.397445e-04
9.130000e+03 3.381937e-04
9.150000e+03 3.361941e-04
9.170000e+03 3.334358e-04
9.190000e+03 3.304026e-04
9.210000e+03 3.207503e-04
9.230000e+03 2.915301e-04
9.250000e+03 3.156790e-04
9.270000e+03 3.214868e-04
9.290000e+03 3.217592e-04
9.310000e+03 3.200453e-04
9.330000e+03 3.186790e-04
9.350000e+03 3.167161e-04
9.370000e+03 3.147117e-04
9.390000e+03 3.131418e-04
9.410000e+03 3.098556e-04
9.430000e+03 3.093247e-04
9.450000e+03 3.073101e-04
9.470000e+03 3.049796e-04
9.490000e+03 3.032734e-04
9.510000e+03 2.991829e-04
9.530000e+03 2.905054e-04
9.550000e+03 2.663755e-04
9.570000e+03 2.899121e-04
9.590000e+03 2.934656e-04
9.610000e+03 2.924300e-04
9.630000e+03 2.906862e-04
9.650000e+03 2.896517e-04
9.670000e+03 2.878757e-04
9.690000e+03 2.867590e-04
9.710000e+03 2.848397e-04
9.730000e+03 2.835950e-04
9.750000e+03 2.817456e-04
9.770000e+03 2.803377e-04
9.790000e+03 2.786572e-04
9.810000e+03 2.772680e-04
9.830000e+03 2.757634e-04
9.850000e+03 2.741578e-04
9.870000e+03 2.724864e-04
9.890000e+03 2.708897e-04
9.910000e+03 2.693801e-04
9.930000e+03 2.679285e-04
9.950000e+03 2.664375e-04
9.970000e+03 2.647916e-04
9.990000e+03 2.629409e-04
1.002500e+04 2.537580e-04
1.007500e+04 2.469148e-04
1.012500e+04 2.531647e-04
1.017500e+04 2.502779e-04
1.022500e+04 2.469462e-04
1.027500e+04 2.438819e-04
1.032500e+04 2.398154e-04
1.037500e+04 2.371567e-04
1.042500e+04 2.342304e-04
1.047500e+04 2.308349e-04
1.052500e+04 2.280876e-04
1.057500e+04 2.250841e-04
1.062500e+04 2.218135e-04
1.067500e+04 2.182923e-04
1.072500e+04 2.161653e-04
1.077500e+04 2.132191e-04
1.082500e+04 2.092899e-04
1.087500e+04 2.073432e-04
1.092500e+04 1.949500e-04
1.097500e+04 1.997719e-04
1.102500e+04 2.000324e-04
1.107500e+04 1.980601e-04
1.112500e+04 1.955404e-04
1.117500e+04 1.930791e-04
1.122500e+04 1.908151e-04
1.127500e+04 1.882288e-04
1.132500e+04 1.860116e-04
1.137500e+04 1.838005e-04
1.142500e+04 1.812695e-04
1.147500e+04 1.795721e-04
1.152500e+04 1.774075e-04
1.157500e+04 1.752646e-04
1.162500e+04 1.725931e-04
1.167500e+04 1.708627e-04
1.172500e+04 1.691920e-04
1.177500e+04 1.667368e-04
1.182500e+04 1.647830e-04
1.187500e+04 1.625860e-04
1.192500e+04 1.614169e-04
1.197500e+04 1.585638e-04
1.202500e+04 1.575413e-04
1.207500e+04 1.555684e-04
1.212500e+04 1.540914e-04
1.217500e+04 1.524103e-04
1.222500e+04 1.506879e-04
1.227500e+04 1.489130e-04
1.232500e+04 1.473167e-04
1.237500e+04 1.456558e-04
1.242500e+04 1.440268e-04
1.247500e+04 1.424593e-04
1.252500e+04 1.408105e-04
1.257500e+04 1.393115e-04
1.262500e+04 1.377770e-04
1.267500e+04 1.362533e-04
1.272500e+04 1.347142e-04
1.277500e+04 1.323063e-04
1.282500e+04 1.252614e-04
1.287500e+04 1.299206e-04
1.292500e+04 1.290035e-04
1.297500e+04 1.276317e-04
1.302500e+04 1.264194e-04
1.307500e+04 1.251063e-04
1.312500e+04 1.237182e-04
1.317500e+04 1.223460e-04
1.322500e+04 1.212508e-04
1.327500e+04 1.198253e-04
1.332500e+04 1.186916e-04
1.337500e+04 1.174767e-04
1.342500e+04 1.163183e-04
1.347500e+04 1.151594e-04
1.352500e+04 1.139760e-04
1.357500e+04 1.127664e-04
1.362500e+04 1.116162e-04
1.367500e+04 1.105641e-04
1.372500e+04 1.094027e-04
1.377500e+04 1.084006e-04
1.382500e+04 1.073259e-04
1.387500e+04 1.062781e-04
1.392500e+04 1.052915e-04
1.397500e+04 1.042798e-04
1.402500e+04 1.031959e-04
1.407500e+04 1.022954e-04
1.412500e+04 1.012269e-04
1.417500e+04 1.003674e-04
1.422500e+04 9.924786e-05
1.427500e+04 9.830706e-05
1.432500e+04 9.753386e-05
1.437500e+04 9.666929e-05
1.442500e+04 9.536665e-05
1.447500e+04 9.489758e-05
1.452500e+04 9.370511e-05
1.457000e+04 9.310889e-05
1.462000e+04 9.238961e-05
1.467500e+04 9.151948e-05
1.472500e+04 9.055140e-05
1.477500e+04 8.972594e-05
1.482500e+04 8.887303e-05
1.487500e+04 8.769624e-05
1.492500e+04 8.715704e-05
1.497500e+04 8.637247e-05
1.502500e+04 8.499582e-05
1.507500e+04 8.442022e-05
1.512500e+04 8.398061e-05
1.517500e+04 8.334306e-05
1.522500e+04 8.314662e-05
1.527500e+04 8.158531e-05
1.532500e+04 8.105620e-05
1.537500e+04 8.115922e-05
1.542500e+04 7.937388e-05
1.547500e+04 7.997249e-05
1.552500e+04 7.937990e-05
1.557500e+04 7.697046e-05
1.562500e+04 7.848753e-05
1.567500e+04 7.697102e-05
1.572500e+04 7.507169e-05
1.577500e+04 7.622074e-05
1.582500e+04 7.570737e-05
1.587500e+04 7.221349e-05
1.592500e+04 7.419006e-05
1.597500e+04 7.403797e-05
1.605000e+04 7.272048e-05
1.615000e+04 7.021363e-05
1.625000e+04 7.051109e-05
1.635000e+04 6.872902e-05
1.645000e+04 6.612449e-05
1.655000e+04 6.637125e-05
1.665000e+04 6.496212e-05
1.675000e+04 6.315099e-05
1.685000e+04 6.074692e-05
1.695000e+04 6.104843e-05
1.705000e+04 5.970347e-05
1.715000e+04 5.856274e-05
1.725000e+04 5.727528e-05
1.735000e+04 5.451703e-05
1.745000e+04 5.488463e-05
1.755000e+04 5.397768e-05
1.765000e+04 5.290080e-05
1.775000e+04 5.188433e-05
1.785000e+04 5.088292e-05
1.795000e+04 4.989298e-05
1.805000e+04 4.888384e-05
1.815000e+04 4.667008e-05
1.825000e+04 4.680784e-05
1.835000e+04 4.615750e-05
1.845000e+04 4.524302e-05
1.855000e+04 4.443404e-05
1.865000e+04 4.349218e-05
1.875000e+04 4.132558e-05
1.885000e+04 4.192528e-05
1.895000e+04 4.111679e-05
1.905000e+04 4.045837e-05
1.915000e+04 3.973653e-05
1.925000e+04 3.902306e-05
1.935000e+04 3.822003e-05
1.945000e+04 3.650072e-05
1.955000e+04 3.686337e-05
1.965000e+04 3.629011e-05
1.975000e+04 3.560585e-05
1.985000e+04 3.502905e-05
1.995000e+04 3.441188e-05
2.005000e+04 3.383981e-05
2.015000e+04 3.325873e-05
2.025000e+04 3.266709e-05
2.035000e+04 3.208887e-05
2.045000e+04 3.158337e-05
2.055000e+04 3.103326e-05
2.065000e+04 3.049193e-05
2.075000e+04 2.999650e-05
2.085000e+04 2.949943e-05
2.095000e+04 2.898622e-05
2.105000e+04 2.852986e-05
2.115000e+04 2.804092e-05
2.125000e+04 2.758939e-05
2.135000e+04 2.714531e-05
2.145000e+04 2.670420e-05
2.155000e+04 2.623869e-05
2.165000e+04 2.514610e-05
2.175000e+04 2.536324e-05
2.185000e+04 2.499878e-05
2.195000e+04 2.461894e-05
2.205000e+04 2.420174e-05
2.215000e+04 2.383851e-05
2.225000e+04 2.346008e-05
2.235000e+04 2.309545e-05
2.245000e+04 2.273702e-05
2.255000e+04 2.237041e-05
2.265000e+04 2.203079e-05
2.275000e+04 2.168712e-05
2.285000e+04 2.135209e-05
2.295000e+04 2.082367e-05
2.305000e+04 2.060835e-05
2.315000e+04 2.031725e-05
2.325000e+04 1.977766e-05
2.335000e+04 1.961535e-05
2.345000e+04 1.936607e-05
2.355000e+04 1.885530e-05
2.365000e+04 1.871173e-05
2.375000e+04 1.849249e-05
2.385000e+04 1.803686e-05
2.395000e+04 1.787701e-05
2.405000e+04 1.764362e-05
2.415000e+04 1.725272e-05
2.425000e+04 1.714639e-05
2.435000e+04 1.685343e-05
2.445000e+04 1.654690e-05
2.455000e+04 1.638467e-05
2.465000e+04 1.615939e-05
2.475000e+04 1.589374e-05
2.485000e+04 1.571319e-05
2.495000e+04 1.538124e-05
2.505000e+04 1.537267e-05
2.515000e+04 1.508019e-05
2.525000e+04 1.472893e-05
2.535000e+04 1.469371e-05
2.545000e+04 1.448850e-05
2.555000e+04 1.427419e-05
2.565000e+04 1.389623e-05
2.575000e+04 1.390379e-05
2.585000e+04 1.369380e-05
2.595000e+04 1.353133e-05
2.605000e+04 1.330853e-05
2.615000e+04 1.294786e-05
2.625000e+04 1.263625e-05
2.635000e+04 1.277671e-05
2.645000e+04 1.263654e-05
2.655000e+04 1.245868e-05
2.665000e+04 1.224404e-05
2.675000e+04 1.193306e-05
2.685000e+04 1.195712e-05
2.695000e+04 1.181359e-05
2.705000e+04 1.165793e-05
2.715000e+04 1.150718e-05
2.725000e+04 1.135359e-05
2.735000e+04 1.119791e-05
2.745000e+04 1.104548e-05
2.755000e+04 1.072538e-05
2.765000e+04 1.071158e-05
2.775000e+04 1.061749e-05
2.785000e+04 1.048235e-05
2.795000e+04 1.035286e-05
2.805000e+04 1.021628e-05
2.815000e+04 1.008161e-05
2.825000e+04 9.949226e-06
2.835000e+04 9.821624e-06
2.845000e+04 9.694829e-06
2.855000e+04 9.566947e-06
2.865000e+04 9.415427e-06
2.875000e+04 9.146664e-06
2.885000e+04 9.194890e-06
2.895000e+04 9.088375e-06
2.905000e+04 8.974065e-06
2.915000e+04 8.861191e-06
2.925000e+04 8.751424e-06
2.935000e+04 8.642765e-06
2.945000e+04 8.531059e-06
2.955000e+04 8.426311e-06
2.965000e+04 8.321045e-06
2.975000e+04 8.217546e-06
2.985000e+04 8.115074e-06
2.995000e+04 8.014162e-06
3.005000e+04 7.914964e-06
3.015000e+04 7.817738e-06
3.025000e+04 7.715337e-06
3.035000e+04 7.500647e-06
3.045000e+04 7.478780e-06
3.055000e+04 7.436965e-06
3.065000e+04 7.350535e-06
3.075000e+04 7.263705e-06
3.085000e+04 7.174610e-06
3.095000e+04 7.087996e-06
3.105000e+04 7.004091e-06
3.115000e+04 6.911266e-06
3.125000e+04 6.836493e-06
3.135000e+04 6.755545e-06
3.145000e+04 6.675244e-06
3.155000e+04 6.593020e-06
3.165000e+04 6.518584e-06
3.175000e+04 6.442011e-06
3.185000e+04 6.366533e-06
3.195000e+04 6.292250e-06
3.210000e+04 6.182173e-06
3.230000e+04 6.039975e-06
3.250000e+04 5.900987e-06
3.270000e+04 5.764863e-06
3.290000e+04 5.565917e-06
3.310000e+04 5.491995e-06
3.330000e+04 5.378734e-06
3.350000e+04 5.260213e-06
3.370000e+04 5.142620e-06
3.390000e+04 5.027359e-06
3.410000e+04 4.915898e-06
3.430000e+04 4.810375e-06
3.450000e+04 4.703733e-06
3.470000e+04 4.602041e-06
3.490000e+04 4.501867e-06
3.510000e+04 4.405681e-06
3.530000e+04 4.310979e-06
3.550000e+04 4.218863e-06
3.570000e+04 4.127588e-06
3.590000e+04 4.047616e-06
3.610000e+04 3.953822e-06
3.630000e+04 3.882525e-06
3.650000e+04 3.789813e-06
3.670000e+04 3.723793e-06
3.690000e+04 3.632238e-06
3.710000e+04 3.570743e-06
3.730000e+04 3.483093e-06
3.750000e+04 3.385627e-06
3.770000e+04 3.359332e-06
3.790000e+04 3.294123e-06
3.810000e+04 3.217077e-06
3.830000e+04 3.157732e-06
3.850000e+04 3.103231e-06
3.870000e+04 3.041770e-06
3.890000e+04 2.979963e-06
3.910000e+04 2.906342e-06
3.930000e+04 2.867417e-06
3.950000e+04 2.812771e-06
3.970000e+04 2.759086e-06
3.990000e+04 2.705536e-06
4.010000e+04 2.647217e-06
4.030000e+04 2.590878e-06
4.050000e+04 2.526190e-06
4.070000e+04 2.506008e-06
4.090000e+04 2.461356e-06
4.110000e+04 2.415596e-06
4.130000e+04 2.370800e-06
4.150000e+04 2.325901e-06
4.170000e+04 2.267121e-06
4.190000e+04 2.242106e-06
4.210000e+04 2.201484e-06
4.230000e+04 2.163604e-06
4.250000e+04 2.123485e-06
4.270000e+04 2.085845e-06
4.290000e+04 2.029725e-06
4.310000e+04 1.981837e-06
4.330000e+04 1.955903e-06
4.350000e+04 1.899938e-06
4.370000e+04 1.852736e-06
4.390000e+04 1.832993e-06
4.410000e+04 1.785848e-06
4.430000e+04 1.761537e-06
4.450000e+04 1.729927e-06
4.470000e+04 1.685589e-06
4.490000e+04 1.668629e-06
4.510000e+04 1.637287e-06
4.530000e+04 1.598591e-06
4.550000e+04 1.578757e-06
4.570000e+04 1.556221e-06
4.590000e+04 1.518302e-06
4.610000e+04 1.501306e-06
4.630000e+04 1.473836e-06
4.650000e+04 1.438579e-06
4.670000e+04 1.418229e-06
4.690000e+04 1.405838e-06
4.710000e+04 1.386642e-06
4.730000e+04 1.370671e-06
4.750000e+04 1.344808e-06
4.770000e+04 1.324518e-06
4.790000e+04 1.306666e-06
4.810000e+04 1.280607e-06
4.830000e+04 1.267556e-06
4.850000e+04 1.246958e-06
4.870000e+04 1.225188e-06
4.890000e+04 1.207164e-06
4.910000e+04 1.188834e-06
4.930000e+04 1.170088e-06
4.950000e+04 1.152076e-06
4.970000e+04 1.134978e-06
4.990000e+04 1.118979e-06
5.010000e+04 1.102901e-06
5.030000e+04 1.086266e-06
5.050000e+04 1.066400e-06
5.070000e+04 1.051882e-06
5.090000e+04 1.038398e-06
5.110000e+04 1.019624e-06
5.130000e+04 9.969377e-07
5.150000e+04 9.906618e-07
5.170000e+04 9.808171e-07
5.190000e+04 9.631032e-07
5.210000e+04 9.492841e-07
5.230000e+04 9.354733e-07
5.250000e+04 9.235710e-07
5.270000e+04 9.118394e-07
5.290000e+04 8.953230e-07
5.310000e+04 8.839891e-07
5.330000e+04 8.711094e-07
5.350000e+04 8.595023e-07
5.370000e+04 8.479632e-07
5.390000e+04 8.362901e-07
5.410000e+04 8.242869e-07
5.430000e+04 8.111533e-07
5.450000e+04 8.018628e-07
5.470000e+04 7.908606e-07
5.490000e+04 7.791547e-07
5.510000e+04 7.692934e-07
5.530000e+04 7.606453e-07
5.550000e+04 7.473366e-07
5.570000e+04 7.398534e-07
5.590000e+04 7.285979e-07
5.610000e+04 7.187973e-07
5.630000e+04 7.088486e-07
5.650000e+04 7.003847e-07
5.670000e+04 6.909356e-07
5.690000e+04 6.805425e-07
5.710000e+04 6.728309e-07
5.730000e+04 6.636950e-07
5.750000e+04 6.550332e-07
5.770000e+04 6.462467e-07
5.790000e+04 6.384266e-07
5.810000e+04 6.295784e-07
5.830000e+04 6.215409e-07
5.850000e+04 6.140364e-07
5.870000e+04 6.055767e-07
5.890000e+04 5.971588e-07
5.910000e+04 5.843872e-07
5.930000e+04 5.823075e-07
5.950000e+04 5.751698e-07
5.970000e+04 5.681847e-07
5.990000e+04 5.609481e-07
6.010000e+04 5.539372e-07
6.030000e+04 5.468079e-07
6.050000e+04 5.394152e-07
6.070000e+04 5.326727e-07
6.090000e+04 5.261639e-07
6.110000e+04 5.192988e-07
6.130000e+04 5.130327e-07
6.150000e+04 5.066720e-07
6.170000e+04 5.004851e-07
6.190000e+04 4.943749e-07
6.210000e+04 4.882919e-07
6.230000e+04 4.821424e-07
6.250000e+04 4.760825e-07
6.270000e+04 4.703211e-07
6.290000e+04 4.645765e-07
6.310000e+04 4.588792e-07
6.330000e+04 4.535038e-07
6.350000e+04 4.477547e-07
6.370000e+04 4.425411e-07
6.390000e+04 4.369567e-07
6.420000e+04 4.292118e-07
6.460000e+04 4.189578e-07
6.500000e+04 4.090638e-07
6.540000e+04 3.992917e-07
6.580000e+04 3.899721e-07
6.620000e+04 3.808527e-07
6.660000e+04 3.720091e-07
6.700000e+04 3.634696e-07
6.740000e+04 3.550933e-07
6.780000e+04 3.469479e-07
6.820000e+04 3.390581e-07
6.860000e+04 3.314258e-07
6.900000e+04 3.239620e-07
6.940000e+04 3.167193e-07
6.980000e+04 3.097122e-07
7.020000e+04 3.028524e-07
7.060000e+04 2.962074e-07
7.100000e+04 2.896418e-07
7.140000e+04 2.833360e-07
7.180000e+04 2.772036e-07
7.220000e+04 2.712452e-07
7.260000e+04 2.653839e-07
7.300000e+04 2.597490e-07
7.340000e+04 2.542340e-07
7.380000e+04 2.489007e-07
7.420000e+04 2.435812e-07
7.460000e+04 2.369524e-07
7.500000e+04 2.321374e-07
7.540000e+04 2.287485e-07
7.580000e+04 2.241226e-07
7.620000e+04 2.195485e-07
7.660000e+04 2.150996e-07
7.700000e+04 2.107304e-07
7.740000e+04 2.065084e-07
7.780000e+04 2.023766e-07
7.820000e+04 1.982680e-07
7.860000e+04 1.943036e-07
7.900000e+04 1.904745e-07
7.940000e+04 1.867418e-07
7.980000e+04 1.830961e-07
8.020000e+04 1.795322e-07
8.060000e+04 1.760592e-07
8.100000e+04 1.726610e-07
8.140000e+04 1.693454e-07
8.180000e+04 1.661259e-07
8.220000e+04 1.629680e-07
8.260000e+04 1.598882e-07
8.300000e+04 1.568793e-07
8.340000e+04 1.539419e-07
8.380000e+04 1.510747e-07
8.420000e+04 1.482754e-07
8.460000e+04 1.455322e-07
8.500000e+04 1.428612e-07
8.540000e+04 1.402261e-07
8.580000e+04 1.376706e-07
8.620000e+04 1.351732e-07
8.660000e+04 1.326931e-07
8.700000e+04 1.303044e-07
8.740000e+04 1.279793e-07
8.780000e+04 1.256956e-07
8.820000e+04 1.234639e-07
8.860000e+04 1.212823e-07
8.900000e+04 1.191595e-07
8.940000e+04 1.170679e-07
8.980000e+04 1.150188e-07
9.020000e+04 1.130342e-07
9.060000e+04 1.110807e-07
9.100000e+04 1.091699e-07
9.140000e+04 1.072978e-07
9.180000e+04 1.054724e-07
9.220000e+04 1.036727e-07
9.260000e+04 1.019315e-07
9.300000e+04 1.002103e-07
9.340000e+04 9.852720e-08
9.380000e+04 9.686379e-08
9.420000e+04 9.525630e-08
9.460000e+04 9.367492e-08
9.500000e+04 9.212874e-08
9.540000e+04 9.062213e-08
9.580000e+04 8.913930e-08
9.620000e+04 8.768328e-08
9.660000e+04 8.625713e-08
9.700000e+04 8.486198e-08
9.740000e+04 8.346466e-08
9.780000e+04 8.213314e-08
9.820000e+04 8.081968e-08
9.860000e+04 7.953166e-08
9.900000e+04 7.827191e-08
9.940000e+04 7.703169e-08
9.980000e+04 7.582148e-08
1.002000e+05 7.463660e-08
2.000000e+05 4.807516e-09
4.000000e+05 3.024438e-10
6.000000e+05 5.959305e-11
8.000000e+05 1.878589e-11
1.000000e+06 7.663294e-12
1.200000e+06 3.681190e-12
1.400000e+06 1.979670e-12
1.600000e+06 1.155688e-12
