9.100000e+01 2.614662e-09
9.400000e+01 3.706510e-09
9.600000e+01 4.610712e-09
9.800000e+01 5.674968e-09
1.000000e+02 6.915772e-09
1.020000e+02 8.349613e-09
1.040000e+02 9.992830e-09
1.060000e+02 1.186131e-08
1.080000e+02 1.397043e-08
1.100000e+02 1.633476e-08
1.140000e+02 2.188328e-08
1.180000e+02 2.860359e-08
1.210000e+02 3.445997e-08
1.250000e+02 4.340314e-08
1.270000e+02 4.837167e-08
1.280000e+02 5.098172e-08
1.310000e+02 5.931523e-08
1.320000e+02 6.226124e-08
1.340000e+02 6.840362e-08
1.370000e+02 7.823996e-08
1.400000e+02 8.880801e-08
1.430000e+02 1.000877e-07
1.470000e+02 1.161910e-07
1.510000e+02 1.334340e-07
1.550000e+02 1.517281e-07
1.590000e+02 1.709737e-07
1.620000e+02 1.859655e-07
1.660000e+02 2.066074e-07
1.700000e+02 2.278879e-07
1.730000e+02 2.441951e-07
1.770000e+02 2.663088e-07
1.800000e+02 2.831047e-07
1.820000e+02 2.943776e-07
1.860000e+02 3.170352e-07
1.910000e+02 3.454356e-07
1.940000e+02 3.624404e-07
1.980000e+02 3.849881e-07
2.020000e+02 4.073094e-07
2.050000e+02 4.238548e-07
2.100000e+02 4.509530e-07
2.160000e+02 4.825313e-07
2.200000e+02 5.029199e-07
2.230000e+02 5.178243e-07
2.270000e+02 5.371469e-07
2.300000e+02 3.392364e-06
2.340000e+02 3.324069e-06
2.400000e+02 3.223405e-06
2.460000e+02 3.125577e-06
2.520000e+02 3.031563e-06
2.570000e+02 2.956391e-06
2.600000e+02 2.912977e-06
2.640000e+02 2.868167e-06
2.690000e+02 2.790370e-06
2.740000e+02 2.713469e-06
2.790000e+02 2.635924e-06
2.840000e+02 2.565620e-06
2.900000e+02 2.481025e-06
2.960000e+02 2.395594e-06
3.010000e+02 2.324921e-06
3.080000e+02 2.249639e-06
3.180000e+02 2.128009e-06
3.280000e+02 2.012057e-06
3.380000e+02 1.901606e-06
3.480000e+02 1.797326e-06
3.570000e+02 1.715139e-06
3.660000e+02 1.639582e-06
3.750000e+02 1.560757e-06
3.850000e+02 1.474192e-06
3.950000e+02 1.403746e-06
4.050000e+02 1.335314e-06
4.140000e+02 1.273364e-06
4.220000e+02 1.219142e-06
4.300000e+02 1.167983e-06
4.410000e+02 1.107010e-06
4.510000e+02 1.052801e-06
4.600000e+02 1.003236e-06
4.700000e+02 9.543819e-07
4.800000e+02 9.105768e-07
4.900000e+02 8.634859e-07
5.000000e+02 8.266926e-07
5.060000e+02 8.014004e-07
5.120000e+02 7.963826e-07
5.200000e+02 7.650098e-07
5.300000e+02 7.280449e-07
5.400000e+02 6.904353e-07
5.500000e+02 6.595222e-07
5.600000e+02 6.383070e-07
5.700000e+02 6.128577e-07
5.800000e+02 5.855132e-07
5.900000e+02 5.616199e-07
6.000000e+02 5.343505e-07
6.100000e+02 5.117387e-07
6.200000e+02 4.965526e-07
6.300000e+02 4.750714e-07
6.400000e+02 4.580056e-07
6.500000e+02 4.388751e-07
6.580000e+02 4.231950e-07
6.650000e+02 4.143258e-07
6.750000e+02 3.995407e-07
6.850000e+02 3.809562e-07
6.950000e+02 3.697128e-07
7.050000e+02 3.517343e-07
7.160000e+02 3.423501e-07
7.260000e+02 3.300752e-07
7.350000e+02 3.195712e-07
7.450000e+02 3.074233e-07
7.550000e+02 2.963654e-07
7.650000e+02 2.842013e-07
7.750000e+02 2.759964e-07
7.850000e+02 2.653371e-07
7.950000e+02 2.573383e-07
8.050000e+02 2.490513e-07
8.150000e+02 2.410037e-07
8.250000e+02 2.333682e-07
8.350000e+02 2.219188e-07
8.450000e+02 2.181736e-07
8.550000e+02 2.108574e-07
8.650000e+02 2.048400e-07
8.750000e+02 1.984970e-07
8.850000e+02 1.923225e-07
8.950000e+02 1.864924e-07
9.050000e+02 1.803568e-07
9.150000e+02 2.632002e-07
9.250000e+02 3.176287e-07
9.350000e+02 3.694030e-07
9.450000e+02 4.390639e-07
9.550000e+02 4.815134e-07
9.650000e+02 5.206292e-07
9.750000e+02 3.357744e-07
9.850000e+02 4.971063e-07
9.950000e+02 4.774415e-07
1.005000e+03 5.196958e-07
1.015000e+03 5.014841e-07
1.025000e+03 3.742729e-07
1.035000e+03 4.602467e-07
1.045000e+03 5.585643e-07
1.055000e+03 5.488907e-07
1.065000e+03 4.993276e-07
1.075000e+03 5.259292e-07
1.085000e+03 4.803389e-07
1.095000e+03 5.243345e-07
1.105000e+03 5.044983e-07
1.115000e+03 4.959053e-07
1.125000e+03 4.593286e-07
1.135000e+03 4.978372e-07
1.145000e+03 4.739903e-07
1.155000e+03 4.737765e-07
1.165000e+03 4.689900e-07
1.175000e+03 3.838874e-07
1.185000e+03 4.477691e-07
1.195000e+03 4.045589e-07
1.205000e+03 3.571033e-07
1.215000e+03 2.887370e-07
1.225000e+03 3.759446e-07
1.235000e+03 4.204984e-07
1.245000e+03 4.277293e-07
1.255000e+03 4.194954e-07
1.265000e+03 4.046433e-07
1.275000e+03 4.265061e-07
1.285000e+03 4.257453e-07
1.295000e+03 3.873098e-07
1.305000e+03 3.861177e-07
1.315000e+03 4.115527e-07
1.325000e+03 3.966280e-07
1.335000e+03 3.769518e-07
1.345000e+03 3.926085e-07
1.355000e+03 3.842173e-07
1.365000e+03 3.653833e-07
1.375000e+03 3.631177e-07
1.385000e+03 3.601445e-07
1.395000e+03 3.100132e-07
1.405000e+03 3.052825e-07
1.415000e+03 3.392548e-07
1.425000e+03 3.295627e-07
1.435000e+03 3.326431e-07
1.442000e+03 3.343782e-07
1.447000e+03 3.314554e-07
1.455000e+03 3.237652e-07
1.465000e+03 3.116339e-07
1.475000e+03 3.088538e-07
1.485000e+03 3.065676e-07
1.495000e+03 3.019416e-07
1.505000e+03 2.908706e-07
1.512000e+03 2.748436e-07
1.517000e+03 2.789247e-07
1.525000e+03 2.768187e-07
1.535000e+03 2.537644e-07
1.545000e+03 2.437551e-07
1.555000e+03 2.393175e-07
1.565000e+03 2.484284e-07
1.575000e+03 2.568816e-07
1.585000e+03 2.577265e-07
1.595000e+03 2.580023e-07
1.605000e+03 2.505453e-07
1.615000e+03 2.472957e-07
1.625000e+03 2.425239e-07
1.635000e+03 2.486773e-07
1.645000e+03 2.487761e-07
1.655000e+03 2.393546e-07
1.665000e+03 2.499417e-07
1.672000e+03 2.339544e-07
1.677000e+03 3.375553e-07
1.685000e+03 3.355345e-07
1.695000e+03 3.110278e-07
1.705000e+03 3.337564e-07
1.715000e+03 4.084068e-07
1.725000e+03 4.482003e-07
1.735000e+03 5.242769e-07
1.745000e+03 5.130498e-07
1.755000e+03 6.404317e-07
1.765000e+03 5.045648e-07
1.775000e+03 6.042719e-07
1.785000e+03 6.548843e-07
1.795000e+03 8.740892e-07
1.805000e+03 8.128952e-07
1.815000e+03 8.258202e-07
1.825000e+03 8.239755e-07
1.835000e+03 8.073597e-07
1.845000e+03 5.916969e-07
1.855000e+03 8.405548e-07
1.865000e+03 1.095085e-06
1.875000e+03 1.028277e-06
1.885000e+03 1.061829e-06
1.895000e+03 1.251299e-06
1.905000e+03 1.185226e-06
1.915000e+03 1.287311e-06
1.925000e+03 1.079891e-06
1.935000e+03 5.755393e-07
1.945000e+03 1.409973e-06
1.955000e+03 1.490208e-06
1.967000e+03 1.787795e-06
1.976000e+03 1.602035e-06
1.984000e+03 1.785508e-06
1.995000e+03 1.828702e-06
2.005000e+03 1.641528e-06
2.015000e+03 1.735316e-06
2.025000e+03 1.394141e-06
2.035000e+03 1.932726e-06
2.045000e+03 2.187302e-06
2.055000e+03 2.083224e-06
2.065000e+03 1.942822e-06
2.074000e+03 2.360165e-06
2.078000e+03 3.410953e-06
2.085000e+03 3.739337e-06
2.095000e+03 3.452476e-06
2.105000e+03 3.156272e-06
2.115000e+03 3.531292e-06
2.125000e+03 3.134332e-06
2.135000e+03 2.820139e-06
2.145000e+03 3.616815e-06
2.155000e+03 3.613201e-06
2.165000e+03 3.147377e-06
2.175000e+03 3.220702e-06
2.185000e+03 3.860335e-06
2.195000e+03 4.048943e-06
2.205000e+03 3.809574e-06
2.215000e+03 3.026593e-06
2.225000e+03 3.332384e-06
2.235000e+03 4.356194e-06
2.245000e+03 4.076259e-06
2.255000e+03 3.147591e-06
2.265000e+03 3.054826e-06
2.275000e+03 3.378791e-06
2.285000e+03 4.240605e-06
2.295000e+03 3.591684e-06
2.305000e+03 4.256840e-06
2.315000e+03 3.781026e-06
2.325000e+03 2.916803e-06
2.335000e+03 2.577641e-06
2.345000e+03 1.672081e-06
2.355000e+03 3.421772e-06
2.365000e+03 1.855539e-06
2.375000e+03 2.623166e-06
2.385000e+03 1.327398e-06
2.395000e+03 1.812805e-06
2.405000e+03 1.811414e-06
2.415000e+03 2.204601e-06
2.425000e+03 3.864232e-06
2.435000e+03 3.794132e-06
2.445000e+03 4.497661e-06
2.455000e+03 4.662578e-06
2.465000e+03 4.319902e-06
2.475000e+03 3.726123e-06
2.485000e+03 2.675352e-06
2.495000e+03 2.953983e-06
2.505000e+03 4.592952e-06
2.513000e+03 1.997831e-06
2.518000e+03 1.365885e-06
2.525000e+03 1.647182e-06
2.535000e+03 2.606331e-06
2.545000e+03 2.856831e-06
2.555000e+03 4.486712e-06
2.565000e+03 3.529469e-06
2.575000e+03 4.397053e-06
2.585000e+03 3.985088e-06
2.595000e+03 3.610696e-06
2.605000e+03 3.109050e-06
2.615000e+03 2.712630e-06
2.625000e+03 3.907096e-06
2.635000e+03 5.898442e-06
2.645000e+03 8.000081e-06
2.655000e+03 9.980135e-06
2.665000e+03 7.014503e-06
2.675000e+03 7.976239e-06
2.685000e+03 8.794233e-06
2.695000e+03 6.765433e-06
2.705000e+03 7.998887e-06
2.715000e+03 6.102331e-06
2.725000e+03 5.591788e-06
2.735000e+03 6.623006e-06
2.745000e+03 3.655270e-06
2.755000e+03 4.908253e-06
2.765000e+03 6.243319e-06
2.775000e+03 6.888940e-06
2.785000e+03 4.192820e-06
2.795000e+03 1.478557e-06
2.805000e+03 1.914581e-06
2.815000e+03 6.278538e-06
2.825000e+03 8.842635e-06
2.835000e+03 8.449047e-06
2.845000e+03 7.013925e-06
2.855000e+03 4.361661e-06
2.865000e+03 8.697842e-06
2.875000e+03 1.013206e-05
2.885000e+03 9.377397e-06
2.895000e+03 1.027993e-05
2.910000e+03 1.333431e-05
2.930000e+03 1.194614e-05
2.950000e+03 1.135976e-05
2.970000e+03 1.196242e-05
2.990000e+03 1.214979e-05
3.010000e+03 1.248170e-05
3.030000e+03 1.279808e-05
3.050000e+03 1.340170e-05
3.070000e+03 1.398307e-05
3.090000e+03 1.394000e-05
3.110000e+03 1.492693e-05
3.130000e+03 1.425132e-05
3.150000e+03 1.416181e-05
3.170000e+03 1.518876e-05
3.190000e+03 1.356607e-05
3.210000e+03 1.489313e-05
3.230000e+03 1.301511e-05
3.250000e+03 1.652525e-05
3.270000e+03 1.869813e-05
3.290000e+03 1.840490e-05
3.310000e+03 1.788061e-05
3.330000e+03 1.809262e-05
3.350000e+03 1.760545e-05
3.370000e+03 1.451724e-05
3.390000e+03 1.599604e-05
3.410000e+03 1.629970e-05
3.430000e+03 1.717714e-05
3.450000e+03 1.763514e-05
3.470000e+03 1.801857e-05
3.490000e+03 1.944290e-05
3.510000e+03 2.041883e-05
3.530000e+03 1.883440e-05
3.550000e+03 2.129667e-05
3.570000e+03 1.654518e-05
3.590000e+03 1.645213e-05
3.610000e+03 1.910930e-05
3.630000e+03 1.971797e-05
3.640000e+03 2.039449e-05
3.650000e+03 2.240843e-05
3.670000e+03 2.285885e-05
3.690000e+03 2.128733e-05
3.710000e+03 2.292340e-05
3.730000e+03 1.793112e-05
3.750000e+03 2.017129e-05
3.770000e+03 2.369056e-05
3.790000e+03 2.481406e-05
3.810000e+03 2.509531e-05
3.830000e+03 1.733761e-05
3.850000e+03 2.275426e-05
3.870000e+03 2.308472e-05
3.890000e+03 2.348341e-05
3.910000e+03 2.788307e-05
3.930000e+03 1.544534e-05
3.950000e+03 2.494322e-05
3.970000e+03 1.743872e-05
3.990000e+03 3.276051e-05
4.010000e+03 3.539697e-05
4.030000e+03 3.528051e-05
4.050000e+03 3.416888e-05
4.070000e+03 3.300386e-05
4.090000e+03 3.713298e-05
4.110000e+03 3.444944e-05
4.130000e+03 3.570667e-05
4.150000e+03 3.542463e-05
4.170000e+03 3.571560e-05
4.190000e+03 3.499970e-05
4.210000e+03 3.538995e-05
4.230000e+03 3.455499e-05
4.250000e+03 3.549121e-05
4.270000e+03 3.395362e-05
4.290000e+03 3.205324e-05
4.310000e+03 2.816905e-05
4.330000e+03 3.679799e-05
4.350000e+03 3.546030e-05
4.370000e+03 3.951781e-05
4.390000e+03 3.649336e-05
4.410000e+03 3.824176e-05
4.430000e+03 4.078330e-05
4.450000e+03 4.073589e-05
4.470000e+03 4.283726e-05
4.490000e+03 4.363387e-05
4.510000e+03 4.808796e-05
4.530000e+03 4.338235e-05
4.550000e+03 4.479610e-05
4.570000e+03 4.770904e-05
4.590000e+03 4.548461e-05
4.610000e+03 4.676139e-05
4.630000e+03 4.593798e-05
4.650000e+03 4.636592e-05
4.670000e+03 4.786337e-05
4.690000e+03 4.719764e-05
4.710000e+03 4.600408e-05
4.730000e+03 4.741672e-05
4.750000e+03 4.852313e-05
4.770000e+03 4.822192e-05
4.790000e+03 4.812243e-05
4.810000e+03 4.803362e-05
4.830000e+03 4.880405e-05
4.850000e+03 4.637307e-05
4.870000e+03 4.208657e-05
4.890000e+03 4.738491e-05
4.910000e+03 4.744800e-05
4.930000e+03 4.661335e-05
4.950000e+03 4.853170e-05
4.970000e+03 4.812982e-05
4.990000e+03 4.520687e-05
5.010000e+03 4.333353e-05
5.030000e+03 4.550662e-05
5.050000e+03 4.524584e-05
5.070000e+03 4.686139e-05
5.090000e+03 4.479900e-05
5.110000e+03 4.549496e-05
5.130000e+03 4.421355e-05
5.150000e+03 4.287748e-05
5.170000e+03 4.078511e-05
5.190000e+03 4.206860e-05
5.210000e+03 4.415116e-05
5.230000e+03 4.637995e-05
5.250000e+03 4.782941e-05
5.270000e+03 4.327745e-05
5.290000e+03 4.815182e-05
5.310000e+03 5.036365e-05
5.330000e+03 4.566507e-05
5.350000e+03 4.908399e-05
5.370000e+03 4.876205e-05
5.390000e+03 4.777330e-05
5.410000e+03 4.705182e-05
5.430000e+03 4.758212e-05
5.450000e+03 4.881245e-05
5.470000e+03 4.788687e-05
5.490000e+03 4.797653e-05
5.510000e+03 4.779345e-05
5.530000e+03 4.882785e-05
5.550000e+03 4.948864e-05
5.570000e+03 4.853426e-05
5.590000e+03 4.753295e-05
5.610000e+03 4.887462e-05
5.630000e+03 4.886134e-05
5.650000e+03 4.932058e-05
5.670000e+03 4.821505e-05
5.690000e+03 4.938742e-05
5.710000e+03 4.785692e-05
5.730000e+03 5.102488e-05
5.750000e+03 4.954621e-05
5.770000e+03 4.996985e-05
5.790000e+03 4.844285e-05
5.810000e+03 4.984346e-05
5.830000e+03 5.090888e-05
5.850000e+03 4.951511e-05
5.870000e+03 4.957682e-05
5.890000e+03 4.467823e-05
5.910000e+03 4.876863e-05
5.930000e+03 4.903088e-05
5.950000e+03 4.909681e-05
5.970000e+03 4.973382e-05
5.990000e+03 4.898630e-05
6.010000e+03 4.829821e-05
6.030000e+03 4.911667e-05
6.050000e+03 4.982068e-05
6.070000e+03 4.953402e-05
6.090000e+03 4.823009e-05
6.110000e+03 4.831866e-05
6.130000e+03 4.619388e-05
6.150000e+03 4.727736e-05
6.170000e+03 4.530706e-05
6.190000e+03 4.748361e-05
6.210000e+03 4.718362e-05
6.230000e+03 4.603173e-05
6.250000e+03 4.470065e-05
6.270000e+03 4.638097e-05
6.290000e+03 4.703895e-05
6.310000e+03 4.607085e-05
6.330000e+03 4.653020e-05
6.350000e+03 4.679700e-05
6.370000e+03 4.663621e-05
6.390000e+03 4.690186e-05
6.410000e+03 4.585414e-05
6.430000e+03 4.629594e-05
6.450000e+03 4.624414e-05
6.470000e+03 4.593736e-05
6.490000e+03 4.505103e-05
6.510000e+03 4.617121e-05
6.530000e+03 4.626103e-05
6.550000e+03 4.492098e-05
6.570000e+03 4.173463e-05
6.590000e+03 4.545048e-05
6.610000e+03 4.607788e-05
6.630000e+03 4.588285e-05
6.650000e+03 4.576562e-05
6.670000e+03 4.486524e-05
6.690000e+03 4.557212e-05
6.710000e+03 4.414577e-05
6.730000e+03 4.509912e-05
6.750000e+03 4.439902e-05
6.770000e+03 4.469790e-05
6.790000e+03 4.424453e-05
6.810000e+03 4.434802e-05
6.830000e+03 4.467886e-05
6.850000e+03 4.370937e-05
6.870000e+03 4.427049e-05
6.890000e+03 4.466129e-05
6.910000e+03 4.448571e-05
6.930000e+03 4.421817e-05
6.950000e+03 4.388076e-05
6.970000e+03 4.429614e-05
6.990000e+03 4.412726e-05
7.010000e+03 4.342865e-05
7.030000e+03 4.404875e-05
7.050000e+03 4.417314e-05
7.070000e+03 4.353500e-05
7.090000e+03 4.237336e-05
7.110000e+03 4.182753e-05
7.130000e+03 4.105442e-05
7.150000e+03 4.067449e-05
7.170000e+03 4.107933e-05
7.190000e+03 4.048632e-05
7.210000e+03 4.099119e-05
7.230000e+03 4.197330e-05
7.250000e+03 4.197872e-05
7.270000e+03 4.196123e-05
7.290000e+03 4.141156e-05
7.310000e+03 4.216106e-05
7.330000e+03 4.217353e-05
7.350000e+03 4.213215e-05
7.370000e+03 4.322351e-05
7.390000e+03 4.200391e-05
7.410000e+03 4.200113e-05
7.430000e+03 4.279632e-05
7.450000e+03 4.274475e-05
7.470000e+03 4.309278e-05
7.490000e+03 4.274038e-05
7.510000e+03 4.323012e-05
7.530000e+03 4.344321e-05
7.550000e+03 4.362705e-05
7.570000e+03 4.319471e-05
7.590000e+03 4.269681e-05
7.610000e+03 4.275323e-05
7.630000e+03 4.238075e-05
7.650000e+03 4.173867e-05
7.670000e+03 4.051566e-05
7.690000e+03 4.148472e-05
7.710000e+03 4.056756e-05
7.730000e+03 4.082461e-05
7.750000e+03 4.048540e-05
7.770000e+03 4.103319e-05
7.790000e+03 4.121089e-05
7.810000e+03 4.118246e-05
7.830000e+03 4.079179e-05
7.850000e+03 4.042374e-05
7.870000e+03 4.070837e-05
7.890000e+03 3.983170e-05
7.910000e+03 3.907017e-05
7.930000e+03 3.953197e-05
7.950000e+03 3.896152e-05
7.970000e+03 3.992752e-05
7.990000e+03 4.015327e-05
8.010000e+03 4.067692e-05
8.030000e+03 4.049698e-05
8.050000e+03 4.026304e-05
8.070000e+03 4.022066e-05
8.090000e+03 3.961057e-05
8.110000e+03 3.976527e-05
8.130000e+03 4.034394e-05
8.150000e+03 4.058974e-05
8.170000e+03 4.057931e-05
8.190000e+03 3.939691e-05
8.210000e+03 3.980890e-05
8.230000e+03 3.997540e-05
8.250000e+03 4.009253e-05
8.270000e+03 4.035599e-05
8.290000e+03 4.022820e-05
8.310000e+03 3.917296e-05
8.330000e+03 3.897425e-05
8.350000e+03 3.908875e-05
8.370000e+03 3.923079e-05
8.390000e+03 3.816785e-05
8.410000e+03 3.917641e-05
8.430000e+03 3.781036e-05
8.450000e+03 3.757990e-05
8.470000e+03 3.751309e-05
8.490000e+03 3.740704e-05
8.510000e+03 3.594805e-05
8.530000e+03 3.737610e-05
8.550000e+03 3.264883e-05
8.570000e+03 3.818247e-05
8.590000e+03 3.785096e-05
8.610000e+03 3.791951e-05
8.630000e+03 3.852714e-05
8.650000e+03 3.835850e-05
8.670000e+03 3.346413e-05
8.690000e+03 3.736085e-05
8.710000e+03 3.853319e-05
8.730000e+03 3.834281e-05
8.750000e+03 3.761992e-05
8.770000e+03 3.839717e-05
8.790000e+03 3.863806e-05
8.810000e+03 3.729772e-05
8.830000e+03 3.796792e-05
8.850000e+03 3.821548e-05
8.870000e+03 3.748162e-05
8.890000e+03 3.795614e-05
8.910000e+03 3.817795e-05
8.930000e+03 3.768098e-05
8.950000e+03 3.763795e-05
8.970000e+03 3.770148e-05
8.990000e+03 3.766692e-05
9.010000e+03 3.634042e-05
9.030000e+03 3.736786e-05
9.050000e+03 3.781993e-05
9.070000e+03 3.768681e-05
9.090000e+03 3.648910e-05
9.110000e+03 3.692062e-05
9.130000e+03 3.719003e-05
9.150000e+03 3.705572e-05
9.170000e+03 3.694132e-05
9.190000e+03 3.727855e-05
9.210000e+03 3.580807e-05
9.230000e+03 3.568151e-05
9.250000e+03 3.558259e-05
9.270000e+03 3.583901e-05
9.290000e+03 3.580679e-05
9.310000e+03 3.573557e-05
9.330000e+03 3.582885e-05
9.350000e+03 3.552389e-05
9.370000e+03 3.507227e-05
9.390000e+03 3.568434e-05
9.410000e+03 3.491237e-05
9.430000e+03 3.555053e-05
9.450000e+03 3.445706e-05
9.470000e+03 3.534698e-05
9.490000e+03 3.530519e-05
9.510000e+03 3.520107e-05
9.530000e+03 3.521496e-05
9.550000e+03 3.425707e-05
9.570000e+03 3.473096e-05
9.590000e+03 3.507591e-05
9.610000e+03 3.476957e-05
9.630000e+03 3.483325e-05
9.650000e+03 3.393066e-05
9.670000e+03 3.417043e-05
9.690000e+03 3.444023e-05
9.710000e+03 3.422165e-05
9.730000e+03 3.391982e-05
9.750000e+03 3.360080e-05
9.770000e+03 3.389364e-05
9.790000e+03 3.329978e-05
9.810000e+03 3.421694e-05
9.830000e+03 3.406497e-05
9.850000e+03 3.398490e-05
9.870000e+03 3.351329e-05
9.890000e+03 3.346169e-05
9.910000e+03 3.332520e-05
9.930000e+03 3.355308e-05
9.950000e+03 3.348049e-05
9.970000e+03 3.350269e-05
9.990000e+03 3.343282e-05
1.002500e+04 3.290265e-05
1.007500e+04 3.233076e-05
1.012500e+04 3.232239e-05
1.017500e+04 3.162171e-05
1.022500e+04 3.168776e-05
1.027500e+04 3.172830e-05
1.032500e+04 3.136867e-05
1.037500e+04 3.099007e-05
1.042500e+04 3.073480e-05
1.047500e+04 3.051594e-05
1.052500e+04 3.037535e-05
1.057500e+04 3.017281e-05
1.062500e+04 2.998472e-05
1.067500e+04 2.942800e-05
1.072500e+04 2.937136e-05
1.077500e+04 2.922713e-05
1.082500e+04 2.868166e-05
1.087500e+04 2.833715e-05
1.092500e+04 2.821738e-05
1.097500e+04 2.778146e-05
1.102500e+04 2.775039e-05
1.107500e+04 2.747483e-05
1.112500e+04 2.757503e-05
1.117500e+04 2.736700e-05
1.122500e+04 2.734909e-05
1.127500e+04 2.687845e-05
1.132500e+04 2.658172e-05
1.137500e+04 2.613376e-05
1.142500e+04 2.575112e-05
1.147500e+04 2.599405e-05
1.152500e+04 2.616165e-05
1.157500e+04 2.579701e-05
1.162500e+04 2.543776e-05
1.167500e+04 2.526033e-05
1.172500e+04 2.512614e-05
1.177500e+04 2.482406e-05
1.182500e+04 2.458266e-05
1.187500e+04 2.427091e-05
1.192500e+04 2.421257e-05
1.197500e+04 2.345180e-05
1.202500e+04 2.400898e-05
1.207500e+04 2.342666e-05
1.212500e+04 2.355853e-05
1.217500e+04 2.347931e-05
1.222500e+04 2.343896e-05
1.227500e+04 2.324586e-05
1.232500e+04 2.287977e-05
1.237500e+04 2.288063e-05
1.242500e+04 2.257989e-05
1.247500e+04 2.240563e-05
1.252500e+04 2.218413e-05
1.257500e+04 2.205867e-05
1.262500e+04 2.221306e-05
1.267500e+04 2.162731e-05
1.272500e+04 2.184144e-05
1.277500e+04 2.165880e-05
1.282500e+04 2.101687e-05
1.287500e+04 2.114850e-05
1.292500e+04 2.122280e-05
1.297500e+04 2.114646e-05
1.302500e+04 2.110020e-05
1.307500e+04 2.095682e-05
1.312500e+04 2.067647e-05
1.317500e+04 2.048106e-05
1.322500e+04 2.051189e-05
1.327500e+04 2.010422e-05
1.332500e+04 2.018533e-05
1.337500e+04 1.989527e-05
1.342500e+04 2.014574e-05
1.347500e+04 2.004138e-05
1.352500e+04 1.995317e-05
1.357500e+04 1.952828e-05
1.362500e+04 1.934405e-05
1.367500e+04 1.950745e-05
1.372500e+04 1.938427e-05
1.377500e+04 1.934190e-05
1.382500e+04 1.930883e-05
1.387500e+04 1.908443e-05
1.392500e+04 1.909658e-05
1.397500e+04 1.886360e-05
1.402500e+04 1.873196e-05
1.407500e+04 1.857565e-05
1.412500e+04 1.819325e-05
1.417500e+04 1.837314e-05
1.422500e+04 1.824256e-05
1.427500e+04 1.807258e-05
1.432500e+04 1.814730e-05
1.437500e+04 1.821920e-05
1.442500e+04 1.772325e-05
1.447500e+04 1.783734e-05
1.452500e+04 1.754322e-05
1.457000e+04 1.769415e-05
1.462000e+04 1.772266e-05
1.467500e+04 1.748471e-05
1.472500e+04 1.726180e-05
1.477500e+04 1.729316e-05
1.482500e+04 1.735057e-05
1.487500e+04 1.726131e-05
1.492500e+04 1.758298e-05
1.497500e+04 1.725415e-05
1.502500e+04 1.691485e-05
1.507500e+04 1.693341e-05
1.512500e+04 1.694084e-05
1.517500e+04 1.709753e-05
1.522500e+04 1.690643e-05
1.527500e+04 1.714306e-05
1.532500e+04 1.691042e-05
1.537500e+04 1.677067e-05
1.542500e+04 1.702884e-05
1.547500e+04 1.690051e-05
1.552500e+04 1.661780e-05
1.557500e+04 1.622752e-05
1.562500e+04 1.656129e-05
1.567500e+04 1.641098e-05
1.572500e+04 1.656503e-05
1.577500e+04 1.553859e-05
1.582500e+04 1.591682e-05
1.587500e+04 1.584593e-05
1.592500e+04 1.604206e-05
1.597500e+04 1.592892e-05
1.605000e+04 1.595490e-05
1.615000e+04 1.574430e-05
1.625000e+04 1.542173e-05
1.635000e+04 1.569066e-05
1.645000e+04 1.505029e-05
1.655000e+04 1.513255e-05
1.665000e+04 1.455594e-05
1.675000e+04 1.485821e-05
1.685000e+04 1.413774e-05
1.695000e+04 1.437319e-05
1.705000e+04 1.391798e-05
1.715000e+04 1.387328e-05
1.725000e+04 1.351255e-05
1.735000e+04 1.311964e-05
1.745000e+04 1.308605e-05
1.755000e+04 1.290495e-05
1.765000e+04 1.263545e-05
1.775000e+04 1.228353e-05
1.785000e+04 1.231888e-05
1.795000e+04 1.173049e-05
1.805000e+04 1.160702e-05
1.815000e+04 1.145285e-05
1.825000e+04 1.106238e-05
1.835000e+04 1.084372e-05
1.845000e+04 1.086537e-05
1.855000e+04 1.080975e-05
1.865000e+04 1.043398e-05
1.875000e+04 1.015619e-05
1.885000e+04 1.019015e-05
1.895000e+04 9.758008e-06
1.905000e+04 1.003913e-05
1.915000e+04 9.732657e-06
1.925000e+04 9.649633e-06
1.935000e+04 9.446515e-06
1.945000e+04 9.063360e-06
1.955000e+04 9.066372e-06
1.965000e+04 8.965470e-06
1.975000e+04 8.759113e-06
1.985000e+04 8.517851e-06
1.995000e+04 8.541707e-06
2.005000e+04 8.468962e-06
2.015000e+04 8.446723e-06
2.025000e+04 8.157152e-06
2.035000e+04 8.031744e-06
2.045000e+04 7.917448e-06
2.055000e+04 7.794153e-06
2.065000e+04 7.604852e-06
2.075000e+04 7.485074e-06
2.085000e+04 7.536760e-06
2.095000e+04 7.281792e-06
2.105000e+04 7.266242e-06
2.115000e+04 7.104685e-06
2.125000e+04 7.044067e-06
2.135000e+04 6.960735e-06
2.145000e+04 6.813974e-06
2.155000e+04 6.750937e-06
2.165000e+04 6.584230e-06
2.175000e+04 6.444637e-06
2.185000e+04 6.363631e-06
2.195000e+04 6.256892e-06
2.205000e+04 6.038906e-06
2.215000e+04 6.096982e-06
2.225000e+04 5.996189e-06
2.235000e+04 5.900829e-06
2.245000e+04 5.883106e-06
2.255000e+04 5.749519e-06
2.265000e+04 5.627418e-06
2.275000e+04 5.608821e-06
2.285000e+04 5.482183e-06
2.295000e+04 4.814765e-06
2.305000e+04 5.143905e-06
2.315000e+04 5.118999e-06
2.325000e+04 4.466976e-06
2.335000e+04 4.846492e-06
2.345000e+04 4.684430e-06
2.355000e+04 4.178759e-06
2.365000e+04 4.460131e-06
2.375000e+04 4.434857e-06
2.385000e+04 3.927221e-06
2.395000e+04 4.264478e-06
2.405000e+04 4.187430e-06
2.415000e+04 3.772537e-06
2.425000e+04 3.893982e-06
2.435000e+04 3.892827e-06
2.445000e+04 3.692644e-06
2.455000e+04 3.669426e-06
2.465000e+04 3.751404e-06
2.475000e+04 3.611376e-06
2.485000e+04 3.420397e-06
2.495000e+04 3.489985e-06
2.505000e+04 3.551019e-06
2.515000e+04 3.263305e-06
2.525000e+04 3.381249e-06
2.535000e+04 3.362987e-06
2.545000e+04 3.291211e-06
2.555000e+04 3.281195e-06
2.565000e+04 3.269570e-06
2.575000e+04 3.281275e-06
2.585000e+04 3.170262e-06
2.595000e+04 3.185098e-06
2.605000e+04 3.222517e-06
2.615000e+04 3.145347e-06
2.625000e+04 3.125406e-06
2.635000e+04 3.160787e-06
2.645000e+04 3.087490e-06
2.655000e+04 3.077069e-06
2.665000e+04 3.057149e-06
2.675000e+04 3.044991e-06
2.685000e+04 2.956880e-06
2.695000e+04 2.936421e-06
2.705000e+04 2.945914e-06
2.715000e+04 2.905220e-06
2.725000e+04 2.961515e-06
2.735000e+04 2.887467e-06
2.745000e+04 2.923297e-06
2.755000e+04 2.867647e-06
2.765000e+04 2.799534e-06
2.775000e+04 2.776444e-06
2.785000e+04 2.797438e-06
2.795000e+04 2.792161e-06
2.805000e+04 2.731623e-06
2.815000e+04 2.684183e-06
2.825000e+04 2.678117e-06
2.835000e+04 2.612279e-06
2.845000e+04 2.501276e-06
2.855000e+04 2.546663e-06
2.865000e+04 2.549731e-06
2.875000e+04 2.496445e-06
2.885000e+04 2.460534e-06
2.895000e+04 2.408827e-06
2.905000e+04 2.417781e-06
2.915000e+04 2.353106e-06
2.925000e+04 2.282587e-06
2.935000e+04 2.276870e-06
2.945000e+04 2.224202e-06
2.955000e+04 2.186030e-06
2.965000e+04 2.160935e-06
2.975000e+04 2.121944e-06
2.985000e+04 2.077772e-06
2.995000e+04 2.062298e-06
3.005000e+04 2.045833e-06
3.015000e+04 2.017461e-06
3.025000e+04 1.987937e-06
3.035000e+04 1.956202e-06
3.045000e+04 1.940860e-06
3.055000e+04 1.920676e-06
3.065000e+04 1.907021e-06
3.075000e+04 1.891691e-06
3.085000e+04 1.860336e-06
3.095000e+04 1.835384e-06
3.105000e+04 1.829861e-06
3.115000e+04 1.802319e-06
3.125000e+04 1.781176e-06
3.135000e+04 1.756211e-06
3.145000e+04 1.741261e-06
3.155000e+04 1.721923e-06
3.165000e+04 1.693060e-06
3.175000e+04 1.676855e-06
3.185000e+04 1.669226e-06
3.195000e+04 1.662353e-06
3.210000e+04 1.627894e-06
3.230000e+04 1.588128e-06
3.250000e+04 1.571325e-06
3.270000e+04 1.538177e-06
3.290000e+04 1.501716e-06
3.310000e+04 1.467394e-06
3.330000e+04 1.450464e-06
3.350000e+04 1.446831e-06
3.370000e+04 1.403759e-06
3.390000e+04 1.387074e-06
3.410000e+04 1.374421e-06
3.430000e+04 1.367508e-06
3.450000e+04 1.335946e-06
3.470000e+04 1.308058e-06
3.490000e+04 1.268799e-06
3.510000e+04 1.257132e-06
3.530000e+04 1.224074e-06
3.550000e+04 1.184306e-06
3.570000e+04 1.177424e-06
3.590000e+04 1.146771e-06
3.610000e+04 1.129886e-06
3.630000e+04 1.089945e-06
3.650000e+04 1.064855e-06
3.670000e+04 1.043833e-06
3.690000e+04 1.014129e-06
3.710000e+04 9.859755e-07
3.730000e+04 9.661844e-07
3.750000e+04 9.356414e-07
3.770000e+04 9.202682e-07
3.790000e+04 9.012436e-07
3.810000e+04 8.837661e-07
3.830000e+04 8.636447e-07
3.850000e+04 8.489981e-07
3.870000e+04 8.325667e-07
3.890000e+04 8.180305e-07
3.910000e+04 8.047425e-07
3.930000e+04 7.915255e-07
3.950000e+04 7.766359e-07
3.970000e+04 7.660382e-07
3.990000e+04 7.497207e-07
4.010000e+04 7.375480e-07
4.030000e+04 7.268096e-07
4.050000e+04 7.161482e-07
4.070000e+04 7.068795e-07
4.090000e+04 6.986414e-07
4.110000e+04 6.919148e-07
4.130000e+04 6.784325e-07
4.150000e+04 6.573326e-07
4.170000e+04 6.528880e-07
4.190000e+04 6.488351e-07
4.210000e+04 6.334495e-07
4.230000e+04 6.301253e-07
4.250000e+04 6.202428e-07
4.270000e+04 6.128001e-07
4.290000e+04 5.729573e-07
4.310000e+04 5.325859e-07
4.330000e+04 5.341910e-07
4.350000e+04 4.949681e-07
4.370000e+04 4.771160e-07
4.390000e+04 4.645046e-07
4.410000e+04 4.438432e-07
4.430000e+04 4.390147e-07
4.450000e+04 4.285670e-07
4.470000e+04 4.120671e-07
4.490000e+04 4.170993e-07
4.510000e+04 4.056574e-07
4.530000e+04 3.888023e-07
4.550000e+04 3.803122e-07
4.570000e+04 3.704638e-07
4.590000e+04 3.577238e-07
4.610000e+04 3.629213e-07
4.630000e+04 3.560037e-07
4.650000e+04 3.538454e-07
4.670000e+04 3.515251e-07
4.690000e+04 3.411728e-07
4.710000e+04 3.342697e-07
4.730000e+04 3.431206e-07
4.750000e+04 3.336665e-07
4.770000e+04 3.291664e-07
4.790000e+04 3.247729e-07
4.810000e+04 3.142478e-07
4.830000e+04 3.175193e-07
4.850000e+04 3.105087e-07
4.870000e+04 3.044554e-07
4.890000e+04 3.014584e-07
4.910000e+04 2.960468e-07
4.930000e+04 2.929723e-07
4.950000e+04 2.834904e-07
4.970000e+04 2.811634e-07
4.990000e+04 2.787173e-07
5.010000e+04 2.757457e-07
5.030000e+04 2.712789e-07
5.050000e+04 2.631170e-07
5.070000e+04 2.614433e-07
5.090000e+04 2.597131e-07
5.110000e+04 2.564082e-07
5.130000e+04 2.555883e-07
5.150000e+04 2.504170e-07
5.170000e+04 2.511165e-07
5.190000e+04 2.463544e-07
5.210000e+04 2.431812e-07
5.230000e+04 2.385366e-07
5.250000e+04 2.378712e-07
5.270000e+04 2.388830e-07
5.290000e+04 2.330405e-07
5.310000e+04 2.293000e-07
5.330000e+04 2.275795e-07
5.350000e+04 2.239610e-07
5.370000e+04 2.220633e-07
5.390000e+04 2.192735e-07
5.410000e+04 2.176647e-07
5.430000e+04 2.142993e-07
5.450000e+04 2.143179e-07
5.470000e+04 2.102719e-07
5.490000e+04 2.088387e-07
5.510000e+04 2.057299e-07
5.530000e+04 2.086218e-07
5.550000e+04 2.008994e-07
5.570000e+04 2.027222e-07
5.590000e+04 1.977873e-07
5.610000e+04 1.976189e-07
5.630000e+04 1.928312e-07
5.650000e+04 1.931448e-07
5.670000e+04 1.900767e-07
5.690000e+04 1.865072e-07
5.710000e+04 1.858144e-07
5.730000e+04 1.839119e-07
5.750000e+04 1.813307e-07
5.770000e+04 1.786317e-07
5.790000e+04 1.789314e-07
5.810000e+04 1.761405e-07
5.830000e+04 1.749522e-07
5.850000e+04 1.733732e-07
5.870000e+04 1.711143e-07
5.890000e+04 1.690691e-07
5.910000e+04 1.670471e-07
5.930000e+04 1.648287e-07
5.950000e+04 1.623784e-07
5.970000e+04 1.614589e-07
5.990000e+04 1.593761e-07
6.010000e+04 1.573128e-07
6.030000e+04 1.559829e-07
6.050000e+04 1.541301e-07
6.070000e+04 1.529128e-07
6.090000e+04 1.511063e-07
6.110000e+04 1.488352e-07
6.130000e+04 1.473723e-07
6.150000e+04 1.457743e-07
6.170000e+04 1.440874e-07
6.190000e+04 1.418035e-07
6.210000e+04 1.403332e-07
6.230000e+04 1.385516e-07
6.250000e+04 1.370169e-07
6.270000e+04 1.352748e-07
6.290000e+04 1.334301e-07
6.310000e+04 1.317147e-07
6.330000e+04 1.306726e-07
6.350000e+04 1.293074e-07
6.370000e+04 1.286397e-07
6.390000e+04 1.264804e-07
6.420000e+04 1.240450e-07
6.460000e+04 1.208629e-07
6.500000e+04 1.184719e-07
6.540000e+04 1.158297e-07
6.580000e+04 1.127578e-07
6.620000e+04 1.099344e-07
6.660000e+04 1.080733e-07
6.700000e+04 1.059697e-07
6.740000e+04 1.035423e-07
6.780000e+04 1.009693e-07
6.820000e+04 9.900636e-08
6.860000e+04 9.699050e-08
6.900000e+04 9.400877e-08
6.940000e+04 9.181967e-08
6.980000e+04 8.989961e-08
7.020000e+04 8.818318e-08
7.060000e+04 8.627047e-08
7.100000e+04 8.462642e-08
7.140000e+04 8.283028e-08
7.180000e+04 8.127324e-08
7.220000e+04 7.983399e-08
7.260000e+04 7.834414e-08
7.300000e+04 7.670317e-08
7.340000e+04 7.501718e-08
7.380000e+04 7.334499e-08
7.420000e+04 7.183314e-08
7.460000e+04 7.067232e-08
7.500000e+04 6.930159e-08
7.540000e+04 6.798624e-08
7.580000e+04 6.613587e-08
7.620000e+04 6.484830e-08
7.660000e+04 6.324920e-08
7.700000e+04 6.237560e-08
7.740000e+04 6.127689e-08
7.780000e+04 6.017217e-08
7.820000e+04 5.890222e-08
7.860000e+04 5.765378e-08
7.900000e+04 5.663049e-08
7.940000e+04 5.575957e-08
7.980000e+04 5.469628e-08
8.020000e+04 5.374016e-08
8.060000e+04 5.265747e-08
8.100000e+04 5.169831e-08
8.140000e+04 5.066701e-08
8.180000e+04 4.972895e-08
8.220000e+04 4.860554e-08
8.260000e+04 4.772959e-08
8.300000e+04 4.689071e-08
8.340000e+04 4.607022e-08
8.380000e+04 4.538379e-08
8.420000e+04 4.456104e-08
8.460000e+04 4.373158e-08
8.500000e+04 4.293882e-08
8.540000e+04 4.225648e-08
8.580000e+04 4.155523e-08
8.620000e+04 4.083590e-08
8.660000e+04 4.011273e-08
8.700000e+04 3.940996e-08
8.740000e+04 3.881975e-08
8.780000e+04 3.825307e-08
8.820000e+04 3.776443e-08
8.860000e+04 3.716346e-08
8.900000e+04 3.660437e-08
8.940000e+04 3.595725e-08
8.980000e+04 3.531948e-08
9.020000e+04 3.478466e-08
9.060000e+04 3.407533e-08
9.100000e+04 3.343313e-08
9.140000e+04 3.282140e-08
9.180000e+04 3.228794e-08
9.220000e+04 3.187357e-08
9.260000e+04 3.156436e-08
9.300000e+04 3.112985e-08
9.340000e+04 3.049300e-08
9.380000e+04 2.994809e-08
9.420000e+04 2.942235e-08
9.460000e+04 2.897063e-08
9.500000e+04 2.868566e-08
9.540000e+04 2.828234e-08
9.580000e+04 2.780645e-08
9.620000e+04 2.741054e-08
9.660000e+04 2.690791e-08
9.700000e+04 2.641908e-08
9.740000e+04 2.612553e-08
9.780000e+04 2.580423e-08
9.820000e+04 2.541778e-08
9.860000e+04 2.510499e-08
9.900000e+04 2.477848e-08
9.940000e+04 2.432650e-08
9.980000e+04 2.385412e-08
1.002000e+05 2.342830e-08
2.000000e+05 1.290440e-09
4.000000e+05 8.171530e-11
6.000000e+05 1.612173e-11
8.000000e+05 5.082589e-12
1.000000e+06 2.073377e-12
1.200000e+06 9.957241e-13
1.400000e+06 5.353653e-13
1.600000e+06 3.125485e-13
