9.100000e+01 1.295060e-09
9.400000e+01 1.835828e-09
9.600000e+01 2.284641e-09
9.800000e+01 2.814059e-09
1.000000e+02 3.432855e-09
1.020000e+02 4.149930e-09
1.040000e+02 4.974249e-09
1.060000e+02 5.914696e-09
1.080000e+02 6.980037e-09
1.100000e+02 8.178800e-09
1.140000e+02 1.100927e-08
1.180000e+02 1.446703e-08
1.210000e+02 1.750418e-08
1.250000e+02 2.218135e-08
1.270000e+02 2.479888e-08
1.280000e+02 2.617908e-08
1.310000e+02 3.060886e-08
1.320000e+02 3.218292e-08
1.340000e+02 3.547790e-08
1.370000e+02 4.079016e-08
1.400000e+02 4.654416e-08
1.430000e+02 5.273663e-08
1.470000e+02 6.166376e-08
1.510000e+02 7.133254e-08
1.550000e+02 8.170962e-08
1.590000e+02 9.275458e-08
1.620000e+02 1.014475e-07
1.660000e+02 1.135430e-07
1.700000e+02 1.261638e-07
1.730000e+02 1.359382e-07
1.770000e+02 1.493358e-07
1.800000e+02 1.596227e-07
1.820000e+02 1.665814e-07
1.860000e+02 1.807001e-07
1.910000e+02 1.986529e-07
1.940000e+02 2.095415e-07
1.980000e+02 2.241460e-07
2.020000e+02 2.387960e-07
2.050000e+02 2.497832e-07
2.100000e+02 2.680257e-07
2.160000e+02 2.896947e-07
2.200000e+02 3.039381e-07
2.230000e+02 3.144846e-07
2.270000e+02 3.283373e-07
2.300000e+02 2.408969e-06
2.340000e+02 2.368783e-06
2.400000e+02 2.308244e-06
2.460000e+02 2.248138e-06
2.520000e+02 2.190877e-06
2.570000e+02 2.146209e-06
2.600000e+02 2.115311e-06
2.640000e+02 2.095334e-06
2.690000e+02 2.049744e-06
2.740000e+02 2.004807e-06
2.790000e+02 1.945959e-06
2.840000e+02 1.914349e-06
2.900000e+02 1.865371e-06
2.960000e+02 1.805250e-06
3.010000e+02 1.756280e-06
3.080000e+02 1.699960e-06
3.180000e+02 1.613944e-06
3.280000e+02 1.538072e-06
3.380000e+02 1.459178e-06
3.480000e+02 1.385564e-06
3.570000e+02 1.343013e-06
3.660000e+02 1.322422e-06
3.750000e+02 1.266086e-06
3.850000e+02 1.184879e-06
3.950000e+02 1.169394e-06
4.050000e+02 1.146119e-06
4.140000e+02 1.099592e-06
4.220000e+02 1.047091e-06
4.300000e+02 1.005650e-06
4.410000e+02 9.798823e-07
4.510000e+02 9.400454e-07
4.600000e+02 8.870431e-07
4.700000e+02 8.523068e-07
4.800000e+02 8.323309e-07
4.900000e+02 7.799972e-07
5.000000e+02 7.768651e-07
5.060000e+02 7.348320e-07
5.120000e+02 7.732635e-07
5.200000e+02 7.417158e-07
5.300000e+02 7.016087e-07
5.400000e+02 6.447478e-07
5.500000e+02 6.140245e-07
5.600000e+02 6.249673e-07
5.700000e+02 6.211168e-07
5.800000e+02 5.971806e-07
5.900000e+02 5.777398e-07
6.000000e+02 5.336386e-07
6.100000e+02 5.049861e-07
6.200000e+02 5.195465e-07
6.300000e+02 4.900994e-07
6.400000e+02 4.914564e-07
6.500000e+02 4.687420e-07
6.580000e+02 4.447260e-07
6.650000e+02 4.511836e-07
6.750000e+02 4.425911e-07
6.850000e+02 4.086834e-07
6.950000e+02 4.138407e-07
7.050000e+02 3.754159e-07
7.160000e+02 3.901292e-07
7.260000e+02 3.805282e-07
7.350000e+02 3.704352e-07
7.450000e+02 3.545252e-07
7.550000e+02 3.425477e-07
7.650000e+02 3.180326e-07
7.750000e+02 3.229643e-07
7.850000e+02 3.007931e-07
7.950000e+02 3.019520e-07
8.050000e+02 2.979928e-07
8.150000e+02 2.902000e-07
8.250000e+02 2.835820e-07
8.350000e+02 2.542547e-07
8.450000e+02 2.665911e-07
8.550000e+02 2.572014e-07
8.650000e+02 2.544086e-07
8.750000e+02 2.482511e-07
8.850000e+02 2.415637e-07
8.950000e+02 2.355063e-07
9.050000e+02 2.272909e-07
9.150000e+02 2.928059e-07
9.250000e+02 4.017820e-07
9.350000e+02 5.112680e-07
9.450000e+02 6.085292e-07
9.550000e+02 6.690407e-07
9.650000e+02 6.917275e-07
9.750000e+02 3.926401e-07
9.850000e+02 5.685776e-07
9.950000e+02 5.531107e-07
1.005000e+03 6.403816e-07
1.015000e+03 6.514059e-07
1.025000e+03 5.156642e-07
1.035000e+03 5.815321e-07
1.045000e+03 7.266988e-07
1.055000e+03 6.984768e-07
1.065000e+03 6.078050e-07
1.075000e+03 6.493303e-07
1.085000e+03 5.753149e-07
1.095000e+03 6.535819e-07
1.105000e+03 6.214827e-07
1.115000e+03 6.033573e-07
1.125000e+03 5.383688e-07
1.135000e+03 6.167795e-07
1.145000e+03 5.881796e-07
1.155000e+03 5.847680e-07
1.165000e+03 5.713589e-07
1.175000e+03 4.212256e-07
1.185000e+03 5.440872e-07
1.195000e+03 4.784518e-07
1.205000e+03 4.118204e-07
1.215000e+03 3.701670e-07
1.225000e+03 4.731548e-07
1.235000e+03 5.310492e-07
1.245000e+03 5.365421e-07
1.255000e+03 5.203187e-07
1.265000e+03 5.034673e-07
1.275000e+03 5.407898e-07
1.285000e+03 5.416853e-07
1.295000e+03 4.679091e-07
1.305000e+03 4.703614e-07
1.315000e+03 5.228384e-07
1.325000e+03 4.987566e-07
1.335000e+03 4.604810e-07
1.345000e+03 4.992790e-07
1.355000e+03 4.855101e-07
1.365000e+03 4.501943e-07
1.375000e+03 4.473890e-07
1.385000e+03 4.414608e-07
1.395000e+03 3.481746e-07
1.405000e+03 3.415603e-07
1.415000e+03 4.095953e-07
1.425000e+03 4.000617e-07
1.435000e+03 4.090849e-07
1.442000e+03 4.122207e-07
1.447000e+03 4.104389e-07
1.455000e+03 3.970252e-07
1.465000e+03 3.754905e-07
1.475000e+03 3.765754e-07
1.485000e+03 3.774184e-07
1.495000e+03 3.711752e-07
1.505000e+03 3.525862e-07
1.512000e+03 3.255525e-07
1.517000e+03 3.345767e-07
1.525000e+03 3.320052e-07
1.535000e+03 2.921900e-07
1.545000e+03 2.722474e-07
1.555000e+03 2.690134e-07
1.565000e+03 2.897296e-07
1.575000e+03 3.019310e-07
1.585000e+03 3.064906e-07
1.595000e+03 3.054407e-07
1.605000e+03 2.984891e-07
1.615000e+03 2.942169e-07
1.625000e+03 2.866120e-07
1.635000e+03 2.974372e-07
1.645000e+03 2.954798e-07
1.655000e+03 2.871626e-07
1.665000e+03 2.949733e-07
1.672000e+03 2.728631e-07
1.677000e+03 3.000472e-07
1.685000e+03 2.994703e-07
1.695000e+03 2.854048e-07
1.705000e+03 2.771434e-07
1.715000e+03 2.619708e-07
1.725000e+03 2.582732e-07
1.735000e+03 2.691434e-07
1.745000e+03 2.629564e-07
1.755000e+03 2.684256e-07
1.765000e+03 2.574164e-07
1.775000e+03 2.510043e-07
1.785000e+03 2.547006e-07
1.795000e+03 2.608023e-07
1.805000e+03 2.603867e-07
1.815000e+03 2.395813e-07
1.825000e+03 2.440654e-07
1.835000e+03 2.368990e-07
1.845000e+03 2.204718e-07
1.855000e+03 2.163091e-07
1.865000e+03 2.198202e-07
1.875000e+03 2.316925e-07
1.885000e+03 2.136579e-07
1.895000e+03 2.046083e-07
1.905000e+03 2.162108e-07
1.915000e+03 2.049151e-07
1.925000e+03 1.975801e-07
1.935000e+03 2.046831e-07
1.945000e+03 2.099087e-07
1.955000e+03 1.945459e-07
1.967000e+03 2.093296e-07
1.976000e+03 2.125379e-07
1.984000e+03 2.037674e-07
1.995000e+03 1.984457e-07
2.005000e+03 2.031475e-07
2.015000e+03 1.986249e-07
2.025000e+03 2.014207e-07
2.035000e+03 1.920352e-07
2.045000e+03 1.970408e-07
2.055000e+03 1.806513e-07
2.065000e+03 1.842219e-07
2.074000e+03 2.001596e-07
2.078000e+03 2.209404e-07
2.085000e+03 2.473092e-07
2.095000e+03 2.327676e-07
2.105000e+03 2.349576e-07
2.115000e+03 2.474864e-07
2.125000e+03 2.377098e-07
2.135000e+03 2.318403e-07
2.145000e+03 2.529615e-07
2.155000e+03 2.519384e-07
2.165000e+03 2.366047e-07
2.175000e+03 2.338368e-07
2.185000e+03 2.632303e-07
2.195000e+03 2.601385e-07
2.205000e+03 2.587409e-07
2.215000e+03 2.249292e-07
2.225000e+03 2.453164e-07
2.235000e+03 2.946813e-07
2.245000e+03 2.853961e-07
2.255000e+03 2.433485e-07
2.265000e+03 2.289437e-07
2.275000e+03 2.406984e-07
2.285000e+03 3.014110e-07
2.295000e+03 2.580308e-07
2.305000e+03 2.937169e-07
2.315000e+03 2.601157e-07
2.325000e+03 2.220692e-07
2.335000e+03 2.254250e-07
2.345000e+03 1.882078e-07
2.355000e+03 2.559847e-07
2.365000e+03 1.981726e-07
2.375000e+03 2.216080e-07
2.385000e+03 1.783844e-07
2.395000e+03 1.983023e-07
2.405000e+03 1.994167e-07
2.415000e+03 2.078017e-07
2.425000e+03 2.876082e-07
2.435000e+03 2.929408e-07
2.445000e+03 3.387466e-07
2.455000e+03 3.598367e-07
2.465000e+03 3.025313e-07
2.475000e+03 2.762601e-07
2.485000e+03 1.854787e-07
2.495000e+03 2.103787e-07
2.505000e+03 3.012232e-07
2.513000e+03 1.832910e-07
2.518000e+03 1.654165e-07
2.525000e+03 1.711858e-07
2.535000e+03 2.471298e-07
2.545000e+03 2.532435e-07
2.555000e+03 4.787747e-07
2.565000e+03 3.500431e-07
2.575000e+03 4.551158e-07
2.585000e+03 4.063646e-07
2.595000e+03 3.710728e-07
2.605000e+03 3.293112e-07
2.615000e+03 3.019503e-07
2.625000e+03 3.937538e-07
2.635000e+03 7.228110e-07
2.645000e+03 9.483356e-07
2.655000e+03 1.462133e-06
2.665000e+03 8.375955e-07
2.675000e+03 9.539241e-07
2.685000e+03 1.163519e-06
2.695000e+03 7.886438e-07
2.705000e+03 1.027388e-06
2.715000e+03 7.100038e-07
2.725000e+03 4.894513e-07
2.735000e+03 6.672393e-07
2.745000e+03 4.056617e-07
2.755000e+03 5.530760e-07
2.765000e+03 7.357222e-07
2.775000e+03 7.721375e-07
2.785000e+03 4.678298e-07
2.795000e+03 2.446597e-07
2.805000e+03 2.861409e-07
2.815000e+03 6.729586e-07
2.825000e+03 9.756139e-07
2.835000e+03 8.835310e-07
2.845000e+03 5.540035e-07
2.855000e+03 3.116138e-07
2.865000e+03 8.239966e-07
2.875000e+03 1.322374e-06
2.885000e+03 1.200291e-06
2.895000e+03 1.598335e-06
2.910000e+03 2.307541e-06
2.930000e+03 1.958047e-06
2.950000e+03 1.746269e-06
2.970000e+03 1.805216e-06
2.990000e+03 1.839923e-06
3.010000e+03 1.781512e-06
3.030000e+03 1.997739e-06
3.050000e+03 2.081965e-06
3.070000e+03 2.410587e-06
3.090000e+03 2.301150e-06
3.110000e+03 2.873044e-06
3.130000e+03 2.579630e-06
3.150000e+03 2.629838e-06
3.170000e+03 2.960590e-06
3.190000e+03 2.485367e-06
3.210000e+03 2.760083e-06
3.230000e+03 2.264542e-06
3.250000e+03 3.447720e-06
3.270000e+03 4.127209e-06
3.290000e+03 4.058472e-06
3.310000e+03 3.681591e-06
3.330000e+03 3.853515e-06
3.350000e+03 3.690078e-06
3.370000e+03 2.587522e-06
3.390000e+03 2.997933e-06
3.410000e+03 3.085757e-06
3.430000e+03 3.282476e-06
3.450000e+03 3.477551e-06
3.470000e+03 3.640201e-06
3.490000e+03 4.233374e-06
3.510000e+03 4.576913e-06
3.530000e+03 4.001283e-06
3.550000e+03 4.711578e-06
3.570000e+03 2.902911e-06
3.590000e+03 3.029070e-06
3.610000e+03 4.073853e-06
3.630000e+03 4.392109e-06
3.640000e+03 4.621095e-06
3.650000e+03 5.354797e-06
3.670000e+03 5.811860e-06
3.690000e+03 5.090607e-06
3.710000e+03 5.332880e-06
3.730000e+03 3.219576e-06
3.750000e+03 3.736716e-06
3.770000e+03 5.111537e-06
3.790000e+03 5.243783e-06
3.810000e+03 4.760238e-06
3.830000e+03 2.469962e-06
3.850000e+03 3.465030e-06
3.870000e+03 3.421521e-06
3.890000e+03 4.738606e-06
3.910000e+03 5.912309e-06
3.930000e+03 2.703759e-06
3.950000e+03 4.968749e-06
3.970000e+03 3.372114e-06
3.990000e+03 7.936786e-06
4.010000e+03 8.883166e-06
4.030000e+03 8.723356e-06
4.050000e+03 8.291661e-06
4.070000e+03 7.682235e-06
4.090000e+03 9.929460e-06
4.110000e+03 9.300939e-06
4.130000e+03 8.861504e-06
4.150000e+03 8.593430e-06
4.170000e+03 8.780979e-06
4.190000e+03 8.565470e-06
4.210000e+03 8.698724e-06
4.230000e+03 8.185885e-06
4.250000e+03 8.891851e-06
4.270000e+03 8.276717e-06
4.290000e+03 7.681738e-06
4.310000e+03 6.616288e-06
4.330000e+03 1.011995e-05
4.350000e+03 1.018101e-05
4.370000e+03 1.108594e-05
4.390000e+03 9.587378e-06
4.410000e+03 1.024158e-05
4.430000e+03 1.117460e-05
4.450000e+03 1.130173e-05
4.470000e+03 1.225135e-05
4.490000e+03 1.260583e-05
4.510000e+03 1.466215e-05
4.530000e+03 1.251443e-05
4.550000e+03 1.323389e-05
4.570000e+03 1.443381e-05
4.590000e+03 1.357905e-05
4.610000e+03 1.395341e-05
4.630000e+03 1.358312e-05
4.650000e+03 1.378602e-05
4.670000e+03 1.452285e-05
4.690000e+03 1.427297e-05
4.710000e+03 1.378603e-05
4.730000e+03 1.428476e-05
4.750000e+03 1.485380e-05
4.770000e+03 1.457134e-05
4.790000e+03 1.465700e-05
4.810000e+03 1.465111e-05
4.830000e+03 1.528597e-05
4.850000e+03 1.444395e-05
4.870000e+03 1.323018e-05
4.890000e+03 1.470168e-05
4.910000e+03 1.470191e-05
4.930000e+03 1.435551e-05
4.950000e+03 1.506366e-05
4.970000e+03 1.466086e-05
4.990000e+03 1.353421e-05
5.010000e+03 1.265983e-05
5.030000e+03 1.359116e-05
5.050000e+03 1.352989e-05
5.070000e+03 1.421448e-05
5.090000e+03 1.329839e-05
5.110000e+03 1.373304e-05
5.130000e+03 1.315078e-05
5.150000e+03 1.255169e-05
5.170000e+03 1.131324e-05
5.190000e+03 1.188054e-05
5.210000e+03 1.318111e-05
5.230000e+03 1.447135e-05
5.250000e+03 1.525131e-05
5.270000e+03 1.317336e-05
5.290000e+03 1.554777e-05
5.310000e+03 1.674983e-05
5.330000e+03 1.435829e-05
5.350000e+03 1.597193e-05
5.370000e+03 1.586923e-05
5.390000e+03 1.545903e-05
5.410000e+03 1.519792e-05
5.430000e+03 1.545546e-05
5.450000e+03 1.591715e-05
5.470000e+03 1.555828e-05
5.490000e+03 1.558364e-05
5.510000e+03 1.543993e-05
5.530000e+03 1.618132e-05
5.550000e+03 1.647881e-05
5.570000e+03 1.609364e-05
5.590000e+03 1.553255e-05
5.610000e+03 1.623033e-05
5.630000e+03 1.613289e-05
5.650000e+03 1.645988e-05
5.670000e+03 1.600406e-05
5.690000e+03 1.662945e-05
5.710000e+03 1.597694e-05
5.730000e+03 1.759666e-05
5.750000e+03 1.682777e-05
5.770000e+03 1.701936e-05
5.790000e+03 1.624248e-05
5.810000e+03 1.704055e-05
5.830000e+03 1.762776e-05
5.850000e+03 1.694496e-05
5.870000e+03 1.688330e-05
5.890000e+03 1.399168e-05
5.910000e+03 1.646605e-05
5.930000e+03 1.673875e-05
5.950000e+03 1.678448e-05
5.970000e+03 1.714528e-05
5.990000e+03 1.683054e-05
6.010000e+03 1.659055e-05
6.030000e+03 1.713163e-05
6.050000e+03 1.748672e-05
6.070000e+03 1.745330e-05
6.090000e+03 1.676514e-05
6.110000e+03 1.686495e-05
6.130000e+03 1.576517e-05
6.150000e+03 1.625961e-05
6.170000e+03 1.512985e-05
6.190000e+03 1.632362e-05
6.210000e+03 1.614699e-05
6.230000e+03 1.555738e-05
6.250000e+03 1.505272e-05
6.270000e+03 1.584105e-05
6.290000e+03 1.624265e-05
6.310000e+03 1.580026e-05
6.330000e+03 1.605528e-05
6.350000e+03 1.613225e-05
6.370000e+03 1.606264e-05
6.390000e+03 1.639689e-05
6.410000e+03 1.601541e-05
6.430000e+03 1.617610e-05
6.450000e+03 1.608467e-05
6.470000e+03 1.599318e-05
6.490000e+03 1.568734e-05
6.510000e+03 1.635519e-05
6.530000e+03 1.637822e-05
6.550000e+03 1.602291e-05
6.570000e+03 1.523122e-05
6.590000e+03 1.609220e-05
6.610000e+03 1.629253e-05
6.630000e+03 1.606542e-05
6.650000e+03 1.604759e-05
6.670000e+03 1.559112e-05
6.690000e+03 1.584222e-05
6.710000e+03 1.509615e-05
6.730000e+03 1.558525e-05
6.750000e+03 1.528602e-05
6.770000e+03 1.541354e-05
6.790000e+03 1.519036e-05
6.810000e+03 1.531114e-05
6.830000e+03 1.553247e-05
6.850000e+03 1.508591e-05
6.870000e+03 1.540175e-05
6.890000e+03 1.565142e-05
6.910000e+03 1.564981e-05
6.930000e+03 1.553058e-05
6.950000e+03 1.555756e-05
6.970000e+03 1.581932e-05
6.990000e+03 1.577794e-05
7.010000e+03 1.557833e-05
7.030000e+03 1.594017e-05
7.050000e+03 1.585625e-05
7.070000e+03 1.535227e-05
7.090000e+03 1.471196e-05
7.110000e+03 1.433792e-05
7.130000e+03 1.397530e-05
7.150000e+03 1.387395e-05
7.170000e+03 1.410773e-05
7.190000e+03 1.375429e-05
7.210000e+03 1.414181e-05
7.230000e+03 1.455601e-05
7.250000e+03 1.468703e-05
7.270000e+03 1.481007e-05
7.290000e+03 1.461878e-05
7.310000e+03 1.519639e-05
7.330000e+03 1.524577e-05
7.350000e+03 1.548306e-05
7.370000e+03 1.609699e-05
7.390000e+03 1.568105e-05
7.410000e+03 1.584296e-05
7.430000e+03 1.634774e-05
7.450000e+03 1.628739e-05
7.470000e+03 1.672956e-05
7.490000e+03 1.669655e-05
7.510000e+03 1.692625e-05
7.530000e+03 1.731514e-05
7.550000e+03 1.747741e-05
7.570000e+03 1.737379e-05
7.590000e+03 1.677895e-05
7.610000e+03 1.641561e-05
7.630000e+03 1.589464e-05
7.650000e+03 1.530334e-05
7.670000e+03 1.443971e-05
7.690000e+03 1.488608e-05
7.710000e+03 1.456932e-05
7.730000e+03 1.462767e-05
7.750000e+03 1.452408e-05
7.770000e+03 1.478326e-05
7.790000e+03 1.490482e-05
7.810000e+03 1.488570e-05
7.830000e+03 1.479291e-05
7.850000e+03 1.459783e-05
7.870000e+03 1.484057e-05
7.890000e+03 1.464501e-05
7.910000e+03 1.426273e-05
7.930000e+03 1.440832e-05
7.950000e+03 1.429487e-05
7.970000e+03 1.479927e-05
7.990000e+03 1.485887e-05
8.010000e+03 1.516145e-05
8.030000e+03 1.521876e-05
8.050000e+03 1.524040e-05
8.070000e+03 1.557873e-05
8.090000e+03 1.548862e-05
8.110000e+03 1.570900e-05
8.130000e+03 1.634632e-05
8.150000e+03 1.671048e-05
8.170000e+03 1.691272e-05
8.190000e+03 1.612015e-05
8.210000e+03 1.600560e-05
8.230000e+03 1.606601e-05
8.250000e+03 1.603655e-05
8.270000e+03 1.612615e-05
8.290000e+03 1.596217e-05
8.310000e+03 1.535923e-05
8.330000e+03 1.517019e-05
8.350000e+03 1.523670e-05
8.370000e+03 1.532793e-05
8.390000e+03 1.474427e-05
8.410000e+03 1.533514e-05
8.430000e+03 1.445757e-05
8.450000e+03 1.392718e-05
8.470000e+03 1.395829e-05
8.490000e+03 1.397302e-05
8.510000e+03 1.336357e-05
8.530000e+03 1.387846e-05
8.550000e+03 1.225351e-05
8.570000e+03 1.457031e-05
8.590000e+03 1.445676e-05
8.610000e+03 1.470979e-05
8.630000e+03 1.505486e-05
8.650000e+03 1.501165e-05
8.670000e+03 1.303174e-05
8.690000e+03 1.473381e-05
8.710000e+03 1.547343e-05
8.730000e+03 1.560431e-05
8.750000e+03 1.550998e-05
8.770000e+03 1.584113e-05
8.790000e+03 1.617021e-05
8.810000e+03 1.575984e-05
8.830000e+03 1.595663e-05
8.850000e+03 1.588522e-05
8.870000e+03 1.522644e-05
8.890000e+03 1.529810e-05
8.910000e+03 1.552261e-05
8.930000e+03 1.526252e-05
8.950000e+03 1.535610e-05
8.970000e+03 1.542958e-05
8.990000e+03 1.546662e-05
9.010000e+03 1.507439e-05
9.030000e+03 1.570603e-05
9.050000e+03 1.621691e-05
9.070000e+03 1.629440e-05
9.090000e+03 1.601870e-05
9.110000e+03 1.627417e-05
9.130000e+03 1.657382e-05
9.150000e+03 1.646067e-05
9.170000e+03 1.647528e-05
9.190000e+03 1.666799e-05
9.210000e+03 1.589180e-05
9.230000e+03 1.543055e-05
9.250000e+03 1.532517e-05
9.270000e+03 1.547058e-05
9.290000e+03 1.516576e-05
9.310000e+03 1.522104e-05
9.330000e+03 1.534196e-05
9.350000e+03 1.522244e-05
9.370000e+03 1.496229e-05
9.390000e+03 1.532700e-05
9.410000e+03 1.506037e-05
9.430000e+03 1.546930e-05
9.450000e+03 1.518485e-05
9.470000e+03 1.566194e-05
9.490000e+03 1.568010e-05
9.510000e+03 1.535749e-05
9.530000e+03 1.554148e-05
9.550000e+03 1.531894e-05
9.570000e+03 1.546557e-05
9.590000e+03 1.574562e-05
9.610000e+03 1.553137e-05
9.630000e+03 1.567614e-05
9.650000e+03 1.531052e-05
9.670000e+03 1.536367e-05
9.690000e+03 1.562353e-05
9.710000e+03 1.531288e-05
9.730000e+03 1.512411e-05
9.750000e+03 1.507360e-05
9.770000e+03 1.520074e-05
9.790000e+03 1.494049e-05
9.810000e+03 1.541328e-05
9.830000e+03 1.526487e-05
9.850000e+03 1.535760e-05
9.870000e+03 1.521753e-05
9.890000e+03 1.521020e-05
9.910000e+03 1.496999e-05
9.930000e+03 1.513396e-05
9.950000e+03 1.519734e-05
9.970000e+03 1.521652e-05
9.990000e+03 1.518659e-05
1.002500e+04 1.518784e-05
1.007500e+04 1.499666e-05
1.012500e+04 1.514521e-05
1.017500e+04 1.492872e-05
1.022500e+04 1.497561e-05
1.027500e+04 1.502143e-05
1.032500e+04 1.486318e-05
1.037500e+04 1.473303e-05
1.042500e+04 1.475225e-05
1.047500e+04 1.455299e-05
1.052500e+04 1.441151e-05
1.057500e+04 1.414110e-05
1.062500e+04 1.402048e-05
1.067500e+04 1.387494e-05
1.072500e+04 1.394968e-05
1.077500e+04 1.387045e-05
1.082500e+04 1.361964e-05
1.087500e+04 1.353720e-05
1.092500e+04 1.353852e-05
1.097500e+04 1.331061e-05
1.102500e+04 1.319494e-05
1.107500e+04 1.296307e-05
1.112500e+04 1.296435e-05
1.117500e+04 1.287991e-05
1.122500e+04 1.287796e-05
1.127500e+04 1.270703e-05
1.132500e+04 1.266099e-05
1.137500e+04 1.247454e-05
1.142500e+04 1.231715e-05
1.147500e+04 1.250805e-05
1.152500e+04 1.250993e-05
1.157500e+04 1.234401e-05
1.162500e+04 1.214222e-05
1.167500e+04 1.209747e-05
1.172500e+04 1.212547e-05
1.177500e+04 1.186293e-05
1.182500e+04 1.174750e-05
1.187500e+04 1.154932e-05
1.192500e+04 1.167963e-05
1.197500e+04 1.125188e-05
1.202500e+04 1.151559e-05
1.207500e+04 1.136225e-05
1.212500e+04 1.139485e-05
1.217500e+04 1.140921e-05
1.222500e+04 1.134592e-05
1.227500e+04 1.124511e-05
1.232500e+04 1.114101e-05
1.237500e+04 1.112330e-05
1.242500e+04 1.092038e-05
1.247500e+04 1.088332e-05
1.252500e+04 1.079035e-05
1.257500e+04 1.076033e-05
1.262500e+04 1.073459e-05
1.267500e+04 1.057898e-05
1.272500e+04 1.061979e-05
1.277500e+04 1.059250e-05
1.282500e+04 1.025977e-05
1.287500e+04 1.037742e-05
1.292500e+04 1.029463e-05
1.297500e+04 1.036101e-05
1.302500e+04 1.026370e-05
1.307500e+04 1.026084e-05
1.312500e+04 1.002611e-05
1.317500e+04 9.993405e-06
1.322500e+04 9.987987e-06
1.327500e+04 9.797410e-06
1.332500e+04 9.790646e-06
1.337500e+04 9.666531e-06
1.342500e+04 9.701656e-06
1.347500e+04 9.607372e-06
1.352500e+04 9.549369e-06
1.357500e+04 9.359201e-06
1.362500e+04 9.298897e-06
1.367500e+04 9.370645e-06
1.372500e+04 9.377402e-06
1.377500e+04 9.369825e-06
1.382500e+04 9.368910e-06
1.387500e+04 9.260010e-06
1.392500e+04 8.843460e-06
1.397500e+04 8.751823e-06
1.402500e+04 8.671042e-06
1.407500e+04 8.704680e-06
1.412500e+04 8.588190e-06
1.417500e+04 8.660405e-06
1.422500e+04 8.574614e-06
1.427500e+04 8.469320e-06
1.432500e+04 8.612278e-06
1.437500e+04 8.652830e-06
1.442500e+04 8.453824e-06
1.447500e+04 8.592274e-06
1.452500e+04 8.488557e-06
1.457000e+04 8.560696e-06
1.462000e+04 8.362625e-06
1.467500e+04 8.312601e-06
1.472500e+04 8.223777e-06
1.477500e+04 8.279390e-06
1.482500e+04 8.332337e-06
1.487500e+04 8.265270e-06
1.492500e+04 8.461002e-06
1.497500e+04 8.386932e-06
1.502500e+04 8.242614e-06
1.507500e+04 8.294342e-06
1.512500e+04 8.408132e-06
1.517500e+04 8.459529e-06
1.522500e+04 8.443689e-06
1.527500e+04 8.530342e-06
1.532500e+04 8.481822e-06
1.537500e+04 8.447064e-06
1.542500e+04 8.424411e-06
1.547500e+04 8.425679e-06
1.552500e+04 8.350770e-06
1.557500e+04 8.120733e-06
1.562500e+04 8.185291e-06
1.567500e+04 8.176265e-06
1.572500e+04 8.354462e-06
1.577500e+04 7.822191e-06
1.582500e+04 7.847919e-06
1.587500e+04 7.863638e-06
1.592500e+04 8.094840e-06
1.597500e+04 7.937794e-06
1.605000e+04 7.904939e-06
1.615000e+04 8.034043e-06
1.625000e+04 7.762978e-06
1.635000e+04 8.060159e-06
1.645000e+04 7.699383e-06
1.655000e+04 7.899429e-06
1.665000e+04 7.657010e-06
1.675000e+04 7.723571e-06
1.685000e+04 7.534674e-06
1.695000e+04 7.576185e-06
1.705000e+04 7.425009e-06
1.715000e+04 7.322166e-06
1.725000e+04 7.177453e-06
1.735000e+04 6.969406e-06
1.745000e+04 6.894864e-06
1.755000e+04 6.761202e-06
1.765000e+04 6.615134e-06
1.775000e+04 6.425133e-06
1.785000e+04 6.351567e-06
1.795000e+04 6.135843e-06
1.805000e+04 5.989288e-06
1.815000e+04 5.905379e-06
1.825000e+04 5.787423e-06
1.835000e+04 5.686571e-06
1.845000e+04 5.595907e-06
1.855000e+04 5.535033e-06
1.865000e+04 5.369468e-06
1.875000e+04 5.257252e-06
1.885000e+04 5.226020e-06
1.895000e+04 5.053445e-06
1.905000e+04 5.130341e-06
1.915000e+04 5.011543e-06
1.925000e+04 4.964771e-06
1.935000e+04 4.840841e-06
1.945000e+04 4.703077e-06
1.955000e+04 4.693032e-06
1.965000e+04 4.607162e-06
1.975000e+04 4.468705e-06
1.985000e+04 4.404785e-06
1.995000e+04 4.376235e-06
2.005000e+04 4.353253e-06
2.015000e+04 4.313304e-06
2.025000e+04 4.196012e-06
2.035000e+04 4.142335e-06
2.045000e+04 4.128228e-06
2.055000e+04 4.067866e-06
2.065000e+04 4.005778e-06
2.075000e+04 3.967738e-06
2.085000e+04 3.943333e-06
2.095000e+04 3.862208e-06
2.105000e+04 3.856764e-06
2.115000e+04 3.793260e-06
2.125000e+04 3.754365e-06
2.135000e+04 3.729465e-06
2.145000e+04 3.673963e-06
2.155000e+04 3.630482e-06
2.165000e+04 3.565325e-06
2.175000e+04 3.510425e-06
2.185000e+04 3.475113e-06
2.195000e+04 3.431608e-06
2.205000e+04 3.337103e-06
2.215000e+04 3.344706e-06
2.225000e+04 3.274713e-06
2.235000e+04 3.239530e-06
2.245000e+04 3.205574e-06
2.255000e+04 3.160066e-06
2.265000e+04 3.093645e-06
2.275000e+04 3.083541e-06
2.285000e+04 3.017801e-06
2.295000e+04 2.566342e-06
2.305000e+04 2.728275e-06
2.315000e+04 2.723341e-06
2.325000e+04 2.342627e-06
2.335000e+04 2.519501e-06
2.345000e+04 2.416029e-06
2.355000e+04 2.166038e-06
2.365000e+04 2.329080e-06
2.375000e+04 2.245153e-06
2.385000e+04 2.043769e-06
2.395000e+04 2.172874e-06
2.405000e+04 2.120049e-06
2.415000e+04 1.938093e-06
2.425000e+04 1.999577e-06
2.435000e+04 1.950095e-06
2.445000e+04 1.848140e-06
2.455000e+04 1.813023e-06
2.465000e+04 1.820616e-06
2.475000e+04 1.746973e-06
2.485000e+04 1.579306e-06
2.495000e+04 1.553233e-06
2.505000e+04 1.575622e-06
2.515000e+04 1.474955e-06
2.525000e+04 1.515854e-06
2.535000e+04 1.511111e-06
2.545000e+04 1.482926e-06
2.555000e+04 1.472615e-06
2.565000e+04 1.481948e-06
2.575000e+04 1.496423e-06
2.585000e+04 1.446455e-06
2.595000e+04 1.459843e-06
2.605000e+04 1.471405e-06
2.615000e+04 1.444875e-06
2.625000e+04 1.426334e-06
2.635000e+04 1.433757e-06
2.645000e+04 1.416272e-06
2.655000e+04 1.403312e-06
2.665000e+04 1.384889e-06
2.675000e+04 1.397777e-06
2.685000e+04 1.374286e-06
2.695000e+04 1.348385e-06
2.705000e+04 1.349201e-06
2.715000e+04 1.333749e-06
2.725000e+04 1.336127e-06
2.735000e+04 1.307797e-06
2.745000e+04 1.314789e-06
2.755000e+04 1.300917e-06
2.765000e+04 1.279387e-06
2.775000e+04 1.262619e-06
2.785000e+04 1.263186e-06
2.795000e+04 1.259774e-06
2.805000e+04 1.241483e-06
2.815000e+04 1.221069e-06
2.825000e+04 1.215058e-06
2.835000e+04 1.201618e-06
2.845000e+04 1.174909e-06
2.855000e+04 1.173803e-06
2.865000e+04 1.166114e-06
2.875000e+04 1.151254e-06
2.885000e+04 1.137568e-06
2.895000e+04 1.121537e-06
2.905000e+04 1.115945e-06
2.915000e+04 1.101181e-06
2.925000e+04 1.077025e-06
2.935000e+04 1.074076e-06
2.945000e+04 1.058530e-06
2.955000e+04 1.046818e-06
2.965000e+04 1.038233e-06
2.975000e+04 1.027843e-06
2.985000e+04 1.014687e-06
2.995000e+04 1.004192e-06
3.005000e+04 9.955524e-07
3.015000e+04 9.900772e-07
3.025000e+04 9.796415e-07
3.035000e+04 9.699539e-07
3.045000e+04 9.664457e-07
3.055000e+04 9.576415e-07
3.065000e+04 9.501501e-07
3.075000e+04 9.452669e-07
3.085000e+04 9.346433e-07
3.095000e+04 9.294453e-07
3.105000e+04 9.255856e-07
3.115000e+04 9.126678e-07
3.125000e+04 9.093014e-07
3.135000e+04 9.022178e-07
3.145000e+04 8.946971e-07
3.155000e+04 8.860926e-07
3.165000e+04 8.773215e-07
3.175000e+04 8.730103e-07
3.185000e+04 8.666639e-07
3.195000e+04 8.619674e-07
3.210000e+04 8.507799e-07
3.230000e+04 8.368747e-07
3.250000e+04 8.249256e-07
3.270000e+04 8.109180e-07
3.290000e+04 7.966949e-07
3.310000e+04 7.844823e-07
3.330000e+04 7.719402e-07
3.350000e+04 7.630994e-07
3.370000e+04 7.480995e-07
3.390000e+04 7.358003e-07
3.410000e+04 7.239102e-07
3.430000e+04 7.158984e-07
3.450000e+04 7.028905e-07
3.470000e+04 6.895690e-07
3.490000e+04 6.748805e-07
3.510000e+04 6.649841e-07
3.530000e+04 6.508928e-07
3.550000e+04 6.365870e-07
3.570000e+04 6.263928e-07
3.590000e+04 6.132383e-07
3.610000e+04 6.039298e-07
3.630000e+04 5.899673e-07
3.650000e+04 5.772138e-07
3.670000e+04 5.658045e-07
3.690000e+04 5.519897e-07
3.710000e+04 5.397007e-07
3.730000e+04 5.311281e-07
3.750000e+04 5.176718e-07
3.770000e+04 5.099910e-07
3.790000e+04 4.997867e-07
3.810000e+04 4.909637e-07
3.830000e+04 4.824077e-07
3.850000e+04 4.737779e-07
3.870000e+04 4.633150e-07
3.890000e+04 4.551956e-07
3.910000e+04 4.474591e-07
3.930000e+04 4.393966e-07
3.950000e+04 4.297824e-07
3.970000e+04 4.224664e-07
3.990000e+04 4.125593e-07
4.010000e+04 4.068060e-07
4.030000e+04 4.006180e-07
4.050000e+04 3.928283e-07
4.070000e+04 3.864092e-07
4.090000e+04 3.804035e-07
4.110000e+04 3.745676e-07
4.130000e+04 3.684504e-07
4.150000e+04 3.610098e-07
4.170000e+04 3.556470e-07
4.190000e+04 3.497627e-07
4.210000e+04 3.428779e-07
4.230000e+04 3.393841e-07
4.250000e+04 3.330218e-07
4.270000e+04 3.283648e-07
4.290000e+04 3.110444e-07
4.310000e+04 2.926256e-07
4.330000e+04 2.927395e-07
4.350000e+04 2.768139e-07
4.370000e+04 2.689090e-07
4.390000e+04 2.624769e-07
4.410000e+04 2.527420e-07
4.430000e+04 2.469675e-07
4.450000e+04 2.423262e-07
4.470000e+04 2.356292e-07
4.490000e+04 2.338640e-07
4.510000e+04 2.293029e-07
4.530000e+04 2.238264e-07
4.550000e+04 2.210370e-07
4.570000e+04 2.172254e-07
4.590000e+04 2.100738e-07
4.610000e+04 2.108918e-07
4.630000e+04 2.070106e-07
4.650000e+04 2.048181e-07
4.670000e+04 2.041884e-07
4.690000e+04 1.995292e-07
4.710000e+04 1.961884e-07
4.730000e+04 1.970737e-07
4.750000e+04 1.915950e-07
4.770000e+04 1.902904e-07
4.790000e+04 1.882064e-07
4.810000e+04 1.828347e-07
4.830000e+04 1.843935e-07
4.850000e+04 1.799133e-07
4.870000e+04 1.764878e-07
4.890000e+04 1.739826e-07
4.910000e+04 1.712462e-07
4.930000e+04 1.698166e-07
4.950000e+04 1.660812e-07
4.970000e+04 1.655745e-07
4.990000e+04 1.626111e-07
5.010000e+04 1.606194e-07
5.030000e+04 1.583785e-07
5.050000e+04 1.550602e-07
5.070000e+04 1.537595e-07
5.090000e+04 1.517803e-07
5.110000e+04 1.493049e-07
5.130000e+04 1.482730e-07
5.150000e+04 1.456040e-07
5.170000e+04 1.448690e-07
5.190000e+04 1.423602e-07
5.210000e+04 1.407819e-07
5.230000e+04 1.384070e-07
5.250000e+04 1.373974e-07
5.270000e+04 1.368478e-07
5.290000e+04 1.338966e-07
5.310000e+04 1.321103e-07
5.330000e+04 1.310904e-07
5.350000e+04 1.294394e-07
5.370000e+04 1.281214e-07
5.390000e+04 1.266989e-07
5.410000e+04 1.252964e-07
5.430000e+04 1.231199e-07
5.450000e+04 1.225182e-07
5.470000e+04 1.204520e-07
5.490000e+04 1.193035e-07
5.510000e+04 1.176201e-07
5.530000e+04 1.179040e-07
5.550000e+04 1.147468e-07
5.570000e+04 1.146120e-07
5.590000e+04 1.126097e-07
5.610000e+04 1.118354e-07
5.630000e+04 1.097207e-07
5.650000e+04 1.092025e-07
5.670000e+04 1.078428e-07
5.690000e+04 1.059141e-07
5.710000e+04 1.054379e-07
5.730000e+04 1.041346e-07
5.750000e+04 1.028589e-07
5.770000e+04 1.014732e-07
5.790000e+04 1.008841e-07
5.810000e+04 9.935647e-08
5.830000e+04 9.836650e-08
5.850000e+04 9.727348e-08
5.870000e+04 9.581869e-08
5.890000e+04 9.478986e-08
5.910000e+04 9.377041e-08
5.930000e+04 9.271403e-08
5.950000e+04 9.140644e-08
5.970000e+04 9.069031e-08
5.990000e+04 8.959983e-08
6.010000e+04 8.850800e-08
6.030000e+04 8.749912e-08
6.050000e+04 8.631766e-08
6.070000e+04 8.543345e-08
6.090000e+04 8.441439e-08
6.110000e+04 8.329713e-08
6.130000e+04 8.249663e-08
6.150000e+04 8.161906e-08
6.170000e+04 8.078071e-08
6.190000e+04 7.973977e-08
6.210000e+04 7.890789e-08
6.230000e+04 7.786450e-08
6.250000e+04 7.686961e-08
6.270000e+04 7.595532e-08
6.290000e+04 7.511643e-08
6.310000e+04 7.418898e-08
6.330000e+04 7.358253e-08
6.350000e+04 7.268307e-08
6.370000e+04 7.208128e-08
6.390000e+04 7.100930e-08
6.420000e+04 6.983728e-08
6.460000e+04 6.818789e-08
6.500000e+04 6.671686e-08
6.540000e+04 6.522441e-08
6.580000e+04 6.376872e-08
6.620000e+04 6.228443e-08
6.660000e+04 6.098625e-08
6.700000e+04 5.969917e-08
6.740000e+04 5.835947e-08
6.780000e+04 5.706512e-08
6.820000e+04 5.584649e-08
6.860000e+04 5.468135e-08
6.900000e+04 5.342004e-08
6.940000e+04 5.227358e-08
6.980000e+04 5.116697e-08
7.020000e+04 5.007877e-08
7.060000e+04 4.904180e-08
7.100000e+04 4.801333e-08
7.140000e+04 4.702148e-08
7.180000e+04 4.605759e-08
7.220000e+04 4.514725e-08
7.260000e+04 4.423015e-08
7.300000e+04 4.331915e-08
7.340000e+04 4.241400e-08
7.380000e+04 4.155233e-08
7.420000e+04 4.067768e-08
7.460000e+04 3.990094e-08
7.500000e+04 3.911765e-08
7.540000e+04 3.833502e-08
7.580000e+04 3.755209e-08
7.620000e+04 3.681292e-08
7.660000e+04 3.605418e-08
7.700000e+04 3.537651e-08
7.740000e+04 3.471047e-08
7.780000e+04 3.405078e-08
7.820000e+04 3.337584e-08
7.860000e+04 3.271775e-08
7.900000e+04 3.209938e-08
7.940000e+04 3.151789e-08
7.980000e+04 3.092324e-08
8.020000e+04 3.033129e-08
8.060000e+04 2.974917e-08
8.100000e+04 2.920905e-08
8.140000e+04 2.865144e-08
8.180000e+04 2.813303e-08
8.220000e+04 2.759351e-08
8.260000e+04 2.708848e-08
8.300000e+04 2.659863e-08
8.340000e+04 2.611152e-08
8.380000e+04 2.565291e-08
8.420000e+04 2.520289e-08
8.460000e+04 2.474505e-08
8.500000e+04 2.430630e-08
8.540000e+04 2.388738e-08
8.580000e+04 2.347656e-08
8.620000e+04 2.307053e-08
8.660000e+04 2.267204e-08
8.700000e+04 2.227826e-08
8.740000e+04 2.190564e-08
8.780000e+04 2.154480e-08
8.820000e+04 2.119601e-08
8.860000e+04 2.084012e-08
8.900000e+04 2.049855e-08
8.940000e+04 2.014966e-08
8.980000e+04 1.979588e-08
9.020000e+04 1.948171e-08
9.060000e+04 1.914290e-08
9.100000e+04 1.880340e-08
9.140000e+04 1.849139e-08
9.180000e+04 1.818750e-08
9.220000e+04 1.790824e-08
9.260000e+04 1.764540e-08
9.300000e+04 1.736930e-08
9.340000e+04 1.706958e-08
9.380000e+04 1.678827e-08
9.420000e+04 1.650996e-08
9.460000e+04 1.624658e-08
9.500000e+04 1.601308e-08
9.540000e+04 1.576495e-08
9.580000e+04 1.550998e-08
9.620000e+04 1.527221e-08
9.660000e+04 1.502130e-08
9.700000e+04 1.477276e-08
9.740000e+04 1.455285e-08
9.780000e+04 1.434822e-08
9.820000e+04 1.412947e-08
9.860000e+04 1.392536e-08
9.900000e+04 1.372233e-08
9.940000e+04 1.349817e-08
9.980000e+04 1.327605e-08
1.002000e+05 1.306410e-08
2.000000e+05 8.444652e-10
4.000000e+05 5.435878e-11
6.000000e+05 1.080841e-11
8.000000e+05 3.425353e-12
1.000000e+06 1.402709e-12
1.200000e+06 6.758797e-13
1.400000e+06 3.644026e-13
1.600000e+06 2.133344e-13
