0.000000e+00
1.258930e+05
1.412540e+05
1.584890e+05
1.778280e+05
1.995270e+05
2.238730e+05
2.511890e+05
2.818390e+05
3.162290e+05
3.548150e+05
3.981090e+05
4.466860e+05
5.011900e+05
5.623440e+05
6.309610e+05
7.079500e+05
7.943340e+05
8.912570e+05
1.000000e+06
1.047130e+06
1.096480e+06
1.148150e+06
1.202260e+06
1.258930e+06
1.318260e+06
1.380380e+06
1.445440e+06
1.513560e+06
1.584890e+06
1.659590e+06
1.737800e+06
1.819700e+06
1.905460e+06
1.995260e+06
2.089290e+06
2.187760e+06
2.290870e+06
2.398830e+06
2.511880e+06
2.630270e+06
2.754230e+06
2.884030e+06
3.019950e+06
3.162270e+06
3.311310e+06
3.467360e+06
3.630780e+06
3.801890e+06
3.981070e+06
4.168690e+06
4.365150e+06
4.570880e+06
4.786290e+06
5.011860e+06
5.248070e+06
5.495400e+06
5.754390e+06
6.025590e+06
6.309560e+06
6.606920e+06
6.918300e+06
7.244350e+06
7.585760e+06
7.943270e+06
8.317620e+06
8.709620e+06
9.120090e+06
9.549900e+06
9.999980e+06
1.047130e+07
1.096480e+07
1.148150e+07
1.202260e+07
1.258920e+07
1.318250e+07
1.380380e+07
1.445440e+07
1.513560e+07
1.584890e+07
1.659580e+07
1.737800e+07
1.819700e+07
1.905460e+07
1.995260e+07
2.089290e+07
2.187760e+07
2.290860e+07
2.398830e+07
2.511880e+07
2.630260e+07
2.754220e+07
2.900000e+07
3.000000e+07
3.100000e+07
3.200000e+07
3.300000e+07
3.400000e+07
3.500000e+07
3.600000e+07
3.700000e+07
3.800000e+07
3.900000e+07
4.000000e+07
4.250000e+07
4.500000e+07
4.750000e+07
5.000000e+07
5.250000e+07
5.500000e+07
5.708800e+07
6.405380e+07
7.186960e+07
8.063900e+07
9.047850e+07
1.015180e+08
1.139060e+08
1.278040e+08
1.433990e+08
1.608960e+08
1.805290e+08
2.025570e+08
2.272720e+08
2.550040e+08
2.861190e+08
3.210310e+08
3.602030e+08
4.041540e+08
4.534690e+08
5.088010e+08
5.708840e+08
6.405430e+08
7.187010e+08
8.063960e+08
9.047920e+08
1.015190e+09
1.139070e+09
1.278050e+09
1.434000e+09
1.608980e+09
1.680000e+09
1.700000e+09
1.800000e+09
1.900000e+09
2.000000e+09
2.100000e+09
2.200000e+09
2.300000e+09
2.400000e+09
2.500000e+09
2.600000e+09
2.750000e+09
3.000000e+09
3.250000e+09
3.500000e+09
3.750000e+09
4.000000e+09
4.250000e+09
4.500000e+09
4.750000e+09
5.000000e+09
5.250000e+09
5.500000e+09
5.750000e+09
6.000000e+09
6.250000e+09
6.500000e+09
6.750000e+09
7.000000e+09
7.250000e+09
7.500000e+09
7.750000e+09
8.000000e+09
8.250000e+09
8.500000e+09
8.750000e+09
9.000000e+09
9.250000e+09
9.500000e+09
9.750000e+09
1.000000e+10
1.025000e+10
1.050000e+10
1.075000e+10
1.100000e+10
1.125000e+10
1.150000e+10
1.175000e+10
1.200000e+10
1.225000e+10
1.250000e+10
1.275000e+10
1.300000e+10
1.325000e+10
1.350000e+10
1.375000e+10
1.400000e+10
1.425000e+10
1.450000e+10
1.475000e+10
1.500000e+10
1.525000e+10
1.550000e+10
1.575000e+10
1.600000e+10
1.625000e+10
1.650000e+10
1.675000e+10
1.700000e+10
1.725000e+10
1.750000e+10
1.775000e+10
1.800000e+10
1.825000e+10
1.850000e+10
1.875000e+10
1.900000e+10
1.925000e+10
1.950000e+10
1.975000e+10
2.000000e+10
