9.100000e+01 0.000000e+00
9.400000e+01 0.000000e+00
9.600000e+01 0.000000e+00
9.800000e+01 0.000000e+00
1.000000e+02 0.000000e+00
1.020000e+02 0.000000e+00
1.040000e+02 0.000000e+00
1.060000e+02 0.000000e+00
1.080000e+02 0.000000e+00
1.100000e+02 0.000000e+00
1.140000e+02 0.000000e+00
1.180000e+02 0.000000e+00
1.210000e+02 0.000000e+00
1.250000e+02 0.000000e+00
1.270000e+02 0.000000e+00
1.280000e+02 0.000000e+00
1.310000e+02 0.000000e+00
1.320000e+02 0.000000e+00
1.340000e+02 0.000000e+00
1.370000e+02 0.000000e+00
1.400000e+02 0.000000e+00
1.430000e+02 0.000000e+00
1.470000e+02 0.000000e+00
1.510000e+02 0.000000e+00
1.550000e+02 0.000000e+00
1.590000e+02 0.000000e+00
1.620000e+02 0.000000e+00
1.660000e+02 0.000000e+00
1.700000e+02 0.000000e+00
1.730000e+02 0.000000e+00
1.770000e+02 0.000000e+00
1.800000e+02 0.000000e+00
1.820000e+02 0.000000e+00
1.860000e+02 0.000000e+00
1.910000e+02 0.000000e+00
1.940000e+02 0.000000e+00
1.980000e+02 0.000000e+00
2.020000e+02 0.000000e+00
2.050000e+02 0.000000e+00
2.100000e+02 0.000000e+00
2.160000e+02 0.000000e+00
2.200000e+02 0.000000e+00
2.230000e+02 0.000000e+00
2.270000e+02 0.000000e+00
2.300000e+02 3.907120e-22
2.340000e+02 9.676296e-22
2.400000e+02 2.800965e-21
2.460000e+02 8.282915e-21
2.520000e+02 2.111124e-20
2.570000e+02 4.026619e-20
2.600000e+02 6.648294e-20
2.640000e+02 1.181572e-19
2.690000e+02 2.189919e-19
2.740000e+02 4.253776e-19
2.790000e+02 8.159608e-19
2.840000e+02 1.646212e-18
2.900000e+02 3.371979e-18
2.960000e+02 6.678671e-18
3.010000e+02 1.164253e-17
3.080000e+02 2.457422e-17
3.180000e+02 6.920015e-17
3.280000e+02 1.782714e-16
3.380000e+02 4.494492e-16
3.480000e+02 1.069257e-15
3.570000e+02 2.442860e-15
3.660000e+02 5.031568e-15
3.750000e+02 9.782004e-15
3.850000e+02 2.015187e-14
3.950000e+02 4.026925e-14
4.050000e+02 7.801802e-14
4.140000e+02 1.393420e-13
4.220000e+02 2.275129e-13
4.300000e+02 3.663324e-13
4.410000e+02 6.961496e-13
4.510000e+02 1.214933e-12
4.600000e+02 1.965199e-12
4.700000e+02 3.302595e-12
4.800000e+02 5.433290e-12
4.900000e+02 8.814653e-12
5.000000e+02 1.400451e-11
5.060000e+02 2.459237e-09
5.120000e+02 1.634932e-08
5.200000e+02 2.119317e-08
5.300000e+02 3.116343e-08
5.400000e+02 3.591433e-08
5.500000e+02 5.899950e-08
5.600000e+02 7.501215e-08
5.700000e+02 1.010749e-07
5.800000e+02 1.051995e-07
5.900000e+02 1.526319e-07
6.000000e+02 2.025402e-07
6.100000e+02 2.623474e-07
6.200000e+02 3.142773e-07
6.300000e+02 3.857702e-07
6.400000e+02 4.406154e-07
6.500000e+02 5.438131e-07
6.580000e+02 6.464587e-07
6.650000e+02 7.088504e-07
6.750000e+02 8.111235e-07
6.850000e+02 9.472192e-07
6.950000e+02 1.169179e-06
7.050000e+02 1.335794e-06
7.160000e+02 1.573536e-06
7.260000e+02 1.795168e-06
7.350000e+02 2.001083e-06
7.450000e+02 2.364282e-06
7.550000e+02 2.718064e-06
7.650000e+02 3.100313e-06
7.750000e+02 3.544535e-06
7.850000e+02 4.007284e-06
7.950000e+02 4.429132e-06
8.050000e+02 4.936746e-06
8.150000e+02 5.422852e-06
8.250000e+02 6.153759e-06
8.350000e+02 6.347033e-06
8.450000e+02 7.304538e-06
8.550000e+02 8.053576e-06
8.650000e+02 8.939623e-06
8.750000e+02 9.946611e-06
8.850000e+02 1.113824e-05
8.950000e+02 1.217408e-05
9.050000e+02 1.263307e-05
9.150000e+02 2.929010e-05
9.250000e+02 1.707103e-04
9.350000e+02 5.384934e-04
9.450000e+02 1.945601e-03
9.550000e+02 4.289852e-03
9.650000e+02 5.542327e-03
9.750000e+02 7.466483e-04
9.850000e+02 5.929940e-03
9.950000e+02 6.041220e-03
1.005000e+03 9.147107e-03
1.015000e+03 8.214548e-03
1.025000e+03 1.592875e-03
1.035000e+03 4.378400e-03
1.045000e+03 1.156834e-02
1.055000e+03 1.189466e-02
1.065000e+03 9.016113e-03
1.075000e+03 1.114957e-02
1.085000e+03 7.890069e-03
1.095000e+03 1.141749e-02
1.105000e+03 1.072747e-02
1.115000e+03 9.790721e-03
1.125000e+03 9.276818e-03
1.135000e+03 1.189473e-02
1.145000e+03 1.043750e-02
1.155000e+03 1.133851e-02
1.165000e+03 1.204970e-02
1.175000e+03 8.999520e-03
1.185000e+03 1.192476e-02
1.195000e+03 6.421760e-03
1.205000e+03 4.338871e-03
1.215000e+03 1.694052e-03
1.225000e+03 6.386072e-03
1.235000e+03 1.196403e-02
1.245000e+03 1.325446e-02
1.255000e+03 1.228083e-02
1.265000e+03 9.499717e-03
1.275000e+03 1.308296e-02
1.285000e+03 1.360347e-02
1.295000e+03 1.004956e-02
1.305000e+03 9.984267e-03
1.315000e+03 1.278670e-02
1.325000e+03 1.190634e-02
1.335000e+03 9.916884e-03
1.345000e+03 1.256044e-02
1.355000e+03 1.196278e-02
1.365000e+03 1.039103e-02
1.375000e+03 1.104356e-02
1.385000e+03 1.129738e-02
1.395000e+03 1.022915e-02
1.405000e+03 1.063076e-02
1.415000e+03 1.017581e-02
1.425000e+03 1.048155e-02
1.435000e+03 1.031016e-02
1.442000e+03 1.085760e-02
1.447000e+03 1.090811e-02
1.455000e+03 1.055119e-02
1.465000e+03 9.710085e-03
1.475000e+03 9.563550e-03
1.485000e+03 9.584418e-03
1.495000e+03 9.676338e-03
1.505000e+03 9.058722e-03
1.512000e+03 7.997887e-03
1.517000e+03 8.588124e-03
1.525000e+03 8.359715e-03
1.535000e+03 7.318218e-03
1.545000e+03 8.009896e-03
1.555000e+03 7.520500e-03
1.565000e+03 7.564416e-03
1.575000e+03 7.936152e-03
1.585000e+03 8.229172e-03
1.595000e+03 8.352418e-03
1.605000e+03 8.116993e-03
1.615000e+03 8.201763e-03
1.625000e+03 7.679521e-03
1.635000e+03 8.114800e-03
1.645000e+03 8.115243e-03
1.655000e+03 7.419328e-03
1.665000e+03 8.140309e-03
1.672000e+03 7.559013e-03
1.677000e+03 7.902789e-03
1.685000e+03 8.267340e-03
1.695000e+03 7.747886e-03
1.705000e+03 7.340431e-03
1.715000e+03 6.811692e-03
1.725000e+03 6.746154e-03
1.735000e+03 7.158296e-03
1.745000e+03 6.893679e-03
1.755000e+03 7.322379e-03
1.765000e+03 6.673537e-03
1.775000e+03 6.798516e-03
1.785000e+03 6.923599e-03
1.795000e+03 7.259272e-03
1.805000e+03 7.226190e-03
1.815000e+03 6.532146e-03
1.825000e+03 6.728326e-03
1.835000e+03 6.388069e-03
1.845000e+03 5.876423e-03
1.855000e+03 5.653863e-03
1.865000e+03 5.822356e-03
1.875000e+03 6.457744e-03
1.885000e+03 5.827508e-03
1.895000e+03 5.470547e-03
1.905000e+03 5.928761e-03
1.915000e+03 5.555472e-03
1.925000e+03 5.435356e-03
1.935000e+03 5.686428e-03
1.945000e+03 5.778920e-03
1.955000e+03 5.341219e-03
1.967000e+03 5.842673e-03
1.976000e+03 6.024087e-03
1.984000e+03 5.619511e-03
1.995000e+03 5.422743e-03
2.005000e+03 5.614466e-03
2.015000e+03 5.362878e-03
2.025000e+03 5.713251e-03
2.035000e+03 5.260648e-03
2.045000e+03 5.405104e-03
2.055000e+03 5.164639e-03
2.065000e+03 5.216572e-03
2.074000e+03 5.484722e-03
2.078000e+03 5.092224e-03
2.085000e+03 5.322088e-03
2.095000e+03 4.990297e-03
2.105000e+03 5.080517e-03
2.115000e+03 5.088412e-03
2.125000e+03 5.152044e-03
2.135000e+03 4.857003e-03
2.145000e+03 4.850667e-03
2.155000e+03 5.025021e-03
2.165000e+03 4.877600e-03
2.175000e+03 4.815283e-03
2.185000e+03 4.654026e-03
2.195000e+03 4.832030e-03
2.205000e+03 4.685070e-03
2.215000e+03 4.509601e-03
2.225000e+03 4.304917e-03
2.235000e+03 4.542334e-03
2.245000e+03 4.363178e-03
2.255000e+03 4.195342e-03
2.265000e+03 4.285837e-03
2.275000e+03 4.363746e-03
2.285000e+03 4.404315e-03
2.295000e+03 4.210096e-03
2.305000e+03 4.118179e-03
2.315000e+03 3.933531e-03
2.325000e+03 3.033523e-03
2.335000e+03 3.697342e-03
2.345000e+03 3.633427e-03
2.355000e+03 3.756444e-03
2.365000e+03 3.556206e-03
2.375000e+03 3.594846e-03
2.385000e+03 3.421999e-03
2.395000e+03 3.616570e-03
2.405000e+03 3.434014e-03
2.415000e+03 3.478862e-03
2.425000e+03 3.558762e-03
2.435000e+03 3.382703e-03
2.445000e+03 3.549025e-03
2.455000e+03 3.458648e-03
2.465000e+03 3.438483e-03
2.475000e+03 3.314349e-03
2.485000e+03 3.462232e-03
2.495000e+03 3.329800e-03
2.505000e+03 3.478437e-03
2.513000e+03 3.237406e-03
2.518000e+03 3.360014e-03
2.525000e+03 3.190395e-03
2.535000e+03 3.188848e-03
2.545000e+03 3.100159e-03
2.555000e+03 3.216479e-03
2.565000e+03 3.169744e-03
2.575000e+03 3.291648e-03
2.585000e+03 3.266876e-03
2.595000e+03 3.255272e-03
2.605000e+03 3.138119e-03
2.615000e+03 3.115205e-03
2.625000e+03 3.130581e-03
2.635000e+03 3.139376e-03
2.645000e+03 3.252299e-03
2.655000e+03 3.227083e-03
2.665000e+03 3.078436e-03
2.675000e+03 3.147541e-03
2.685000e+03 3.102501e-03
2.695000e+03 3.027605e-03
2.705000e+03 3.041898e-03
2.715000e+03 2.950261e-03
2.725000e+03 2.926424e-03
2.735000e+03 3.005403e-03
2.745000e+03 2.785849e-03
2.755000e+03 2.773833e-03
2.765000e+03 2.813406e-03
2.775000e+03 2.870607e-03
2.785000e+03 2.843555e-03
2.795000e+03 2.553782e-03
2.805000e+03 2.665770e-03
2.815000e+03 2.817542e-03
2.825000e+03 2.793062e-03
2.835000e+03 2.672322e-03
2.845000e+03 2.634064e-03
2.855000e+03 2.641872e-03
2.865000e+03 2.705318e-03
2.875000e+03 2.655193e-03
2.885000e+03 2.651437e-03
2.895000e+03 2.626711e-03
2.910000e+03 2.667035e-03
2.930000e+03 2.593559e-03
2.950000e+03 2.538864e-03
2.970000e+03 2.521081e-03
2.990000e+03 2.483018e-03
3.010000e+03 2.474300e-03
3.030000e+03 2.448571e-03
3.050000e+03 2.403897e-03
3.070000e+03 2.360527e-03
3.090000e+03 2.340265e-03
3.110000e+03 2.292159e-03
3.130000e+03 2.259247e-03
3.150000e+03 2.231776e-03
3.170000e+03 2.193055e-03
3.190000e+03 2.121276e-03
3.210000e+03 2.126288e-03
3.230000e+03 2.086427e-03
3.250000e+03 2.070320e-03
3.270000e+03 2.054503e-03
3.290000e+03 2.025000e-03
3.310000e+03 2.003803e-03
3.330000e+03 1.969460e-03
3.350000e+03 1.932487e-03
3.370000e+03 1.900522e-03
3.390000e+03 1.876320e-03
3.410000e+03 1.859364e-03
3.430000e+03 1.824183e-03
3.450000e+03 1.803598e-03
3.470000e+03 1.780724e-03
3.490000e+03 1.761787e-03
3.510000e+03 1.749055e-03
3.530000e+03 1.721682e-03
3.550000e+03 1.709602e-03
3.570000e+03 1.668782e-03
3.590000e+03 1.639126e-03
3.610000e+03 1.627284e-03
3.630000e+03 1.612753e-03
3.640000e+03 1.610228e-03
3.650000e+03 1.611928e-03
3.670000e+03 1.584400e-03
3.690000e+03 1.482498e-03
3.710000e+03 1.532577e-03
3.730000e+03 1.520069e-03
3.750000e+03 1.746934e-03
3.770000e+03 1.781294e-03
3.790000e+03 1.959435e-03
3.810000e+03 2.120927e-03
3.830000e+03 1.785181e-03
3.850000e+03 2.174694e-03
3.870000e+03 2.265958e-03
3.890000e+03 1.666498e-03
3.910000e+03 2.246648e-03
3.930000e+03 2.117202e-03
3.950000e+03 2.149873e-03
3.970000e+03 1.502671e-03
3.990000e+03 2.126447e-03
4.010000e+03 2.210009e-03
4.030000e+03 2.145290e-03
4.050000e+03 2.166992e-03
4.070000e+03 2.092971e-03
4.090000e+03 1.903840e-03
4.110000e+03 1.612522e-03
4.130000e+03 1.983909e-03
4.150000e+03 2.013398e-03
4.170000e+03 1.995618e-03
4.190000e+03 1.982505e-03
4.210000e+03 1.963269e-03
4.230000e+03 1.923919e-03
4.250000e+03 1.912405e-03
4.270000e+03 1.851527e-03
4.290000e+03 1.840987e-03
4.310000e+03 1.767086e-03
4.330000e+03 1.593607e-03
4.350000e+03 1.440143e-03
4.370000e+03 1.769980e-03
4.390000e+03 1.728090e-03
4.410000e+03 1.735658e-03
4.430000e+03 1.721178e-03
4.450000e+03 1.718706e-03
4.470000e+03 1.672710e-03
4.490000e+03 1.684823e-03
4.510000e+03 1.721626e-03
4.530000e+03 1.651958e-03
4.550000e+03 1.637617e-03
4.570000e+03 1.657096e-03
4.590000e+03 1.616407e-03
4.610000e+03 1.612303e-03
4.630000e+03 1.576509e-03
4.650000e+03 1.570399e-03
4.670000e+03 1.567284e-03
4.690000e+03 1.543252e-03
4.710000e+03 1.492841e-03
4.730000e+03 1.508484e-03
4.750000e+03 1.505449e-03
4.770000e+03 1.497585e-03
4.790000e+03 1.476822e-03
4.810000e+03 1.449601e-03
4.830000e+03 1.434372e-03
4.850000e+03 1.278635e-03
4.870000e+03 1.116131e-03
4.890000e+03 1.373514e-03
4.910000e+03 1.378665e-03
4.930000e+03 1.341069e-03
4.950000e+03 1.368544e-03
4.970000e+03 1.349710e-03
4.990000e+03 1.305344e-03
5.010000e+03 1.254197e-03
5.030000e+03 1.278707e-03
5.050000e+03 1.253924e-03
5.070000e+03 1.273581e-03
5.090000e+03 1.238056e-03
5.110000e+03 1.232737e-03
5.130000e+03 1.202324e-03
5.150000e+03 1.181877e-03
5.170000e+03 1.159138e-03
5.190000e+03 1.159493e-03
5.210000e+03 1.153654e-03
5.230000e+03 1.171148e-03
5.250000e+03 1.174844e-03
5.270000e+03 1.120489e-03
5.290000e+03 1.163058e-03
5.310000e+03 1.170227e-03
5.330000e+03 1.117138e-03
5.350000e+03 1.142800e-03
5.370000e+03 1.136736e-03
5.390000e+03 1.111563e-03
5.410000e+03 1.097469e-03
5.430000e+03 1.092024e-03
5.450000e+03 1.100636e-03
5.470000e+03 1.076774e-03
5.490000e+03 1.067026e-03
5.510000e+03 1.056815e-03
5.530000e+03 1.064058e-03
5.550000e+03 1.062856e-03
5.570000e+03 1.050171e-03
5.590000e+03 1.032882e-03
5.610000e+03 1.041290e-03
5.630000e+03 1.025766e-03
5.650000e+03 1.019961e-03
5.670000e+03 1.002946e-03
5.690000e+03 1.013851e-03
5.710000e+03 9.898357e-04
5.730000e+03 1.020602e-03
5.750000e+03 9.911512e-04
5.770000e+03 9.931058e-04
5.790000e+03 9.650021e-04
5.810000e+03 9.800466e-04
5.830000e+03 9.898624e-04
5.850000e+03 9.673330e-04
5.870000e+03 9.503362e-04
5.890000e+03 8.948226e-04
5.910000e+03 9.411393e-04
5.930000e+03 9.404322e-04
5.950000e+03 9.311492e-04
5.970000e+03 9.382091e-04
5.990000e+03 9.175811e-04
6.010000e+03 9.072916e-04
6.030000e+03 9.165466e-04
6.050000e+03 9.181253e-04
6.070000e+03 9.133774e-04
6.090000e+03 8.862505e-04
6.110000e+03 8.824035e-04
6.130000e+03 8.530811e-04
6.150000e+03 8.575089e-04
6.170000e+03 8.388953e-04
6.190000e+03 8.584820e-04
6.210000e+03 8.478055e-04
6.230000e+03 8.264721e-04
6.250000e+03 8.035389e-04
6.270000e+03 8.231350e-04
6.290000e+03 8.300064e-04
6.310000e+03 8.102276e-04
6.330000e+03 8.148662e-04
6.350000e+03 8.040360e-04
6.370000e+03 7.978352e-04
6.390000e+03 8.053288e-04
6.410000e+03 7.938645e-04
6.430000e+03 7.929542e-04
6.450000e+03 7.881750e-04
6.470000e+03 7.849681e-04
6.490000e+03 7.658526e-04
6.510000e+03 7.763890e-04
6.530000e+03 7.672031e-04
6.550000e+03 7.308573e-04
6.570000e+03 6.608874e-04
6.590000e+03 7.489669e-04
6.610000e+03 7.577803e-04
6.630000e+03 7.535457e-04
6.650000e+03 7.512813e-04
6.670000e+03 7.342374e-04
6.690000e+03 7.387532e-04
6.710000e+03 7.176616e-04
6.730000e+03 7.290608e-04
6.750000e+03 7.160547e-04
6.770000e+03 7.159697e-04
6.790000e+03 7.049879e-04
6.810000e+03 7.064634e-04
6.830000e+03 7.078384e-04
6.850000e+03 6.938288e-04
6.870000e+03 6.985696e-04
6.890000e+03 7.046145e-04
6.910000e+03 6.985418e-04
6.930000e+03 6.887058e-04
6.950000e+03 6.819741e-04
6.970000e+03 6.866658e-04
6.990000e+03 6.779756e-04
7.010000e+03 6.667355e-04
7.030000e+03 6.743864e-04
7.050000e+03 6.790450e-04
7.070000e+03 6.613379e-04
7.090000e+03 6.463442e-04
7.110000e+03 6.255052e-04
7.130000e+03 6.148933e-04
7.150000e+03 6.149171e-04
7.170000e+03 6.187243e-04
7.190000e+03 6.067926e-04
7.210000e+03 6.152543e-04
7.230000e+03 6.210169e-04
7.250000e+03 6.233634e-04
7.270000e+03 6.215564e-04
7.290000e+03 6.105161e-04
7.310000e+03 6.182152e-04
7.330000e+03 6.183731e-04
7.350000e+03 6.166783e-04
7.370000e+03 6.265871e-04
7.390000e+03 6.156981e-04
7.410000e+03 6.116262e-04
7.430000e+03 6.141629e-04
7.450000e+03 6.148815e-04
7.470000e+03 6.133262e-04
7.490000e+03 6.086083e-04
7.510000e+03 6.142939e-04
7.530000e+03 6.180580e-04
7.550000e+03 6.183966e-04
7.570000e+03 6.128282e-04
7.590000e+03 6.069315e-04
7.610000e+03 6.042257e-04
7.630000e+03 5.997028e-04
7.650000e+03 5.943639e-04
7.670000e+03 5.756765e-04
7.690000e+03 5.840595e-04
7.710000e+03 5.741849e-04
7.730000e+03 5.716008e-04
7.750000e+03 5.679889e-04
7.770000e+03 5.697616e-04
7.790000e+03 5.753183e-04
7.810000e+03 5.721037e-04
7.830000e+03 5.653190e-04
7.850000e+03 5.549746e-04
7.870000e+03 5.613916e-04
7.890000e+03 5.443830e-04
7.910000e+03 5.346769e-04
7.930000e+03 5.371002e-04
7.950000e+03 5.279088e-04
7.970000e+03 5.438015e-04
7.990000e+03 5.414457e-04
8.010000e+03 5.435271e-04
8.030000e+03 5.411505e-04
8.050000e+03 5.383811e-04
8.070000e+03 5.340271e-04
8.090000e+03 5.235921e-04
8.110000e+03 5.222971e-04
8.130000e+03 5.294974e-04
8.150000e+03 5.281381e-04
8.170000e+03 5.300557e-04
8.190000e+03 5.207629e-04
8.210000e+03 5.172226e-04
8.230000e+03 5.237438e-04
8.250000e+03 5.226010e-04
8.270000e+03 5.281761e-04
8.290000e+03 5.222027e-04
8.310000e+03 5.029344e-04
8.330000e+03 5.024047e-04
8.350000e+03 5.014770e-04
8.370000e+03 5.032682e-04
8.390000e+03 4.888038e-04
8.410000e+03 5.012217e-04
8.430000e+03 4.815728e-04
8.450000e+03 4.753657e-04
8.470000e+03 4.745349e-04
8.490000e+03 4.716057e-04
8.510000e+03 4.453166e-04
8.530000e+03 4.645051e-04
8.550000e+03 3.905059e-04
8.570000e+03 4.874895e-04
8.590000e+03 4.731998e-04
8.610000e+03 4.738096e-04
8.630000e+03 4.940793e-04
8.650000e+03 4.790969e-04
8.670000e+03 3.929239e-04
8.690000e+03 4.731508e-04
8.710000e+03 4.935387e-04
8.730000e+03 4.896065e-04
8.750000e+03 4.609138e-04
8.770000e+03 4.855825e-04
8.790000e+03 4.932847e-04
8.810000e+03 4.827287e-04
8.830000e+03 4.847318e-04
8.850000e+03 4.795358e-04
8.870000e+03 4.536023e-04
8.890000e+03 4.849097e-04
8.910000e+03 4.938969e-04
8.930000e+03 4.810925e-04
8.950000e+03 4.806987e-04
8.970000e+03 4.802576e-04
8.990000e+03 4.761281e-04
9.010000e+03 4.406006e-04
9.030000e+03 4.596578e-04
9.050000e+03 4.831856e-04
9.070000e+03 4.793002e-04
9.090000e+03 4.636864e-04
9.110000e+03 4.675672e-04
9.130000e+03 4.766705e-04
9.150000e+03 4.716298e-04
9.170000e+03 4.691783e-04
9.190000e+03 4.728747e-04
9.210000e+03 4.507654e-04
9.230000e+03 4.287282e-04
9.250000e+03 4.429860e-04
9.270000e+03 4.494820e-04
9.290000e+03 4.496274e-04
9.310000e+03 4.544728e-04
9.330000e+03 4.512138e-04
9.350000e+03 4.493584e-04
9.370000e+03 4.409843e-04
9.390000e+03 4.462367e-04
9.410000e+03 4.327924e-04
9.430000e+03 4.444303e-04
9.450000e+03 4.342629e-04
9.470000e+03 4.419649e-04
9.490000e+03 4.418506e-04
9.510000e+03 4.348568e-04
9.530000e+03 4.281112e-04
9.550000e+03 4.006959e-04
9.570000e+03 4.198971e-04
9.590000e+03 4.337781e-04
9.610000e+03 4.270525e-04
9.630000e+03 4.261658e-04
9.650000e+03 4.188631e-04
9.670000e+03 4.165071e-04
9.690000e+03 4.235374e-04
9.710000e+03 4.191263e-04
9.730000e+03 4.160340e-04
9.750000e+03 4.123891e-04
9.770000e+03 4.135230e-04
9.790000e+03 4.061261e-04
9.810000e+03 4.168405e-04
9.830000e+03 4.108598e-04
9.850000e+03 4.142873e-04
9.870000e+03 4.104896e-04
9.890000e+03 4.088923e-04
9.910000e+03 4.060967e-04
9.930000e+03 4.061582e-04
9.950000e+03 4.046657e-04
9.970000e+03 4.046155e-04
9.990000e+03 4.015494e-04
1.002500e+04 3.903821e-04
1.007500e+04 3.804331e-04
1.012500e+04 3.886342e-04
1.017500e+04 3.826002e-04
1.022500e+04 3.813961e-04
1.027500e+04 3.799957e-04
1.032500e+04 3.711940e-04
1.037500e+04 3.667908e-04
1.042500e+04 3.662592e-04
1.047500e+04 3.612841e-04
1.052500e+04 3.599628e-04
1.057500e+04 3.539746e-04
1.062500e+04 3.517305e-04
1.067500e+04 3.426472e-04
1.072500e+04 3.416850e-04
1.077500e+04 3.374063e-04
1.082500e+04 3.309684e-04
1.087500e+04 3.294315e-04
1.092500e+04 3.218619e-04
1.097500e+04 3.219120e-04
1.102500e+04 3.245306e-04
1.107500e+04 3.222771e-04
1.112500e+04 3.188594e-04
1.117500e+04 3.142944e-04
1.122500e+04 3.127431e-04
1.127500e+04 3.059840e-04
1.132500e+04 3.037013e-04
1.137500e+04 3.006197e-04
1.142500e+04 2.962522e-04
1.147500e+04 2.989649e-04
1.152500e+04 2.965622e-04
1.157500e+04 2.910685e-04
1.162500e+04 2.857677e-04
1.167500e+04 2.844850e-04
1.172500e+04 2.861153e-04
1.177500e+04 2.794171e-04
1.182500e+04 2.770440e-04
1.187500e+04 2.714242e-04
1.192500e+04 2.755726e-04
1.197500e+04 2.644561e-04
1.202500e+04 2.692555e-04
1.207500e+04 2.647245e-04
1.212500e+04 2.636798e-04
1.217500e+04 2.635901e-04
1.222500e+04 2.606492e-04
1.227500e+04 2.580119e-04
1.232500e+04 2.551239e-04
1.237500e+04 2.540030e-04
1.242500e+04 2.511572e-04
1.247500e+04 2.499678e-04
1.252500e+04 2.462706e-04
1.257500e+04 2.450257e-04
1.262500e+04 2.432813e-04
1.267500e+04 2.398323e-04
1.272500e+04 2.392653e-04
1.277500e+04 2.382780e-04
1.282500e+04 2.246550e-04
1.287500e+04 2.320022e-04
1.292500e+04 2.281712e-04
1.297500e+04 2.308339e-04
1.302500e+04 2.265072e-04
1.307500e+04 2.276753e-04
1.312500e+04 2.225301e-04
1.317500e+04 2.217183e-04
1.322500e+04 2.214352e-04
1.327500e+04 2.168904e-04
1.332500e+04 2.185362e-04
1.337500e+04 2.152869e-04
1.342500e+04 2.164961e-04
1.347500e+04 2.143542e-04
1.352500e+04 2.131898e-04
1.357500e+04 2.089491e-04
1.362500e+04 2.076029e-04
1.367500e+04 2.078415e-04
1.372500e+04 2.076817e-04
1.377500e+04 2.058895e-04
1.382500e+04 2.057661e-04
1.387500e+04 2.028895e-04
1.392500e+04 2.034758e-04
1.397500e+04 2.030860e-04
1.402500e+04 1.989476e-04
1.407500e+04 2.005264e-04
1.412500e+04 1.970797e-04
1.417500e+04 1.986554e-04
1.422500e+04 1.949545e-04
1.427500e+04 1.908384e-04
1.432500e+04 1.943182e-04
1.437500e+04 1.941952e-04
1.442500e+04 1.875122e-04
1.447500e+04 1.913660e-04
1.452500e+04 1.882475e-04
1.457000e+04 1.892156e-04
1.462000e+04 1.884520e-04
1.467500e+04 1.879249e-04
1.472500e+04 1.837884e-04
1.477500e+04 1.846033e-04
1.482500e+04 1.838681e-04
1.487500e+04 1.816724e-04
1.492500e+04 1.852154e-04
1.497500e+04 1.816875e-04
1.502500e+04 1.802895e-04
1.507500e+04 1.777593e-04
1.512500e+04 1.799133e-04
1.517500e+04 1.797383e-04
1.522500e+04 1.792106e-04
1.527500e+04 1.796718e-04
1.532500e+04 1.777160e-04
1.537500e+04 1.795163e-04
1.542500e+04 1.777029e-04
1.547500e+04 1.777342e-04
1.552500e+04 1.745072e-04
1.557500e+04 1.655580e-04
1.562500e+04 1.710494e-04
1.567500e+04 1.684354e-04
1.572500e+04 1.721426e-04
1.577500e+04 1.588342e-04
1.582500e+04 1.623444e-04
1.587500e+04 1.586951e-04
1.592500e+04 1.639969e-04
1.597500e+04 1.597719e-04
1.605000e+04 1.606994e-04
1.615000e+04 1.592148e-04
1.625000e+04 1.569363e-04
1.635000e+04 1.604344e-04
1.645000e+04 1.490138e-04
1.655000e+04 1.553502e-04
1.665000e+04 1.466412e-04
1.675000e+04 1.488462e-04
1.685000e+04 1.409830e-04
1.695000e+04 1.451901e-04
1.705000e+04 1.397135e-04
1.715000e+04 1.398354e-04
1.725000e+04 1.363492e-04
1.735000e+04 1.303511e-04
1.745000e+04 1.322682e-04
1.755000e+04 1.286464e-04
1.765000e+04 1.282552e-04
1.775000e+04 1.246226e-04
1.785000e+04 1.239643e-04
1.795000e+04 1.218917e-04
1.805000e+04 1.182228e-04
1.815000e+04 1.168101e-04
1.825000e+04 1.149696e-04
1.835000e+04 1.127769e-04
1.845000e+04 1.107076e-04
1.855000e+04 1.097025e-04
1.865000e+04 1.064019e-04
1.875000e+04 1.042140e-04
1.885000e+04 1.037206e-04
1.895000e+04 9.912552e-05
1.905000e+04 1.016422e-04
1.915000e+04 9.920821e-05
1.925000e+04 9.822071e-05
1.935000e+04 9.500732e-05
1.945000e+04 9.264086e-05
1.955000e+04 9.319610e-05
1.965000e+04 9.139799e-05
1.975000e+04 8.920826e-05
1.985000e+04 8.846564e-05
1.995000e+04 8.719941e-05
2.005000e+04 8.699550e-05
2.015000e+04 8.568520e-05
2.025000e+04 8.280114e-05
2.035000e+04 8.171134e-05
2.045000e+04 8.192961e-05
2.055000e+04 8.018539e-05
2.065000e+04 7.862156e-05
2.075000e+04 7.764865e-05
2.085000e+04 7.612299e-05
2.095000e+04 7.453743e-05
2.105000e+04 7.442266e-05
2.115000e+04 7.279126e-05
2.125000e+04 7.152685e-05
2.135000e+04 7.131069e-05
2.145000e+04 7.006639e-05
2.155000e+04 6.876863e-05
2.165000e+04 6.712285e-05
2.175000e+04 6.616706e-05
2.185000e+04 6.552309e-05
2.195000e+04 6.479366e-05
2.205000e+04 6.283145e-05
2.215000e+04 6.315950e-05
2.225000e+04 6.113754e-05
2.235000e+04 6.051038e-05
2.245000e+04 5.973475e-05
2.255000e+04 5.912779e-05
2.265000e+04 5.758489e-05
2.275000e+04 5.770885e-05
2.285000e+04 5.622454e-05
2.295000e+04 4.742179e-05
2.305000e+04 5.105708e-05
2.315000e+04 5.025773e-05
2.325000e+04 4.313713e-05
2.335000e+04 4.671854e-05
2.345000e+04 4.489035e-05
2.355000e+04 3.882235e-05
2.365000e+04 4.301730e-05
2.375000e+04 4.119399e-05
2.385000e+04 3.672948e-05
2.395000e+04 4.000912e-05
2.405000e+04 3.924530e-05
2.415000e+04 3.537831e-05
2.425000e+04 3.790569e-05
2.435000e+04 3.731163e-05
2.445000e+04 3.505570e-05
2.455000e+04 3.517953e-05
2.465000e+04 3.631902e-05
2.475000e+04 3.496781e-05
2.485000e+04 3.315175e-05
2.495000e+04 3.421590e-05
2.505000e+04 3.539442e-05
2.515000e+04 3.206066e-05
2.525000e+04 3.360201e-05
2.535000e+04 3.348179e-05
2.545000e+04 3.279568e-05
2.555000e+04 3.206251e-05
2.565000e+04 3.205640e-05
2.575000e+04 3.239157e-05
2.585000e+04 3.048500e-05
2.595000e+04 3.086381e-05
2.605000e+04 3.136540e-05
2.615000e+04 3.038388e-05
2.625000e+04 2.980169e-05
2.635000e+04 3.023180e-05
2.645000e+04 3.001413e-05
2.655000e+04 2.937789e-05
2.665000e+04 2.872817e-05
2.675000e+04 2.950689e-05
2.685000e+04 2.918116e-05
2.695000e+04 2.803855e-05
2.705000e+04 2.851926e-05
2.715000e+04 2.817869e-05
2.725000e+04 2.821511e-05
2.735000e+04 2.709243e-05
2.745000e+04 2.742667e-05
2.755000e+04 2.732077e-05
2.765000e+04 2.684555e-05
2.775000e+04 2.611853e-05
2.785000e+04 2.636806e-05
2.795000e+04 2.637849e-05
2.805000e+04 2.603607e-05
2.815000e+04 2.537254e-05
2.825000e+04 2.535894e-05
2.835000e+04 2.533140e-05
2.845000e+04 2.495602e-05
2.855000e+04 2.459654e-05
2.865000e+04 2.436033e-05
2.875000e+04 2.404926e-05
2.885000e+04 2.389818e-05
2.895000e+04 2.364251e-05
2.905000e+04 2.335510e-05
2.915000e+04 2.319100e-05
2.925000e+04 2.265787e-05
2.935000e+04 2.274454e-05
2.945000e+04 2.233795e-05
2.955000e+04 2.209965e-05
2.965000e+04 2.199799e-05
2.975000e+04 2.176378e-05
2.985000e+04 2.142825e-05
2.995000e+04 2.119336e-05
3.005000e+04 2.093685e-05
3.015000e+04 2.080222e-05
3.025000e+04 2.047041e-05
3.035000e+04 2.007958e-05
3.045000e+04 2.003207e-05
3.055000e+04 1.978253e-05
3.065000e+04 1.956313e-05
3.075000e+04 1.939795e-05
3.085000e+04 1.904802e-05
3.095000e+04 1.886390e-05
3.105000e+04 1.876118e-05
3.115000e+04 1.838034e-05
3.125000e+04 1.827911e-05
3.135000e+04 1.807938e-05
3.145000e+04 1.786178e-05
3.155000e+04 1.763800e-05
3.165000e+04 1.737269e-05
3.175000e+04 1.727027e-05
3.185000e+04 1.705321e-05
3.195000e+04 1.689658e-05
3.210000e+04 1.657292e-05
3.230000e+04 1.616270e-05
3.250000e+04 1.579527e-05
3.270000e+04 1.541354e-05
3.290000e+04 1.500577e-05
3.310000e+04 1.470103e-05
3.330000e+04 1.436456e-05
3.350000e+04 1.410324e-05
3.370000e+04 1.375991e-05
3.390000e+04 1.343704e-05
3.410000e+04 1.311864e-05
3.430000e+04 1.289029e-05
3.450000e+04 1.263298e-05
3.470000e+04 1.234594e-05
3.490000e+04 1.209360e-05
3.510000e+04 1.185618e-05
3.530000e+04 1.155843e-05
3.550000e+04 1.135232e-05
3.570000e+04 1.109942e-05
3.590000e+04 1.086484e-05
3.610000e+04 1.067050e-05
3.630000e+04 1.045413e-05
3.650000e+04 1.018858e-05
3.670000e+04 9.983079e-06
3.690000e+04 9.703633e-06
3.710000e+04 9.483774e-06
3.730000e+04 9.349094e-06
3.750000e+04 9.059170e-06
3.770000e+04 9.003684e-06
3.790000e+04 8.811338e-06
3.810000e+04 8.660891e-06
3.830000e+04 8.522731e-06
3.850000e+04 8.375730e-06
3.870000e+04 8.159838e-06
3.890000e+04 8.019268e-06
3.910000e+04 7.878104e-06
3.930000e+04 7.743712e-06
3.950000e+04 7.542317e-06
3.970000e+04 7.415262e-06
3.990000e+04 7.206804e-06
4.010000e+04 7.119583e-06
4.030000e+04 7.019201e-06
4.050000e+04 6.861122e-06
4.070000e+04 6.763488e-06
4.090000e+04 6.646415e-06
4.110000e+04 6.529758e-06
4.130000e+04 6.423184e-06
4.150000e+04 6.290930e-06
4.170000e+04 6.159683e-06
4.190000e+04 6.053039e-06
4.210000e+04 5.930392e-06
4.230000e+04 5.871541e-06
4.250000e+04 5.737399e-06
4.270000e+04 5.657377e-06
4.290000e+04 5.205513e-06
4.310000e+04 4.775167e-06
4.330000e+04 4.859003e-06
4.350000e+04 4.497149e-06
4.370000e+04 4.327225e-06
4.390000e+04 4.191676e-06
4.410000e+04 3.887543e-06
4.430000e+04 3.871780e-06
4.450000e+04 3.765289e-06
4.470000e+04 3.548793e-06
4.490000e+04 3.622326e-06
4.510000e+04 3.486973e-06
4.530000e+04 3.346739e-06
4.550000e+04 3.384442e-06
4.570000e+04 3.326577e-06
4.590000e+04 3.159655e-06
4.610000e+04 3.238563e-06
4.630000e+04 3.139508e-06
4.650000e+04 3.101502e-06
4.670000e+04 3.107707e-06
4.690000e+04 3.039068e-06
4.710000e+04 2.968426e-06
4.730000e+04 3.019620e-06
4.750000e+04 2.935058e-06
4.770000e+04 2.899179e-06
4.790000e+04 2.870408e-06
4.810000e+04 2.780880e-06
4.830000e+04 2.838726e-06
4.850000e+04 2.771058e-06
4.870000e+04 2.703938e-06
4.890000e+04 2.677767e-06
4.910000e+04 2.637789e-06
4.930000e+04 2.603851e-06
4.950000e+04 2.545966e-06
4.970000e+04 2.562927e-06
4.990000e+04 2.515140e-06
5.010000e+04 2.494123e-06
5.030000e+04 2.462084e-06
5.050000e+04 2.393233e-06
5.070000e+04 2.389595e-06
5.090000e+04 2.354980e-06
5.110000e+04 2.311396e-06
5.130000e+04 2.290827e-06
5.150000e+04 2.252080e-06
5.170000e+04 2.267686e-06
5.190000e+04 2.221217e-06
5.210000e+04 2.196987e-06
5.230000e+04 2.157777e-06
5.250000e+04 2.150928e-06
5.270000e+04 2.166414e-06
5.290000e+04 2.093145e-06
5.310000e+04 2.055954e-06
5.330000e+04 2.057794e-06
5.350000e+04 2.030716e-06
5.370000e+04 2.009958e-06
5.390000e+04 1.993240e-06
5.410000e+04 1.973008e-06
5.430000e+04 1.929938e-06
5.450000e+04 1.938340e-06
5.470000e+04 1.889656e-06
5.490000e+04 1.887925e-06
5.510000e+04 1.847236e-06
5.530000e+04 1.888523e-06
5.550000e+04 1.813722e-06
5.570000e+04 1.825867e-06
5.590000e+04 1.788325e-06
5.610000e+04 1.793532e-06
5.630000e+04 1.744026e-06
5.650000e+04 1.750161e-06
5.670000e+04 1.727550e-06
5.690000e+04 1.684362e-06
5.710000e+04 1.694399e-06
5.730000e+04 1.676342e-06
5.750000e+04 1.654299e-06
5.770000e+04 1.633981e-06
5.790000e+04 1.630556e-06
5.810000e+04 1.603784e-06
5.830000e+04 1.588866e-06
5.850000e+04 1.571150e-06
5.870000e+04 1.540726e-06
5.890000e+04 1.529064e-06
5.910000e+04 1.508916e-06
5.930000e+04 1.502980e-06
5.950000e+04 1.476799e-06
5.970000e+04 1.473210e-06
5.990000e+04 1.457188e-06
6.010000e+04 1.440714e-06
6.030000e+04 1.423668e-06
6.050000e+04 1.399338e-06
6.070000e+04 1.386258e-06
6.090000e+04 1.368315e-06
6.110000e+04 1.351022e-06
6.130000e+04 1.342589e-06
6.150000e+04 1.331288e-06
6.170000e+04 1.323708e-06
6.190000e+04 1.304793e-06
6.210000e+04 1.295981e-06
6.230000e+04 1.274457e-06
6.250000e+04 1.254374e-06
6.270000e+04 1.241458e-06
6.290000e+04 1.229971e-06
6.310000e+04 1.215446e-06
6.330000e+04 1.210002e-06
6.350000e+04 1.192465e-06
6.370000e+04 1.187329e-06
6.390000e+04 1.164773e-06
6.420000e+04 1.150660e-06
6.460000e+04 1.122310e-06
6.500000e+04 1.098873e-06
6.540000e+04 1.074359e-06
6.580000e+04 1.053852e-06
6.620000e+04 1.029142e-06
6.660000e+04 1.007607e-06
6.700000e+04 9.866212e-07
6.740000e+04 9.634244e-07
6.780000e+04 9.431446e-07
6.820000e+04 9.222441e-07
6.860000e+04 9.042334e-07
6.900000e+04 8.834679e-07
6.940000e+04 8.650219e-07
6.980000e+04 8.466453e-07
7.020000e+04 8.279292e-07
7.060000e+04 8.115136e-07
7.100000e+04 7.938004e-07
7.140000e+04 7.776966e-07
7.180000e+04 7.609127e-07
7.220000e+04 7.453396e-07
7.260000e+04 7.293981e-07
7.300000e+04 7.144528e-07
7.340000e+04 6.992537e-07
7.380000e+04 6.851615e-07
7.420000e+04 6.695902e-07
7.460000e+04 6.544317e-07
7.500000e+04 6.414709e-07
7.540000e+04 6.293459e-07
7.580000e+04 6.178289e-07
7.620000e+04 6.053997e-07
7.660000e+04 5.932652e-07
7.700000e+04 5.811181e-07
7.740000e+04 5.697283e-07
7.780000e+04 5.584925e-07
7.820000e+04 5.473279e-07
7.860000e+04 5.366543e-07
7.900000e+04 5.260858e-07
7.940000e+04 5.157756e-07
7.980000e+04 5.059246e-07
8.020000e+04 4.955252e-07
8.060000e+04 4.859871e-07
8.100000e+04 4.771148e-07
8.140000e+04 4.677221e-07
8.180000e+04 4.591787e-07
8.220000e+04 4.505433e-07
8.260000e+04 4.419507e-07
8.300000e+04 4.337487e-07
8.340000e+04 4.253007e-07
8.380000e+04 4.173569e-07
8.420000e+04 4.100427e-07
8.460000e+04 4.023184e-07
8.500000e+04 3.950082e-07
8.540000e+04 3.878709e-07
8.580000e+04 3.808684e-07
8.620000e+04 3.741051e-07
8.660000e+04 3.674165e-07
8.700000e+04 3.608395e-07
8.740000e+04 3.544476e-07
8.780000e+04 3.480350e-07
8.820000e+04 3.417647e-07
8.860000e+04 3.357355e-07
8.900000e+04 3.298348e-07
8.940000e+04 3.242247e-07
8.980000e+04 3.182754e-07
9.020000e+04 3.131298e-07
9.060000e+04 3.078705e-07
9.100000e+04 3.020078e-07
9.140000e+04 2.971712e-07
9.180000e+04 2.922544e-07
9.220000e+04 2.874863e-07
9.260000e+04 2.825805e-07
9.300000e+04 2.778694e-07
9.340000e+04 2.731339e-07
9.380000e+04 2.687121e-07
9.420000e+04 2.642192e-07
9.460000e+04 2.597489e-07
9.500000e+04 2.555329e-07
9.540000e+04 2.513765e-07
9.580000e+04 2.473418e-07
9.620000e+04 2.432397e-07
9.660000e+04 2.393879e-07
9.700000e+04 2.355444e-07
9.740000e+04 2.313475e-07
9.780000e+04 2.279393e-07
9.820000e+04 2.243951e-07
9.860000e+04 2.208754e-07
9.900000e+04 2.174234e-07
9.940000e+04 2.139336e-07
9.980000e+04 2.105886e-07
1.002000e+05 2.072941e-07
2.000000e+05 1.347335e-08
4.000000e+05 8.473929e-10
6.000000e+05 1.666240e-10
8.000000e+05 5.240870e-11
1.000000e+06 2.134165e-11
1.200000e+06 1.023726e-11
1.400000e+06 5.498382e-12
1.600000e+06 3.207518e-12
