9.100000e+01 0.000000e+00
9.400000e+01 0.000000e+00
9.600000e+01 0.000000e+00
9.800000e+01 0.000000e+00
1.000000e+02 0.000000e+00
1.020000e+02 0.000000e+00
1.040000e+02 0.000000e+00
1.060000e+02 0.000000e+00
1.080000e+02 0.000000e+00
1.100000e+02 0.000000e+00
1.140000e+02 0.000000e+00
1.180000e+02 0.000000e+00
1.210000e+02 0.000000e+00
1.250000e+02 0.000000e+00
1.270000e+02 0.000000e+00
1.280000e+02 0.000000e+00
1.310000e+02 0.000000e+00
1.320000e+02 0.000000e+00
1.340000e+02 0.000000e+00
1.370000e+02 0.000000e+00
1.400000e+02 0.000000e+00
1.430000e+02 0.000000e+00
1.470000e+02 0.000000e+00
1.510000e+02 0.000000e+00
1.550000e+02 0.000000e+00
1.590000e+02 0.000000e+00
1.620000e+02 0.000000e+00
1.660000e+02 0.000000e+00
1.700000e+02 0.000000e+00
1.730000e+02 0.000000e+00
1.770000e+02 0.000000e+00
1.800000e+02 0.000000e+00
1.820000e+02 0.000000e+00
1.860000e+02 0.000000e+00
1.910000e+02 0.000000e+00
1.940000e+02 0.000000e+00
1.980000e+02 0.000000e+00
2.020000e+02 0.000000e+00
2.050000e+02 0.000000e+00
2.100000e+02 0.000000e+00
2.160000e+02 0.000000e+00
2.200000e+02 0.000000e+00
2.230000e+02 0.000000e+00
2.270000e+02 0.000000e+00
2.300000e+02 2.513864e-17
2.340000e+02 5.863850e-17
2.400000e+02 1.442851e-16
2.460000e+02 3.648534e-16
2.520000e+02 8.166720e-16
2.570000e+02 1.371928e-15
2.600000e+02 2.201696e-15
2.640000e+02 3.569027e-15
2.690000e+02 6.048422e-15
2.740000e+02 1.065991e-14
2.790000e+02 1.853344e-14
2.840000e+02 3.404700e-14
2.900000e+02 6.229906e-14
2.960000e+02 1.116430e-13
3.010000e+02 1.773686e-13
3.080000e+02 3.269747e-13
3.180000e+02 8.062197e-13
3.280000e+02 1.760767e-12
3.380000e+02 3.819818e-12
3.480000e+02 7.764486e-12
3.570000e+02 1.712351e-11
3.660000e+02 3.109456e-11
3.750000e+02 5.179243e-11
3.850000e+02 9.146286e-11
3.950000e+02 1.581305e-10
4.050000e+02 2.607388e-10
4.140000e+02 4.066231e-10
4.220000e+02 5.833230e-10
4.300000e+02 8.408320e-10
4.410000e+02 1.347908e-09
4.510000e+02 2.020363e-09
4.600000e+02 2.848403e-09
4.700000e+02 4.164713e-09
4.800000e+02 5.947249e-09
4.900000e+02 8.429290e-09
5.000000e+02 1.172675e-08
5.060000e+02 1.742607e-07
5.120000e+02 9.070576e-07
5.200000e+02 1.101653e-06
5.300000e+02 1.454590e-06
5.400000e+02 1.585249e-06
5.500000e+02 2.397713e-06
5.600000e+02 2.862504e-06
5.700000e+02 3.611350e-06
5.800000e+02 3.570089e-06
5.900000e+02 4.836987e-06
6.000000e+02 5.880109e-06
6.100000e+02 7.160960e-06
6.200000e+02 8.169817e-06
6.300000e+02 9.499014e-06
6.400000e+02 1.027217e-05
6.500000e+02 1.215092e-05
6.580000e+02 1.387702e-05
6.650000e+02 1.495124e-05
6.750000e+02 1.604361e-05
6.850000e+02 1.782503e-05
6.950000e+02 2.155741e-05
7.050000e+02 2.336279e-05
7.160000e+02 2.668654e-05
7.260000e+02 2.910495e-05
7.350000e+02 3.136321e-05
7.450000e+02 3.593779e-05
7.550000e+02 3.977484e-05
7.650000e+02 4.383452e-05
7.750000e+02 4.840923e-05
7.850000e+02 5.304442e-05
7.950000e+02 5.683118e-05
8.050000e+02 6.128301e-05
8.150000e+02 6.528463e-05
8.250000e+02 7.211572e-05
8.350000e+02 7.114820e-05
8.450000e+02 8.070465e-05
8.550000e+02 8.607456e-05
8.650000e+02 9.327128e-05
8.750000e+02 1.013786e-04
8.850000e+02 1.104363e-04
8.950000e+02 1.178297e-04
9.050000e+02 1.207377e-04
9.150000e+02 2.016504e-04
9.250000e+02 1.407942e-03
9.350000e+02 4.348233e-03
9.450000e+02 1.180049e-02
9.550000e+02 1.853158e-02
9.650000e+02 2.283884e-02
9.750000e+02 3.547426e-03
9.850000e+02 2.319483e-02
9.950000e+02 2.257146e-02
1.005000e+03 2.947393e-02
1.015000e+03 2.653438e-02
1.025000e+03 8.123670e-03
1.035000e+03 1.842113e-02
1.045000e+03 3.424935e-02
1.055000e+03 3.279781e-02
1.065000e+03 2.707914e-02
1.075000e+03 3.125425e-02
1.085000e+03 2.512458e-02
1.095000e+03 3.158869e-02
1.105000e+03 2.897036e-02
1.115000e+03 2.788248e-02
1.125000e+03 2.489555e-02
1.135000e+03 2.996724e-02
1.145000e+03 2.704737e-02
1.155000e+03 2.808935e-02
1.165000e+03 2.876261e-02
1.175000e+03 2.097290e-02
1.185000e+03 2.812531e-02
1.195000e+03 2.189092e-02
1.205000e+03 1.525842e-02
1.215000e+03 7.345733e-03
1.225000e+03 1.899715e-02
1.235000e+03 2.602083e-02
1.245000e+03 2.724461e-02
1.255000e+03 2.600183e-02
1.265000e+03 2.350269e-02
1.275000e+03 2.673175e-02
1.285000e+03 2.673963e-02
1.295000e+03 2.186719e-02
1.305000e+03 2.222668e-02
1.315000e+03 2.563501e-02
1.325000e+03 2.409089e-02
1.335000e+03 2.180140e-02
1.345000e+03 2.413167e-02
1.355000e+03 2.349766e-02
1.365000e+03 2.152641e-02
1.375000e+03 2.162904e-02
1.385000e+03 2.178126e-02
1.395000e+03 1.885495e-02
1.405000e+03 1.970508e-02
1.415000e+03 1.999810e-02
1.425000e+03 1.996153e-02
1.435000e+03 1.998866e-02
1.442000e+03 2.046770e-02
1.447000e+03 2.022401e-02
1.455000e+03 1.974299e-02
1.465000e+03 1.845146e-02
1.475000e+03 1.832964e-02
1.485000e+03 1.806405e-02
1.495000e+03 1.795561e-02
1.505000e+03 1.684353e-02
1.512000e+03 1.513236e-02
1.517000e+03 1.576996e-02
1.525000e+03 1.587842e-02
1.535000e+03 1.411705e-02
1.545000e+03 1.461605e-02
1.555000e+03 1.388566e-02
1.565000e+03 1.428167e-02
1.575000e+03 1.492663e-02
1.585000e+03 1.501034e-02
1.595000e+03 1.513851e-02
1.605000e+03 1.487604e-02
1.615000e+03 1.476748e-02
1.625000e+03 1.421319e-02
1.635000e+03 1.478685e-02
1.645000e+03 1.466980e-02
1.655000e+03 1.397635e-02
1.665000e+03 1.472434e-02
1.672000e+03 1.394487e-02
1.677000e+03 1.452746e-02
1.685000e+03 1.464354e-02
1.695000e+03 1.393074e-02
1.705000e+03 1.335494e-02
1.715000e+03 1.269202e-02
1.725000e+03 1.253916e-02
1.735000e+03 1.303866e-02
1.745000e+03 1.258552e-02
1.755000e+03 1.299175e-02
1.765000e+03 1.219906e-02
1.775000e+03 1.214773e-02
1.785000e+03 1.222635e-02
1.795000e+03 1.259848e-02
1.805000e+03 1.255137e-02
1.815000e+03 1.151379e-02
1.825000e+03 1.183294e-02
1.835000e+03 1.138164e-02
1.845000e+03 1.051928e-02
1.855000e+03 1.033091e-02
1.865000e+03 1.049873e-02
1.875000e+03 1.114598e-02
1.885000e+03 1.011859e-02
1.895000e+03 9.508025e-03
1.905000e+03 1.019595e-02
1.915000e+03 9.643369e-03
1.925000e+03 9.356072e-03
1.935000e+03 9.716965e-03
1.945000e+03 9.916007e-03
1.955000e+03 9.162131e-03
1.967000e+03 9.797755e-03
1.976000e+03 1.009020e-02
1.984000e+03 9.449449e-03
1.995000e+03 9.203806e-03
2.005000e+03 9.421783e-03
2.015000e+03 9.212041e-03
2.025000e+03 9.554218e-03
2.035000e+03 8.890958e-03
2.045000e+03 9.008769e-03
2.055000e+03 8.714830e-03
2.065000e+03 8.780593e-03
2.074000e+03 9.144033e-03
2.078000e+03 8.516814e-03
2.085000e+03 8.798296e-03
2.095000e+03 8.348650e-03
2.105000e+03 8.525302e-03
2.115000e+03 8.493861e-03
2.125000e+03 8.593823e-03
2.135000e+03 8.297956e-03
2.145000e+03 8.071154e-03
2.155000e+03 8.316908e-03
2.165000e+03 8.161741e-03
2.175000e+03 8.055129e-03
2.185000e+03 7.865257e-03
2.195000e+03 8.016864e-03
2.205000e+03 7.836690e-03
2.215000e+03 7.644105e-03
2.225000e+03 7.400923e-03
2.235000e+03 7.549561e-03
2.245000e+03 7.430909e-03
2.255000e+03 7.205417e-03
2.265000e+03 7.282237e-03
2.275000e+03 7.272868e-03
2.285000e+03 7.299178e-03
2.295000e+03 6.990261e-03
2.305000e+03 6.992787e-03
2.315000e+03 6.776773e-03
2.325000e+03 5.698279e-03
2.335000e+03 6.450123e-03
2.345000e+03 6.343461e-03
2.355000e+03 6.464304e-03
2.365000e+03 6.241750e-03
2.375000e+03 6.252296e-03
2.385000e+03 6.053967e-03
2.395000e+03 6.179659e-03
2.405000e+03 5.984054e-03
2.415000e+03 5.983194e-03
2.425000e+03 6.051959e-03
2.435000e+03 5.834474e-03
2.445000e+03 5.935848e-03
2.455000e+03 5.884713e-03
2.465000e+03 5.776317e-03
2.475000e+03 5.669107e-03
2.485000e+03 5.735850e-03
2.495000e+03 5.486869e-03
2.505000e+03 5.681328e-03
2.513000e+03 5.396011e-03
2.518000e+03 5.546135e-03
2.525000e+03 5.368953e-03
2.535000e+03 5.305716e-03
2.545000e+03 5.212456e-03
2.555000e+03 5.325579e-03
2.565000e+03 5.247537e-03
2.575000e+03 5.321676e-03
2.585000e+03 5.284239e-03
2.595000e+03 5.227723e-03
2.605000e+03 5.111452e-03
2.615000e+03 5.062996e-03
2.625000e+03 5.055728e-03
2.635000e+03 5.033113e-03
2.645000e+03 5.151475e-03
2.655000e+03 5.110565e-03
2.665000e+03 4.941684e-03
2.675000e+03 4.983272e-03
2.685000e+03 4.942531e-03
2.695000e+03 4.819296e-03
2.705000e+03 4.812178e-03
2.715000e+03 4.720420e-03
2.725000e+03 4.664707e-03
2.735000e+03 4.719384e-03
2.745000e+03 4.473921e-03
2.755000e+03 4.462229e-03
2.765000e+03 4.478656e-03
2.775000e+03 4.539463e-03
2.785000e+03 4.473659e-03
2.795000e+03 4.160646e-03
2.805000e+03 4.269355e-03
2.815000e+03 4.406802e-03
2.825000e+03 4.356891e-03
2.835000e+03 4.211407e-03
2.845000e+03 4.201596e-03
2.855000e+03 4.176156e-03
2.865000e+03 4.217561e-03
2.875000e+03 4.152004e-03
2.885000e+03 4.132443e-03
2.895000e+03 4.086324e-03
2.910000e+03 4.089231e-03
2.930000e+03 3.988774e-03
2.950000e+03 3.900054e-03
2.970000e+03 3.867683e-03
2.990000e+03 3.800273e-03
3.010000e+03 3.752402e-03
3.030000e+03 3.709076e-03
3.050000e+03 3.643838e-03
3.070000e+03 3.580858e-03
3.090000e+03 3.524693e-03
3.110000e+03 3.463845e-03
3.130000e+03 3.405125e-03
3.150000e+03 3.360862e-03
3.170000e+03 3.302372e-03
3.190000e+03 3.210384e-03
3.210000e+03 3.199200e-03
3.230000e+03 3.140035e-03
3.250000e+03 3.103766e-03
3.270000e+03 3.066397e-03
3.290000e+03 3.020382e-03
3.310000e+03 2.982196e-03
3.330000e+03 2.930992e-03
3.350000e+03 2.877228e-03
3.370000e+03 2.831932e-03
3.390000e+03 2.791974e-03
3.410000e+03 2.759860e-03
3.430000e+03 2.696588e-03
3.450000e+03 2.662283e-03
3.470000e+03 2.636491e-03
3.490000e+03 2.602929e-03
3.510000e+03 2.579317e-03
3.530000e+03 2.540272e-03
3.550000e+03 2.514808e-03
3.570000e+03 2.465203e-03
3.590000e+03 2.418530e-03
3.610000e+03 2.394172e-03
3.630000e+03 2.369404e-03
3.640000e+03 2.366447e-03
3.650000e+03 2.361783e-03
3.670000e+03 2.317026e-03
3.690000e+03 2.251311e-03
3.710000e+03 2.388205e-03
3.730000e+03 2.378193e-03
3.750000e+03 2.717243e-03
3.770000e+03 2.751074e-03
3.790000e+03 2.992137e-03
3.810000e+03 3.211905e-03
3.830000e+03 2.733155e-03
3.850000e+03 3.290845e-03
3.870000e+03 3.380985e-03
3.890000e+03 2.566743e-03
3.910000e+03 3.344351e-03
3.930000e+03 3.179214e-03
3.950000e+03 3.236530e-03
3.970000e+03 2.354386e-03
3.990000e+03 3.174100e-03
4.010000e+03 3.240184e-03
4.030000e+03 3.142637e-03
4.050000e+03 3.168971e-03
4.070000e+03 3.073246e-03
4.090000e+03 2.829802e-03
4.110000e+03 2.404505e-03
4.130000e+03 2.920788e-03
4.150000e+03 2.938564e-03
4.170000e+03 2.909738e-03
4.190000e+03 2.886216e-03
4.210000e+03 2.857175e-03
4.230000e+03 2.808242e-03
4.250000e+03 2.779437e-03
4.270000e+03 2.707022e-03
4.290000e+03 2.686152e-03
4.310000e+03 2.592517e-03
4.330000e+03 2.356183e-03
4.350000e+03 2.126182e-03
4.370000e+03 2.564912e-03
4.390000e+03 2.508098e-03
4.410000e+03 2.509269e-03
4.430000e+03 2.497011e-03
4.450000e+03 2.481008e-03
4.470000e+03 2.408048e-03
4.490000e+03 2.427178e-03
4.510000e+03 2.454484e-03
4.530000e+03 2.378184e-03
4.550000e+03 2.348692e-03
4.570000e+03 2.361298e-03
4.590000e+03 2.312027e-03
4.610000e+03 2.305747e-03
4.630000e+03 2.259238e-03
4.650000e+03 2.243280e-03
4.670000e+03 2.233644e-03
4.690000e+03 2.204330e-03
4.710000e+03 2.140593e-03
4.730000e+03 2.151817e-03
4.750000e+03 2.141411e-03
4.770000e+03 2.128510e-03
4.790000e+03 2.097858e-03
4.810000e+03 2.064961e-03
4.830000e+03 2.036537e-03
4.850000e+03 1.844008e-03
4.870000e+03 1.612492e-03
4.890000e+03 1.954791e-03
4.910000e+03 1.956708e-03
4.930000e+03 1.905038e-03
4.950000e+03 1.935587e-03
4.970000e+03 1.912145e-03
4.990000e+03 1.862801e-03
5.010000e+03 1.801134e-03
5.030000e+03 1.824581e-03
5.050000e+03 1.790438e-03
5.070000e+03 1.805569e-03
5.090000e+03 1.761462e-03
5.110000e+03 1.751131e-03
5.130000e+03 1.713838e-03
5.150000e+03 1.686841e-03
5.170000e+03 1.656800e-03
5.190000e+03 1.654956e-03
5.210000e+03 1.645727e-03
5.230000e+03 1.652752e-03
5.250000e+03 1.653214e-03
5.270000e+03 1.591733e-03
5.290000e+03 1.629555e-03
5.310000e+03 1.633020e-03
5.330000e+03 1.575618e-03
5.350000e+03 1.599392e-03
5.370000e+03 1.585974e-03
5.390000e+03 1.554358e-03
5.410000e+03 1.537503e-03
5.430000e+03 1.525212e-03
5.450000e+03 1.536041e-03
5.470000e+03 1.507221e-03
5.490000e+03 1.492905e-03
5.510000e+03 1.479200e-03
5.530000e+03 1.480591e-03
5.550000e+03 1.477269e-03
5.570000e+03 1.458013e-03
5.590000e+03 1.435989e-03
5.610000e+03 1.443061e-03
5.630000e+03 1.423518e-03
5.650000e+03 1.413814e-03
5.670000e+03 1.391069e-03
5.690000e+03 1.396910e-03
5.710000e+03 1.367804e-03
5.730000e+03 1.394915e-03
5.750000e+03 1.365361e-03
5.770000e+03 1.364240e-03
5.790000e+03 1.331774e-03
5.810000e+03 1.344778e-03
5.830000e+03 1.350418e-03
5.850000e+03 1.325539e-03
5.870000e+03 1.301950e-03
5.890000e+03 1.251441e-03
5.910000e+03 1.292498e-03
5.930000e+03 1.286795e-03
5.950000e+03 1.274560e-03
5.970000e+03 1.279969e-03
5.990000e+03 1.256592e-03
6.010000e+03 1.242515e-03
6.030000e+03 1.247931e-03
6.050000e+03 1.246447e-03
6.070000e+03 1.236430e-03
6.090000e+03 1.208113e-03
6.110000e+03 1.203551e-03
6.130000e+03 1.169951e-03
6.150000e+03 1.174264e-03
6.170000e+03 1.155593e-03
6.190000e+03 1.172797e-03
6.210000e+03 1.159988e-03
6.230000e+03 1.137241e-03
6.250000e+03 1.108620e-03
6.270000e+03 1.126017e-03
6.290000e+03 1.130017e-03
6.310000e+03 1.110006e-03
6.330000e+03 1.112566e-03
6.350000e+03 1.103226e-03
6.370000e+03 1.094375e-03
6.390000e+03 1.096255e-03
6.410000e+03 1.082782e-03
6.430000e+03 1.079420e-03
6.450000e+03 1.073808e-03
6.470000e+03 1.067399e-03
6.490000e+03 1.044949e-03
6.510000e+03 1.054158e-03
6.530000e+03 1.044110e-03
6.550000e+03 9.948271e-04
6.570000e+03 8.963976e-04
6.590000e+03 1.016442e-03
6.610000e+03 1.025171e-03
6.630000e+03 1.021517e-03
6.650000e+03 1.016705e-03
6.670000e+03 9.983976e-04
6.690000e+03 1.006901e-03
6.710000e+03 9.855235e-04
6.730000e+03 9.981965e-04
6.750000e+03 9.829842e-04
6.770000e+03 9.818419e-04
6.790000e+03 9.710823e-04
6.810000e+03 9.680002e-04
6.830000e+03 9.681517e-04
6.850000e+03 9.500200e-04
6.870000e+03 9.518911e-04
6.890000e+03 9.561906e-04
6.910000e+03 9.465033e-04
6.930000e+03 9.339501e-04
6.950000e+03 9.212367e-04
6.970000e+03 9.232322e-04
6.990000e+03 9.118490e-04
7.010000e+03 8.977936e-04
7.030000e+03 9.034013e-04
7.050000e+03 9.069160e-04
7.070000e+03 8.871873e-04
7.090000e+03 8.812732e-04
7.110000e+03 8.644424e-04
7.130000e+03 8.534551e-04
7.150000e+03 8.526652e-04
7.170000e+03 8.557391e-04
7.190000e+03 8.383375e-04
7.210000e+03 8.458060e-04
7.230000e+03 8.495665e-04
7.250000e+03 8.465641e-04
7.270000e+03 8.410693e-04
7.290000e+03 8.246888e-04
7.310000e+03 8.291641e-04
7.330000e+03 8.268754e-04
7.350000e+03 8.213323e-04
7.370000e+03 8.298939e-04
7.390000e+03 8.166259e-04
7.410000e+03 8.077350e-04
7.430000e+03 8.111518e-04
7.450000e+03 8.097451e-04
7.470000e+03 8.057253e-04
7.490000e+03 7.986419e-04
7.510000e+03 8.026856e-04
7.530000e+03 8.040519e-04
7.550000e+03 8.036923e-04
7.570000e+03 7.964722e-04
7.590000e+03 7.895069e-04
7.610000e+03 7.877472e-04
7.630000e+03 7.855187e-04
7.650000e+03 7.831155e-04
7.670000e+03 7.647891e-04
7.690000e+03 7.754853e-04
7.710000e+03 7.617372e-04
7.730000e+03 7.607249e-04
7.750000e+03 7.549585e-04
7.770000e+03 7.573390e-04
7.790000e+03 7.582690e-04
7.810000e+03 7.552161e-04
7.830000e+03 7.475618e-04
7.850000e+03 7.384729e-04
7.870000e+03 7.384390e-04
7.890000e+03 7.185566e-04
7.910000e+03 7.053397e-04
7.930000e+03 7.058478e-04
7.950000e+03 6.941077e-04
7.970000e+03 7.102875e-04
7.990000e+03 7.047139e-04
8.010000e+03 7.064142e-04
8.030000e+03 7.039818e-04
8.050000e+03 6.979869e-04
8.070000e+03 6.915928e-04
8.090000e+03 6.785703e-04
8.110000e+03 6.751359e-04
8.130000e+03 6.801549e-04
8.150000e+03 6.776128e-04
8.170000e+03 6.769535e-04
8.190000e+03 6.668125e-04
8.210000e+03 6.623898e-04
8.230000e+03 6.667619e-04
8.250000e+03 6.663293e-04
8.270000e+03 6.691431e-04
8.290000e+03 6.618537e-04
8.310000e+03 6.427781e-04
8.330000e+03 6.403213e-04
8.350000e+03 6.394052e-04
8.370000e+03 6.385394e-04
8.390000e+03 6.241557e-04
8.410000e+03 6.392254e-04
8.430000e+03 6.273863e-04
8.450000e+03 6.317300e-04
8.470000e+03 6.226052e-04
8.490000e+03 6.308252e-04
8.510000e+03 5.913971e-04
8.530000e+03 6.247043e-04
8.550000e+03 5.281636e-04
8.570000e+03 6.425991e-04
8.590000e+03 6.182133e-04
8.610000e+03 6.137129e-04
8.630000e+03 6.413974e-04
8.650000e+03 6.246300e-04
8.670000e+03 5.211704e-04
8.690000e+03 6.150413e-04
8.710000e+03 6.334449e-04
8.730000e+03 6.264120e-04
8.750000e+03 5.824386e-04
8.770000e+03 6.179761e-04
8.790000e+03 6.269871e-04
8.810000e+03 6.163438e-04
8.830000e+03 6.166373e-04
8.850000e+03 6.047345e-04
8.870000e+03 5.687164e-04
8.890000e+03 6.123492e-04
8.910000e+03 6.199892e-04
8.930000e+03 6.082003e-04
8.950000e+03 6.055760e-04
8.970000e+03 6.045867e-04
8.990000e+03 5.985269e-04
9.010000e+03 5.503313e-04
9.030000e+03 5.757507e-04
9.050000e+03 6.017273e-04
9.070000e+03 5.969481e-04
9.090000e+03 5.816109e-04
9.110000e+03 5.864060e-04
9.130000e+03 5.917951e-04
9.150000e+03 5.869202e-04
9.170000e+03 5.839223e-04
9.190000e+03 5.853197e-04
9.210000e+03 5.650244e-04
9.230000e+03 5.330024e-04
9.250000e+03 5.576405e-04
9.270000e+03 5.649443e-04
9.290000e+03 5.661631e-04
9.310000e+03 5.696525e-04
9.330000e+03 5.659576e-04
9.350000e+03 5.630140e-04
9.370000e+03 5.530142e-04
9.390000e+03 5.578803e-04
9.410000e+03 5.452934e-04
9.430000e+03 5.546803e-04
9.450000e+03 5.441591e-04
9.470000e+03 5.494871e-04
9.490000e+03 5.477982e-04
9.510000e+03 5.411596e-04
9.530000e+03 5.307763e-04
9.550000e+03 4.939465e-04
9.570000e+03 5.223711e-04
9.590000e+03 5.352011e-04
9.610000e+03 5.282264e-04
9.630000e+03 5.266066e-04
9.650000e+03 5.189094e-04
9.670000e+03 5.164699e-04
9.690000e+03 5.214078e-04
9.710000e+03 5.171302e-04
9.730000e+03 5.121937e-04
9.750000e+03 5.092340e-04
9.770000e+03 5.091916e-04
9.790000e+03 5.006994e-04
9.810000e+03 5.106369e-04
9.830000e+03 5.053911e-04
9.850000e+03 5.067775e-04
9.870000e+03 5.022597e-04
9.890000e+03 5.001366e-04
9.910000e+03 4.976307e-04
9.930000e+03 4.967280e-04
9.950000e+03 4.952507e-04
9.970000e+03 4.942233e-04
9.990000e+03 4.905982e-04
1.002500e+04 4.762751e-04
1.007500e+04 4.646137e-04
1.012500e+04 4.739346e-04
1.017500e+04 4.670102e-04
1.022500e+04 4.648676e-04
1.027500e+04 4.622272e-04
1.032500e+04 4.522096e-04
1.037500e+04 4.474402e-04
1.042500e+04 4.459608e-04
1.047500e+04 4.397956e-04
1.052500e+04 4.375625e-04
1.057500e+04 4.309637e-04
1.062500e+04 4.270475e-04
1.067500e+04 4.176604e-04
1.072500e+04 4.159661e-04
1.077500e+04 4.105115e-04
1.082500e+04 4.037016e-04
1.087500e+04 4.009154e-04
1.092500e+04 3.890416e-04
1.097500e+04 3.909562e-04
1.102500e+04 3.933408e-04
1.107500e+04 3.907156e-04
1.112500e+04 3.864311e-04
1.117500e+04 3.809578e-04
1.122500e+04 3.790603e-04
1.127500e+04 3.720878e-04
1.132500e+04 3.687954e-04
1.137500e+04 3.648311e-04
1.142500e+04 3.599098e-04
1.147500e+04 3.612421e-04
1.152500e+04 3.585738e-04
1.157500e+04 3.525941e-04
1.162500e+04 3.467120e-04
1.167500e+04 3.449963e-04
1.172500e+04 3.457139e-04
1.177500e+04 3.385834e-04
1.182500e+04 3.356016e-04
1.187500e+04 3.294232e-04
1.192500e+04 3.330199e-04
1.197500e+04 3.213977e-04
1.202500e+04 3.254340e-04
1.207500e+04 3.206072e-04
1.212500e+04 3.189058e-04
1.217500e+04 3.182359e-04
1.222500e+04 3.146971e-04
1.227500e+04 3.115715e-04
1.232500e+04 3.086606e-04
1.237500e+04 3.065581e-04
1.242500e+04 3.035000e-04
1.247500e+04 3.018439e-04
1.252500e+04 2.977234e-04
1.257500e+04 2.959495e-04
1.262500e+04 2.934710e-04
1.267500e+04 2.902191e-04
1.272500e+04 2.890132e-04
1.277500e+04 2.868692e-04
1.282500e+04 2.720284e-04
1.287500e+04 2.801087e-04
1.292500e+04 2.766844e-04
1.297500e+04 2.782415e-04
1.302500e+04 2.742903e-04
1.307500e+04 2.743365e-04
1.312500e+04 2.695094e-04
1.317500e+04 2.678774e-04
1.322500e+04 2.670411e-04
1.327500e+04 2.621230e-04
1.332500e+04 2.631987e-04
1.337500e+04 2.599710e-04
1.342500e+04 2.605262e-04
1.347500e+04 2.582578e-04
1.352500e+04 2.566559e-04
1.357500e+04 2.520451e-04
1.362500e+04 2.501556e-04
1.367500e+04 2.500202e-04
1.372500e+04 2.496816e-04
1.377500e+04 2.474965e-04
1.382500e+04 2.468079e-04
1.387500e+04 2.435828e-04
1.392500e+04 2.439714e-04
1.397500e+04 2.431749e-04
1.402500e+04 2.387917e-04
1.407500e+04 2.399861e-04
1.412500e+04 2.366033e-04
1.417500e+04 2.376017e-04
1.422500e+04 2.334272e-04
1.427500e+04 2.296174e-04
1.432500e+04 2.324252e-04
1.437500e+04 2.322694e-04
1.442500e+04 2.255191e-04
1.447500e+04 2.290530e-04
1.452500e+04 2.254708e-04
1.457000e+04 2.260097e-04
1.462000e+04 2.253832e-04
1.467500e+04 2.244832e-04
1.472500e+04 2.200379e-04
1.477500e+04 2.207544e-04
1.482500e+04 2.196783e-04
1.487500e+04 2.170619e-04
1.492500e+04 2.198425e-04
1.497500e+04 2.165176e-04
1.502500e+04 2.147137e-04
1.507500e+04 2.118517e-04
1.512500e+04 2.141863e-04
1.517500e+04 2.138043e-04
1.522500e+04 2.133339e-04
1.527500e+04 2.128372e-04
1.532500e+04 2.107736e-04
1.537500e+04 2.125704e-04
1.542500e+04 2.105721e-04
1.547500e+04 2.108451e-04
1.552500e+04 2.076983e-04
1.557500e+04 1.989435e-04
1.562500e+04 2.045476e-04
1.567500e+04 2.016170e-04
1.572500e+04 2.032417e-04
1.577500e+04 1.918624e-04
1.582500e+04 1.953329e-04
1.587500e+04 1.905763e-04
1.592500e+04 1.969494e-04
1.597500e+04 1.918968e-04
1.605000e+04 1.921766e-04
1.615000e+04 1.896359e-04
1.625000e+04 1.874467e-04
1.635000e+04 1.898941e-04
1.645000e+04 1.777440e-04
1.655000e+04 1.838384e-04
1.665000e+04 1.747780e-04
1.675000e+04 1.758390e-04
1.685000e+04 1.675190e-04
1.695000e+04 1.713700e-04
1.705000e+04 1.650874e-04
1.715000e+04 1.644355e-04
1.725000e+04 1.607500e-04
1.735000e+04 1.542166e-04
1.745000e+04 1.553821e-04
1.755000e+04 1.519055e-04
1.765000e+04 1.504961e-04
1.775000e+04 1.468201e-04
1.785000e+04 1.452913e-04
1.795000e+04 1.428916e-04
1.805000e+04 1.391039e-04
1.815000e+04 1.363726e-04
1.825000e+04 1.346294e-04
1.835000e+04 1.324101e-04
1.845000e+04 1.296775e-04
1.855000e+04 1.281224e-04
1.865000e+04 1.247168e-04
1.875000e+04 1.214182e-04
1.885000e+04 1.213418e-04
1.895000e+04 1.166226e-04
1.905000e+04 1.181569e-04
1.915000e+04 1.156071e-04
1.925000e+04 1.140424e-04
1.935000e+04 1.108203e-04
1.945000e+04 1.078789e-04
1.955000e+04 1.080290e-04
1.965000e+04 1.060993e-04
1.975000e+04 1.039491e-04
1.985000e+04 1.026202e-04
1.995000e+04 1.010028e-04
2.005000e+04 1.004507e-04
2.015000e+04 9.904263e-05
2.025000e+04 9.615204e-05
2.035000e+04 9.458578e-05
2.045000e+04 9.439455e-05
2.055000e+04 9.259504e-05
2.065000e+04 9.076251e-05
2.075000e+04 8.951033e-05
2.085000e+04 8.795757e-05
2.095000e+04 8.612850e-05
2.105000e+04 8.567517e-05
2.115000e+04 8.391833e-05
2.125000e+04 8.256541e-05
2.135000e+04 8.194024e-05
2.145000e+04 8.057900e-05
2.155000e+04 7.925066e-05
2.165000e+04 7.705460e-05
2.175000e+04 7.626195e-05
2.185000e+04 7.537030e-05
2.195000e+04 7.444980e-05
2.205000e+04 7.249213e-05
2.215000e+04 7.240917e-05
2.225000e+04 7.041862e-05
2.235000e+04 6.963804e-05
2.245000e+04 6.873769e-05
2.255000e+04 6.787576e-05
2.265000e+04 6.645985e-05
2.275000e+04 6.610519e-05
2.285000e+04 6.463709e-05
2.295000e+04 5.500974e-05
2.305000e+04 5.907449e-05
2.315000e+04 5.823457e-05
2.325000e+04 5.033832e-05
2.335000e+04 5.413220e-05
2.345000e+04 5.271685e-05
2.355000e+04 4.583129e-05
2.365000e+04 5.017292e-05
2.375000e+04 4.863172e-05
2.385000e+04 4.340768e-05
2.395000e+04 4.679392e-05
2.405000e+04 4.635284e-05
2.415000e+04 4.186306e-05
2.425000e+04 4.448254e-05
2.435000e+04 4.412259e-05
2.445000e+04 4.138656e-05
2.455000e+04 4.147442e-05
2.465000e+04 4.277881e-05
2.475000e+04 4.122314e-05
2.485000e+04 3.915210e-05
2.495000e+04 4.041279e-05
2.505000e+04 4.164163e-05
2.515000e+04 3.781741e-05
2.525000e+04 3.935205e-05
2.535000e+04 3.945855e-05
2.545000e+04 3.850459e-05
2.555000e+04 3.767275e-05
2.565000e+04 3.771221e-05
2.575000e+04 3.801896e-05
2.585000e+04 3.586067e-05
2.595000e+04 3.632299e-05
2.605000e+04 3.669971e-05
2.615000e+04 3.554608e-05
2.625000e+04 3.491652e-05
2.635000e+04 3.538772e-05
2.645000e+04 3.517210e-05
2.655000e+04 3.434795e-05
2.665000e+04 3.365731e-05
2.675000e+04 3.433677e-05
2.685000e+04 3.396261e-05
2.695000e+04 3.283114e-05
2.705000e+04 3.318242e-05
2.715000e+04 3.280446e-05
2.725000e+04 3.275003e-05
2.735000e+04 3.164029e-05
2.745000e+04 3.185118e-05
2.755000e+04 3.162565e-05
2.765000e+04 3.112914e-05
2.775000e+04 3.049430e-05
2.785000e+04 3.056777e-05
2.795000e+04 3.049897e-05
2.805000e+04 3.009891e-05
2.815000e+04 2.948172e-05
2.825000e+04 2.934614e-05
2.835000e+04 2.921627e-05
2.845000e+04 2.881673e-05
2.855000e+04 2.843200e-05
2.865000e+04 2.810507e-05
2.875000e+04 2.769190e-05
2.885000e+04 2.754650e-05
2.895000e+04 2.724789e-05
2.905000e+04 2.691593e-05
2.915000e+04 2.669397e-05
2.925000e+04 2.617369e-05
2.935000e+04 2.615580e-05
2.945000e+04 2.570343e-05
2.955000e+04 2.543330e-05
2.965000e+04 2.524859e-05
2.975000e+04 2.495939e-05
2.985000e+04 2.461878e-05
2.995000e+04 2.433983e-05
3.005000e+04 2.404390e-05
3.015000e+04 2.383525e-05
3.025000e+04 2.348731e-05
3.035000e+04 2.300371e-05
3.045000e+04 2.292706e-05
3.055000e+04 2.266252e-05
3.065000e+04 2.239640e-05
3.075000e+04 2.219636e-05
3.085000e+04 2.184382e-05
3.095000e+04 2.160126e-05
3.105000e+04 2.143737e-05
3.115000e+04 2.104373e-05
3.125000e+04 2.089740e-05
3.135000e+04 2.066785e-05
3.145000e+04 2.041824e-05
3.155000e+04 2.014059e-05
3.165000e+04 1.989370e-05
3.175000e+04 1.971438e-05
3.185000e+04 1.947491e-05
3.195000e+04 1.927950e-05
3.210000e+04 1.891574e-05
3.230000e+04 1.846697e-05
3.250000e+04 1.804108e-05
3.270000e+04 1.761514e-05
3.290000e+04 1.712391e-05
3.310000e+04 1.679545e-05
3.330000e+04 1.640672e-05
3.350000e+04 1.609324e-05
3.370000e+04 1.571462e-05
3.390000e+04 1.533881e-05
3.410000e+04 1.498344e-05
3.430000e+04 1.471364e-05
3.450000e+04 1.440654e-05
3.470000e+04 1.409027e-05
3.490000e+04 1.379221e-05
3.510000e+04 1.351346e-05
3.530000e+04 1.318763e-05
3.550000e+04 1.293962e-05
3.570000e+04 1.265009e-05
3.590000e+04 1.239088e-05
3.610000e+04 1.215203e-05
3.630000e+04 1.191630e-05
3.650000e+04 1.161453e-05
3.670000e+04 1.138510e-05
3.690000e+04 1.108658e-05
3.710000e+04 1.085939e-05
3.730000e+04 1.067982e-05
3.750000e+04 1.036704e-05
3.770000e+04 1.027723e-05
3.790000e+04 1.006574e-05
3.810000e+04 9.874131e-06
3.830000e+04 9.707529e-06
3.850000e+04 9.538087e-06
3.870000e+04 9.310731e-06
3.890000e+04 9.145364e-06
3.910000e+04 8.964998e-06
3.930000e+04 8.817377e-06
3.950000e+04 8.612616e-06
3.970000e+04 8.464654e-06
3.990000e+04 8.243371e-06
4.010000e+04 8.121198e-06
4.030000e+04 7.991371e-06
4.050000e+04 7.811413e-06
4.070000e+04 7.702020e-06
4.090000e+04 7.566174e-06
4.110000e+04 7.432675e-06
4.130000e+04 7.305907e-06
4.150000e+04 7.158882e-06
4.170000e+04 7.004782e-06
4.190000e+04 6.891712e-06
4.210000e+04 6.752334e-06
4.230000e+04 6.672117e-06
4.250000e+04 6.529984e-06
4.270000e+04 6.432198e-06
4.290000e+04 5.950577e-06
4.310000e+04 5.534889e-06
4.330000e+04 5.634309e-06
4.350000e+04 5.228289e-06
4.370000e+04 5.050356e-06
4.390000e+04 4.906038e-06
4.410000e+04 4.544630e-06
4.430000e+04 4.532114e-06
4.450000e+04 4.401251e-06
4.470000e+04 4.139789e-06
4.490000e+04 4.239535e-06
4.510000e+04 4.074624e-06
4.530000e+04 3.899113e-06
4.550000e+04 3.947197e-06
4.570000e+04 3.882152e-06
4.590000e+04 3.672957e-06
4.610000e+04 3.771468e-06
4.630000e+04 3.654810e-06
4.650000e+04 3.611475e-06
4.670000e+04 3.604949e-06
4.690000e+04 3.534651e-06
4.710000e+04 3.447869e-06
4.730000e+04 3.504503e-06
4.750000e+04 3.412406e-06
4.770000e+04 3.369893e-06
4.790000e+04 3.325519e-06
4.810000e+04 3.228862e-06
4.830000e+04 3.292880e-06
4.850000e+04 3.214349e-06
4.870000e+04 3.135234e-06
4.890000e+04 3.113113e-06
4.910000e+04 3.059169e-06
4.930000e+04 3.020158e-06
4.950000e+04 2.959932e-06
4.970000e+04 2.970545e-06
4.990000e+04 2.913566e-06
5.010000e+04 2.895603e-06
5.030000e+04 2.857607e-06
5.050000e+04 2.775936e-06
5.070000e+04 2.764550e-06
5.090000e+04 2.732707e-06
5.110000e+04 2.677728e-06
5.130000e+04 2.648384e-06
5.150000e+04 2.608984e-06
5.170000e+04 2.627461e-06
5.190000e+04 2.567985e-06
5.210000e+04 2.536851e-06
5.230000e+04 2.495946e-06
5.250000e+04 2.486669e-06
5.270000e+04 2.503137e-06
5.290000e+04 2.414447e-06
5.310000e+04 2.374029e-06
5.330000e+04 2.373437e-06
5.350000e+04 2.342357e-06
5.370000e+04 2.317967e-06
5.390000e+04 2.297012e-06
5.410000e+04 2.272660e-06
5.430000e+04 2.224566e-06
5.450000e+04 2.230888e-06
5.470000e+04 2.177858e-06
5.490000e+04 2.170958e-06
5.510000e+04 2.125886e-06
5.530000e+04 2.167066e-06
5.550000e+04 2.084840e-06
5.570000e+04 2.097511e-06
5.590000e+04 2.053659e-06
5.610000e+04 2.055627e-06
5.630000e+04 2.001109e-06
5.650000e+04 2.005700e-06
5.670000e+04 1.978436e-06
5.690000e+04 1.932051e-06
5.710000e+04 1.939268e-06
5.730000e+04 1.918102e-06
5.750000e+04 1.893431e-06
5.770000e+04 1.868689e-06
5.790000e+04 1.862962e-06
5.810000e+04 1.833062e-06
5.830000e+04 1.814822e-06
5.850000e+04 1.794813e-06
5.870000e+04 1.761548e-06
5.890000e+04 1.747318e-06
5.910000e+04 1.723159e-06
5.930000e+04 1.715616e-06
5.950000e+04 1.687328e-06
5.970000e+04 1.680657e-06
5.990000e+04 1.661710e-06
6.010000e+04 1.643519e-06
6.030000e+04 1.623854e-06
6.050000e+04 1.596032e-06
6.070000e+04 1.581108e-06
6.090000e+04 1.561044e-06
6.110000e+04 1.540763e-06
6.130000e+04 1.529441e-06
6.150000e+04 1.515813e-06
6.170000e+04 1.506832e-06
6.190000e+04 1.485955e-06
6.210000e+04 1.474559e-06
6.230000e+04 1.450773e-06
6.250000e+04 1.428388e-06
6.270000e+04 1.413835e-06
6.290000e+04 1.399555e-06
6.310000e+04 1.383515e-06
6.330000e+04 1.375106e-06
6.350000e+04 1.355733e-06
6.370000e+04 1.348791e-06
6.390000e+04 1.323375e-06
6.420000e+04 1.306793e-06
6.460000e+04 1.274943e-06
6.500000e+04 1.248088e-06
6.540000e+04 1.219594e-06
6.580000e+04 1.195642e-06
6.620000e+04 1.167389e-06
6.660000e+04 1.142536e-06
6.700000e+04 1.118692e-06
6.740000e+04 1.092421e-06
6.780000e+04 1.069137e-06
6.820000e+04 1.045587e-06
6.860000e+04 1.024436e-06
6.900000e+04 1.000786e-06
6.940000e+04 9.797013e-07
6.980000e+04 9.586806e-07
7.020000e+04 9.375274e-07
7.060000e+04 9.186004e-07
7.100000e+04 8.985220e-07
7.140000e+04 8.800006e-07
7.180000e+04 8.609322e-07
7.220000e+04 8.431354e-07
7.260000e+04 8.250551e-07
7.300000e+04 8.080387e-07
7.340000e+04 7.909134e-07
7.380000e+04 7.747798e-07
7.420000e+04 7.578092e-07
7.460000e+04 7.401791e-07
7.500000e+04 7.254213e-07
7.540000e+04 7.120451e-07
7.580000e+04 6.982868e-07
7.620000e+04 6.841711e-07
7.660000e+04 6.704127e-07
7.700000e+04 6.567232e-07
7.740000e+04 6.437785e-07
7.780000e+04 6.309982e-07
7.820000e+04 6.184304e-07
7.860000e+04 6.063261e-07
7.900000e+04 5.943739e-07
7.940000e+04 5.827136e-07
7.980000e+04 5.714488e-07
8.020000e+04 5.600481e-07
8.060000e+04 5.491436e-07
8.100000e+04 5.389445e-07
8.140000e+04 5.283297e-07
8.180000e+04 5.185851e-07
8.220000e+04 5.088214e-07
8.260000e+04 4.992285e-07
8.300000e+04 4.898743e-07
8.340000e+04 4.804588e-07
8.380000e+04 4.715270e-07
8.420000e+04 4.630749e-07
8.460000e+04 4.544323e-07
8.500000e+04 4.461058e-07
8.540000e+04 4.380203e-07
8.580000e+04 4.300235e-07
8.620000e+04 4.223912e-07
8.660000e+04 4.147634e-07
8.700000e+04 4.073302e-07
8.740000e+04 4.000701e-07
8.780000e+04 3.928916e-07
8.820000e+04 3.858452e-07
8.860000e+04 3.790431e-07
8.900000e+04 3.722996e-07
8.940000e+04 3.660295e-07
8.980000e+04 3.594470e-07
9.020000e+04 3.534395e-07
9.060000e+04 3.474292e-07
9.100000e+04 3.410620e-07
9.140000e+04 3.355196e-07
9.180000e+04 3.298681e-07
9.220000e+04 3.243470e-07
9.260000e+04 3.188752e-07
9.300000e+04 3.135572e-07
9.340000e+04 3.082239e-07
9.380000e+04 3.031718e-07
9.420000e+04 2.981215e-07
9.460000e+04 2.931034e-07
9.500000e+04 2.883429e-07
9.540000e+04 2.836423e-07
9.580000e+04 2.790052e-07
9.620000e+04 2.744361e-07
9.660000e+04 2.700661e-07
9.700000e+04 2.656840e-07
9.740000e+04 2.611198e-07
9.780000e+04 2.571576e-07
9.820000e+04 2.531372e-07
9.860000e+04 2.491106e-07
9.900000e+04 2.452122e-07
9.940000e+04 2.413000e-07
9.980000e+04 2.375026e-07
1.002000e+05 2.338128e-07
2.000000e+05 1.515023e-08
4.000000e+05 9.512048e-10
6.000000e+05 1.867823e-10
8.000000e+05 5.868250e-11
1.000000e+06 2.387234e-11
1.200000e+06 1.143493e-11
1.400000e+06 6.135693e-12
1.600000e+06 3.575868e-12
