9.100000e+01 2.451724e-09
9.400000e+01 3.476409e-09
9.600000e+01 4.325151e-09
9.800000e+01 5.324274e-09
1.000000e+02 6.489294e-09
1.020000e+02 7.835731e-09
1.040000e+02 9.378959e-09
1.060000e+02 1.113394e-08
1.080000e+02 1.311514e-08
1.100000e+02 1.533629e-08
1.140000e+02 2.054949e-08
1.180000e+02 2.686465e-08
1.210000e+02 3.236863e-08
1.250000e+02 4.077458e-08
1.270000e+02 4.544501e-08
1.280000e+02 4.789856e-08
1.310000e+02 5.573275e-08
1.320000e+02 5.850238e-08
1.340000e+02 6.427714e-08
1.370000e+02 7.352526e-08
1.400000e+02 8.346183e-08
1.430000e+02 9.406796e-08
1.470000e+02 1.092105e-07
1.510000e+02 1.254253e-07
1.550000e+02 1.426291e-07
1.590000e+02 1.607283e-07
1.620000e+02 1.748273e-07
1.660000e+02 1.942402e-07
1.700000e+02 2.142539e-07
1.730000e+02 2.295903e-07
1.770000e+02 2.503875e-07
1.800000e+02 2.661836e-07
1.820000e+02 2.767853e-07
1.860000e+02 2.980937e-07
1.910000e+02 3.248026e-07
1.940000e+02 3.407942e-07
1.980000e+02 3.619980e-07
2.020000e+02 3.829885e-07
2.050000e+02 3.985469e-07
2.100000e+02 4.240279e-07
2.160000e+02 4.537200e-07
2.200000e+02 4.728897e-07
2.230000e+02 4.869027e-07
2.270000e+02 5.050687e-07
2.300000e+02 3.188937e-06
2.340000e+02 3.124654e-06
2.400000e+02 3.029911e-06
2.460000e+02 2.937816e-06
2.520000e+02 2.849076e-06
2.570000e+02 2.778174e-06
2.600000e+02 2.737095e-06
2.640000e+02 2.692870e-06
2.690000e+02 2.618863e-06
2.740000e+02 2.546348e-06
2.790000e+02 2.474603e-06
2.840000e+02 2.406363e-06
2.900000e+02 2.326172e-06
2.960000e+02 2.246954e-06
3.010000e+02 2.183575e-06
3.080000e+02 2.111861e-06
3.180000e+02 1.995634e-06
3.280000e+02 1.886662e-06
3.380000e+02 1.783055e-06
3.480000e+02 1.685251e-06
3.570000e+02 1.607943e-06
3.660000e+02 1.537943e-06
3.750000e+02 1.463797e-06
3.850000e+02 1.382145e-06
3.950000e+02 1.318046e-06
4.050000e+02 1.255902e-06
4.140000e+02 1.197445e-06
4.220000e+02 1.145424e-06
4.300000e+02 1.097462e-06
4.410000e+02 1.041245e-06
4.510000e+02 9.903736e-07
4.600000e+02 9.425086e-07
4.700000e+02 8.970056e-07
4.800000e+02 8.571755e-07
4.900000e+02 8.111762e-07
5.000000e+02 7.789973e-07
5.060000e+02 7.521527e-07
5.120000e+02 7.496219e-07
5.200000e+02 7.198265e-07
5.300000e+02 6.843874e-07
5.400000e+02 6.475763e-07
5.500000e+02 6.184446e-07
5.600000e+02 6.000469e-07
5.700000e+02 5.780440e-07
5.800000e+02 5.523426e-07
5.900000e+02 5.298648e-07
6.000000e+02 5.018998e-07
6.100000e+02 4.805119e-07
6.200000e+02 4.684785e-07
6.300000e+02 4.475277e-07
6.400000e+02 4.327718e-07
6.500000e+02 4.142480e-07
6.580000e+02 3.985213e-07
6.650000e+02 3.916098e-07
6.750000e+02 3.782473e-07
6.850000e+02 3.589516e-07
6.950000e+02 3.500948e-07
7.050000e+02 3.306893e-07
7.160000e+02 3.245271e-07
7.260000e+02 3.130397e-07
7.350000e+02 3.030723e-07
7.450000e+02 2.912324e-07
7.550000e+02 2.807669e-07
7.650000e+02 2.680164e-07
7.750000e+02 2.615251e-07
7.850000e+02 2.502055e-07
7.950000e+02 2.436257e-07
8.050000e+02 2.361569e-07
8.150000e+02 2.285010e-07
8.250000e+02 2.214443e-07
8.350000e+02 2.086119e-07
8.450000e+02 2.068146e-07
8.550000e+02 1.997013e-07
8.650000e+02 1.943607e-07
8.750000e+02 1.883833e-07
8.850000e+02 1.825764e-07
8.950000e+02 1.770663e-07
9.050000e+02 1.710628e-07
9.150000e+02 2.436402e-07
9.250000e+02 2.898370e-07
9.350000e+02 3.361299e-07
9.450000e+02 3.921412e-07
9.550000e+02 4.299680e-07
9.650000e+02 4.569692e-07
9.750000e+02 2.871388e-07
9.850000e+02 4.144418e-07
9.950000e+02 3.967017e-07
1.005000e+03 4.426512e-07
1.015000e+03 4.351969e-07
1.025000e+03 3.337310e-07
1.035000e+03 3.959444e-07
1.045000e+03 4.906964e-07
1.055000e+03 4.778765e-07
1.065000e+03 4.219449e-07
1.075000e+03 4.500723e-07
1.085000e+03 4.072182e-07
1.095000e+03 4.501231e-07
1.105000e+03 4.312864e-07
1.115000e+03 4.203781e-07
1.125000e+03 3.819682e-07
1.135000e+03 4.272583e-07
1.145000e+03 4.049209e-07
1.155000e+03 4.053695e-07
1.165000e+03 3.987533e-07
1.175000e+03 3.107187e-07
1.185000e+03 3.797557e-07
1.195000e+03 3.354600e-07
1.205000e+03 2.952958e-07
1.215000e+03 2.513236e-07
1.225000e+03 3.188577e-07
1.235000e+03 3.641853e-07
1.245000e+03 3.709380e-07
1.255000e+03 3.605139e-07
1.265000e+03 3.455648e-07
1.275000e+03 3.744402e-07
1.285000e+03 3.764424e-07
1.295000e+03 3.309313e-07
1.305000e+03 3.303798e-07
1.315000e+03 3.639947e-07
1.325000e+03 3.483005e-07
1.335000e+03 3.260338e-07
1.345000e+03 3.475468e-07
1.355000e+03 3.387084e-07
1.365000e+03 3.169286e-07
1.375000e+03 3.162597e-07
1.385000e+03 3.120936e-07
1.395000e+03 2.567859e-07
1.405000e+03 2.528462e-07
1.415000e+03 2.907010e-07
1.425000e+03 2.837281e-07
1.435000e+03 2.880565e-07
1.442000e+03 2.908032e-07
1.447000e+03 2.894303e-07
1.455000e+03 2.807669e-07
1.465000e+03 2.665747e-07
1.475000e+03 2.660642e-07
1.485000e+03 2.653701e-07
1.495000e+03 2.618033e-07
1.505000e+03 2.491067e-07
1.512000e+03 2.320123e-07
1.517000e+03 2.376703e-07
1.525000e+03 2.343633e-07
1.535000e+03 2.088581e-07
1.545000e+03 1.989293e-07
1.555000e+03 1.954785e-07
1.565000e+03 2.064893e-07
1.575000e+03 2.144798e-07
1.585000e+03 2.168261e-07
1.595000e+03 2.162401e-07
1.605000e+03 2.112064e-07
1.615000e+03 2.079657e-07
1.625000e+03 2.029264e-07
1.635000e+03 2.094430e-07
1.645000e+03 2.086726e-07
1.655000e+03 2.014855e-07
1.665000e+03 2.078994e-07
1.672000e+03 1.937259e-07
1.677000e+03 2.143454e-07
1.685000e+03 2.142989e-07
1.695000e+03 2.056666e-07
1.705000e+03 2.010798e-07
1.715000e+03 1.944375e-07
1.725000e+03 1.930538e-07
1.735000e+03 2.037250e-07
1.745000e+03 2.026681e-07
1.755000e+03 2.148993e-07
1.765000e+03 2.008301e-07
1.775000e+03 2.031902e-07
1.785000e+03 2.120092e-07
1.795000e+03 2.329473e-07
1.805000e+03 2.236256e-07
1.815000e+03 2.058369e-07
1.825000e+03 2.166052e-07
1.835000e+03 2.115062e-07
1.845000e+03 1.862583e-07
1.855000e+03 2.076302e-07
1.865000e+03 2.267073e-07
1.875000e+03 2.335946e-07
1.885000e+03 2.267938e-07
1.895000e+03 2.465644e-07
1.905000e+03 2.458574e-07
1.915000e+03 2.480011e-07
1.925000e+03 2.239575e-07
1.935000e+03 1.877621e-07
1.945000e+03 2.721241e-07
1.955000e+03 2.676125e-07
1.967000e+03 3.160564e-07
1.976000e+03 2.904741e-07
1.984000e+03 3.383027e-07
1.995000e+03 3.482482e-07
2.005000e+03 3.325142e-07
2.015000e+03 3.410047e-07
2.025000e+03 2.952777e-07
2.035000e+03 3.685273e-07
2.045000e+03 4.090396e-07
2.055000e+03 3.840625e-07
2.065000e+03 3.729044e-07
2.074000e+03 4.169688e-07
2.078000e+03 9.146394e-07
2.085000e+03 1.207324e-06
2.095000e+03 1.097946e-06
2.105000e+03 1.036407e-06
2.115000e+03 1.164101e-06
2.125000e+03 1.012370e-06
2.135000e+03 9.445821e-07
2.145000e+03 1.247610e-06
2.155000e+03 1.257140e-06
2.165000e+03 1.058695e-06
2.175000e+03 1.085955e-06
2.185000e+03 1.406616e-06
2.195000e+03 1.364185e-06
2.205000e+03 1.316889e-06
2.215000e+03 9.614919e-07
2.225000e+03 1.143337e-06
2.235000e+03 1.577253e-06
2.245000e+03 1.489145e-06
2.255000e+03 1.080537e-06
2.265000e+03 9.989079e-07
2.275000e+03 1.143063e-06
2.285000e+03 1.593031e-06
2.295000e+03 1.300393e-06
2.305000e+03 1.625765e-06
2.315000e+03 1.311055e-06
2.325000e+03 1.002522e-06
2.335000e+03 8.313823e-07
2.345000e+03 5.229027e-07
2.355000e+03 1.143157e-06
2.365000e+03 5.956392e-07
2.375000e+03 8.172383e-07
2.385000e+03 4.481382e-07
2.395000e+03 5.827699e-07
2.405000e+03 5.817515e-07
2.415000e+03 7.387723e-07
2.425000e+03 1.401762e-06
2.435000e+03 1.433595e-06
2.445000e+03 1.737552e-06
2.455000e+03 1.881342e-06
2.465000e+03 1.560144e-06
2.475000e+03 1.374625e-06
2.485000e+03 7.931178e-07
2.495000e+03 1.013845e-06
2.505000e+03 1.700646e-06
2.513000e+03 6.107274e-07
2.518000e+03 4.648489e-07
2.525000e+03 5.366929e-07
2.535000e+03 9.807452e-07
2.545000e+03 1.070897e-06
2.555000e+03 2.099971e-06
2.565000e+03 1.467970e-06
2.575000e+03 1.918935e-06
2.585000e+03 1.653932e-06
2.595000e+03 1.431787e-06
2.605000e+03 1.200570e-06
2.615000e+03 1.063753e-06
2.625000e+03 1.552640e-06
2.635000e+03 2.910603e-06
2.645000e+03 4.091426e-06
2.655000e+03 5.657634e-06
2.665000e+03 3.434988e-06
2.675000e+03 4.014570e-06
2.685000e+03 4.617863e-06
2.695000e+03 3.392121e-06
2.705000e+03 4.230504e-06
2.715000e+03 3.003840e-06
2.725000e+03 2.441455e-06
2.735000e+03 3.095526e-06
2.745000e+03 1.527657e-06
2.755000e+03 2.169537e-06
2.765000e+03 2.918068e-06
2.775000e+03 3.159284e-06
2.785000e+03 1.760723e-06
2.795000e+03 7.204800e-07
2.805000e+03 8.949510e-07
2.815000e+03 2.730802e-06
2.825000e+03 4.319216e-06
2.835000e+03 4.227945e-06
2.845000e+03 3.194341e-06
2.855000e+03 1.761998e-06
2.865000e+03 4.526954e-06
2.875000e+03 5.838359e-06
2.885000e+03 5.118889e-06
2.895000e+03 6.019048e-06
2.910000e+03 8.199823e-06
2.930000e+03 7.118734e-06
2.950000e+03 6.674900e-06
2.970000e+03 7.166740e-06
2.990000e+03 7.252369e-06
3.010000e+03 7.516777e-06
3.030000e+03 7.824900e-06
3.050000e+03 8.173141e-06
3.070000e+03 8.691139e-06
3.090000e+03 8.665395e-06
3.110000e+03 9.691384e-06
3.130000e+03 9.122548e-06
3.150000e+03 9.034056e-06
3.170000e+03 9.835425e-06
3.190000e+03 8.507119e-06
3.210000e+03 9.570820e-06
3.230000e+03 7.932664e-06
3.250000e+03 1.096472e-05
3.270000e+03 1.271360e-05
3.290000e+03 1.238747e-05
3.310000e+03 1.185505e-05
3.330000e+03 1.214402e-05
3.350000e+03 1.181123e-05
3.370000e+03 9.212559e-06
3.390000e+03 1.035735e-05
3.410000e+03 1.057958e-05
3.430000e+03 1.095756e-05
3.450000e+03 1.160012e-05
3.470000e+03 1.192426e-05
3.490000e+03 1.315454e-05
3.510000e+03 1.391710e-05
3.530000e+03 1.259090e-05
3.550000e+03 1.453475e-05
3.570000e+03 1.042921e-05
3.590000e+03 1.047506e-05
3.610000e+03 1.270884e-05
3.630000e+03 1.335455e-05
3.640000e+03 1.380257e-05
3.650000e+03 1.571331e-05
3.670000e+03 1.635758e-05
3.690000e+03 1.483886e-05
3.710000e+03 1.583663e-05
3.730000e+03 1.149463e-05
3.750000e+03 1.295412e-05
3.770000e+03 1.596830e-05
3.790000e+03 1.663862e-05
3.810000e+03 1.631627e-05
3.830000e+03 1.012213e-05
3.850000e+03 1.380091e-05
3.870000e+03 1.382195e-05
3.890000e+03 1.559385e-05
3.910000e+03 1.851140e-05
3.930000e+03 8.938480e-06
3.950000e+03 1.546825e-05
3.970000e+03 1.055902e-05
3.990000e+03 2.284515e-05
4.010000e+03 2.517807e-05
4.030000e+03 2.516587e-05
4.050000e+03 2.414710e-05
4.070000e+03 2.292476e-05
4.090000e+03 2.735767e-05
4.110000e+03 2.558464e-05
4.130000e+03 2.551785e-05
4.150000e+03 2.531685e-05
4.170000e+03 2.545835e-05
4.190000e+03 2.509269e-05
4.210000e+03 2.542359e-05
4.230000e+03 2.433758e-05
4.250000e+03 2.584795e-05
4.270000e+03 2.436340e-05
4.290000e+03 2.274107e-05
4.310000e+03 1.967064e-05
4.330000e+03 2.774415e-05
4.350000e+03 2.728780e-05
4.370000e+03 3.036483e-05
4.390000e+03 2.703343e-05
4.410000e+03 2.851513e-05
4.430000e+03 3.032372e-05
4.450000e+03 3.054387e-05
4.470000e+03 3.260418e-05
4.490000e+03 3.326019e-05
4.510000e+03 3.788525e-05
4.530000e+03 3.303381e-05
4.550000e+03 3.447701e-05
4.570000e+03 3.732407e-05
4.590000e+03 3.522179e-05
4.610000e+03 3.615185e-05
4.630000e+03 3.516702e-05
4.650000e+03 3.578600e-05
4.670000e+03 3.732069e-05
4.690000e+03 3.667558e-05
4.710000e+03 3.538051e-05
4.730000e+03 3.682017e-05
4.750000e+03 3.808447e-05
4.770000e+03 3.763099e-05
4.790000e+03 3.767032e-05
4.810000e+03 3.744547e-05
4.830000e+03 3.882438e-05
4.850000e+03 3.629586e-05
4.870000e+03 3.291568e-05
4.890000e+03 3.722396e-05
4.910000e+03 3.717757e-05
4.930000e+03 3.645707e-05
4.950000e+03 3.821657e-05
4.970000e+03 3.746037e-05
4.990000e+03 3.472308e-05
5.010000e+03 3.276532e-05
5.030000e+03 3.493237e-05
5.050000e+03 3.489379e-05
5.070000e+03 3.657210e-05
5.090000e+03 3.440041e-05
5.110000e+03 3.540598e-05
5.130000e+03 3.399348e-05
5.150000e+03 3.267225e-05
5.170000e+03 3.014901e-05
5.190000e+03 3.118869e-05
5.210000e+03 3.377193e-05
5.230000e+03 3.616546e-05
5.250000e+03 3.768145e-05
5.270000e+03 3.311028e-05
5.290000e+03 3.817931e-05
5.310000e+03 4.063098e-05
5.330000e+03 3.546109e-05
5.350000e+03 3.901943e-05
5.370000e+03 3.882858e-05
5.390000e+03 3.784525e-05
5.410000e+03 3.719680e-05
5.430000e+03 3.788478e-05
5.450000e+03 3.907731e-05
5.470000e+03 3.801591e-05
5.490000e+03 3.795611e-05
5.510000e+03 3.773732e-05
5.530000e+03 3.915577e-05
5.550000e+03 3.970885e-05
5.570000e+03 3.880132e-05
5.590000e+03 3.774893e-05
5.610000e+03 3.921384e-05
5.630000e+03 3.885736e-05
5.650000e+03 3.942140e-05
5.670000e+03 3.833500e-05
5.690000e+03 3.969159e-05
5.710000e+03 3.822985e-05
5.730000e+03 4.172394e-05
5.750000e+03 3.995224e-05
5.770000e+03 4.040408e-05
5.790000e+03 3.867203e-05
5.810000e+03 4.039564e-05
5.830000e+03 4.163808e-05
5.850000e+03 4.018479e-05
5.870000e+03 4.013575e-05
5.890000e+03 3.462216e-05
5.910000e+03 3.927898e-05
5.930000e+03 3.967757e-05
5.950000e+03 3.970395e-05
5.970000e+03 4.041848e-05
5.990000e+03 3.966584e-05
6.010000e+03 3.906947e-05
6.030000e+03 4.015669e-05
6.050000e+03 4.093382e-05
6.070000e+03 4.079890e-05
6.090000e+03 3.922134e-05
6.110000e+03 3.937958e-05
6.130000e+03 3.699995e-05
6.150000e+03 3.799453e-05
6.170000e+03 3.592727e-05
6.190000e+03 3.835632e-05
6.210000e+03 3.798515e-05
6.230000e+03 3.667867e-05
6.250000e+03 3.540942e-05
6.270000e+03 3.721675e-05
6.290000e+03 3.797712e-05
6.310000e+03 3.689575e-05
6.330000e+03 3.745568e-05
6.350000e+03 3.753413e-05
6.370000e+03 3.733164e-05
6.390000e+03 3.805250e-05
6.410000e+03 3.719196e-05
6.430000e+03 3.751600e-05
6.450000e+03 3.732726e-05
6.470000e+03 3.715922e-05
6.490000e+03 3.639752e-05
6.510000e+03 3.772606e-05
6.530000e+03 3.765601e-05
6.550000e+03 3.660667e-05
6.570000e+03 3.426970e-05
6.590000e+03 3.695915e-05
6.610000e+03 3.743607e-05
6.630000e+03 3.700177e-05
6.650000e+03 3.694407e-05
6.670000e+03 3.600618e-05
6.690000e+03 3.662313e-05
6.710000e+03 3.506060e-05
6.730000e+03 3.608183e-05
6.750000e+03 3.540838e-05
6.770000e+03 3.561376e-05
6.790000e+03 3.515517e-05
6.810000e+03 3.532557e-05
6.830000e+03 3.575551e-05
6.850000e+03 3.475292e-05
6.870000e+03 3.538032e-05
6.890000e+03 3.592278e-05
6.910000e+03 3.581831e-05
6.930000e+03 3.553023e-05
6.950000e+03 3.549634e-05
6.970000e+03 3.598156e-05
6.990000e+03 3.583136e-05
7.010000e+03 3.524492e-05
7.030000e+03 3.599416e-05
7.050000e+03 3.597093e-05
7.070000e+03 3.488571e-05
7.090000e+03 3.368733e-05
7.110000e+03 3.289037e-05
7.130000e+03 3.216164e-05
7.150000e+03 3.202876e-05
7.170000e+03 3.241972e-05
7.190000e+03 3.154604e-05
7.210000e+03 3.241659e-05
7.230000e+03 3.313658e-05
7.250000e+03 3.338588e-05
7.270000e+03 3.355875e-05
7.290000e+03 3.301947e-05
7.310000e+03 3.411364e-05
7.330000e+03 3.422584e-05
7.350000e+03 3.469872e-05
7.370000e+03 3.580348e-05
7.390000e+03 3.494088e-05
7.410000e+03 3.510249e-05
7.430000e+03 3.610390e-05
7.450000e+03 3.608512e-05
7.470000e+03 3.683349e-05
7.490000e+03 3.669809e-05
7.510000e+03 3.714209e-05
7.530000e+03 3.781146e-05
7.550000e+03 3.810469e-05
7.570000e+03 3.785320e-05
7.590000e+03 3.686982e-05
7.610000e+03 3.609428e-05
7.630000e+03 3.513896e-05
7.650000e+03 3.410318e-05
7.670000e+03 3.237857e-05
7.690000e+03 3.324369e-05
7.710000e+03 3.258221e-05
7.730000e+03 3.264040e-05
7.750000e+03 3.238286e-05
7.770000e+03 3.291160e-05
7.790000e+03 3.316240e-05
7.810000e+03 3.308700e-05
7.830000e+03 3.283813e-05
7.850000e+03 3.240204e-05
7.870000e+03 3.296704e-05
7.890000e+03 3.246092e-05
7.910000e+03 3.165768e-05
7.930000e+03 3.186557e-05
7.950000e+03 3.164905e-05
7.970000e+03 3.272350e-05
7.990000e+03 3.282101e-05
8.010000e+03 3.331784e-05
8.030000e+03 3.339554e-05
8.050000e+03 3.340621e-05
8.070000e+03 3.397423e-05
8.090000e+03 3.364266e-05
8.110000e+03 3.402504e-05
8.130000e+03 3.514890e-05
8.150000e+03 3.565489e-05
8.170000e+03 3.597800e-05
8.190000e+03 3.475101e-05
8.210000e+03 3.434513e-05
8.230000e+03 3.451968e-05
8.250000e+03 3.446027e-05
8.270000e+03 3.475489e-05
8.290000e+03 3.439932e-05
8.310000e+03 3.309917e-05
8.330000e+03 3.281580e-05
8.350000e+03 3.289621e-05
8.370000e+03 3.312720e-05
8.390000e+03 3.199071e-05
8.410000e+03 3.312591e-05
8.430000e+03 3.139908e-05
8.450000e+03 3.040052e-05
8.470000e+03 3.047151e-05
8.490000e+03 3.044597e-05
8.510000e+03 2.903190e-05
8.530000e+03 3.017458e-05
8.550000e+03 2.638037e-05
8.570000e+03 3.160933e-05
8.590000e+03 3.129274e-05
8.610000e+03 3.177442e-05
8.630000e+03 3.249115e-05
8.650000e+03 3.232749e-05
8.670000e+03 2.791197e-05
8.690000e+03 3.178491e-05
8.710000e+03 3.317001e-05
8.730000e+03 3.342237e-05
8.750000e+03 3.304851e-05
8.770000e+03 3.381028e-05
8.790000e+03 3.427195e-05
8.810000e+03 3.343782e-05
8.830000e+03 3.386512e-05
8.850000e+03 3.376221e-05
8.870000e+03 3.238822e-05
8.890000e+03 3.282126e-05
8.910000e+03 3.328071e-05
8.930000e+03 3.262212e-05
8.950000e+03 3.278467e-05
8.970000e+03 3.292003e-05
8.990000e+03 3.301512e-05
9.010000e+03 3.193067e-05
9.030000e+03 3.323696e-05
9.050000e+03 3.429253e-05
9.070000e+03 3.426866e-05
9.090000e+03 3.347730e-05
9.110000e+03 3.392994e-05
9.130000e+03 3.459279e-05
9.150000e+03 3.432396e-05
9.170000e+03 3.430458e-05
9.190000e+03 3.467443e-05
9.210000e+03 3.316511e-05
9.230000e+03 3.230891e-05
9.250000e+03 3.226129e-05
9.270000e+03 3.253525e-05
9.290000e+03 3.207169e-05
9.310000e+03 3.224418e-05
9.330000e+03 3.234964e-05
9.350000e+03 3.213884e-05
9.370000e+03 3.161388e-05
9.390000e+03 3.225755e-05
9.410000e+03 3.152690e-05
9.430000e+03 3.240310e-05
9.450000e+03 3.177812e-05
9.470000e+03 3.266501e-05
9.490000e+03 3.270240e-05
9.510000e+03 3.214969e-05
9.530000e+03 3.239245e-05
9.550000e+03 3.166655e-05
9.570000e+03 3.209432e-05
9.590000e+03 3.271874e-05
9.610000e+03 3.226135e-05
9.630000e+03 3.244579e-05
9.650000e+03 3.179683e-05
9.670000e+03 3.183623e-05
9.690000e+03 3.235598e-05
9.710000e+03 3.187151e-05
9.730000e+03 3.156452e-05
9.750000e+03 3.140141e-05
9.770000e+03 3.159917e-05
9.790000e+03 3.109956e-05
9.810000e+03 3.196569e-05
9.830000e+03 3.165981e-05
9.850000e+03 3.185981e-05
9.870000e+03 3.156113e-05
9.890000e+03 3.153017e-05
9.910000e+03 3.123830e-05
9.930000e+03 3.145664e-05
9.950000e+03 3.150398e-05
9.970000e+03 3.153155e-05
9.990000e+03 3.143334e-05
1.002500e+04 3.126263e-05
1.007500e+04 3.079936e-05
1.012500e+04 3.104785e-05
1.017500e+04 3.057533e-05
1.022500e+04 3.060536e-05
1.027500e+04 3.064113e-05
1.032500e+04 3.022722e-05
1.037500e+04 2.994809e-05
1.042500e+04 2.996163e-05
1.047500e+04 2.960113e-05
1.052500e+04 2.943780e-05
1.057500e+04 2.899085e-05
1.062500e+04 2.879527e-05
1.067500e+04 2.835038e-05
1.072500e+04 2.843071e-05
1.077500e+04 2.822576e-05
1.082500e+04 2.771671e-05
1.087500e+04 2.753630e-05
1.092500e+04 2.746059e-05
1.097500e+04 2.705023e-05
1.102500e+04 2.693251e-05
1.107500e+04 2.657610e-05
1.112500e+04 2.652083e-05
1.117500e+04 2.631701e-05
1.122500e+04 2.629543e-05
1.127500e+04 2.590360e-05
1.132500e+04 2.578838e-05
1.137500e+04 2.547977e-05
1.142500e+04 2.515709e-05
1.147500e+04 2.548149e-05
1.152500e+04 2.545977e-05
1.157500e+04 2.512053e-05
1.162500e+04 2.473274e-05
1.167500e+04 2.463205e-05
1.172500e+04 2.469961e-05
1.177500e+04 2.423484e-05
1.182500e+04 2.400433e-05
1.187500e+04 2.363395e-05
1.192500e+04 2.389287e-05
1.197500e+04 2.302985e-05
1.202500e+04 2.353024e-05
1.207500e+04 2.316557e-05
1.212500e+04 2.322082e-05
1.217500e+04 2.324207e-05
1.222500e+04 2.309897e-05
1.227500e+04 2.288379e-05
1.232500e+04 2.266409e-05
1.237500e+04 2.262666e-05
1.242500e+04 2.228700e-05
1.247500e+04 2.218809e-05
1.252500e+04 2.198986e-05
1.257500e+04 2.190583e-05
1.262500e+04 2.186116e-05
1.267500e+04 2.152511e-05
1.272500e+04 2.160437e-05
1.277500e+04 2.153286e-05
1.282500e+04 2.075634e-05
1.287500e+04 2.106005e-05
1.292500e+04 2.090337e-05
1.297500e+04 2.102137e-05
1.302500e+04 2.080453e-05
1.307500e+04 2.081533e-05
1.312500e+04 2.039509e-05
1.317500e+04 2.031088e-05
1.322500e+04 2.030815e-05
1.327500e+04 1.993741e-05
1.332500e+04 1.997762e-05
1.337500e+04 1.973120e-05
1.342500e+04 1.984806e-05
1.347500e+04 1.967850e-05
1.352500e+04 1.958488e-05
1.357500e+04 1.919537e-05
1.362500e+04 1.908263e-05
1.367500e+04 1.920476e-05
1.372500e+04 1.918270e-05
1.377500e+04 1.915658e-05
1.382500e+04 1.914854e-05
1.387500e+04 1.893275e-05
1.392500e+04 1.831707e-05
1.397500e+04 1.815140e-05
1.402500e+04 1.796874e-05
1.407500e+04 1.801538e-05
1.412500e+04 1.774292e-05
1.417500e+04 1.788420e-05
1.422500e+04 1.768831e-05
1.427500e+04 1.747356e-05
1.432500e+04 1.773895e-05
1.437500e+04 1.781480e-05
1.442500e+04 1.734916e-05
1.447500e+04 1.763328e-05
1.452500e+04 1.738391e-05
1.457000e+04 1.753814e-05
1.462000e+04 1.720365e-05
1.467500e+04 1.710296e-05
1.472500e+04 1.688244e-05
1.477500e+04 1.697615e-05
1.482500e+04 1.706549e-05
1.487500e+04 1.691750e-05
1.492500e+04 1.729200e-05
1.497500e+04 1.709947e-05
1.502500e+04 1.682622e-05
1.507500e+04 1.686260e-05
1.512500e+04 1.704753e-05
1.517500e+04 1.715042e-05
1.522500e+04 1.707498e-05
1.527500e+04 1.724461e-05
1.532500e+04 1.710711e-05
1.537500e+04 1.705273e-05
1.542500e+04 1.702687e-05
1.547500e+04 1.700489e-05
1.552500e+04 1.681297e-05
1.557500e+04 1.631203e-05
1.562500e+04 1.649913e-05
1.567500e+04 1.642626e-05
1.572500e+04 1.676878e-05
1.577500e+04 1.566083e-05
1.582500e+04 1.575349e-05
1.587500e+04 1.571141e-05
1.592500e+04 1.615777e-05
1.597500e+04 1.585851e-05
1.605000e+04 1.579293e-05
1.615000e+04 1.596670e-05
1.625000e+04 1.546686e-05
1.635000e+04 1.600141e-05
1.645000e+04 1.525057e-05
1.655000e+04 1.561082e-05
1.665000e+04 1.507905e-05
1.675000e+04 1.524193e-05
1.685000e+04 1.474827e-05
1.695000e+04 1.488435e-05
1.705000e+04 1.454022e-05
1.715000e+04 1.439664e-05
1.725000e+04 1.408267e-05
1.735000e+04 1.367735e-05
1.745000e+04 1.360783e-05
1.755000e+04 1.338409e-05
1.765000e+04 1.313936e-05
1.775000e+04 1.279889e-05
1.785000e+04 1.273834e-05
1.795000e+04 1.232036e-05
1.805000e+04 1.207680e-05
1.815000e+04 1.191947e-05
1.825000e+04 1.166814e-05
1.835000e+04 1.146040e-05
1.845000e+04 1.133245e-05
1.855000e+04 1.123504e-05
1.865000e+04 1.091211e-05
1.875000e+04 1.066691e-05
1.885000e+04 1.060821e-05
1.895000e+04 1.023097e-05
1.905000e+04 1.041403e-05
1.915000e+04 1.012898e-05
1.925000e+04 1.003320e-05
1.935000e+04 9.780117e-06
1.945000e+04 9.457226e-06
1.955000e+04 9.476713e-06
1.965000e+04 9.307724e-06
1.975000e+04 9.057029e-06
1.985000e+04 8.914865e-06
1.995000e+04 8.869982e-06
2.005000e+04 8.814663e-06
2.015000e+04 8.750926e-06
2.025000e+04 8.482348e-06
2.035000e+04 8.349051e-06
2.045000e+04 8.302749e-06
2.055000e+04 8.161235e-06
2.065000e+04 8.016199e-06
2.075000e+04 7.921521e-06
2.085000e+04 7.886035e-06
2.095000e+04 7.686429e-06
2.105000e+04 7.670774e-06
2.115000e+04 7.521949e-06
2.125000e+04 7.437459e-06
2.135000e+04 7.376608e-06
2.145000e+04 7.243281e-06
2.155000e+04 7.151735e-06
2.165000e+04 7.001596e-06
2.175000e+04 6.889104e-06
2.185000e+04 6.816065e-06
2.195000e+04 6.720456e-06
2.205000e+04 6.531284e-06
2.215000e+04 6.539284e-06
2.225000e+04 6.409867e-06
2.235000e+04 6.338806e-06
2.245000e+04 6.281297e-06
2.255000e+04 6.175798e-06
2.265000e+04 6.046848e-06
2.275000e+04 6.034061e-06
2.285000e+04 5.900113e-06
2.295000e+04 5.034269e-06
2.305000e+04 5.380353e-06
2.315000e+04 5.378676e-06
2.325000e+04 4.625137e-06
2.335000e+04 5.008772e-06
2.345000e+04 4.790362e-06
2.355000e+04 4.287776e-06
2.365000e+04 4.623322e-06
2.375000e+04 4.474887e-06
2.385000e+04 4.047914e-06
2.395000e+04 4.345982e-06
2.405000e+04 4.239419e-06
2.415000e+04 3.852930e-06
2.425000e+04 3.994153e-06
2.435000e+04 3.907423e-06
2.445000e+04 3.715796e-06
2.455000e+04 3.663827e-06
2.465000e+04 3.696810e-06
2.475000e+04 3.555698e-06
2.485000e+04 3.218482e-06
2.495000e+04 3.184232e-06
2.505000e+04 3.242877e-06
2.515000e+04 3.031543e-06
2.525000e+04 3.128850e-06
2.535000e+04 3.124210e-06
2.545000e+04 3.071112e-06
2.555000e+04 3.051603e-06
2.565000e+04 3.071317e-06
2.575000e+04 3.104725e-06
2.585000e+04 2.995000e-06
2.595000e+04 3.024396e-06
2.605000e+04 3.058970e-06
2.615000e+04 2.999214e-06
2.625000e+04 2.968091e-06
2.635000e+04 2.996891e-06
2.645000e+04 2.953540e-06
2.655000e+04 2.937611e-06
2.665000e+04 2.911618e-06
2.675000e+04 2.930715e-06
2.685000e+04 2.874077e-06
2.695000e+04 2.834067e-06
2.705000e+04 2.842587e-06
2.715000e+04 2.809539e-06
2.725000e+04 2.838207e-06
2.735000e+04 2.774773e-06
2.745000e+04 2.807915e-06
2.755000e+04 2.765873e-06
2.765000e+04 2.717474e-06
2.775000e+04 2.690604e-06
2.785000e+04 2.702343e-06
2.795000e+04 2.701665e-06
2.805000e+04 2.656455e-06
2.815000e+04 2.608943e-06
2.825000e+04 2.601804e-06
2.835000e+04 2.559402e-06
2.845000e+04 2.478714e-06
2.855000e+04 2.500823e-06
2.865000e+04 2.491681e-06
2.875000e+04 2.450412e-06
2.885000e+04 2.417628e-06
2.895000e+04 2.372460e-06
2.905000e+04 2.375032e-06
2.915000e+04 2.331910e-06
2.925000e+04 2.269929e-06
2.935000e+04 2.261854e-06
2.945000e+04 2.223684e-06
2.955000e+04 2.194353e-06
2.965000e+04 2.173897e-06
2.975000e+04 2.150347e-06
2.985000e+04 2.119796e-06
2.995000e+04 2.097823e-06
3.005000e+04 2.078810e-06
3.015000e+04 2.064322e-06
3.025000e+04 2.039823e-06
3.035000e+04 2.015424e-06
3.045000e+04 2.007649e-06
3.055000e+04 1.987988e-06
3.065000e+04 1.970688e-06
3.075000e+04 1.958360e-06
3.085000e+04 1.932593e-06
3.095000e+04 1.918214e-06
3.105000e+04 1.908945e-06
3.115000e+04 1.880001e-06
3.125000e+04 1.870119e-06
3.135000e+04 1.852929e-06
3.145000e+04 1.835556e-06
3.155000e+04 1.815829e-06
3.165000e+04 1.795316e-06
3.175000e+04 1.784700e-06
3.185000e+04 1.769497e-06
3.195000e+04 1.757526e-06
3.210000e+04 1.730472e-06
3.230000e+04 1.697494e-06
3.250000e+04 1.669452e-06
3.270000e+04 1.637849e-06
3.290000e+04 1.606269e-06
3.310000e+04 1.578022e-06
3.330000e+04 1.552962e-06
3.350000e+04 1.539431e-06
3.370000e+04 1.503388e-06
3.390000e+04 1.482289e-06
3.410000e+04 1.462856e-06
3.430000e+04 1.453549e-06
3.450000e+04 1.425673e-06
3.470000e+04 1.397430e-06
3.490000e+04 1.359837e-06
3.510000e+04 1.344337e-06
3.530000e+04 1.313324e-06
3.550000e+04 1.275094e-06
3.570000e+04 1.259493e-06
3.590000e+04 1.227606e-06
3.610000e+04 1.211019e-06
3.630000e+04 1.175535e-06
3.650000e+04 1.147440e-06
3.670000e+04 1.123125e-06
3.690000e+04 1.090776e-06
3.710000e+04 1.062557e-06
3.730000e+04 1.043901e-06
3.750000e+04 1.013192e-06
3.770000e+04 9.976036e-07
3.790000e+04 9.773552e-07
3.810000e+04 9.596991e-07
3.830000e+04 9.424490e-07
3.850000e+04 9.257424e-07
3.870000e+04 9.050537e-07
3.890000e+04 8.894537e-07
3.910000e+04 8.744948e-07
3.930000e+04 8.597476e-07
3.950000e+04 8.415835e-07
3.970000e+04 8.281013e-07
3.990000e+04 8.093870e-07
4.010000e+04 7.986075e-07
4.030000e+04 7.877530e-07
4.050000e+04 7.736758e-07
4.070000e+04 7.628401e-07
4.090000e+04 7.527354e-07
4.110000e+04 7.434471e-07
4.130000e+04 7.315217e-07
4.150000e+04 7.150426e-07
4.170000e+04 7.068322e-07
4.190000e+04 6.975077e-07
4.210000e+04 6.830252e-07
4.230000e+04 6.783865e-07
4.250000e+04 6.663286e-07
4.270000e+04 6.581495e-07
4.290000e+04 6.223420e-07
4.310000e+04 5.843652e-07
4.330000e+04 5.843607e-07
4.350000e+04 5.512673e-07
4.370000e+04 5.348734e-07
4.390000e+04 5.216855e-07
4.410000e+04 5.021134e-07
4.430000e+04 4.939553e-07
4.450000e+04 4.835441e-07
4.470000e+04 4.680865e-07
4.490000e+04 4.678493e-07
4.510000e+04 4.571076e-07
4.530000e+04 4.425893e-07
4.550000e+04 4.359663e-07
4.570000e+04 4.272980e-07
4.590000e+04 4.134305e-07
4.610000e+04 4.157845e-07
4.630000e+04 4.079209e-07
4.650000e+04 4.036308e-07
4.670000e+04 4.012410e-07
4.690000e+04 3.913970e-07
4.710000e+04 3.846544e-07
4.730000e+04 3.880850e-07
4.750000e+04 3.781858e-07
4.770000e+04 3.738957e-07
4.790000e+04 3.697328e-07
4.810000e+04 3.597484e-07
4.830000e+04 3.621025e-07
4.850000e+04 3.541053e-07
4.870000e+04 3.474368e-07
4.890000e+04 3.430382e-07
4.910000e+04 3.378038e-07
4.930000e+04 3.341402e-07
4.950000e+04 3.261911e-07
4.970000e+04 3.243743e-07
4.990000e+04 3.200354e-07
5.010000e+04 3.163280e-07
5.030000e+04 3.117460e-07
5.050000e+04 3.047020e-07
5.070000e+04 3.023127e-07
5.090000e+04 2.988429e-07
5.110000e+04 2.943252e-07
5.130000e+04 2.923747e-07
5.150000e+04 2.872259e-07
5.170000e+04 2.862430e-07
5.190000e+04 2.812752e-07
5.210000e+04 2.779270e-07
5.230000e+04 2.730911e-07
5.250000e+04 2.711881e-07
5.270000e+04 2.704614e-07
5.290000e+04 2.644925e-07
5.310000e+04 2.606574e-07
5.330000e+04 2.585895e-07
5.350000e+04 2.550517e-07
5.370000e+04 2.524672e-07
5.390000e+04 2.496079e-07
5.410000e+04 2.470417e-07
5.430000e+04 2.429886e-07
5.450000e+04 2.420202e-07
5.470000e+04 2.378581e-07
5.490000e+04 2.358804e-07
5.510000e+04 2.324822e-07
5.530000e+04 2.335891e-07
5.550000e+04 2.268465e-07
5.570000e+04 2.271607e-07
5.590000e+04 2.228510e-07
5.610000e+04 2.216338e-07
5.630000e+04 2.171240e-07
5.650000e+04 2.163733e-07
5.670000e+04 2.135638e-07
5.690000e+04 2.096145e-07
5.710000e+04 2.086945e-07
5.730000e+04 2.061901e-07
5.750000e+04 2.035309e-07
5.770000e+04 2.007042e-07
5.790000e+04 1.999978e-07
5.810000e+04 1.970068e-07
5.830000e+04 1.952222e-07
5.850000e+04 1.930655e-07
5.870000e+04 1.902708e-07
5.890000e+04 1.881514e-07
5.910000e+04 1.859853e-07
5.930000e+04 1.837925e-07
5.950000e+04 1.811625e-07
5.970000e+04 1.799219e-07
5.990000e+04 1.776725e-07
6.010000e+04 1.753634e-07
6.030000e+04 1.734637e-07
6.050000e+04 1.712875e-07
6.070000e+04 1.697222e-07
6.090000e+04 1.676618e-07
6.110000e+04 1.653201e-07
6.130000e+04 1.636951e-07
6.150000e+04 1.619541e-07
6.170000e+04 1.602122e-07
6.190000e+04 1.579476e-07
6.210000e+04 1.562775e-07
6.230000e+04 1.542390e-07
6.250000e+04 1.523522e-07
6.270000e+04 1.504084e-07
6.290000e+04 1.485885e-07
6.310000e+04 1.467004e-07
6.330000e+04 1.455891e-07
6.350000e+04 1.439448e-07
6.370000e+04 1.428751e-07
6.390000e+04 1.406400e-07
6.420000e+04 1.380726e-07
6.460000e+04 1.347383e-07
6.500000e+04 1.319114e-07
6.540000e+04 1.289448e-07
6.580000e+04 1.258550e-07
6.620000e+04 1.228272e-07
6.660000e+04 1.204145e-07
6.700000e+04 1.179590e-07
6.740000e+04 1.153042e-07
6.780000e+04 1.126419e-07
6.820000e+04 1.103079e-07
6.860000e+04 1.080245e-07
6.900000e+04 1.053272e-07
6.940000e+04 1.030451e-07
6.980000e+04 1.008648e-07
7.020000e+04 9.877023e-08
7.060000e+04 9.669964e-08
7.100000e+04 9.469305e-08
7.140000e+04 9.274240e-08
7.180000e+04 9.090664e-08
7.220000e+04 8.919917e-08
7.260000e+04 8.745793e-08
7.300000e+04 8.563820e-08
7.340000e+04 8.382038e-08
7.380000e+04 8.208897e-08
7.420000e+04 8.036720e-08
7.460000e+04 7.894048e-08
7.500000e+04 7.740171e-08
7.540000e+04 7.589897e-08
7.580000e+04 7.419913e-08
7.620000e+04 7.274998e-08
7.660000e+04 7.115334e-08
7.700000e+04 6.991155e-08
7.740000e+04 6.864772e-08
7.780000e+04 6.737591e-08
7.820000e+04 6.599777e-08
7.860000e+04 6.464003e-08
7.900000e+04 6.344771e-08
7.940000e+04 6.238128e-08
7.980000e+04 6.121043e-08
8.020000e+04 6.006432e-08
8.060000e+04 5.887179e-08
8.100000e+04 5.781602e-08
8.140000e+04 5.669768e-08
8.180000e+04 5.567898e-08
8.220000e+04 5.454754e-08
8.260000e+04 5.355818e-08
8.300000e+04 5.260722e-08
8.340000e+04 5.165751e-08
8.380000e+04 5.079687e-08
8.420000e+04 4.990844e-08
8.460000e+04 4.900140e-08
8.500000e+04 4.813429e-08
8.540000e+04 4.734778e-08
8.580000e+04 4.655877e-08
8.620000e+04 4.576937e-08
8.660000e+04 4.499174e-08
8.700000e+04 4.422145e-08
8.740000e+04 4.352045e-08
8.780000e+04 4.285861e-08
8.820000e+04 4.224238e-08
8.860000e+04 4.155636e-08
8.900000e+04 4.091434e-08
8.940000e+04 4.020507e-08
8.980000e+04 3.949749e-08
9.020000e+04 3.890403e-08
9.060000e+04 3.818775e-08
9.100000e+04 3.750097e-08
9.140000e+04 3.685628e-08
9.180000e+04 3.625559e-08
9.220000e+04 3.574240e-08
9.260000e+04 3.530951e-08
9.300000e+04 3.479543e-08
9.340000e+04 3.415547e-08
9.380000e+04 3.357745e-08
9.420000e+04 3.300552e-08
9.460000e+04 3.249385e-08
9.500000e+04 3.210194e-08
9.540000e+04 3.162649e-08
9.580000e+04 3.110025e-08
9.620000e+04 3.064748e-08
9.660000e+04 3.011602e-08
9.700000e+04 2.958615e-08
9.740000e+04 2.921218e-08
9.780000e+04 2.884262e-08
9.820000e+04 2.840966e-08
9.860000e+04 2.804018e-08
9.900000e+04 2.765913e-08
9.940000e+04 2.717781e-08
9.980000e+04 2.668908e-08
1.002000e+05 2.623668e-08
2.000000e+05 1.586294e-09
4.000000e+05 1.017590e-10
6.000000e+05 2.019966e-11
8.000000e+05 6.394363e-12
1.000000e+06 2.616300e-12
1.200000e+06 1.259750e-12
1.400000e+06 6.788479e-13
1.600000e+06 3.971952e-13
