       106.65000   1.2546774e-10
       119.95000   3.2410236e-10
       133.25000   6.6100226e-10
       146.55000   1.1437938e-09
       159.85000   1.7522137e-09
       173.15000   2.4502436e-09
       186.45000   3.1959123e-09
       199.75000   3.9475366e-09
       213.05000   4.6700529e-09
       226.35000   5.3400697e-09
       239.65000   3.2292770e-08
       252.95000   3.0172803e-08
       266.25000   2.8331583e-08
       279.55000   2.6281905e-08
       292.85000   2.4404452e-08
       306.15000   2.2695349e-08
       319.45000   2.1111959e-08
       332.75000   1.9595927e-08
       346.05000   1.8176606e-08
       359.35000   1.6954102e-08
       372.65000   1.5813390e-08
       385.95000   1.4674996e-08
       399.25000   1.3746624e-08
       412.55000   1.2833448e-08
       425.85000   1.1945217e-08
       439.15000   1.1172645e-08
       452.45000   1.0448155e-08
       465.75000   9.7514487e-09
       479.05000   9.1473826e-09
       492.35000   8.5483946e-09
       505.65000   8.0287576e-09
       518.95000   7.6912746e-09
       532.25000   7.1958272e-09
       545.55000   6.7327851e-09
       558.85000   6.4074673e-09
       572.15000   6.0697862e-09
       585.45000   5.7249134e-09
       598.75000   5.3775916e-09
       612.05000   5.0862554e-09
       625.35000   4.8506015e-09
       638.65000   4.6030947e-09
       651.95000   4.3505307e-09
       665.25000   4.1395616e-09
       678.55000   3.9294319e-09
       691.85000   3.7325446e-09
       705.15000   3.5160633e-09
       718.45000   3.3934274e-09
       731.75000   3.2336430e-09
       745.05000   3.0736800e-09
       758.35000   2.9229042e-09
       771.65000   2.7874504e-09
       784.95000   2.6539039e-09
       798.25000   2.5464502e-09
       811.55000   2.4378012e-09
       824.85000   2.3348273e-09
       838.15000   2.2073906e-09
       851.45000   2.1345465e-09
       864.75000   2.0499043e-09
       878.05000   1.9661377e-09
       891.35000   1.8862038e-09
       904.65000   1.8057154e-09
       917.95000   2.7925660e-09
       931.25000   3.4998763e-09
       944.55000   4.3592915e-09
       957.85000   4.9266139e-09
       971.15000   4.0694349e-09
       984.45000   4.8823303e-09
       997.75000   4.8906142e-09
       1011.0500   5.0867771e-09
       1024.3500   3.8254162e-09
       1037.6500   4.8630085e-09
       1050.9500   5.5280850e-09
       1064.2500   5.0304482e-09
       1077.5500   5.1430366e-09
       1090.8500   5.0607631e-09
       1104.1500   5.0618437e-09
       1117.4500   4.8694400e-09
       1130.7500   4.8147103e-09
       1144.0500   4.7625574e-09
       1157.3500   4.7265166e-09
       1170.6500   4.2090702e-09
       1183.9500   4.4106151e-09
       1197.2500   3.9388138e-09
       1210.5500   3.1916000e-09
       1223.8500   3.6591572e-09
       1237.1500   4.2205303e-09
       1250.4500   6.9339940e-08
       1263.7500   6.8205911e-08
       1277.0500   7.3127147e-08
       1290.3500   7.0918694e-08
       1303.6500   6.8883476e-08
       1316.9500   7.4134744e-08
       1330.2500   7.1199023e-08
       1343.5500   7.2999589e-08
       1356.8500   7.2164514e-08
       1370.1500   6.9890951e-08
       1383.4500   6.9987547e-08
       1396.7500   6.0636747e-08
       1410.0500   6.3844401e-08
       1423.3500   6.6150361e-08
       1436.6500   6.7065846e-08
       1449.9500   6.6662815e-08
       1463.2500   6.4077822e-08
       1476.5500   6.3392072e-08
       1489.8500   6.2884069e-08
       1503.1500   6.0834197e-08
       1516.4500   5.8099114e-08
       1529.7500   5.5696248e-08
       1543.0500   5.1660854e-08
       1556.3500   5.0739213e-08
       1569.6500   5.3380430e-08
       1582.9500   5.4610635e-08
       1596.2500   5.4618515e-08
       1609.5500   5.3004873e-08
       1622.8500   5.1896123e-08
       1636.1500   5.3037752e-08
       1649.4500   5.2188183e-08
       1662.7500   5.2828881e-08
       1676.0500   6.7813447e-08
       1689.3500   6.9258567e-08
       1702.6500   6.9934091e-08
       1715.9500   8.7634057e-08
       1729.2500   1.0195421e-07
       1742.5500   1.0915457e-07
       1755.8500   1.3266749e-07
       1769.1500   1.1473953e-07
       1782.4500   1.3432941e-07
       1795.7500   1.8100739e-07
       1809.0500   1.6931277e-07
       1822.3500   1.6947920e-07
       1835.6500   1.6184084e-07
       1848.9500   1.3955063e-07
       1862.2500   2.0532646e-07
       1875.5500   2.0411522e-07
       1888.8500   2.2216197e-07
       1902.1500   2.3260329e-07
       1915.4500   2.4327867e-07
       1928.7500   1.6685086e-07
       1942.0500   2.1418715e-07
       1955.3500   2.7062210e-07
       1968.6500   3.1016391e-07
       1981.9500   3.0074755e-07
       1995.2500   3.0823431e-07
       2008.5500   2.7614563e-07
       2021.8500   2.4135475e-07
       2035.1500   3.0326214e-07
       2048.4500   3.2821590e-07
       2061.7500   2.9565977e-07
       2075.0500   3.8239633e-07
       2088.3500   5.1652367e-07
       2101.6500   4.5215876e-07
       2114.9500   4.8168815e-07
       2128.2500   4.0811507e-07
       2141.5500   4.4539976e-07
       2154.8500   4.7892896e-07
       2168.1500   4.1982804e-07
       2181.4500   4.8277406e-07
       2194.7500   5.4151192e-07
       2208.0500   4.8364308e-07
       2221.3500   4.4276685e-07
       2234.6500   6.0452467e-07
       2247.9500   5.4275382e-07
       2261.2500   4.5067806e-07
       2274.5500   5.0207795e-07
       2287.8500   6.1971590e-07
       2301.1500   6.2612201e-07
       2314.4500   6.1024668e-07
       2327.7500   4.6339912e-07
       2341.0500   3.4092535e-07
       2354.3500   5.6826071e-07
       2367.6500   3.6145788e-07
       2380.9500   3.3201774e-07
       2394.2500   3.2486259e-07
       2407.5500   3.5633681e-07
       2420.8500   6.0276479e-07
       2434.1500   7.3389359e-07
       2447.4500   8.9090405e-07
       2460.7500   8.9040548e-07
       2474.0500   7.6541758e-07
       2487.3500   5.6242495e-07
       2500.6500   8.0679422e-07
       2513.9500   3.9538439e-07
       2527.2500   3.9696736e-07
       2540.5500   5.9161874e-07
       2553.8500   9.3645524e-07
       2567.1500   8.1767732e-07
       2580.4500   9.2704569e-07
       2593.7500   8.2011533e-07
       2607.0500   6.8487863e-07
       2620.3500   7.6448256e-07
       2633.6500   1.2942978e-06
       2646.9500   1.9427305e-06
       2660.2500   1.9654787e-06
       2673.5500   1.8413521e-06
       2686.8500   1.9912764e-06
       2700.1500   1.7615797e-06
       2713.4500   1.5318014e-06
       2726.7500   1.3904467e-06
       2740.0500   1.2413054e-06
       2753.3500   1.1450442e-06
       2766.6500   1.5545337e-06
       2779.9500   1.3665939e-06
       2793.2500   4.8297026e-07
       2806.5500   6.4354262e-07
       2819.8500   1.8767093e-06
       2833.1500   2.1353562e-06
       2846.4500   1.6681058e-06
       2859.7500   1.6223211e-06
       2873.0500   2.4989296e-06
       2886.3500   2.4185217e-06
       2899.6500   2.8688982e-06
       2912.9500   3.3671330e-06
       2926.2500   3.1412608e-06
       2939.5500   3.0123473e-06
       2952.8500   2.9650966e-06
       2966.1500   3.0787018e-06
       2979.4500   3.1415725e-06
       2992.7500   3.1888354e-06
       3006.0500   3.2560975e-06
       3019.3500   3.3215708e-06
       3032.6500   3.3967331e-06
       3045.9500   3.5108810e-06
       3059.2500   3.6228943e-06
       3072.5500   3.7130672e-06
       3085.8500   3.7142007e-06
       3099.1500   3.8409527e-06
       3112.4500   3.9707770e-06
       3125.7500   3.8591404e-06
       3139.0500   3.8180014e-06
       3152.3500   3.8452547e-06
       3165.6500   4.0372226e-06
       3178.9500   3.9091399e-06
       3192.2500   3.7140633e-06
       3205.5500   3.9600953e-06
       3218.8500   3.8212831e-06
       3232.1500   3.6452727e-06
       3245.4500   4.2873458e-06
       3258.7500   4.7713666e-06
       3272.0500   5.1042121e-06
       3285.3500   5.0578850e-06
       3298.6500   4.9837542e-06
       3311.9500   4.9141371e-06
       3325.2500   4.9589696e-06
       3338.5500   4.9214580e-06
       3351.8500   4.7716482e-06
       3365.1500   4.2106331e-06
       3378.4500   4.1810426e-06
       3391.7500   4.4290152e-06
       3405.0500   4.4896590e-06
       3418.3500   4.6167411e-06
       3431.6500   4.7738449e-06
       3444.9500   4.8634424e-06
       3458.2500   4.9446880e-06
       3471.5500   5.0433339e-06
       3484.8500   5.3125408e-06
       3498.1500   5.5314519e-06
       3511.4500   5.6668948e-06
       3524.7500   5.3788654e-06
       3538.0500   5.5459298e-06
       3551.3500   5.8746454e-06
       3564.6500   4.9957003e-06
       3577.9500   4.6346275e-06
       3591.2500   4.6714037e-06
       3604.5500   5.1748153e-06
       3617.8500   5.4531159e-06
       3631.1500   5.5868974e-06
       3644.4500   6.0172629e-06
       3657.7500   6.3917274e-06
       3671.0500   6.4560516e-06
       3684.3500   6.1692453e-06
       3697.6500   6.2306445e-06
       3710.9500   6.4608870e-06
       3724.2500   5.5245545e-06
       3737.5500   5.3654683e-06
       3750.8500   5.8168179e-06
       3764.1500   6.4983297e-06
       3777.4500   6.9261932e-06
       3790.7500   7.1451333e-06
       3804.0500   7.2127764e-06
       3817.3500   6.4273400e-06
       3830.6500   5.0705788e-06
       3843.9500   6.1259629e-06
       3857.2500   6.6499290e-06
       3870.5500   6.7286482e-06
       3883.8500   6.8206450e-06
       3897.1500   7.3318181e-06
       3910.4500   8.0952219e-06
       3923.7500   5.6824958e-06
       3937.0500   5.5369368e-06
       3950.3500   7.3273510e-06
       3963.6500   5.8675671e-06
       3976.9500   6.7546880e-06
       3990.2500   9.7550059e-06
       4003.5500   1.0302105e-05
       4016.8500   1.0570310e-05
       4030.1500   1.0571786e-05
       4043.4500   1.0376879e-05
       4056.7500   1.0175743e-05
       4070.0500   9.9724631e-06
       4083.3500   1.0830554e-05
       4096.6500   1.1005511e-05
       4109.9500   1.0491823e-05
       4123.2500   1.0772629e-05
       4136.5500   1.0903787e-05
       4149.8500   1.0876297e-05
       4163.1500   1.0964757e-05
       4176.4500   1.0954891e-05
       4189.7500   1.0838290e-05
       4203.0500   1.0945188e-05
       4216.3500   1.0935943e-05
       4229.6500   1.0793756e-05
       4242.9500   1.1009899e-05
       4256.2500   1.0994276e-05
       4269.5500   1.0703951e-05
       4282.8500   1.0338328e-05
       4296.1500   9.7747616e-06
       4309.4500   8.9826011e-06
       4322.7500   1.0727327e-05
       4336.0500   1.1628789e-05
       4349.3500   1.1377661e-05
       4362.6500   1.2221766e-05
       4375.9500   1.2448121e-05
       4389.2500   1.1834329e-05
       4402.5500   1.2187897e-05
       4415.8500   1.2677069e-05
       4429.1500   1.3265337e-05
       4442.4500   1.3329782e-05
       4455.7500   1.3561015e-05
       4469.0500   1.4060305e-05
       4482.3500   1.4296503e-05
       4495.6500   1.4855292e-05
       4508.9500   1.5881413e-05
       4522.2500   1.5045974e-05
       4535.5500   1.4611782e-05
       4548.8500   1.4968651e-05
       4562.1500   1.5633107e-05
       4575.4500   1.5858824e-05
       4588.7500   1.5404733e-05
       4602.0500   1.5662075e-05
       4615.3500   1.5804150e-05
       4628.6500   1.5662464e-05
       4641.9500   1.5775026e-05
       4655.2500   1.6013001e-05
       4668.5500   1.6399853e-05
       4681.8500   1.6347177e-05
       4695.1500   1.6192800e-05
       4708.4500   1.5962767e-05
       4721.7500   1.6262826e-05
       4735.0500   1.6607624e-05
       4748.3500   1.6909873e-05
       4761.6500   1.6926375e-05
       4774.9500   1.6919380e-05
       4788.2500   1.6941647e-05
       4801.5500   1.6965863e-05
       4814.8500   1.7063924e-05
       4828.1500   1.7290961e-05
       4841.4500   1.6866823e-05
       4854.7500   1.6177290e-05
       4868.0500   1.5200136e-05
       4881.3500   1.6167816e-05
       4894.6500   1.7038563e-05
       4907.9500   1.7097435e-05
       4921.2500   1.6973794e-05
       4934.5500   1.7042707e-05
       4947.8500   1.7548995e-05
       4961.1500   1.7586559e-05
       4974.4500   1.7328195e-05
       4987.7500   1.6660033e-05
       5001.0500   1.6200913e-05
       5014.3500   1.6106200e-05
       5027.6500   1.6678087e-05
       5040.9500   1.6760098e-05
       5054.2500   1.6883923e-05
       5067.5500   1.7323199e-05
       5080.8500   1.7021746e-05
       5094.1500   1.6763961e-05
       5107.4500   1.6976442e-05
       5120.7500   1.6791288e-05
       5134.0500   1.6506087e-05
       5147.3500   1.6209729e-05
       5160.6500   1.5759723e-05
       5173.9500   1.5521625e-05
       5187.2500   1.5880421e-05
       5200.5500   1.6400694e-05
       5213.8500   1.6975571e-05
       5227.1500   1.7579084e-05
       5240.4500   1.8029223e-05
       5253.7500   1.8007120e-05
       5267.0500   1.6883705e-05
       5280.3500   1.7633183e-05
       5293.6500   1.8734598e-05
       5306.9500   1.9343715e-05
       5320.2500   1.8582769e-05
       5333.5500   1.7968550e-05
       5346.8500   1.8891391e-05
       5360.1500   1.9077486e-05
       5373.4500   1.8988862e-05
       5386.7500   1.8770970e-05
       5400.0500   1.8604581e-05
       5413.3500   1.8536745e-05
       5426.6500   1.8713736e-05
       5439.9500   1.9028681e-05
       5453.2500   1.9252418e-05
       5466.5500   1.9047311e-05
       5479.8500   1.9039721e-05
       5493.1500   1.9084444e-05
       5506.4500   1.9073881e-05
       5519.7500   1.9300192e-05
       5533.0500   1.9590857e-05
       5546.3500   1.9805590e-05
       5559.6500   1.9707650e-05
       5572.9500   1.9487574e-05
       5586.2500   1.9256597e-05
       5599.5500   1.9476817e-05
       5612.8500   1.9797390e-05
       5626.1500   1.9831625e-05
       5639.4500   1.9956547e-05
       5652.7500   2.0031118e-05
       5666.0500   1.9768838e-05
       5679.3500   1.9940829e-05
       5692.6500   2.0150839e-05
       5705.9500   1.9770654e-05
       5719.2500   2.0282447e-05
       5732.5500   2.0943831e-05
       5745.8500   2.0576590e-05
       5759.1500   2.0567667e-05
       5772.4500   2.0623042e-05
       5785.7500   2.0239243e-05
       5799.0500   2.0404644e-05
       5812.3500   2.0813179e-05
       5825.6500   2.1146428e-05
       5838.9500   2.1020657e-05
       5852.2500   2.0738829e-05
       5865.5500   2.0793177e-05
       5878.8500   1.9925062e-05
       5892.1500   1.8995856e-05
       5905.4500   2.0176852e-05
       5918.7500   2.0654236e-05
       5932.0500   2.0756007e-05
       5945.3500   2.0811156e-05
       5958.6500   2.0971256e-05
       5971.9500   2.1130824e-05
       5985.2500   2.0955886e-05
       5998.5500   2.0791040e-05
       6011.8500   2.0691120e-05
       6025.1500   2.0960274e-05
       6038.4500   2.1209467e-05
       6051.7500   2.1410184e-05
       6065.0500   2.1365048e-05
       6078.3500   2.1136383e-05
       6091.6500   2.0847639e-05
       6104.9500   2.0908940e-05
       6118.2500   2.0574382e-05
       6131.5500   2.0103790e-05
       6144.8500   2.0451681e-05
       6158.1500   2.0258209e-05
       6171.4500   1.9851887e-05
       6184.7500   2.0518735e-05
       6198.0500   2.0751015e-05
       6211.3500   2.0673435e-05
       6224.6500   2.0371720e-05
       6237.9500   2.0037516e-05
       6251.2500   1.9763963e-05
       6264.5500   2.0291067e-05
       6277.8500   2.0642257e-05
       6291.1500   2.0829579e-05
       6304.4500   2.0578749e-05
       6317.7500   2.0573039e-05
       6331.0500   2.0739219e-05
       6344.3500   2.0853229e-05
       6357.6500   2.0894417e-05
       6370.9500   2.0890630e-05
       6384.2500   2.1004872e-05
       6397.5500   2.0896637e-05
       6410.8500   2.0646502e-05
       6424.1500   2.0813473e-05
       6437.4500   2.0897893e-05
       6450.7500   2.0912887e-05
       6464.0500   2.0855357e-05
       6477.3500   2.0700896e-05
       6490.6500   2.0497110e-05
       6503.9500   2.0870485e-05
       6517.2500   2.1074665e-05
       6530.5500   2.1119089e-05
       6543.8500   2.0746424e-05
       6557.1500   2.0069878e-05
       6570.4500   1.9201634e-05
       6583.7500   2.0370081e-05
       6597.0500   2.1040802e-05
       6610.3500   2.1261667e-05
       6623.6500   2.1237052e-05
       6636.9500   2.1224807e-05
       6650.2500   2.1219370e-05
       6663.5500   2.0976467e-05
       6676.8500   2.0988841e-05
       6690.1500   2.1235323e-05
       6703.4500   2.0827749e-05
       6716.7500   2.0794337e-05
       6730.0500   2.1123866e-05
       6743.3500   2.0940479e-05
       6756.6500   2.0912527e-05
       6769.9500   2.1040780e-05
       6783.2500   2.0934406e-05
       6796.5500   2.0912866e-05
       6809.8500   2.0980104e-05
       6823.1500   2.1118341e-05
       6836.4500   2.1058734e-05
       6849.7500   2.0787123e-05
       6863.0500   2.0990174e-05
       6876.3500   2.1177167e-05
       6889.6500   2.1336442e-05
       6902.9500   2.1320663e-05
       6916.2500   2.1286242e-05
       6929.5500   2.1236080e-05
       6942.8500   2.1164096e-05
       6956.1500   2.1202578e-05
       6969.4500   2.1371002e-05
       6982.7500   2.1359875e-05
       6996.0500   2.1263285e-05
       7009.3500   2.1073180e-05
       7022.6500   2.1287569e-05
       7035.9500   2.1451701e-05
       7049.2500   2.1527521e-05
       7062.5500   2.1369927e-05
       7075.8500   2.1122887e-05
       7089.1500   2.0779447e-05
       7102.4500   2.0622884e-05
       7115.7500   2.0446488e-05
       7129.0500   2.0227213e-05
       7142.3500   2.0126856e-05
       7155.6500   2.0144823e-05
       7168.9500   2.0311279e-05
       7182.2500   2.0175372e-05
       7195.5500   2.0164162e-05
       7208.8500   2.0364350e-05
       7222.1500   2.0709507e-05
       7235.4500   2.0936670e-05
       7248.7500   2.0972987e-05
       7262.0500   2.1002445e-05
       7275.3500   2.0959849e-05
       7288.6500   2.0810835e-05
       7301.9500   2.1051644e-05
       7315.2500   2.1239889e-05
       7328.5500   2.1278994e-05
       7341.8500   2.1302031e-05
       7355.1500   2.1470748e-05
       7368.4500   2.1873994e-05
       7381.7500   2.1588930e-05
       7395.0500   2.1368041e-05
       7408.3500   2.1402115e-05
       7421.6500   2.1673459e-05
       7434.9500   2.1872128e-05
       7448.2500   2.1890337e-05
       7461.5500   2.2026884e-05
       7474.8500   2.2094495e-05
       7488.1500   2.2009961e-05
       7501.4500   2.2173556e-05
       7514.7500   2.2343894e-05
       7528.0500   2.2453543e-05
       7541.3500   2.2554856e-05
       7554.6500   2.2580610e-05
       7567.9500   2.2467875e-05
       7581.2500   2.2335488e-05
       7594.5500   2.2264814e-05
       7607.8500   2.2320444e-05
       7621.1500   2.2251106e-05
       7634.4500   2.2125873e-05
       7647.7500   2.1937543e-05
       7661.0500   2.1579835e-05
       7674.3500   2.1437435e-05
       7687.6500   2.1811664e-05
       7700.9500   2.1641657e-05
       7714.2500   2.1485757e-05
       7727.5500   2.1610737e-05
       7740.8500   2.1564376e-05
       7754.1500   2.1576767e-05
       7767.4500   2.1805107e-05
       7780.7500   2.1928014e-05
       7794.0500   2.2003722e-05
       7807.3500   2.2028571e-05
       7820.6500   2.1950061e-05
       7833.9500   2.1847837e-05
       7847.2500   2.1750864e-05
       7860.5500   2.1838787e-05
       7873.8500   2.1854742e-05
       7887.1500   2.1574364e-05
       7900.4500   2.1325526e-05
       7913.7500   2.1208922e-05
       7927.0500   2.1408730e-05
       7940.3500   2.1318808e-05
       7953.6500   2.1298225e-05
       7966.9500   2.1681521e-05
       7980.2500   2.1858797e-05
       7993.5500   2.2003696e-05
       8006.8500   2.2228450e-05
       8020.1500   2.2257951e-05
       8033.4500   2.2221436e-05
       8046.7500   2.2170056e-05
       8060.0500   2.2171428e-05
       8073.3500   2.2137384e-05
       8086.6500   2.1947026e-05
       8099.9500   2.1966550e-05
       8113.2500   2.2095210e-05
       8126.5500   2.2342409e-05
       8139.8500   2.2499081e-05
       8153.1500   2.2601645e-05
       8166.4500   2.2631866e-05
       8179.7500   2.2342935e-05
       8193.0500   2.2072645e-05
       8206.3500   2.2259173e-05
       8219.6500   2.2379668e-05
       8232.9500   2.2471123e-05
       8246.2500   2.2548336e-05
       8259.5500   2.2665015e-05
       8272.8500   2.2765918e-05
       8286.1500   2.2751433e-05
       8299.4500   2.2488710e-05
       8312.7500   2.2190629e-05
       8326.0500   2.2148034e-05
       8339.3500   2.2188422e-05
       8352.6500   2.2266082e-05
       8365.9500   2.2352186e-05
       8379.2500   2.2120175e-05
       8392.5500   2.1898845e-05
       8405.8500   2.2314339e-05
       8419.1500   2.2107875e-05
       8432.4500   2.1697596e-05
       8445.7500   2.1640298e-05
       8459.0500   2.1625340e-05
       8472.3500   2.1627591e-05
       8485.6500   2.1617296e-05
       8498.9500   2.1256671e-05
       8512.2500   2.0912571e-05
       8525.5500   2.1492458e-05
       8538.8500   2.0491961e-05
       8552.1500   1.9333553e-05
       8565.4500   2.1503245e-05
       8578.7500   2.2182340e-05
       8592.0500   2.2107886e-05
       8605.3500   2.2164665e-05
       8618.6500   2.2357968e-05
       8631.9500   2.2580751e-05
       8645.2500   2.2545320e-05
       8658.5500   2.1321872e-05
       8671.8500   1.9912972e-05
       8685.1500   2.1467047e-05
       8698.4500   2.2345657e-05
       8711.7500   2.2765468e-05
       8725.0500   2.2720463e-05
       8738.3500   2.2543425e-05
       8751.6500   2.2360990e-05
       8764.9500   2.2697108e-05
       8778.2500   2.2902302e-05
       8791.5500   2.2954185e-05
       8804.8500   2.2451949e-05
       8818.1500   2.2437550e-05
       8831.4500   2.2714202e-05
       8844.7500   2.2841454e-05
       8858.0500   2.2732052e-05
       8871.3500   2.2516531e-05
       8884.6500   2.2734208e-05
       8897.9500   2.2891810e-05
       8911.2500   2.2981835e-05
       8924.5500   2.2810687e-05
       8937.8500   2.2746546e-05
       8951.1500   2.2760577e-05
       8964.4500   2.2813658e-05
       8977.7500   2.2843652e-05
       8991.0500   2.2815865e-05
       9004.3500   2.2307053e-05
       9017.6500   2.2344557e-05
       9030.9500   2.2770310e-05
       9044.2500   2.2980259e-05
       9057.5500   2.3055668e-05
       9070.8500   2.3000603e-05
       9084.1500   2.2539763e-05
       9097.4500   2.2451912e-05
       9110.7500   2.2650043e-05
       9124.0500   2.2786038e-05
       9137.3500   2.2831013e-05
       9150.6500   2.2802445e-05
       9163.9500   2.2781442e-05
       9177.2500   2.2861247e-05
       9190.5500   2.2994770e-05
       9203.8500   2.2416045e-05
       9217.1500   2.2133248e-05
       9230.4500   2.2106125e-05
       9243.7500   2.2089841e-05
       9257.0500   2.2151180e-05
       9270.3500   2.2278425e-05
       9283.6500   2.2289522e-05
       9296.9500   2.2292082e-05
       9310.2500   2.2288091e-05
       9323.5500   2.2350991e-05
       9336.8500   2.2328658e-05
       9350.1500   2.2225113e-05
       9363.4500   2.2060832e-05
       9376.7500   2.2121190e-05
       9390.0500   2.2398056e-05
       9403.3500   2.2099232e-05
       9416.6500   2.2094595e-05
       9429.9500   2.2385084e-05
       9443.2500   2.1952922e-05
       9456.5500   2.1926899e-05
       9469.8500   2.2323550e-05
       9483.1500   2.2333554e-05
       9496.4500   2.2326323e-05
       9509.7500   2.2305444e-05
       9523.0500   2.2333252e-05
       9536.3500   2.2166046e-05
       9549.6500   2.1783763e-05
       9562.9500   2.1990428e-05
       9576.2500   2.2187704e-05
       9589.5500   2.2356300e-05
       9602.8500   2.2258095e-05
       9616.1500   2.2222911e-05
       9629.4500   2.2272137e-05
       9642.7500   2.1927085e-05
       9656.0500   2.1785625e-05
       9669.3500   2.1909362e-05
       9682.6500   2.2045438e-05
       9695.9500   2.2088948e-05
       9709.2500   2.2017000e-05
       9722.5500   2.1911179e-05
       9735.8500   2.1799805e-05
       9749.1500   2.1683991e-05
       9762.4500   2.1813795e-05
       9775.7500   2.1795796e-05
       9789.0500   2.1561119e-05
       9802.3500   2.1930107e-05
       9815.6500   2.2150455e-05
       9828.9500   2.2105815e-05
       9842.2500   2.2089596e-05
       9855.5500   2.2005083e-05
       9868.8500   2.1821610e-05
       9882.1500   2.1803862e-05
       9895.4500   2.1786656e-05
       9908.7500   2.1747590e-05
       9922.0500   2.1851721e-05
       9935.3500   2.1918308e-05
       9948.6500   2.1906787e-05
       9961.9500   2.1932245e-05
       9975.2500   2.1946017e-05
       9988.5500   2.1935415e-05
       10001.850   2.1834029e-05
       10015.150   2.1721269e-05
       10028.450   2.1616639e-05
       10041.750   2.1535797e-05
       10055.050   2.1454725e-05
       10068.350   2.1373429e-05
       10081.650   2.1341379e-05
       10094.950   2.1358712e-05
       10108.250   2.1375992e-05
       10121.550   2.1393221e-05
       10134.850   2.1320057e-05
       10148.150   2.1215010e-05
       10161.450   2.1109705e-05
       10174.750   2.1004136e-05
       10188.050   2.1031334e-05
       10201.350   2.1061052e-05
       10214.650   2.1090744e-05
       10227.950   2.1119406e-05
       10241.250   2.1144518e-05
       10254.550   2.1169597e-05
       10267.850   2.1194645e-05
       10281.150   2.1186745e-05
       10294.450   2.1140459e-05
       10307.750   2.1094022e-05
       10321.050   2.1047434e-05
       10334.350   2.0998314e-05
       10347.650   2.0948036e-05
       10360.950   2.0897599e-05
       10374.250   2.0847010e-05
       10387.550   2.0817103e-05
       10400.850   2.0788326e-05
       10414.150   2.0759428e-05
       10427.450   2.0731619e-05
       10440.750   2.0709031e-05
       10454.050   2.0686337e-05
       10467.350   2.0663539e-05
       10480.650   2.0646623e-05
       10493.950   2.0637726e-05
       10507.250   2.0628748e-05
       10520.550   2.0619688e-05
       10533.850   2.0603100e-05
       10547.150   2.0582674e-05
       10560.450   2.0562149e-05
       10573.750   2.0541526e-05
       10587.050   2.0523180e-05
       10600.350   2.0504987e-05
       10613.650   2.0486700e-05
       10626.950   2.0458506e-05
       10640.250   2.0373024e-05
       10653.550   2.0287349e-05
       10666.850   2.0201481e-05
       10680.150   2.0150697e-05
       10693.450   2.0155644e-05
       10706.750   2.0160536e-05
       10720.050   2.0165376e-05
       10733.350   2.0160114e-05
       10746.650   2.0148823e-05
       10759.950   2.0137454e-05
       10773.250   2.0126011e-05
       10786.550   2.0050630e-05
       10799.850   1.9965393e-05
       10813.150   1.9879975e-05
       10826.450   1.9798397e-05
       10839.750   1.9749555e-05
       10853.050   1.9700583e-05
       10866.350   1.9651485e-05
       10879.650   1.9616734e-05
       10892.950   1.9608823e-05
       10906.250   1.9600844e-05
       10919.550   1.9592799e-05
       10932.850   1.9550214e-05
       10946.150   1.9483563e-05
       10959.450   1.9416765e-05
       10972.750   1.9349817e-05
       10986.050   1.9345038e-05
       10999.350   1.9352900e-05
       11012.650   1.9360718e-05
       11025.950   1.9365253e-05
       11039.250   1.9327565e-05
       11052.550   1.9289771e-05
       11065.850   1.9251872e-05
       11079.150   1.9235701e-05
       11092.450   1.9267618e-05
       11105.750   1.9299527e-05
       11119.050   1.9331430e-05
       11132.350   1.9331527e-05
       11145.650   1.9305815e-05
       11158.950   1.9280015e-05
       11172.250   1.9254134e-05
       11185.550   1.9256397e-05
       11198.850   1.9265979e-05
       11212.150   1.9275524e-05
       11225.450   1.9282162e-05
       11238.750   1.9206660e-05
       11252.050   1.9131009e-05
       11265.350   1.9055210e-05
       11278.650   1.8988240e-05
       11291.950   1.8944881e-05
       11305.250   1.8901420e-05
       11318.550   1.8857856e-05
       11331.850   1.8799501e-05
       11345.150   1.8727188e-05
       11358.450   1.8654735e-05
       11371.750   1.8582145e-05
       11385.050   1.8518747e-05
       11398.350   1.8458243e-05
       11411.650   1.8397618e-05
       11424.950   1.8336874e-05
       11438.250   1.8394127e-05
       11451.550   1.8451856e-05
       11464.850   1.8509616e-05
       11478.150   1.8564018e-05
       11491.450   1.8607521e-05
       11504.750   1.8651040e-05
       11518.050   1.8694567e-05
       11531.350   1.8689732e-05
       11544.650   1.8631872e-05
       11557.950   1.8573897e-05
       11571.250   1.8515808e-05
       11584.550   1.8458346e-05
       11597.850   1.8401061e-05
       11611.150   1.8343669e-05
       11624.450   1.8286164e-05
       11637.750   1.8261893e-05
       11651.050   1.8238994e-05
       11664.350   1.8216026e-05
       11677.650   1.8194642e-05
       11690.950   1.8179833e-05
       11704.250   1.8164968e-05
       11717.550   1.8150046e-05
       11730.850   1.8120881e-05
       11744.150   1.8073567e-05
       11757.450   1.8026158e-05
       11770.750   1.7978655e-05
       11784.050   1.7939010e-05
       11797.350   1.7903018e-05
       11810.650   1.7866945e-05
       11823.950   1.7830794e-05
       11837.250   1.7782057e-05
       11850.550   1.7732156e-05
       11863.850   1.7682161e-05
       11877.150   1.7639993e-05
       11890.450   1.7638840e-05
       11903.750   1.7637650e-05
       11917.050   1.7636423e-05
       11930.350   1.7580404e-05
       11943.650   1.7442873e-05
       11956.950   1.7305150e-05
       11970.250   1.7167239e-05
       11983.550   1.7193698e-05
       11996.850   1.7311630e-05
       12010.150   1.7429661e-05
       12023.450   1.7547788e-05
       12036.750   1.7470047e-05
       12050.050   1.7366319e-05
       12063.350   1.7262444e-05
       12076.650   1.7175698e-05
       12089.950   1.7210871e-05
       12103.250   1.7246052e-05
       12116.550   1.7281239e-05
       12129.850   1.7301389e-05
       12143.150   1.7295308e-05
       12156.450   1.7289189e-05
       12169.750   1.7283029e-05
       12183.050   1.7281440e-05
       12196.350   1.7282824e-05
       12209.650   1.7284178e-05
       12222.950   1.7285502e-05
       12236.250   1.7261438e-05
       12249.550   1.7232695e-05
       12262.850   1.7203890e-05
       12276.150   1.7172085e-05
       12289.450   1.7109135e-05
       12302.750   1.7046088e-05
       12316.050   1.6982946e-05
       12329.350   1.6943348e-05
       12342.650   1.6952347e-05
       12355.950   1.6961325e-05
       12369.250   1.6970282e-05
       12382.550   1.6945426e-05
       12395.850   1.6894763e-05
       12409.150   1.6844020e-05
       12422.450   1.6793196e-05
       12435.750   1.6762512e-05
       12449.050   1.6736566e-05
       12462.350   1.6710568e-05
       12475.650   1.6684056e-05
       12488.950   1.6648586e-05
       12502.250   1.6613052e-05
       12515.550   1.6577455e-05
       12528.850   1.6547313e-05
       12542.150   1.6530667e-05
       12555.450   1.6513976e-05
       12568.750   1.6497242e-05
       12582.050   1.6509969e-05
       12595.350   1.6548850e-05
       12608.650   1.6587744e-05
       12621.950   1.6626649e-05
       12635.250   1.6551893e-05
       12648.550   1.6443195e-05
       12661.850   1.6334365e-05
       12675.150   1.6227204e-05
       12688.450   1.6277827e-05
       12701.750   1.6328474e-05
       12715.050   1.6379144e-05
       12728.350   1.6409855e-05
       12741.650   1.6381185e-05
       12754.950   1.6352463e-05
       12768.250   1.6323688e-05
       12781.550   1.6249545e-05
       12794.850   1.6128584e-05
       12808.150   1.6007486e-05
       12821.450   1.5886248e-05
       12834.750   1.5878699e-05
       12848.050   1.5912583e-05
       12861.350   1.5946475e-05
       12874.650   1.5980375e-05
       12887.950   1.6003059e-05
       12901.250   1.6025436e-05
       12914.550   1.6047811e-05
       12927.850   1.6063682e-05
       12941.150   1.6055699e-05
       12954.450   1.6047684e-05
       12967.750   1.6039640e-05
       12981.050   1.6034326e-05
       12994.350   1.6032293e-05
       13007.650   1.6030235e-05
       13020.950   1.6028154e-05
       13034.250   1.6012395e-05
       13047.550   1.5990620e-05
       13060.850   1.5968803e-05
       13074.150   1.5946945e-05
       13087.450   1.5899082e-05
       13100.750   1.5849384e-05
       13114.050   1.5799617e-05
       13127.350   1.5752829e-05
       13140.650   1.5720161e-05
       13153.950   1.5687444e-05
       13167.250   1.5654677e-05
       13180.550   1.5641035e-05
       13193.850   1.5654146e-05
       13207.150   1.5667249e-05
       13220.450   1.5680341e-05
       13233.750   1.5634729e-05
       13247.050   1.5558522e-05
       13260.350   1.5482228e-05
       13273.650   1.5405847e-05
       13286.950   1.5418889e-05
       13300.250   1.5442036e-05
       13313.550   1.5465184e-05
       13326.850   1.5477796e-05
       13340.150   1.5425161e-05
       13353.450   1.5372462e-05
       13366.750   1.5319697e-05
       13380.050   1.5308824e-05
       13393.350   1.5366491e-05
       13406.650   1.5424187e-05
       13419.950   1.5481912e-05
       13433.250   1.5494597e-05
       13446.550   1.5479675e-05
       13459.850   1.5464720e-05
       13473.150   1.5449734e-05
       13486.450   1.5437569e-05
       13499.750   1.5425835e-05
       13513.050   1.5414073e-05
       13526.350   1.5395263e-05
       13539.650   1.5314274e-05
       13552.950   1.5233199e-05
       13566.250   1.5152039e-05
       13579.550   1.5087731e-05
       13592.850   1.5055932e-05
       13606.150   1.5024089e-05
       13619.450   1.4992203e-05
       13632.750   1.5002005e-05
       13646.050   1.5041698e-05
       13659.350   1.5081404e-05
       13672.650   1.5121123e-05
       13685.950   1.5112170e-05
       13699.250   1.5092738e-05
       13712.550   1.5073274e-05
       13725.850   1.5054844e-05
       13739.150   1.5052016e-05
       13752.450   1.5049169e-05
       13765.750   1.5046303e-05
       13779.050   1.5044003e-05
       13792.350   1.5043022e-05
       13805.650   1.5042025e-05
       13818.950   1.5041009e-05
       13832.250   1.5018361e-05
       13845.550   1.4977634e-05
       13858.850   1.4936860e-05
       13872.150   1.4896038e-05
       13885.450   1.4893745e-05
       13898.750   1.4901959e-05
       13912.050   1.4910163e-05
       13925.350   1.4917017e-05
       13938.650   1.4874244e-05
       13951.950   1.4831421e-05
       13965.250   1.4788550e-05
       13978.550   1.4751260e-05
       13991.850   1.4729394e-05
       14005.150   1.4707495e-05
       14018.450   1.4685563e-05
       14031.750   1.4660991e-05
       14045.050   1.4633852e-05
       14058.350   1.4606676e-05
       14071.650   1.4579465e-05
       14084.950   1.4516913e-05
       14098.250   1.4442408e-05
       14111.550   1.4367833e-05
       14124.850   1.4293189e-05
       14138.150   1.4334692e-05
       14151.450   1.4377536e-05
       14164.750   1.4420397e-05
       14178.050   1.4448375e-05
       14191.350   1.4426266e-05
       14204.650   1.4404129e-05
       14217.950   1.4381960e-05
       14231.250   1.4355881e-05
       14244.550   1.4325390e-05
       14257.850   1.4294864e-05
       14271.150   1.4264300e-05
       14284.450   1.4270191e-05
       14297.750   1.4290943e-05
       14311.050   1.4311695e-05
       14324.350   1.4332448e-05
       14337.650   1.4352637e-05
       14350.950   1.4372799e-05
       14364.250   1.4392960e-05
       14377.550   1.4390216e-05
       14390.850   1.4290859e-05
       14404.150   1.4191417e-05
       14417.450   1.4091895e-05
       14430.750   1.4047854e-05
       14444.050   1.4076754e-05
       14457.350   1.4105660e-05
       14470.650   1.4134574e-05
       14483.950   1.4105540e-05
       14497.250   1.4048295e-05
       14510.550   1.3990999e-05
       14523.850   1.3933651e-05
       14537.150   1.3965379e-05
       14550.450   1.4005553e-05
       14563.750   1.4045743e-05
       14577.050   1.4070344e-05
       14590.350   1.4081112e-05
       14603.650   1.4091873e-05
       14616.950   1.4102629e-05
       14630.250   1.4073425e-05
       14643.550   1.4032295e-05
       14656.850   1.3991125e-05
       14670.150   1.3949916e-05
       14683.450   1.3907778e-05
       14696.750   1.3865090e-05
       14710.050   1.3822362e-05
       14723.350   1.3779593e-05
       14736.650   1.3784074e-05
       14749.950   1.3795244e-05
       14763.250   1.3806410e-05
       14776.550   1.3818216e-05
       14789.850   1.3834911e-05
       14803.150   1.3851604e-05
       14816.450   1.3868296e-05
       14829.750   1.3873840e-05
       14843.050   1.3859304e-05
       14856.350   1.3844748e-05
       14869.650   1.3830170e-05
       14882.950   1.3867909e-05
       14896.250   1.3940893e-05
       14909.550   1.4013912e-05
       14922.850   1.4086965e-05
       14936.150   1.4043705e-05
       14949.450   1.3977965e-05
       14962.750   1.3912172e-05
       14976.050   1.3846149e-05
       14989.350   1.3778012e-05
       15002.650   1.3709822e-05
       15015.950   1.3641579e-05
       15029.250   1.3597732e-05
       15042.550   1.3605928e-05
       15055.850   1.3614119e-05
       15069.150   1.3622303e-05
       15082.450   1.3629146e-05
       15095.750   1.3634935e-05
       15109.050   1.3640716e-05
       15122.350   1.3646490e-05
       15135.650   1.3677875e-05
       15148.950   1.3715645e-05
       15162.250   1.3753426e-05
       15175.550   1.3788135e-05
       15188.850   1.3751303e-05
       15202.150   1.3714438e-05
       15215.450   1.3677539e-05
       15228.750   1.3666513e-05
       15242.050   1.3721461e-05
       15255.350   1.3776430e-05
       15268.650   1.3831423e-05
       15281.950   1.3833700e-05
       15295.250   1.3787772e-05
       15308.550   1.3741806e-05
       15321.850   1.3695801e-05
       15335.150   1.3665023e-05
       15348.450   1.3638954e-05
       15361.750   1.3612860e-05
       15375.050   1.3587063e-05
       15388.350   1.3646695e-05
       15401.650   1.3706352e-05
       15414.950   1.3766033e-05
       15428.250   1.3805362e-05
       15441.550   1.3781675e-05
       15454.850   1.3757962e-05
       15468.150   1.3734226e-05
       15481.450   1.3694295e-05
       15494.750   1.3637152e-05
       15508.050   1.3579965e-05
       15521.350   1.3522735e-05
       15534.650   1.3448585e-05
       15547.950   1.3367997e-05
       15561.250   1.3287354e-05
       15574.550   1.3206656e-05
       15587.850   1.3277352e-05
       15601.150   1.3353385e-05
       15614.450   1.3429451e-05
       15627.750   1.3483862e-05
       15641.050   1.3455070e-05
       15654.350   1.3426251e-05
       15667.650   1.3397406e-05
       15680.950   1.3398073e-05
       15694.250   1.3435227e-05
       15707.550   1.3472393e-05
       15720.850   1.3509570e-05
       15734.150   1.3370391e-05
       15747.450   1.3151111e-05
       15760.750   1.2931703e-05
       15774.050   1.2712165e-05
       15787.350   1.2776062e-05
       15800.650   1.2861806e-05
       15813.950   1.2947587e-05
       15827.250   1.3016874e-05
       15840.550   1.3004981e-05
       15853.850   1.2993073e-05
       15867.150   1.2981150e-05
       15880.450   1.2993043e-05
       15893.750   1.3039273e-05
       15907.050   1.3085519e-05
       15920.350   1.3131782e-05
       15933.650   1.3134201e-05
       15946.950   1.3113029e-05
       15960.250   1.3091837e-05
       15973.550   1.3070627e-05
       15986.850   1.3074768e-05
       16000.150   1.3082009e-05
       16013.450   1.3089245e-05
       16026.750   1.3096477e-05
       16040.050   1.3103703e-05
       16053.350   1.3104176e-05
       16066.650   1.3084584e-05
       16079.950   1.3064973e-05
       16093.250   1.3045344e-05
       16106.550   1.3025698e-05
       16119.850   1.3006031e-05
       16133.150   1.2986348e-05
       16146.450   1.2966645e-05
       16159.750   1.2937935e-05
       16173.050   1.2905929e-05
       16186.350   1.2873899e-05
       16199.650   1.2841844e-05
       16212.950   1.2809764e-05
       16226.250   1.2777661e-05
       16239.550   1.2745533e-05
       16252.850   1.2727287e-05
       16266.150   1.2760023e-05
       16279.450   1.2792768e-05
       16292.750   1.2825523e-05
       16306.050   1.2858286e-05
       16319.350   1.2891058e-05
       16332.650   1.2923839e-05
       16345.950   1.2956628e-05
       16359.250   1.2919906e-05
       16372.550   1.2852712e-05
       16385.850   1.2785477e-05
       16399.150   1.2718201e-05
       16412.450   1.2650884e-05
       16425.750   1.2583527e-05
       16439.050   1.2516128e-05
       16452.350   1.2462751e-05
       16465.650   1.2474871e-05
       16478.950   1.2486989e-05
       16492.250   1.2499107e-05
       16505.550   1.2511223e-05
       16518.850   1.2523338e-05
       16532.150   1.2535452e-05
       16545.450   1.2547564e-05
       16558.750   1.2511849e-05
       16572.050   1.2451233e-05
       16585.350   1.2390582e-05
       16598.650   1.2329895e-05
       16611.950   1.2269171e-05
       16625.250   1.2208411e-05
       16638.550   1.2147616e-05
       16651.850   1.2100295e-05
       16665.150   1.2136589e-05
       16678.450   1.2172892e-05
       16691.750   1.2209206e-05
       16705.050   1.2245531e-05
       16718.350   1.2281866e-05
       16731.650   1.2318212e-05
       16744.950   1.2354568e-05
       16758.250   1.2320687e-05
       16771.550   1.2243774e-05
       16784.850   1.2166819e-05
       16798.150   1.2089821e-05
       16811.450   1.2012780e-05
       16824.750   1.1935698e-05
       16838.050   1.1858573e-05
       16851.350   1.1792168e-05
       16864.650   1.1821007e-05
       16877.950   1.1849852e-05
       16891.250   1.1878706e-05
       16904.550   1.1907565e-05
       16917.850   1.1936433e-05
       16931.150   1.1965307e-05
       16944.450   1.1994187e-05
       16957.750   1.1978357e-05
       16971.050   1.1930483e-05
       16984.350   1.1882582e-05
       16997.650   1.1834652e-05
       17010.950   1.1786695e-05
       17024.250   1.1738710e-05
       17037.550   1.1690698e-05
       17050.850   1.1645578e-05
       17064.150   1.1643206e-05
       17077.450   1.1640828e-05
       17090.750   1.1638443e-05
       17104.050   1.1636050e-05
       17117.350   1.1633652e-05
       17130.650   1.1631246e-05
       17143.950   1.1628832e-05
       17157.250   1.1607207e-05
       17170.550   1.1569536e-05
       17183.850   1.1531842e-05
       17197.150   1.1494126e-05
       17210.450   1.1456389e-05
       17223.750   1.1418629e-05
       17237.050   1.1380846e-05
       17250.350   1.1342948e-05
       17263.650   1.1301528e-05
       17276.950   1.1260085e-05
       17290.250   1.1218618e-05
       17303.550   1.1177128e-05
       17316.850   1.1135615e-05
       17330.150   1.1094079e-05
       17343.450   1.1052520e-05
       17356.750   1.1031335e-05
       17370.050   1.1029932e-05
       17383.350   1.1028523e-05
       17396.650   1.1027109e-05
       17409.950   1.1025689e-05
       17423.250   1.1024262e-05
       17436.550   1.1022831e-05
       17449.850   1.1021394e-05
       17463.150   1.1003610e-05
       17476.450   1.0985627e-05
       17489.750   1.0967632e-05
       17503.050   1.0949624e-05
       17516.350   1.0931604e-05
       17529.650   1.0913571e-05
       17542.950   1.0895525e-05
       17556.250   1.0872806e-05
       17569.550   1.0844814e-05
       17582.850   1.0816806e-05
       17596.150   1.0788781e-05
       17609.450   1.0760739e-05
       17622.750   1.0732682e-05
       17636.050   1.0704608e-05
       17649.350   1.0676518e-05
       17662.650   1.0639601e-05
       17675.950   1.0602211e-05
       17689.250   1.0564802e-05
       17702.550   1.0527373e-05
       17715.850   1.0489924e-05
       17729.150   1.0452455e-05
       17742.450   1.0414967e-05
       17755.750   1.0396302e-05
       17769.050   1.0402373e-05
       17782.350   1.0408442e-05
       17795.650   1.0414509e-05
       17808.950   1.0420573e-05
       17822.250   1.0426637e-05
       17835.550   1.0432697e-05
       17848.850   1.0438756e-05
       17862.150   1.0380579e-05
       17875.450   1.0316295e-05
       17888.750   1.0251981e-05
       17902.050   1.0187636e-05
       17915.350   1.0123263e-05
       17928.650   1.0058859e-05
       17941.950   9.9944259e-06
       17955.250   9.9506803e-06
       17968.550   9.9386840e-06
       17981.850   9.9266795e-06
       17995.150   9.9146660e-06
       18008.450   9.9026437e-06
       18021.750   9.8906124e-06
       18035.050   9.8785730e-06
       18048.350   9.8665240e-06
       18061.650   9.8514266e-06
       18074.950   9.8358885e-06
       18088.250   9.8203409e-06
       18101.550   9.8047832e-06
       18114.850   9.7892154e-06
       18128.150   9.7736375e-06
       18141.450   9.7580502e-06
       18154.750   9.7328987e-06
       18168.050   9.6905329e-06
       18181.350   9.6481476e-06
       18194.650   9.6057423e-06
       18207.950   9.5633168e-06
       18221.250   9.5208720e-06
       18234.550   9.4784071e-06
       18247.850   9.4359224e-06
       18261.150   9.4097500e-06
       18274.450   9.3867128e-06
       18287.750   9.3636637e-06
       18301.050   9.3406021e-06
       18314.350   9.3175280e-06
       18327.650   9.2944421e-06
       18340.950   9.2713443e-06
       18354.250   9.2569521e-06
       18367.550   9.2611182e-06
       18380.850   9.2652827e-06
       18394.150   9.2694454e-06
       18407.450   9.2736058e-06
       18420.750   9.2777639e-06
       18434.050   9.2819203e-06
       18447.350   9.2860750e-06
       18460.650   9.2831926e-06
       18473.950   9.2785552e-06
       18487.250   9.2739122e-06
       18500.550   9.2692644e-06
       18513.850   9.2646117e-06
       18527.150   9.2599534e-06
       18540.450   9.2552904e-06
       18553.750   9.2403458e-06
       18567.050   9.1992185e-06
       18580.350   9.1580732e-06
       18593.650   9.1169095e-06
       18606.950   9.0757279e-06
       18620.250   9.0345286e-06
       18633.550   8.9933109e-06
       18646.850   8.9520755e-06
       18660.150   8.9193467e-06
       18673.450   8.8892487e-06
       18686.750   8.8591377e-06
       18700.050   8.8290124e-06
       18713.350   8.7988729e-06
       18726.650   8.7687204e-06
       18739.950   8.7385538e-06
       18753.250   8.7170689e-06
       18766.550   8.7224666e-06
       18779.850   8.7278627e-06
       18793.150   8.7332583e-06
       18806.450   8.7386522e-06
       18819.750   8.7440451e-06
       18833.050   8.7494368e-06
       18846.350   8.7548269e-06
       18859.650   8.7215617e-06
       18872.950   8.6736583e-06
       18886.250   8.6257361e-06
       18899.550   8.5777940e-06
       18912.850   8.5298326e-06
       18926.150   8.4818520e-06
       18939.450   8.4338522e-06
       18952.750   8.4027097e-06
       18966.050   8.4363120e-06
       18979.350   8.4699228e-06
       18992.650   8.5035416e-06
       19005.950   8.5371695e-06
       19019.250   8.5708054e-06
       19032.550   8.6044502e-06
       19045.850   8.6381030e-06
       19059.150   8.6254414e-06
       19072.450   8.5917586e-06
       19085.750   8.5580618e-06
       19099.050   8.5243514e-06
       19112.350   8.4906269e-06
       19125.650   8.4568879e-06
       19138.950   8.4231354e-06
       19152.250   8.3937052e-06
       19165.550   8.3855649e-06
       19178.850   8.3774191e-06
       19192.150   8.3692674e-06
       19205.450   8.3611107e-06
       19218.750   8.3529486e-06
       19232.050   8.3447817e-06
       19245.350   8.3366088e-06
       19258.650   8.3194579e-06
       19271.950   8.2974746e-06
       19285.250   8.2754820e-06
       19298.550   8.2534795e-06
       19311.850   8.2314672e-06
       19325.150   8.2094451e-06
       19338.450   8.1874131e-06
       19351.750   8.1626470e-06
       19365.050   8.1198870e-06
       19378.350   8.0771107e-06
       19391.650   8.0343179e-06
       19404.950   7.9915089e-06
       19418.250   7.9486841e-06
       19431.550   7.9058425e-06
       19444.850   7.8629853e-06
       19458.150   7.8473617e-06
       19471.450   7.8489516e-06
       19484.750   7.8505401e-06
       19498.050   7.8521265e-06
       19511.350   7.8537109e-06
       19524.650   7.8552932e-06
       19537.950   7.8568740e-06
       19551.250   7.8573268e-06
       19564.550   7.8469228e-06
       19577.850   7.8365130e-06
       19591.150   7.8260974e-06
       19604.450   7.8156761e-06
       19617.750   7.8052495e-06
       19631.050   7.7948171e-06
       19644.350   7.7843795e-06
       19657.650   7.7669345e-06
       19670.950   7.7443111e-06
       19684.250   7.7216776e-06
       19697.550   7.6990352e-06
       19710.850   7.6763840e-06
       19724.150   7.6537233e-06
       19737.450   7.6310532e-06
       19750.750   7.6081468e-06
       19764.050   7.5814247e-06
       19777.350   7.5546920e-06
       19790.650   7.5279493e-06
       19803.950   7.5011965e-06
       19817.250   7.4744333e-06
       19830.550   7.4476595e-06
       19843.850   7.4208759e-06
       19857.150   7.4105702e-06
       19870.450   7.4144440e-06
       19883.750   7.4183167e-06
       19897.050   7.4221887e-06
       19910.350   7.4260600e-06
       19923.650   7.4299300e-06
       19936.950   7.4337989e-06
       19950.250   7.4374567e-06
       19963.550   7.4301347e-06
       19976.850   7.4228092e-06
       19990.150   7.4154787e-06
       20003.450   7.4081442e-06
       20016.750   7.4008056e-06
       20030.050   7.3934625e-06
       20043.350   7.3861155e-06
       20056.650   7.3816924e-06
       20069.950   7.3801941e-06
       20083.250   7.3786935e-06
       20096.550   7.3771901e-06
       20109.850   7.3756845e-06
       20123.150   7.3741766e-06
       20136.450   7.3726660e-06
       20149.750   7.3711531e-06
       20163.050   7.3391892e-06
       20176.350   7.3066304e-06
       20189.650   7.2740604e-06
       20202.950   7.2414787e-06
       20216.250   7.2088864e-06
       20229.550   7.1762825e-06
       20242.850   7.1436669e-06
       20256.150   7.1198613e-06
       20269.450   7.1063029e-06
       20282.750   7.0927388e-06
       20296.050   7.0791687e-06
       20309.350   7.0655930e-06
       20322.650   7.0520117e-06
       20335.950   7.0384248e-06
       20349.250   7.0248324e-06
       20362.550   7.0124537e-06
       20375.850   7.0001427e-06
       20389.150   6.9878265e-06
       20402.450   6.9755047e-06
       20415.750   6.9631782e-06
       20429.050   6.9508461e-06
       20442.350   6.9385088e-06
       20455.650   6.9257213e-06
       20468.950   6.9123258e-06
       20482.250   6.8989243e-06
       20495.550   6.8855175e-06
       20508.850   6.8721053e-06
       20522.150   6.8586877e-06
       20535.450   6.8452647e-06
       20548.750   6.8318364e-06
       20562.050   6.8114310e-06
       20575.350   6.7902955e-06
       20588.650   6.7691522e-06
       20601.950   6.7480014e-06
       20615.250   6.7268432e-06
       20628.550   6.7056777e-06
       20641.850   6.6845047e-06
       20655.150   6.6664651e-06
       20668.450   6.6533911e-06
       20681.750   6.6403116e-06
       20695.050   6.6272273e-06
       20708.350   6.6141375e-06
       20721.650   6.6010430e-06
       20734.950   6.5879430e-06
       20748.250   6.5748378e-06
       20761.550   6.5791213e-06
       20774.850   6.5860395e-06
       20788.150   6.5929581e-06
       20801.450   6.5998769e-06
       20814.750   6.6067959e-06
       20828.050   6.6137153e-06
       20841.350   6.6206349e-06
       20854.650   6.6150199e-06
       20867.950   6.5860802e-06
       20881.250   6.5571313e-06
       20894.550   6.5281732e-06
       20907.850   6.4992059e-06
       20921.150   6.4702294e-06
       20934.450   6.4412438e-06
       20947.750   6.4122495e-06
       20961.050   6.4065269e-06
       20974.350   6.4055428e-06
       20987.650   6.4045566e-06
       21000.950   6.4035690e-06
       21014.250   6.4025792e-06
       21027.550   6.4015880e-06
       21040.850   6.4005951e-06
       21054.150   6.3942633e-06
       21067.450   6.3761596e-06
       21080.750   6.3580497e-06
       21094.050   6.3399337e-06
       21107.350   6.3218119e-06
       21120.650   6.3036836e-06
       21133.950   6.2855495e-06
       21147.250   6.2674089e-06
       21160.550   6.2586521e-06
       21173.850   6.2523393e-06
       21187.150   6.2460235e-06
       21200.450   6.2397050e-06
       21213.750   6.2333830e-06
       21227.050   6.2270584e-06
       21240.350   6.2207307e-06
       21253.650   6.2136683e-06
       21266.950   6.2046681e-06
       21280.250   6.1956642e-06
       21293.550   6.1866570e-06
       21306.850   6.1776461e-06
       21320.150   6.1686315e-06
       21333.450   6.1596132e-06
       21346.750   6.1505916e-06
       21360.050   6.1359347e-06
       21373.350   6.1194519e-06
       21386.650   6.1029640e-06
       21399.950   6.0864702e-06
       21413.250   6.0699713e-06
       21426.550   6.0534669e-06
       21439.850   6.0369570e-06
       21453.150   6.0227734e-06
       21466.450   6.0160997e-06
       21479.750   6.0094229e-06
       21493.050   6.0027431e-06
       21506.350   5.9960607e-06
       21519.650   5.9893753e-06
       21532.950   5.9826868e-06
       21546.250   5.9759958e-06
       21559.550   5.9605397e-06
       21572.850   5.9416375e-06
       21586.150   5.9227293e-06
       21599.450   5.9038156e-06
       21612.750   5.8848960e-06
       21626.050   5.8659708e-06
       21639.350   5.8470394e-06
       21652.650   5.8287392e-06
       21665.950   5.8129910e-06
       21679.250   5.7972381e-06
       21692.550   5.7814800e-06
       21705.850   5.7657173e-06
       21719.150   5.7499494e-06
       21732.450   5.7341765e-06
       21745.750   5.7183989e-06
       21759.050   5.7073171e-06
       21772.350   5.6984396e-06
       21785.650   5.6895587e-06
       21798.950   5.6806744e-06
       21812.250   5.6717871e-06
       21825.550   5.6628963e-06
       21838.850   5.6540026e-06
       21852.150   5.6446146e-06
       21865.450   5.6326768e-06
       21878.750   5.6207353e-06
       21892.050   5.6087901e-06
       21905.350   5.5968405e-06
       21918.650   5.5848876e-06
       21931.950   5.5729302e-06
       21945.250   5.5609695e-06
       21958.550   5.5405566e-06
       21971.850   5.5154443e-06
       21985.150   5.4903254e-06
       21998.450   5.4651993e-06
       22011.750   5.4400666e-06
       22025.050   5.4149269e-06
       22038.350   5.3897802e-06
       22051.650   5.3686757e-06
       22064.950   5.3761561e-06
       22078.250   5.3836369e-06
       22091.550   5.3911186e-06
       22104.850   5.3986008e-06
       22118.150   5.4060838e-06
       22131.450   5.4135672e-06
       22144.750   5.4210515e-06
       22158.050   5.4171582e-06
       22171.350   5.4058418e-06
       22184.650   5.3945216e-06
       22197.950   5.3831979e-06
       22211.250   5.3718709e-06
       22224.550   5.3605402e-06
       22237.850   5.3492060e-06
       22251.150   5.3379237e-06
       22264.450   5.3272259e-06
       22277.750   5.3165244e-06
       22291.050   5.3058198e-06
       22304.350   5.2951119e-06
       22317.650   5.2844005e-06
       22330.950   5.2736858e-06
       22344.250   5.2629676e-06
       22357.550   5.2574699e-06
       22370.850   5.2559488e-06
       22384.150   5.2544263e-06
       22397.450   5.2529026e-06
       22410.750   5.2513777e-06
       22424.050   5.2498514e-06
       22437.350   5.2483238e-06
       22450.650   5.2461234e-06
       22463.950   5.2308482e-06
       22477.250   5.2155684e-06
       22490.550   5.2002849e-06
       22503.850   5.1849969e-06
       22517.150   5.1697047e-06
       22530.450   5.1544081e-06
       22543.750   5.1391076e-06
       22557.050   5.1245253e-06
       22570.350   5.1105801e-06
       22583.650   5.0966309e-06
       22596.950   5.0826778e-06
       22610.250   5.0687209e-06
       22623.550   5.0547599e-06
       22636.850   5.0407952e-06
       22650.150   5.0269653e-06
       22663.450   5.0252913e-06
       22676.750   5.0236164e-06
       22690.050   5.0219397e-06
       22703.350   5.0202622e-06
       22716.650   5.0185836e-06
       22729.950   5.0169035e-06
       22743.250   5.0152223e-06
       22756.550   5.0072126e-06
       22769.850   4.9926799e-06
       22783.150   4.9781430e-06
       22796.450   4.9636023e-06
       22809.750   4.9490578e-06
       22823.050   4.9345091e-06
       22836.350   4.9199567e-06
       22849.650   4.9054004e-06
       22862.950   4.8281759e-06
       22876.250   4.7492407e-06
       22889.550   4.6702880e-06
       22902.850   4.5913183e-06
       22916.150   4.5123314e-06
       22929.450   4.4333276e-06
       22942.750   4.3543067e-06
       22956.050   4.3292573e-06
       22969.350   4.3689062e-06
       22982.650   4.4085625e-06
       22995.950   4.4482265e-06
       23009.250   4.4878975e-06
       23022.550   4.5275761e-06
       23035.850   4.5672619e-06
       23049.150   4.6069551e-06
       23062.450   4.6071529e-06
       23075.750   4.6046521e-06
       23089.050   4.6021505e-06
       23102.350   4.5996476e-06
       23115.650   4.5971436e-06
       23128.950   4.5946380e-06
       23142.250   4.5921312e-06
       23155.550   4.5584094e-06
       23168.850   4.4810881e-06
       23182.150   4.4037503e-06
       23195.450   4.3263966e-06
       23208.750   4.2490268e-06
       23222.050   4.1716408e-06
       23235.350   4.0942384e-06
       23248.650   4.0168202e-06
       23261.950   4.0500253e-06
       23275.250   4.0957367e-06
       23288.550   4.1414565e-06
       23301.850   4.1871847e-06
       23315.150   4.2329214e-06
       23328.450   4.2786665e-06
       23341.750   4.3244200e-06
       23355.050   4.3456172e-06
       23368.350   4.3266836e-06
       23381.650   4.3077454e-06
       23394.950   4.2888030e-06
       23408.250   4.2698563e-06
       23421.550   4.2509050e-06
       23434.850   4.2319496e-06
       23448.150   4.2129895e-06
       23461.450   4.1586609e-06
       23474.750   4.0986063e-06
       23488.050   4.0385394e-06
       23501.350   3.9784605e-06
       23514.650   3.9183691e-06
       23527.950   3.8582655e-06
       23541.250   3.7981500e-06
       23554.550   3.7702329e-06
       23567.850   3.8042597e-06
       23581.150   3.8382927e-06
       23594.450   3.8723315e-06
       23607.750   3.9063762e-06
       23621.050   3.9404271e-06
       23634.350   3.9744837e-06
       23647.650   4.0085461e-06
       23660.950   4.0123890e-06
       23674.250   4.0097444e-06
       23687.550   4.0070989e-06
       23700.850   4.0044520e-06
       23714.150   4.0018043e-06
       23727.450   3.9991553e-06
       23740.750   3.9965054e-06
       23754.050   3.9762573e-06
       23767.350   3.9158098e-06
       23780.650   3.8553507e-06
       23793.950   3.7948796e-06
       23807.250   3.7343966e-06
       23820.550   3.6739017e-06
       23833.850   3.6133950e-06
       23847.150   3.5528764e-06
       23860.450   3.5719355e-06
       23873.750   3.6127062e-06
       23887.050   3.6534837e-06
       23900.350   3.6942683e-06
       23913.650   3.7350600e-06
       23926.950   3.7758588e-06
       23940.250   3.8166646e-06
       23953.550   3.8442102e-06
       23966.850   3.8353200e-06
       23980.150   3.8264276e-06
       23993.450   3.8175333e-06
       24006.750   3.8086365e-06
       24020.050   3.7997375e-06
       24033.350   3.7908366e-06
       24046.650   3.7819335e-06
       24059.950   3.7426837e-06
       24073.250   3.6932086e-06
       24086.550   3.6437243e-06
       24099.850   3.5942306e-06
       24113.150   3.5447271e-06
       24126.450   3.4952145e-06
       24139.750   3.4456920e-06
       24153.050   3.4109363e-06
       24166.350   3.4258347e-06
       24179.650   3.4407353e-06
       24192.950   3.4556383e-06
       24206.250   3.4705433e-06
       24219.550   3.4854506e-06
       24232.850   3.5003601e-06
       24246.150   3.5152717e-06
       24259.450   3.5197131e-06
       24272.750   3.5198878e-06
       24286.050   3.5200622e-06
       24299.350   3.5202359e-06
       24312.650   3.5204094e-06
       24325.950   3.5205826e-06
       24339.250   3.5207551e-06
       24352.550   3.5163369e-06
       24365.850   3.4925638e-06
       24379.150   3.4687863e-06
       24392.450   3.4450043e-06
       24405.750   3.4212174e-06
       24419.050   3.3974261e-06
       24432.350   3.3736300e-06
       24445.650   3.3498293e-06
       24458.950   3.3403594e-06
       24472.250   3.3378556e-06
       24485.550   3.3353508e-06
       24498.850   3.3328452e-06
       24512.150   3.3303389e-06
       24525.450   3.3278314e-06
       24538.750   3.3253233e-06
       24552.050   3.3247673e-06
       24565.350   3.3349297e-06
       24578.650   3.3450935e-06
       24591.950   3.3552587e-06
       24605.250   3.3654251e-06
       24618.550   3.3755927e-06
       24631.850   3.3857619e-06
       24645.150   3.3959322e-06
       24658.450   3.3891025e-06
       24671.750   3.3725120e-06
       24685.050   3.3559185e-06
       24698.350   3.3393216e-06
       24711.650   3.3227214e-06
       24724.950   3.3061182e-06
       24738.250   3.2895116e-06
       24751.550   3.2721856e-06
       24764.850   3.2494270e-06
       24778.150   3.2266639e-06
       24791.450   3.2038969e-06
       24804.750   3.1811254e-06
       24818.050   3.1583498e-06
       24831.350   3.1355699e-06
       24844.650   3.1127858e-06
       24857.950   3.1087950e-06
       24871.250   3.1174541e-06
       24884.550   3.1261143e-06
       24897.850   3.1347756e-06
       24911.150   3.1434378e-06
       24924.450   3.1521013e-06
       24937.750   3.1607656e-06
       24951.050   3.1693495e-06
       24964.350   3.1769830e-06
       24977.650   3.1846174e-06
       24990.950   3.1922526e-06
       25004.250   3.1998886e-06
       25017.550   3.2075255e-06
       25030.850   3.2151633e-06
       25044.150   3.2228021e-06
       25057.450   3.2068357e-06
       25070.750   3.1723285e-06
       25084.050   3.1378154e-06
       25097.350   3.1032962e-06
       25110.650   3.0687712e-06
       25123.950   3.0342399e-06
       25137.250   2.9997029e-06
       25150.550   2.9671879e-06
       25163.850   2.9816900e-06
       25177.150   2.9961942e-06
       25190.450   3.0107002e-06
       25203.750   3.0252084e-06
       25217.050   3.0397184e-06
       25230.350   3.0542305e-06
       25243.650   3.0687446e-06
       25256.950   3.0746493e-06
       25270.250   3.0726865e-06
       25283.550   3.0707227e-06
       25296.850   3.0687583e-06
       25310.150   3.0667935e-06
       25323.450   3.0648278e-06
       25336.750   3.0628614e-06
       25350.050   3.0608701e-06
       25363.350   3.0524238e-06
       25376.650   3.0439760e-06
       25389.950   3.0355264e-06
       25403.250   3.0270752e-06
       25416.550   3.0186223e-06
       25429.850   3.0101675e-06
       25443.150   3.0017112e-06
       25456.450   2.9968812e-06
       25469.750   2.9959034e-06
       25483.050   2.9949250e-06
       25496.350   2.9939463e-06
       25509.650   2.9929670e-06
       25522.950   2.9919873e-06
       25536.250   2.9910070e-06
       25549.550   2.9900263e-06
       25562.850   2.9888566e-06
       25576.150   2.9876797e-06
       25589.450   2.9865024e-06
       25602.750   2.9853247e-06
       25616.050   2.9841464e-06
       25629.350   2.9829674e-06
       25642.650   2.9817881e-06
       25655.950   2.9818741e-06
       25669.250   2.9835233e-06
       25682.550   2.9851723e-06
       25695.850   2.9868214e-06
       25709.150   2.9884704e-06
       25722.450   2.9901194e-06
       25735.750   2.9917681e-06
       25749.050   2.9934169e-06
       25762.350   2.9812380e-06
       25775.650   2.9679931e-06
       25788.950   2.9547458e-06
       25802.250   2.9414963e-06
       25815.550   2.9282445e-06
       25828.850   2.9149903e-06
       25842.150   2.9017336e-06
       25855.450   2.8947360e-06
       25868.750   2.8967559e-06
       25882.050   2.8987757e-06
       25895.350   2.9007953e-06
       25908.650   2.9028153e-06
       25921.950   2.9048351e-06
       25935.250   2.9068548e-06
       25948.550   2.9088746e-06
       25961.850   2.9133388e-06
       25975.150   2.9181024e-06
       25988.450   2.9228663e-06
       26001.750   2.9276309e-06
       26015.050   2.9323956e-06
       26028.350   2.9371609e-06
       26041.650   2.9419266e-06
       26054.950   2.9415088e-06
       26068.250   2.9323459e-06
       26081.550   2.9231815e-06
       26094.850   2.9140153e-06
       26108.150   2.9048475e-06
       26121.450   2.8956780e-06
       26134.750   2.8865069e-06
       26148.050   2.8773340e-06
       26161.350   2.8740994e-06
       26174.650   2.8718842e-06
       26187.950   2.8696687e-06
       26201.250   2.8674523e-06
       26214.550   2.8652355e-06
       26227.850   2.8630180e-06
       26241.150   2.8607999e-06
       26254.450   2.8608334e-06
       26267.750   2.8653463e-06
       26281.050   2.8698595e-06
       26294.350   2.8743731e-06
       26307.650   2.8788871e-06
       26320.950   2.8834016e-06
       26334.250   2.8879163e-06
       26347.550   2.8924313e-06
       26360.850   2.8861525e-06
       26374.150   2.8774350e-06
       26387.450   2.8687161e-06
       26400.750   2.8599955e-06
       26414.050   2.8512734e-06
       26427.350   2.8425497e-06
       26440.650   2.8338246e-06
       26453.950   2.8273726e-06
       26467.250   2.8263041e-06
       26480.550   2.8252352e-06
       26493.850   2.8241659e-06
       26507.150   2.8230960e-06
       26520.450   2.8220259e-06
       26533.750   2.8209551e-06
       26547.050   2.8198842e-06
       26560.350   2.8179118e-06
       26573.650   2.8156819e-06
       26586.950   2.8134515e-06
       26600.250   2.8112205e-06
       26613.550   2.8089891e-06
       26626.850   2.8067569e-06
       26640.150   2.8045242e-06
       26653.450   2.8025365e-06
       26666.750   2.8012492e-06
       26680.050   2.7999615e-06
       26693.350   2.7986732e-06
       26706.650   2.7973847e-06
       26719.950   2.7960956e-06
       26733.250   2.7948060e-06
       26746.550   2.7935159e-06
       26759.850   2.7853627e-06
       26773.150   2.7748037e-06
       26786.450   2.7642433e-06
       26799.750   2.7536811e-06
       26813.050   2.7431171e-06
       26826.350   2.7325514e-06
       26839.650   2.7219842e-06
       26852.950   2.7132468e-06
       26866.250   2.7109346e-06
       26879.550   2.7086221e-06
       26892.850   2.7063089e-06
       26906.150   2.7039951e-06
       26919.450   2.7016808e-06
       26932.750   2.6993659e-06
       26946.050   2.6970505e-06
       26959.350   2.6973062e-06
       26972.650   2.6986482e-06
       26985.950   2.6999902e-06
       26999.250   2.7013319e-06
       27012.550   2.7026738e-06
       27025.850   2.7040155e-06
       27039.150   2.7053573e-06
       27052.450   2.7055691e-06
       27065.750   2.7007778e-06
       27079.050   2.6959856e-06
       27092.350   2.6911925e-06
       27105.650   2.6863985e-06
       27118.950   2.6816037e-06
       27132.250   2.6768079e-06
       27145.550   2.6720113e-06
       27158.850   2.6751039e-06
       27172.150   2.6821644e-06
       27185.450   2.6892254e-06
       27198.750   2.6962872e-06
       27212.050   2.7033497e-06
       27225.350   2.7104129e-06
       27238.650   2.7174767e-06
       27251.950   2.7222038e-06
       27265.250   2.7133253e-06
       27278.550   2.7044455e-06
       27291.850   2.6955641e-06
       27305.150   2.6866815e-06
       27318.450   2.6777973e-06
       27331.750   2.6689119e-06
       27345.050   2.6600248e-06
       27358.350   2.6595786e-06
       27371.650   2.6641368e-06
       27384.950   2.6686954e-06
       27398.250   2.6732543e-06
       27411.550   2.6778137e-06
       27424.850   2.6823733e-06
       27438.150   2.6869333e-06
       27451.450   2.6902726e-06
       27464.750   2.6836325e-06
       27478.050   2.6769912e-06
       27491.350   2.6703489e-06
       27504.650   2.6637055e-06
       27517.950   2.6570610e-06
       27531.250   2.6504155e-06
       27544.550   2.6437689e-06
       27557.850   2.6362201e-06
       27571.150   2.6280444e-06
       27584.450   2.6198677e-06
       27597.750   2.6116896e-06
       27611.050   2.6035101e-06
       27624.350   2.5953295e-06
       27637.650   2.5871475e-06
       27650.950   2.5793586e-06
       27664.250   2.5766921e-06
       27677.550   2.5740251e-06
       27690.850   2.5713574e-06
       27704.150   2.5686893e-06
       27717.450   2.5660205e-06
       27730.750   2.5633514e-06
       27744.050   2.5606816e-06
       27757.350   2.5609984e-06
       27770.650   2.5637333e-06
       27783.950   2.5664681e-06
       27797.250   2.5692033e-06
       27810.550   2.5719385e-06
       27823.850   2.5746738e-06
       27837.150   2.5774093e-06
       27850.450   2.5800359e-06
       27863.750   2.5795490e-06
       27877.050   2.5790618e-06
       27890.350   2.5785742e-06
       27903.650   2.5780865e-06
       27916.950   2.5775984e-06
       27930.250   2.5771101e-06
       27943.550   2.5766215e-06
       27956.850   2.5726397e-06
       27970.150   2.5653681e-06
       27983.450   2.5580951e-06
       27996.750   2.5508213e-06
       28010.050   2.5435463e-06
       28023.350   2.5362701e-06
       28036.650   2.5289931e-06
       28049.950   2.5217148e-06
       28063.250   2.5160377e-06
       28076.550   2.5103655e-06
       28089.850   2.5046927e-06
       28103.150   2.4990190e-06
       28116.450   2.4933442e-06
       28129.750   2.4876688e-06
       28143.050   2.4819923e-06
       28156.350   2.4787415e-06
       28169.650   2.4781460e-06
       28182.950   2.4775503e-06
       28196.250   2.4769544e-06
       28209.550   2.4763582e-06
       28222.850   2.4757617e-06
       28236.150   2.4751649e-06
       28249.450   2.4745679e-06
       28262.750   2.4669285e-06
       28276.050   2.4589844e-06
       28289.350   2.4510390e-06
       28302.650   2.4430924e-06
       28315.950   2.4351448e-06
       28329.250   2.4271960e-06
       28342.550   2.4192461e-06
       28355.850   2.4088526e-06
       28369.150   2.3953471e-06
       28382.450   2.3818397e-06
       28395.750   2.3683305e-06
       28409.050   2.3548196e-06
       28422.350   2.3413068e-06
       28435.650   2.3277924e-06
       28448.950   2.3142761e-06
       28462.250   2.3184764e-06
       28475.550   2.3241958e-06
       28488.850   2.3299156e-06
       28502.150   2.3356362e-06
       28515.450   2.3413570e-06
       28528.750   2.3470784e-06
       28542.050   2.3528002e-06
       28555.350   2.3564278e-06
       28568.650   2.3569426e-06
       28581.950   2.3574573e-06
       28595.250   2.3579719e-06
       28608.550   2.3584862e-06
       28621.850   2.3590005e-06
       28635.150   2.3595148e-06
       28648.450   2.3600289e-06
       28661.750   2.3544134e-06
       28675.050   2.3479886e-06
       28688.350   2.3415629e-06
       28701.650   2.3351361e-06
       28714.950   2.3287086e-06
       28728.250   2.3222800e-06
       28741.550   2.3158507e-06
       28754.850   2.3102007e-06
       28768.150   2.3059097e-06
       28781.450   2.3016179e-06
       28794.750   2.2973255e-06
       28808.050   2.2930325e-06
       28821.350   2.2887388e-06
       28834.650   2.2844444e-06
       28847.950   2.2801495e-06
       28861.250   2.2742074e-06
       28874.550   2.2679645e-06
       28887.850   2.2617208e-06
       28901.150   2.2554761e-06
       28914.450   2.2492306e-06
       28927.750   2.2429844e-06
       28941.050   2.2367371e-06
       28954.350   2.2329347e-06
       28967.650   2.2341639e-06
       28980.950   2.2353932e-06
       28994.250   2.2366223e-06
       29007.550   2.2378514e-06
       29020.850   2.2390806e-06
       29034.150   2.2403097e-06
       29047.450   2.2415387e-06
       29060.750   2.2354287e-06
       29074.050   2.2275766e-06
       29087.350   2.2197236e-06
       29100.650   2.2118694e-06
       29113.950   2.2040142e-06
       29127.250   2.1961582e-06
       29140.550   2.1883009e-06
       29153.850   2.1802341e-06
       29167.150   2.1716538e-06
       29180.450   2.1630725e-06
       29193.750   2.1544900e-06
       29207.050   2.1459066e-06
       29220.350   2.1373220e-06
       29233.650   2.1287362e-06
       29246.950   2.1201495e-06
       29260.250   2.1177257e-06
       29273.550   2.1171357e-06
       29286.850   2.1165455e-06
       29300.150   2.1159552e-06
       29313.450   2.1153646e-06
       29326.750   2.1147739e-06
       29340.050   2.1141829e-06
       29353.350   2.1121315e-06
       29366.650   2.1057426e-06
       29379.950   2.0993528e-06
       29393.250   2.0929621e-06
       29406.550   2.0865707e-06
       29419.850   2.0801785e-06
       29433.150   2.0737853e-06
       29446.450   2.0673913e-06
       29459.750   2.0623093e-06
       29473.050   2.0577045e-06
       29486.350   2.0530992e-06
       29499.650   2.0484930e-06
       29512.950   2.0438864e-06
       29526.250   2.0392792e-06
       29539.550   2.0346713e-06
       29552.850   2.0304089e-06
       29566.150   2.0274158e-06
       29579.450   2.0244222e-06
       29592.750   2.0214282e-06
       29606.050   2.0184338e-06
       29619.350   2.0154389e-06
       29632.650   2.0124435e-06
       29645.950   2.0094477e-06
       29659.250   2.0052567e-06
       29672.550   2.0005419e-06
       29685.850   1.9958266e-06
       29699.150   1.9911106e-06
       29712.450   1.9863940e-06
       29725.750   1.9816767e-06
       29739.050   1.9769588e-06
       29752.350   1.9721271e-06
       29765.650   1.9667674e-06
       29778.950   1.9614068e-06
       29792.250   1.9560455e-06
       29805.550   1.9506837e-06
       29818.850   1.9453210e-06
       29832.150   1.9399577e-06
       29845.450   1.9345937e-06
       29858.750   1.9315649e-06
       29872.050   1.9297505e-06
       29885.350   1.9279357e-06
       29898.650   1.9261206e-06
       29911.950   1.9243052e-06
       29925.250   1.9224896e-06
       29938.550   1.9206736e-06
       29951.850   1.9188403e-06
       29965.150   1.9169009e-06
       29978.450   1.9149614e-06
       29991.750   1.9130215e-06
       30005.050   1.9110812e-06
       30018.350   1.9091407e-06
       30031.650   1.9071998e-06
       30044.950   1.9052587e-06
       30058.250   1.9024027e-06
       30071.550   1.8989865e-06
       30084.850   1.8955698e-06
       30098.150   1.8921526e-06
       30111.450   1.8887350e-06
       30124.750   1.8853169e-06
       30138.050   1.8818985e-06
       30151.350   1.8784650e-06
       30164.650   1.8749028e-06
       30177.950   1.8713402e-06
       30191.250   1.8677771e-06
       30204.550   1.8642136e-06
       30217.850   1.8606495e-06
       30231.150   1.8570850e-06
       30244.450   1.8535200e-06
       30257.750   1.8497950e-06
       30271.050   1.8459550e-06
       30284.350   1.8421146e-06
       30297.650   1.8382738e-06
       30310.950   1.8344324e-06
       30324.250   1.8305905e-06
       30337.550   1.8267481e-06
       30350.850   1.8230351e-06
       30364.150   1.8212238e-06
       30377.450   1.8194123e-06
       30390.750   1.8176005e-06
       30404.050   1.8157883e-06
       30417.350   1.8139759e-06
       30430.650   1.8121632e-06
       30443.950   1.8103503e-06
       30457.250   1.8082097e-06
       30470.550   1.8057956e-06
       30483.850   1.8033813e-06
       30497.150   1.8009665e-06
       30510.450   1.7985516e-06
       30523.750   1.7961361e-06
       30537.050   1.7937204e-06
       30550.350   1.7913257e-06
       30563.650   1.7897192e-06
       30576.950   1.7881125e-06
       30590.250   1.7865055e-06
       30603.550   1.7848983e-06
       30616.850   1.7832907e-06
       30630.150   1.7816829e-06
       30643.450   1.7800749e-06
       30656.750   1.7783612e-06
       30670.050   1.7765447e-06
       30683.350   1.7747281e-06
       30696.650   1.7729111e-06
       30709.950   1.7710938e-06
       30723.250   1.7692763e-06
       30736.550   1.7674586e-06
       30749.850   1.7656404e-06
       30763.150   1.7618552e-06
       30776.450   1.7580470e-06
       30789.750   1.7542384e-06
       30803.050   1.7504292e-06
       30816.350   1.7466196e-06
       30829.650   1.7428096e-06
       30842.950   1.7389991e-06
       30856.250   1.7355618e-06
       30869.550   1.7325456e-06
       30882.850   1.7295289e-06
       30896.150   1.7265120e-06
       30909.450   1.7234947e-06
       30922.750   1.7204769e-06
       30936.050   1.7174588e-06
       30949.350   1.7144402e-06
       30962.650   1.7137171e-06
       30975.950   1.7131117e-06
       30989.250   1.7125062e-06
       31002.550   1.7119005e-06
       31015.850   1.7112948e-06
       31029.150   1.7106887e-06
       31042.450   1.7100826e-06
       31055.750   1.7082933e-06
       31069.050   1.7049504e-06
       31082.350   1.7016071e-06
       31095.650   1.6982634e-06
       31108.950   1.6949192e-06
       31122.250   1.6915746e-06
       31135.550   1.6882296e-06
       31148.850   1.6848843e-06
       31162.150   1.6822653e-06
       31175.450   1.6797147e-06
       31188.750   1.6771638e-06
       31202.050   1.6746125e-06
       31215.350   1.6720609e-06
       31228.650   1.6695091e-06
       31241.950   1.6669568e-06
       31255.250   1.6642167e-06
       31268.550   1.6611885e-06
       31281.850   1.6581599e-06
       31295.150   1.6551310e-06
       31308.450   1.6521018e-06
       31321.750   1.6490721e-06
       31335.050   1.6460421e-06
       31348.350   1.6430117e-06
       31361.650   1.6410723e-06
       31374.950   1.6392872e-06
       31388.250   1.6375019e-06
       31401.550   1.6357163e-06
       31414.850   1.6339304e-06
       31428.150   1.6321444e-06
       31441.450   1.6303580e-06
       31454.750   1.6283764e-06
       31468.050   1.6260436e-06
       31481.350   1.6237103e-06
       31494.650   1.6213768e-06
       31507.950   1.6190430e-06
       31521.250   1.6167089e-06
       31534.550   1.6143745e-06
       31547.850   1.6120398e-06
       31561.150   1.6087107e-06
       31574.450   1.6051897e-06
       31587.750   1.6016681e-06
       31601.050   1.5981462e-06
       31614.350   1.5946239e-06
       31627.650   1.5911012e-06
       31640.950   1.5875781e-06
       31654.250   1.5845583e-06
       31667.550   1.5826108e-06
       31680.850   1.5806630e-06
       31694.150   1.5787150e-06
       31707.450   1.5767667e-06
       31720.750   1.5748181e-06
       31734.050   1.5728693e-06
       31747.350   1.5709203e-06
       31760.650   1.5698264e-06
       31773.950   1.5689453e-06
       31787.250   1.5680640e-06
       31800.550   1.5671826e-06
       31813.850   1.5663010e-06
       31827.150   1.5654192e-06
       31840.450   1.5645373e-06
       31853.750   1.5636818e-06
       31867.050   1.5628937e-06
       31880.350   1.5621055e-06
       31893.650   1.5613172e-06
       31906.950   1.5605288e-06
       31920.250   1.5597401e-06
       31933.550   1.5589514e-06
       31946.850   1.5581625e-06
       31960.150   1.5558419e-06
       31973.450   1.5530457e-06
       31986.750   1.5502491e-06
       32000.050   1.5474523e-06
       32013.350   1.5446552e-06
       32026.650   1.5418576e-06
       32039.950   1.5390598e-06
       32053.250   1.5362617e-06
       32066.550   1.5334633e-06
       32079.850   1.5306646e-06
       32093.150   1.5278655e-06
       32106.450   1.5252530e-06
       32119.750   1.5228386e-06
       32133.050   1.5204240e-06
       32146.350   1.5180091e-06
       32159.650   1.5155939e-06
       32172.950   1.5131785e-06
       32186.250   1.5107627e-06
       32199.550   1.5083467e-06
       32212.850   1.5059303e-06
       32226.150   1.5035137e-06
       32239.450   1.5010969e-06
       32252.750   1.4986798e-06
       32266.050   1.4962624e-06
       32279.350   1.4938447e-06
       32292.650   1.4914268e-06
       32305.950   1.4896495e-06
       32319.250   1.4886639e-06
       32332.550   1.4876781e-06
       32345.850   1.4866922e-06
       32359.150   1.4857061e-06
       32372.450   1.4847198e-06
       32385.750   1.4837334e-06
       32399.050   1.4827470e-06
       32412.350   1.4817602e-06
       32425.650   1.4807734e-06
       32438.950   1.4797864e-06
       32452.250   1.4787993e-06
       32465.550   1.4778119e-06
       32478.850   1.4768246e-06
       32492.150   1.4758369e-06
       32505.450   1.4744310e-06
       32518.750   1.4724226e-06
       32532.050   1.4704138e-06
       32545.350   1.4684049e-06
       32558.650   1.4663957e-06
       32571.950   1.4643864e-06
       32585.250   1.4623768e-06
       32598.550   1.4603669e-06
       32611.850   1.4583568e-06
       32625.150   1.4563465e-06
       32638.450   1.4543359e-06
       32651.750   1.4523252e-06
       32665.050   1.4503141e-06
       32678.350   1.4483028e-06
       32691.650   1.4462914e-06
       32704.950   1.4442026e-06
       32718.250   1.4419837e-06
       32731.550   1.4397645e-06
       32744.850   1.4375451e-06
       32758.150   1.4353254e-06
       32771.450   1.4331055e-06
       32784.750   1.4308854e-06
       32798.050   1.4286649e-06
       32811.350   1.4264443e-06
       32824.650   1.4242235e-06
       32837.950   1.4220023e-06
       32851.250   1.4197810e-06
       32864.550   1.4175593e-06
       32877.850   1.4153375e-06
       32891.150   1.4131154e-06
       32904.450   1.4109378e-06
       32917.750   1.4088489e-06
       32931.050   1.4067598e-06
       32944.350   1.4046705e-06
       32957.650   1.4025809e-06
       32970.950   1.4004911e-06
       32984.250   1.3984012e-06
       32997.550   1.3963109e-06
       33010.850   1.3942204e-06
       33024.150   1.3921297e-06
       33037.450   1.3900388e-06
       33050.750   1.3879477e-06
       33064.050   1.3858563e-06
       33077.350   1.3837647e-06
       33090.650   1.3816728e-06
       33103.950   1.3799039e-06
       33117.250   1.3788996e-06
       33130.550   1.3778951e-06
       33143.850   1.3768904e-06
       33157.150   1.3758856e-06
       33170.450   1.3748807e-06
       33183.750   1.3738756e-06
       33197.050   1.3728704e-06
       33210.350   1.3718651e-06
       33223.650   1.3708597e-06
       33236.950   1.3698541e-06
       33250.250   1.3688483e-06
       33263.550   1.3678425e-06
       33276.850   1.3668364e-06
       33290.150   1.3658303e-06
       33303.450   1.3650399e-06
       33316.750   1.3648656e-06
       33330.050   1.3646914e-06
       33343.350   1.3645171e-06
       33356.650   1.3643427e-06
       33369.950   1.3641683e-06
       33383.250   1.3639937e-06
       33396.550   1.3638191e-06
       33409.850   1.3636445e-06
       33423.150   1.3634697e-06
       33436.450   1.3632949e-06
       33449.750   1.3631200e-06
       33463.050   1.3629451e-06
       33476.350   1.3627700e-06
       33489.650   1.3625950e-06
       33502.950   1.3618720e-06
       33516.250   1.3592269e-06
       33529.550   1.3565815e-06
       33542.850   1.3539359e-06
       33556.150   1.3512899e-06
       33569.450   1.3486438e-06
       33582.750   1.3459974e-06
       33596.050   1.3433507e-06
       33609.350   1.3407039e-06
       33622.650   1.3380567e-06
       33635.950   1.3354092e-06
       33649.250   1.3327615e-06
       33662.550   1.3301136e-06
       33675.850   1.3274654e-06
       33689.150   1.3248170e-06
       33702.450   1.3224728e-06
       33715.750   1.3214773e-06
       33729.050   1.3204816e-06
       33742.350   1.3194859e-06
       33755.650   1.3184899e-06
       33768.950   1.3174940e-06
       33782.250   1.3164978e-06
       33795.550   1.3155015e-06
       33808.850   1.3145051e-06
       33822.150   1.3135085e-06
       33835.450   1.3125119e-06
       33848.750   1.3115150e-06
       33862.050   1.3105181e-06
       33875.350   1.3095210e-06
       33888.650   1.3085239e-06
       33901.950   1.3075636e-06
       33915.250   1.3068190e-06
       33928.550   1.3060743e-06
       33941.850   1.3053294e-06
       33955.150   1.3045845e-06
       33968.450   1.3038394e-06
       33981.750   1.3030942e-06
       33995.050   1.3023490e-06
       34008.350   1.3016035e-06
       34021.650   1.3008580e-06
       34034.950   1.3001125e-06
       34048.250   1.2993667e-06
       34061.550   1.2986210e-06
       34074.850   1.2978750e-06
       34088.150   1.2971290e-06
       34101.450   1.2964222e-06
       34114.750   1.2960360e-06
       34128.050   1.2956498e-06
       34141.350   1.2952635e-06
       34154.650   1.2948771e-06
       34167.950   1.2944907e-06
       34181.250   1.2941041e-06
       34194.550   1.2937175e-06
       34207.850   1.2933308e-06
       34221.150   1.2929440e-06
       34234.450   1.2925572e-06
       34247.750   1.2921702e-06
       34261.050   1.2917833e-06
       34274.350   1.2913962e-06
       34287.650   1.2910090e-06
       34300.950   1.2905112e-06
       34314.250   1.2885768e-06
       34327.550   1.2866423e-06
       34340.850   1.2847074e-06
       34354.150   1.2827725e-06
       34367.450   1.2808373e-06
       34380.750   1.2789020e-06
       34394.050   1.2769664e-06
       34407.350   1.2750307e-06
       34420.650   1.2730948e-06
       34433.950   1.2711587e-06
       34447.250   1.2692224e-06
       34460.550   1.2672860e-06
       34473.850   1.2653493e-06
       34487.150   1.2634125e-06
       34500.450   1.2614833e-06
       34513.750   1.2597768e-06
       34527.050   1.2580701e-06
       34540.350   1.2563633e-06
       34553.650   1.2546563e-06
       34566.950   1.2529492e-06
       34580.250   1.2512419e-06
       34593.550   1.2495343e-06
       34606.850   1.2478267e-06
       34620.150   1.2461189e-06
       34633.450   1.2444109e-06
       34646.750   1.2427028e-06
       34660.050   1.2409944e-06
       34673.350   1.2392860e-06
       34686.650   1.2375773e-06
       34699.950   1.2358685e-06
       34713.250   1.2334478e-06
       34726.550   1.2310241e-06
       34739.850   1.2286002e-06
       34753.150   1.2261762e-06
       34766.450   1.2237519e-06
       34779.750   1.2213274e-06
       34793.050   1.2189026e-06
       34806.350   1.2164777e-06
       34819.650   1.2140526e-06
       34832.950   1.2116272e-06
       34846.250   1.2092016e-06
       34859.550   1.2067758e-06
       34872.850   1.2043499e-06
       34886.150   1.2019237e-06
       34899.450   1.1994973e-06
       34912.750   1.1987335e-06
       34926.050   1.1980414e-06
       34939.350   1.1973491e-06
       34952.650   1.1966567e-06
       34965.950   1.1959643e-06
       34979.250   1.1952718e-06
       34992.550   1.1945792e-06
       35005.850   1.1938865e-06
       35019.150   1.1931937e-06
       35032.450   1.1925009e-06
       35045.750   1.1918079e-06
       35059.050   1.1911149e-06
       35072.350   1.1904217e-06
       35085.650   1.1897285e-06
       35098.950   1.1890352e-06
       35112.250   1.1871025e-06
       35125.550   1.1850635e-06
       35138.850   1.1830243e-06
       35152.150   1.1809850e-06
       35165.450   1.1789454e-06
       35178.750   1.1769057e-06
       35192.050   1.1748658e-06
       35205.350   1.1728257e-06
       35218.650   1.1707855e-06
       35231.950   1.1687450e-06
       35245.250   1.1667044e-06
       35258.550   1.1646636e-06
       35271.850   1.1626227e-06
       35285.150   1.1605815e-06
       35298.450   1.1585402e-06
       35311.750   1.1561257e-06
       35325.050   1.1536617e-06
       35338.350   1.1511976e-06
       35351.650   1.1487332e-06
       35364.950   1.1462686e-06
       35378.250   1.1438039e-06
       35391.550   1.1413389e-06
       35404.850   1.1388737e-06
       35418.150   1.1364084e-06
       35431.450   1.1339428e-06
       35444.750   1.1314770e-06
       35458.050   1.1290110e-06
       35471.350   1.1265449e-06
       35484.650   1.1240785e-06
       35497.950   1.1216119e-06
       35511.250   1.1208965e-06
       35524.550   1.1205002e-06
       35537.850   1.1201037e-06
       35551.150   1.1197072e-06
       35564.450   1.1193107e-06
       35577.750   1.1189141e-06
       35591.050   1.1185174e-06
       35604.350   1.1181207e-06
       35617.650   1.1177239e-06
       35630.950   1.1173270e-06
       35644.250   1.1169301e-06
       35657.550   1.1165331e-06
       35670.850   1.1161361e-06
       35684.150   1.1157390e-06
       35697.450   1.1153419e-06
       35710.750   1.1137343e-06
       35724.050   1.1118396e-06
       35737.350   1.1099447e-06
       35750.650   1.1080496e-06
       35763.950   1.1061544e-06
       35777.250   1.1042590e-06
       35790.550   1.1023635e-06
       35803.850   1.1004678e-06
       35817.150   1.0985720e-06
       35830.450   1.0966760e-06
       35843.750   1.0947798e-06
       35857.050   1.0928835e-06
       35870.350   1.0909870e-06
       35883.650   1.0890903e-06
       35896.950   1.0871935e-06
       35910.250   1.0859653e-06
       35923.550   1.0849359e-06
       35936.850   1.0839065e-06
       35950.150   1.0828769e-06
       35963.450   1.0818472e-06
       35976.750   1.0808174e-06
       35990.050   1.0797875e-06
       36003.350   1.0787576e-06
       36016.650   1.0777275e-06
       36029.950   1.0766973e-06
       36043.250   1.0756670e-06
       36056.550   1.0746366e-06
       36069.850   1.0736061e-06
       36083.150   1.0725756e-06
       36096.450   1.0715449e-06
       36109.750   1.0694484e-06
       36123.050   1.0669638e-06
       36136.350   1.0644789e-06
       36149.650   1.0619939e-06
       36162.950   1.0595087e-06
       36176.250   1.0570232e-06
       36189.550   1.0545376e-06
       36202.850   1.0520518e-06
       36216.150   1.0495658e-06
       36229.450   1.0470796e-06
       36242.750   1.0445932e-06
       36256.050   1.0421067e-06
       36269.350   1.0396199e-06
       36282.650   1.0371330e-06
       36295.950   1.0346459e-06
       36309.250   1.0328101e-06
       36322.550   1.0312595e-06
       36335.850   1.0297087e-06
       36349.150   1.0281578e-06
       36362.450   1.0266068e-06
       36375.750   1.0250557e-06
       36389.050   1.0235044e-06
       36402.350   1.0219531e-06
       36415.650   1.0204016e-06
       36428.950   1.0188499e-06
       36442.250   1.0172981e-06
       36455.550   1.0157462e-06
       36468.850   1.0141942e-06
       36482.150   1.0126420e-06
       36495.450   1.0110898e-06
       36508.750   1.0097062e-06
       36522.050   1.0084105e-06
       36535.350   1.0071146e-06
       36548.650   1.0058186e-06
       36561.950   1.0045225e-06
       36575.250   1.0032263e-06
       36588.550   1.0019299e-06
       36601.850   1.0006335e-06
       36615.150   9.9933691e-07
       36628.450   9.9804027e-07
       36641.750   9.9674355e-07
       36655.050   9.9544662e-07
       36668.350   9.9414968e-07
       36681.650   9.9285259e-07
       36694.950   9.9155536e-07
       36708.250   9.8991801e-07
       36721.550   9.8807242e-07
       36734.850   9.8622665e-07
       36748.150   9.8438077e-07
       36761.450   9.8253471e-07
       36774.750   9.8068854e-07
       36788.050   9.7884226e-07
       36801.350   9.7699580e-07
       36814.650   9.7514917e-07
       36827.950   9.7330242e-07
       36841.250   9.7145557e-07
       36854.550   9.6960854e-07
       36867.850   9.6776139e-07
       36881.150   9.6591414e-07
       36894.450   9.6406671e-07
       36907.750   9.6227618e-07
       36921.050   9.6052642e-07
       36934.350   9.5877654e-07
       36947.650   9.5702651e-07
       36960.950   9.5527636e-07
       36974.250   9.5352605e-07
       36987.550   9.5177564e-07
       37000.850   9.5002512e-07
       37014.150   9.4827443e-07
       37027.450   9.4652358e-07
       37040.750   9.4477269e-07
       37054.050   9.4302163e-07
       37067.350   9.4127040e-07
       37080.650   9.3951907e-07
       37093.950   9.3776758e-07
       37107.250   9.3630406e-07
       37120.550   9.3508085e-07
       37133.850   9.3385750e-07
       37147.150   9.3263409e-07
       37160.450   9.3141060e-07
       37173.750   9.3018698e-07
       37187.050   9.2896323e-07
       37200.350   9.2773940e-07
       37213.650   9.2651550e-07
       37226.950   9.2529148e-07
       37240.250   9.2406737e-07
       37253.550   9.2284320e-07
       37266.850   9.2161889e-07
       37280.150   9.2039446e-07
       37293.450   9.1916995e-07
       37306.750   9.1760037e-07
       37320.050   9.1569585e-07
       37333.350   9.1379123e-07
       37346.650   9.1188649e-07
       37359.950   9.0998158e-07
       37373.250   9.0807656e-07
       37386.550   9.0617137e-07
       37399.850   9.0426607e-07
       37413.150   9.0236061e-07
       37426.450   9.0045503e-07
       37439.750   8.9854934e-07
       37453.050   8.9664349e-07
       37466.350   8.9473752e-07
       37479.650   8.9283138e-07
       37492.950   8.9092514e-07
       37506.250   8.8946968e-07
       37519.550   8.8852270e-07
       37532.850   8.8757567e-07
       37546.150   8.8662852e-07
       37559.450   8.8568132e-07
       37572.750   8.8473406e-07
       37586.050   8.8378670e-07
       37599.350   8.8283927e-07
       37612.650   8.8189174e-07
       37625.950   8.8094415e-07
       37639.250   8.7999646e-07
       37652.550   8.7904870e-07
       37665.850   8.7810089e-07
       37679.150   8.7715303e-07
       37692.450   8.7620500e-07
       37705.750   8.7515708e-07
       37719.050   8.7397788e-07
       37732.350   8.7279861e-07
       37745.650   8.7161922e-07
       37758.950   8.7043977e-07
       37772.250   8.6926018e-07
       37785.550   8.6808054e-07
       37798.850   8.6690082e-07
       37812.150   8.6572098e-07
       37825.450   8.6454108e-07
       37838.750   8.6336111e-07
       37852.050   8.6218101e-07
       37865.350   8.6100080e-07
       37878.650   8.5982057e-07
       37891.950   8.5864022e-07
       37905.250   8.5749841e-07
       37918.550   8.5641582e-07
       37931.850   8.5533316e-07
       37945.150   8.5425039e-07
       37958.450   8.5316756e-07
       37971.750   8.5208466e-07
       37985.050   8.5100166e-07
       37998.350   8.4991859e-07
       38011.650   8.4883540e-07
       38024.950   8.4775216e-07
       38038.250   8.4666885e-07
       38051.550   8.4558543e-07
       38064.850   8.4450195e-07
       38078.150   8.4341835e-07
       38091.450   8.4233470e-07
       38104.750   8.4119118e-07
       38118.050   8.3993990e-07
       38131.350   8.3868856e-07
       38144.650   8.3743709e-07
       38157.950   8.3618560e-07
       38171.250   8.3493394e-07
       38184.550   8.3368227e-07
       38197.850   8.3243047e-07
       38211.150   8.3117855e-07
       38224.450   8.2992655e-07
       38237.750   8.2867450e-07
       38251.050   8.2742231e-07
       38264.350   8.2617006e-07
       38277.650   8.2491774e-07
       38290.950   8.2366530e-07
       38304.250   8.2252364e-07
       38317.550   8.2161793e-07
       38330.850   8.2071213e-07
       38344.150   8.1980628e-07
       38357.450   8.1890032e-07
       38370.750   8.1799432e-07
       38384.050   8.1708826e-07
       38397.350   8.1618211e-07
       38410.650   8.1527590e-07
       38423.950   8.1436960e-07
       38437.250   8.1346324e-07
       38450.550   8.1255683e-07
       38463.850   8.1165033e-07
       38477.150   8.1074377e-07
       38490.450   8.0983716e-07
       38503.750   8.0889856e-07
       38517.050   8.0787868e-07
       38530.350   8.0685869e-07
       38543.650   8.0583864e-07
       38556.950   8.0481854e-07
       38570.250   8.0379838e-07
       38583.550   8.0277812e-07
       38596.850   8.0175775e-07
       38610.150   8.0073733e-07
       38623.450   7.9971685e-07
       38636.750   7.9869632e-07
       38650.050   7.9767568e-07
       38663.350   7.9665498e-07
       38676.650   7.9563419e-07
       38689.950   7.9461333e-07
       38703.250   7.9362179e-07
       38716.550   7.9272095e-07
       38729.850   7.9182006e-07
       38743.150   7.9091912e-07
       38756.450   7.9001809e-07
       38769.750   7.8911701e-07
       38783.050   7.8821583e-07
       38796.350   7.8731460e-07
       38809.650   7.8641332e-07
       38822.950   7.8551194e-07
       38836.250   7.8461052e-07
       38849.550   7.8370905e-07
       38862.850   7.8280748e-07
       38876.150   7.8190587e-07
       38889.450   7.8100420e-07
       38902.750   7.8011881e-07
       38916.050   7.7929618e-07
       38929.350   7.7847346e-07
       38942.650   7.7765074e-07
       38955.950   7.7682788e-07
       38969.250   7.7600503e-07
       38982.550   7.7518208e-07
       38995.850   7.7435909e-07
       39009.150   7.7353601e-07
       39022.450   7.7271289e-07
       39035.750   7.7188967e-07
       39049.050   7.7106646e-07
       39062.350   7.7024315e-07
       39075.650   7.6941976e-07
       39088.950   7.6859632e-07
       39102.250   7.6777360e-07
       39115.550   7.6695458e-07
       39128.850   7.6613547e-07
       39142.150   7.6531632e-07
       39155.450   7.6449707e-07
       39168.750   7.6367779e-07
       39182.050   7.6285846e-07
       39195.350   7.6203904e-07
       39208.650   7.6121957e-07
       39221.950   7.6040007e-07
       39235.250   7.5958047e-07
       39248.550   7.5876083e-07
       39261.850   7.5794115e-07
       39275.150   7.5712138e-07
       39288.450   7.5630157e-07
       39301.750   7.5546774e-07
       39315.050   7.5454161e-07
       39328.350   7.5361544e-07
       39341.650   7.5268917e-07
       39354.950   7.5176290e-07
       39368.250   7.5083649e-07
       39381.550   7.4991007e-07
       39394.850   7.4898357e-07
       39408.150   7.4805701e-07
       39421.450   7.4713036e-07
       39434.750   7.4620367e-07
       39448.050   7.4527692e-07
       39461.350   7.4435013e-07
       39474.650   7.4342324e-07
       39487.950   7.4249627e-07
       39501.250   7.4159490e-07
       39514.550   7.4094039e-07
       39527.850   7.4028585e-07
       39541.150   7.3963123e-07
       39554.450   7.3897657e-07
       39567.750   7.3832188e-07
       39581.050   7.3766711e-07
       39594.350   7.3701231e-07
       39607.650   7.3635748e-07
       39620.950   7.3570256e-07
       39634.250   7.3504761e-07
       39647.550   7.3439263e-07
       39660.850   7.3373757e-07
       39674.150   7.3308248e-07
       39687.450   7.3242735e-07
       39700.750   7.3175165e-07
       39714.050   7.3073303e-07
       39727.350   7.2971436e-07
       39740.650   7.2869559e-07
       39753.950   7.2767677e-07
       39767.250   7.2665790e-07
       39780.550   7.2563894e-07
       39793.850   7.2461992e-07
       39807.150   7.2360085e-07
       39820.450   7.2258169e-07
       39833.750   7.2156247e-07
       39847.050   7.2054321e-07
       39860.350   7.1952385e-07
       39873.650   7.1850444e-07
       39886.950   7.1748497e-07
       39900.250   7.1647037e-07
       39913.550   7.1571418e-07
       39926.850   7.1495795e-07
       39940.150   7.1420164e-07
       39953.450   7.1344529e-07
       39966.750   7.1268891e-07
       39980.050   7.1193244e-07
       39993.350   7.1117593e-07
