       106.65000   3.5441883e-11
       119.95000   1.1147605e-10
       133.25000   2.6544339e-10
       146.55000   5.2163461e-10
       159.85000   8.8834594e-10
       173.15000   1.3587389e-09
       186.45000   1.9148792e-09
       199.75000   2.5300900e-09
       213.05000   3.1760719e-09
       226.35000   3.8264364e-09
       239.65000   3.1816915e-08
       252.95000   3.0134536e-08
       266.25000   2.8695978e-08
       279.55000   2.6948186e-08
       292.85000   2.5554877e-08
       306.15000   2.3908558e-08
       319.45000   2.2390737e-08
       332.75000   2.1002754e-08
       346.05000   1.9621157e-08
       359.35000   1.8804456e-08
       372.65000   1.8059014e-08
       385.95000   1.6687371e-08
       399.25000   1.6400386e-08
       412.55000   1.5673392e-08
       425.85000   1.4538552e-08
       439.15000   1.3938948e-08
       452.45000   1.3207292e-08
       465.75000   1.2287766e-08
       479.05000   1.1830087e-08
       492.35000   1.1048951e-08
       505.65000   1.0440182e-08
       518.95000   1.0561127e-08
       532.25000   9.7618262e-09
       545.55000   8.9069052e-09
       558.85000   8.8421768e-09
       572.15000   8.6891122e-09
       585.45000   8.2739881e-09
       598.75000   7.6467087e-09
       612.05000   7.1939799e-09
       625.35000   7.1029901e-09
       638.65000   6.9064437e-09
       651.95000   6.5196589e-09
       665.25000   6.3434945e-09
       678.55000   6.0470679e-09
       691.85000   5.7975336e-09
       705.15000   5.3337597e-09
       718.45000   5.4266479e-09
       731.75000   5.2285993e-09
       745.05000   4.9730029e-09
       758.35000   4.7042625e-09
       771.65000   4.5235202e-09
       784.95000   4.2562897e-09
       798.25000   4.2252073e-09
       811.55000   4.1140377e-09
       824.85000   3.9878159e-09
       838.15000   3.6672039e-09
       851.45000   3.6693385e-09
       864.75000   3.5823151e-09
       878.05000   3.4718719e-09
       891.35000   3.3586496e-09
       904.65000   3.2211991e-09
       917.95000   4.7594967e-09
       931.25000   7.3414626e-09
       944.55000   1.1938408e-08
       957.85000   2.3452954e-08
       971.15000   1.7264973e-08
       984.45000   5.2089764e-08
       997.75000   6.6832795e-08
       1011.0500   7.0724234e-08
       1024.3500   1.5298161e-08
       1037.6500   5.6037475e-08
       1050.9500   1.4645442e-07
       1064.2500   1.4598211e-07
       1077.5500   1.6844164e-07
       1090.8500   1.6482991e-07
       1104.1500   6.7319621e-07
       1117.4500   1.0863545e-06
       1130.7500   1.2831284e-06
       1144.0500   1.1906039e-06
       1157.3500   1.4186247e-06
       1170.6500   1.3759901e-06
       1183.9500   9.7292435e-07
       1197.2500   8.9598324e-08
       1210.5500   5.5929881e-08
       1223.8500   6.8971563e-08
       1237.1500   8.7742795e-07
       1250.4500   3.1004955e-05
       1263.7500   2.1299783e-05
       1277.0500   6.5047838e-05
       1290.3500   7.6572270e-05
       1303.6500   5.4169737e-05
       1316.9500   8.6591505e-05
       1330.2500   8.6433501e-05
       1343.5500   0.00010531726
       1356.8500   0.00010237613
       1370.1500   0.00010003799
       1383.4500   0.00010972726
       1396.7500   0.00011728617
       1410.0500   0.00011068270
       1423.3500   0.00011504167
       1436.6500   0.00010886792
       1449.9500   0.00013108428
       1463.2500   0.00011655623
       1476.5500   0.00011059258
       1489.8500   0.00012438395
       1503.1500   0.00012961680
       1516.4500   0.00012493130
       1529.7500   9.9144019e-05
       1543.0500   0.00011828832
       1556.3500   0.00010784441
       1569.6500   0.00010447002
       1582.9500   0.00011888833
       1596.2500   0.00012805117
       1609.5500   0.00011952637
       1622.8500   0.00010880815
       1636.1500   0.00011411743
       1649.4500   0.00010985118
       1662.7500   0.00011217075
       1676.0500   0.00010645122
       1689.3500   0.00012147012
       1702.6500   0.00010908178
       1715.9500   0.00010351010
       1729.2500   0.00010533846
       1742.5500   0.00010837245
       1755.8500   0.00011902863
       1769.1500   0.00010518412
       1782.4500   0.00011105336
       1795.7500   0.00012242374
       1809.0500   0.00011522487
       1822.3500   0.00010991522
       1835.6500   0.00010226674
       1848.9500   9.4623658e-05
       1862.2500   9.8046205e-05
       1875.5500   0.00010305789
       1888.8500   9.8273997e-05
       1902.1500   9.4361816e-05
       1915.4500   9.5154223e-05
       1928.7500   9.2956620e-05
       1942.0500   9.3240646e-05
       1955.3500   9.0730479e-05
       1968.6500   9.4422692e-05
       1981.9500   8.9350879e-05
       1995.2500   8.2467239e-05
       2008.5500   7.8776629e-05
       2021.8500   7.5248884e-05
       2035.1500   7.3961251e-05
       2048.4500   7.4204891e-05
       2061.7500   6.8950230e-05
       2075.0500   7.1452534e-05
       2088.3500   6.8788717e-05
       2101.6500   6.3687208e-05
       2114.9500   6.1886787e-05
       2128.2500   5.9257933e-05
       2141.5500   5.6359500e-05
       2154.8500   5.9266707e-05
       2168.1500   5.5285874e-05
       2181.4500   5.4676156e-05
       2194.7500   5.8720218e-05
       2208.0500   5.4965604e-05
       2221.3500   5.1239616e-05
       2234.6500   5.7501971e-05
       2247.9500   5.2152834e-05
       2261.2500   5.2570371e-05
       2274.5500   5.6850068e-05
       2287.8500   5.9484669e-05
       2301.1500   5.7257219e-05
       2314.4500   5.5039364e-05
       2327.7500   4.5233250e-05
       2341.0500   5.0079371e-05
       2354.3500   5.7246915e-05
       2367.6500   5.1420814e-05
       2380.9500   5.0675367e-05
       2394.2500   5.4226838e-05
       2407.5500   5.2894475e-05
       2420.8500   5.8271955e-05
       2434.1500   5.8561367e-05
       2447.4500   6.3591797e-05
       2460.7500   6.2643249e-05
       2474.0500   6.0582619e-05
       2487.3500   6.3969466e-05
       2500.6500   6.7256437e-05
       2513.9500   6.2240196e-05
       2527.2500   5.9264896e-05
       2540.5500   5.9761449e-05
       2553.8500   6.5111242e-05
       2567.1500   6.6176664e-05
       2580.4500   7.0611725e-05
       2593.7500   6.9111782e-05
       2607.0500   6.5992358e-05
       2620.3500   6.8540816e-05
       2633.6500   7.2144558e-05
       2646.9500   8.1551883e-05
       2660.2500   7.7390023e-05
       2673.5500   7.7421869e-05
       2686.8500   7.6849369e-05
       2700.1500   7.5708162e-05
       2713.4500   7.3407828e-05
       2726.7500   7.4677149e-05
       2740.0500   7.2868963e-05
       2753.3500   6.7425708e-05
       2766.6500   7.1628487e-05
       2779.9500   7.3839498e-05
       2793.2500   5.2253766e-05
       2806.5500   5.8623503e-05
       2819.8500   7.8790249e-05
       2833.1500   7.8114122e-05
       2846.4500   7.4354281e-05
       2859.7500   7.5607560e-05
       2873.0500   7.7421916e-05
       2886.3500   7.8065541e-05
       2899.6500   7.8680059e-05
       2912.9500   8.4350155e-05
       2926.2500   8.2017305e-05
       2939.5500   8.1204630e-05
       2952.8500   8.1199140e-05
       2966.1500   8.1966741e-05
       2979.4500   8.2537477e-05
       2992.7500   8.3167541e-05
       3006.0500   8.4342630e-05
       3019.3500   8.4276016e-05
       3032.6500   8.3752333e-05
       3045.9500   8.3451273e-05
       3059.2500   8.3268828e-05
       3072.5500   8.3323659e-05
       3085.8500   8.4165217e-05
       3099.1500   8.3769563e-05
       3112.4500   8.2916428e-05
       3125.7500   8.2548863e-05
       3139.0500   8.2854582e-05
       3152.3500   8.3327765e-05
       3165.6500   8.3105517e-05
       3178.9500   8.1370363e-05
       3192.2500   7.9572110e-05
       3205.5500   8.1121450e-05
       3218.8500   8.0552649e-05
       3232.1500   7.9422618e-05
       3245.4500   8.0948282e-05
       3258.7500   8.2078257e-05
       3272.0500   8.2860609e-05
       3285.3500   8.2870518e-05
       3298.6500   8.2843236e-05
       3311.9500   8.2680641e-05
       3325.2500   8.1852560e-05
       3338.5500   8.1005771e-05
       3351.8500   8.0112540e-05
       3365.1500   7.9003458e-05
       3378.4500   7.8475324e-05
       3391.7500   7.8394395e-05
       3405.0500   7.9062511e-05
       3418.3500   7.9283017e-05
       3431.6500   7.9229800e-05
       3444.9500   7.9121966e-05
       3458.2500   7.8750662e-05
       3471.5500   7.8311262e-05
       3484.8500   7.8582557e-05
       3498.1500   7.9092181e-05
       3511.4500   7.9593721e-05
       3524.7500   7.8786840e-05
       3538.0500   7.8876087e-05
       3551.3500   7.9217296e-05
       3564.6500   7.6589174e-05
       3577.9500   7.5492665e-05
       3591.2500   7.5521315e-05
       3604.5500   7.6428341e-05
       3617.8500   7.7008120e-05
       3631.1500   7.7338298e-05
       3644.4500   7.8604553e-05
       3657.7500   7.9384212e-05
       3671.0500   7.7908360e-05
       3684.3500   7.3754825e-05
       3697.6500   7.5213641e-05
       3710.9500   8.0414070e-05
       3724.2500   8.0098238e-05
       3737.5500   8.7655369e-05
       3750.8500   0.00010062928
       3764.1500   0.00010459100
       3777.4500   0.00011452322
       3790.7500   0.00012903219
       3804.0500   0.00014113535
       3817.3500   0.00013490554
       3830.6500   0.00011614592
       3843.9500   0.00014417893
       3857.2500   0.00016343088
       3870.5500   0.00017297390
       3883.8500   0.00012793660
       3897.1500   0.00013210100
       3910.4500   0.00017692352
       3923.7500   0.00016624580
       3937.0500   0.00016533185
       3950.3500   0.00017162644
       3963.6500   0.00012204460
       3976.9500   0.00012501749
       3990.2500   0.00017559766
       4003.5500   0.00018656639
       4016.8500   0.00019178965
       4030.1500   0.00019155280
       4043.4500   0.00019033875
       4056.7500   0.00018706531
       4070.0500   0.00018172635
       4083.3500   0.00016290254
       4096.6500   0.00014307597
       4109.9500   0.00012223735
       4123.2500   0.00015737176
       4136.5500   0.00017773186
       4149.8500   0.00018251866
       4163.1500   0.00018218479
       4176.4500   0.00018166098
       4189.7500   0.00018099624
       4203.0500   0.00018101255
       4216.3500   0.00018027250
       4229.6500   0.00017868320
       4242.9500   0.00017854976
       4256.2500   0.00017707476
       4269.5500   0.00017402940
       4282.8500   0.00017315058
       4296.1500   0.00016940804
       4309.4500   0.00016222110
       4322.7500   0.00014578713
       4336.0500   0.00013162902
       4349.3500   0.00012071735
       4362.6500   0.00015125159
       4375.9500   0.00016923211
       4389.2500   0.00016889331
       4402.5500   0.00016996281
       4415.8500   0.00017086646
       4429.1500   0.00017144781
       4442.4500   0.00017218691
       4455.7500   0.00017281622
       4469.0500   0.00017328529
       4482.3500   0.00017233160
       4495.6500   0.00017337913
       4508.9500   0.00017730757
       4522.2500   0.00017345919
       4535.5500   0.00017044262
       4548.8500   0.00016954432
       4562.1500   0.00017243919
       4575.4500   0.00017315091
       4588.7500   0.00017016905
       4602.0500   0.00017131290
       4615.3500   0.00017105275
       4628.6500   0.00016804787
       4641.9500   0.00016873464
       4655.2500   0.00016949239
       4668.5500   0.00016971269
       4681.8500   0.00016794304
       4695.1500   0.00016559773
       4708.4500   0.00016273049
       4721.7500   0.00016495720
       4735.0500   0.00016705360
       4748.3500   0.00016782196
       4761.6500   0.00016749194
       4774.9500   0.00016682531
       4788.2500   0.00016585519
       4801.5500   0.00016405643
       4814.8500   0.00016213738
       4828.1500   0.00016023493
       4841.4500   0.00014456652
       4854.7500   0.00012808454
       4868.0500   0.00011422033
       4881.3500   0.00013549741
       4894.6500   0.00015441305
       4907.9500   0.00015750555
       4921.2500   0.00015717552
       4934.5500   0.00015736291
       4947.8500   0.00015976488
       4961.1500   0.00015944648
       4974.4500   0.00015778915
       4987.7500   0.00015451245
       5001.0500   0.00015143426
       5014.3500   0.00015001611
       5027.6500   0.00015195770
       5040.9500   0.00015136762
       5054.2500   0.00015123339
       5067.5500   0.00015324649
       5080.8500   0.00015150080
       5094.1500   0.00014976743
       5107.4500   0.00014995859
       5120.7500   0.00014858686
       5134.0500   0.00014684178
       5147.3500   0.00014510190
       5160.6500   0.00014277820
       5173.9500   0.00014131110
       5187.2500   0.00014223774
       5200.5500   0.00014365163
       5213.8500   0.00014490316
       5227.1500   0.00014543679
       5240.4500   0.00014670183
       5253.7500   0.00014627808
       5267.0500   0.00014102173
       5280.3500   0.00014360554
       5293.6500   0.00014742758
       5306.9500   0.00014856827
       5320.2500   0.00014518582
       5333.5500   0.00014261967
       5346.8500   0.00014604770
       5360.1500   0.00014637251
       5373.4500   0.00014545906
       5386.7500   0.00014377158
       5400.0500   0.00014251244
       5413.3500   0.00014176177
       5426.6500   0.00014211917
       5439.9500   0.00014336040
       5453.2500   0.00014404673
       5466.5500   0.00014208058
       5479.8500   0.00014123448
       5493.1500   0.00014079532
       5506.4500   0.00014040324
       5519.7500   0.00014062680
       5533.0500   0.00014109801
       5546.3500   0.00014164578
       5559.6500   0.00014103672
       5572.9500   0.00013991395
       5586.2500   0.00013853538
       5599.5500   0.00013919720
       5612.8500   0.00014013340
       5626.1500   0.00013911719
       5639.4500   0.00013886284
       5652.7500   0.00013862899
       5666.0500   0.00013727741
       5679.3500   0.00013764586
       5692.6500   0.00013818294
       5705.9500   0.00013645758
       5719.2500   0.00013810949
       5732.5500   0.00014018640
       5745.8500   0.00013777326
       5759.1500   0.00013726666
       5772.4500   0.00013716574
       5785.7500   0.00013501308
       5799.0500   0.00013539413
       5812.3500   0.00013688981
       5825.6500   0.00013800780
       5838.9500   0.00013718364
       5852.2500   0.00013565855
       5865.5500   0.00013535800
       5878.8500   0.00013186734
       5892.1500   0.00012821703
       5905.4500   0.00013213623
       5918.7500   0.00013343549
       5932.0500   0.00013332631
       5945.3500   0.00013299310
       5958.6500   0.00013326976
       5971.9500   0.00013357679
       5985.2500   0.00013213927
       5998.5500   0.00013103342
       6011.8500   0.00013036611
       6025.1500   0.00013127908
       6038.4500   0.00013180352
       6051.7500   0.00013202134
       6065.0500   0.00013169101
       6078.3500   0.00013028382
       6091.6500   0.00012848118
       6104.9500   0.00012842909
       6118.2500   0.00012688157
       6131.5500   0.00012473791
       6144.8500   0.00012506381
       6158.1500   0.00012432127
       6171.4500   0.00012329413
       6184.7500   0.00012549798
       6198.0500   0.00012607755
       6211.3500   0.00012548082
       6224.6500   0.00012388794
       6237.9500   0.00012202079
       6251.2500   0.00012034231
       6264.5500   0.00012229247
       6277.8500   0.00012347154
       6291.1500   0.00012392899
       6304.4500   0.00012243367
       6317.7500   0.00012197823
       6331.0500   0.00012218406
       6344.3500   0.00012137807
       6357.6500   0.00012089002
       6370.9500   0.00012071597
       6384.2500   0.00012156411
       6397.5500   0.00012117596
       6410.8500   0.00011995194
       6424.1500   0.00012034955
       6437.4500   0.00012027906
       6450.7500   0.00011984960
       6464.0500   0.00011959535
       6477.3500   0.00011865120
       6490.6500   0.00011725385
       6503.9500   0.00011797171
       6517.2500   0.00011768711
       6530.5500   0.00011637876
       6543.8500   0.00011081949
       6557.1500   0.00010369892
       6570.4500   9.5923204e-05
       6583.7500   0.00010808094
       6597.0500   0.00011497466
       6610.3500   0.00011711893
       6623.6500   0.00011697480
       6636.9500   0.00011684186
       6650.2500   0.00011669914
       6663.5500   0.00011551067
       6676.8500   0.00011546981
       6690.1500   0.00011648389
       6703.4500   0.00011477631
       6716.7500   0.00011454102
       6730.0500   0.00011573334
       6743.3500   0.00011477112
       6756.6500   0.00011450873
       6769.9500   0.00011494962
       6783.2500   0.00011402680
       6796.5500   0.00011361215
       6809.8500   0.00011372917
       6823.1500   0.00011386451
       6836.4500   0.00011325039
       6849.7500   0.00011183630
       6863.0500   0.00011248484
       6876.3500   0.00011296030
       6889.6500   0.00011320179
       6902.9500   0.00011273927
       6916.2500   0.00011218880
       6929.5500   0.00011156048
       6942.8500   0.00011077018
       6956.1500   0.00011047725
       6969.4500   0.00011077219
       6982.7500   0.00011061613
       6996.0500   0.00010990007
       7009.3500   0.00010853355
       7022.6500   0.00010912825
       7035.9500   0.00010960883
       7049.2500   0.00010982222
       7062.5500   0.00010924913
       7075.8500   0.00010832717
       7089.1500   0.00010701970
       7102.4500   0.00010643788
       7115.7500   0.00010576161
       7129.0500   0.00010489588
       7142.3500   0.00010426740
       7155.6500   0.00010402079
       7168.9500   0.00010426903
       7182.2500   0.00010374252
       7195.5500   0.00010361593
       7208.8500   0.00010414394
       7222.1500   0.00010511128
       7235.4500   0.00010553399
       7248.7500   0.00010510798
       7262.0500   0.00010463356
       7275.3500   0.00010393523
       7288.6500   0.00010291109
       7301.9500   0.00010353435
       7315.2500   0.00010397340
       7328.5500   0.00010384105
       7341.8500   0.00010348506
       7355.1500   0.00010387443
       7368.4500   0.00010549188
       7381.7500   0.00010378885
       7395.0500   0.00010266757
       7408.3500   0.00010322295
       7421.6500   0.00010391864
       7434.9500   0.00010424872
       7448.2500   0.00010392525
       7461.5500   0.00010432012
       7474.8500   0.00010442576
       7488.1500   0.00010383441
       7501.4500   0.00010452449
       7514.7500   0.00010522606
       7528.0500   0.00010557232
       7541.3500   0.00010579796
       7554.6500   0.00010569999
       7567.9500   0.00010503661
       7581.2500   0.00010429909
       7594.5500   0.00010384783
       7607.8500   0.00010397665
       7621.1500   0.00010370023
       7634.4500   0.00010310785
       7647.7500   0.00010204227
       7661.0500   0.00010080754
       7674.3500   0.00010039599
       7687.6500   0.00010175769
       7700.9500   0.00010086440
       7714.2500   0.00010002190
       7727.5500   0.00010032730
       7740.8500   0.00010006669
       7754.1500   9.9831581e-05
       7767.4500   9.9937360e-05
       7780.7500   0.00010061557
       7794.0500   0.00010109632
       7807.3500   0.00010081132
       7820.6500   0.00010043034
       7833.9500   9.9940544e-05
       7847.2500   9.9250650e-05
       7860.5500   9.8780250e-05
       7873.8500   9.8000988e-05
       7887.1500   9.6321767e-05
       7900.4500   9.5134217e-05
       7913.7500   9.4670652e-05
       7927.0500   9.5715955e-05
       7940.3500   9.4924148e-05
       7953.6500   9.4306857e-05
       7966.9500   9.5547932e-05
       7980.2500   9.6027138e-05
       7993.5500   9.6466806e-05
       8006.8500   9.7423187e-05
       8020.1500   9.7310556e-05
       8033.4500   9.6858385e-05
       8046.7500   9.6388193e-05
       8060.0500   9.6074237e-05
       8073.3500   9.5578238e-05
       8086.6500   9.4390720e-05
       8099.9500   9.4000510e-05
       8113.2500   9.4187115e-05
       8126.5500   9.5328501e-05
       8139.8500   9.6051022e-05
       8153.1500   9.6506036e-05
       8166.4500   9.6570856e-05
       8179.7500   9.5623353e-05
       8193.0500   9.4634586e-05
       8206.3500   9.4756894e-05
       8219.6500   9.4826610e-05
       8232.9500   9.4930952e-05
       8246.2500   9.5227684e-05
       8259.5500   9.5546852e-05
       8272.8500   9.5781969e-05
       8286.1500   9.5675265e-05
       8299.4500   9.4250019e-05
       8312.7500   9.2717627e-05
       8326.0500   9.2852305e-05
       8339.3500   9.2710872e-05
       8352.6500   9.2547477e-05
       8365.9500   9.2768491e-05
       8379.2500   9.2062654e-05
       8392.5500   9.1325959e-05
       8405.8500   9.2183254e-05
       8419.1500   9.1380270e-05
       8432.4500   9.0011303e-05
       8445.7500   8.9488666e-05
       8459.0500   8.8999499e-05
       8472.3500   8.8753800e-05
       8485.6500   8.9574156e-05
       8498.9500   8.7868257e-05
       8512.2500   8.5994534e-05
       8525.5500   8.9367079e-05
       8538.8500   8.4658116e-05
       8552.1500   7.9003240e-05
       8565.4500   8.9645843e-05
       8578.7500   9.1589427e-05
       8592.0500   8.9381243e-05
       8605.3500   8.9299415e-05
       8618.6500   9.1970929e-05
       8631.9500   9.5272495e-05
       8645.2500   9.3575045e-05
       8658.5500   8.6646340e-05
       8671.8500   7.9493002e-05
       8685.1500   8.9064045e-05
       8698.4500   9.4360005e-05
       8711.7500   9.6586787e-05
       8725.0500   9.4778913e-05
       8738.3500   9.0527290e-05
       8751.6500   8.6168355e-05
       8764.9500   9.1354499e-05
       8778.2500   9.5149690e-05
       8791.5500   9.7475688e-05
       8804.8500   9.5116565e-05
       8818.1500   9.4824239e-05
       8831.4500   9.5466510e-05
       8844.7500   9.3033791e-05
       8858.0500   8.9736370e-05
       8871.3500   8.6705728e-05
       8884.6500   9.1075464e-05
       8897.9500   9.3950494e-05
       8911.2500   9.5599424e-05
       8924.5500   9.5142594e-05
       8937.8500   9.5217660e-05
       8951.1500   9.5588461e-05
       8964.4500   9.5168852e-05
       8977.7500   9.4293579e-05
       8991.0500   9.2753831e-05
       9004.3500   8.7282590e-05
       9017.6500   8.6663747e-05
       9030.9500   8.9685721e-05
       9044.2500   9.3297824e-05
       9057.5500   9.5210760e-05
       9070.8500   9.5679847e-05
       9084.1500   9.4006659e-05
       9097.4500   9.3710648e-05
       9110.7500   9.4476415e-05
       9124.0500   9.5144262e-05
       9137.3500   9.5311158e-05
       9150.6500   9.5063197e-05
       9163.9500   9.4660164e-05
       9177.2500   9.4523901e-05
       9190.5500   9.4427888e-05
       9203.8500   9.0084777e-05
       9217.1500   8.6009268e-05
       9230.4500   8.2395975e-05
       9243.7500   8.5422299e-05
       9257.0500   8.8039659e-05
       9270.3500   9.0260277e-05
       9283.6500   9.1242311e-05
       9296.9500   9.1519128e-05
       9310.2500   9.1164770e-05
       9323.5500   9.1606914e-05
       9336.8500   9.1583099e-05
       9350.1500   9.1119489e-05
       9363.4500   9.0690126e-05
       9376.7500   9.0869323e-05
       9390.0500   9.1632886e-05
       9403.3500   9.0263071e-05
       9416.6500   9.0235481e-05
       9429.9500   9.1554395e-05
       9443.2500   8.9256140e-05
       9456.5500   8.8975283e-05
       9469.8500   9.0794082e-05
       9483.1500   9.0530918e-05
       9496.4500   9.0002543e-05
       9509.7500   8.9217064e-05
       9523.0500   8.7876431e-05
       9536.3500   8.5142922e-05
       9549.6500   8.0892478e-05
       9562.9500   8.4708030e-05
       9576.2500   8.7688522e-05
       9589.5500   8.9476765e-05
       9602.8500   8.9576198e-05
       9616.1500   8.9632525e-05
       9629.4500   8.9707653e-05
       9642.7500   8.8692738e-05
       9656.0500   8.8310616e-05
       9669.3500   8.8745737e-05
       9682.6500   8.9079040e-05
       9695.9500   8.9128980e-05
       9709.2500   8.8834423e-05
       9722.5500   8.8319881e-05
       9735.8500   8.7637918e-05
       9749.1500   8.6759312e-05
       9762.4500   8.7454790e-05
       9775.7500   8.7491735e-05
       9789.0500   8.6520043e-05
       9802.3500   8.7958751e-05
       9815.6500   8.8816812e-05
       9828.9500   8.8634261e-05
       9842.2500   8.8209043e-05
       9855.5500   8.7557204e-05
       9868.8500   8.6617686e-05
       9882.1500   8.6410067e-05
       9895.4500   8.6400536e-05
       9908.7500   8.6577029e-05
       9922.0500   8.7091654e-05
       9935.3500   8.7360658e-05
       9948.6500   8.7211336e-05
       9961.9500   8.7225722e-05
       9975.2500   8.7181503e-05
       9988.5500   8.7018879e-05
       10001.850   8.5839935e-05
       10015.150   8.4534138e-05
       10028.450   8.3411282e-05
       10041.750   8.2816535e-05
       10055.050   8.2220400e-05
       10068.350   8.1622897e-05
       10081.650   8.1686854e-05
       10094.950   8.2414044e-05
       10108.250   8.3142192e-05
       10121.550   8.3871303e-05
       10134.850   8.3720708e-05
       10148.150   8.3260791e-05
       10161.450   8.2799779e-05
       10174.750   8.2337652e-05
       10188.050   8.2490774e-05
       10201.350   8.2655670e-05
       10214.650   8.2820550e-05
       10227.950   8.2966873e-05
       10241.250   8.3048075e-05
       10254.550   8.3129118e-05
       10267.850   8.3210008e-05
       10281.150   8.3228403e-05
       10294.450   8.3174010e-05
       10307.750   8.3119239e-05
       10321.050   8.3064085e-05
       10334.350   8.2830892e-05
       10347.650   8.2521918e-05
       10360.950   8.2212138e-05
       10374.250   8.1901578e-05
       10387.550   8.1608218e-05
       10400.850   8.1315187e-05
       10414.150   8.1021391e-05
       10427.450   8.0765513e-05
       10440.750   8.0680289e-05
       10454.050   8.0594652e-05
       10467.350   8.0508617e-05
       10480.650   8.0381582e-05
       10493.950   8.0199071e-05
       10507.250   8.0016012e-05
       10520.550   7.9832401e-05
       10533.850   7.9775745e-05
       10547.150   7.9782911e-05
       10560.450   7.9789828e-05
       10573.750   7.9796505e-05
       10587.050   7.9678828e-05
       10600.350   7.9547833e-05
       10613.650   7.9416380e-05
       10626.950   7.9247591e-05
       10640.250   7.8863397e-05
       10653.550   7.8478369e-05
       10666.850   7.8092517e-05
       10680.150   7.7861885e-05
       10693.450   7.7877800e-05
       10706.750   7.7893500e-05
       10720.050   7.7908994e-05
       10733.350   7.7938579e-05
       10746.650   7.7976466e-05
       10759.950   7.8014174e-05
       10773.250   7.8051716e-05
       10786.550   7.7656406e-05
       10799.850   7.7194674e-05
       10813.150   7.6732042e-05
       10826.450   7.6270983e-05
       10839.750   7.5829326e-05
       10853.050   7.5386798e-05
       10866.350   7.4943416e-05
       10879.650   7.4387896e-05
       10892.950   7.3624211e-05
       10906.250   7.2859208e-05
       10919.550   7.2092904e-05
       10932.850   7.1815753e-05
       10946.150   7.1878759e-05
       10959.450   7.1941658e-05
       10972.750   7.2004444e-05
       10986.050   7.2246935e-05
       10999.350   7.2526225e-05
       11012.650   7.2805700e-05
       11025.950   7.3044964e-05
       11039.250   7.2758725e-05
       11052.550   7.2471887e-05
       11065.850   7.2184458e-05
       11079.150   7.2079830e-05
       11092.450   7.2379478e-05
       11105.750   7.2679347e-05
       11119.050   7.2979435e-05
       11132.350   7.3103019e-05
       11145.650   7.3083422e-05
       11158.950   7.3063601e-05
       11172.250   7.3043574e-05
       11185.550   7.3053681e-05
       11198.850   7.3071534e-05
       11212.150   7.3089222e-05
       11225.450   7.3094300e-05
       11238.750   7.2743254e-05
       11252.050   7.2391562e-05
       11265.350   7.2039223e-05
       11278.650   7.1714541e-05
       11291.950   7.1464127e-05
       11305.250   7.1213215e-05
       11318.550   7.0961798e-05
       11331.850   7.0685041e-05
       11345.150   7.0384364e-05
       11358.450   7.0083119e-05
       11371.750   6.9781326e-05
       11385.050   6.9502364e-05
       11398.350   6.9230451e-05
       11411.650   6.8958028e-05
       11424.950   6.8685097e-05
       11438.250   6.8914632e-05
       11451.550   6.9146198e-05
       11464.850   6.9377898e-05
       11478.150   6.9617569e-05
       11491.450   6.9882647e-05
       11504.750   7.0147910e-05
       11518.050   7.0413333e-05
       11531.350   7.0449789e-05
       11544.650   7.0235187e-05
       11557.950   7.0020153e-05
       11571.250   6.9804696e-05
       11584.550   6.9622258e-05
       11597.850   6.9452577e-05
       11611.150   6.9282543e-05
       11624.450   6.9112141e-05
       11637.750   6.8894796e-05
       11651.050   6.8675028e-05
       11664.350   6.8454842e-05
       11677.650   6.8239221e-05
       11690.950   6.8043204e-05
       11704.250   6.7846813e-05
       11717.550   6.7650037e-05
       11730.850   6.7509157e-05
       11744.150   6.7439679e-05
       11757.450   6.7369971e-05
       11770.750   6.7300038e-05
       11784.050   6.7138953e-05
       11797.350   6.6934808e-05
       11810.650   6.6730284e-05
       11823.950   6.6525382e-05
       11837.250   6.6343707e-05
       11850.550   6.6163714e-05
       11863.850   6.5983381e-05
       11877.150   6.5800870e-05
       11890.450   6.5608500e-05
       11903.750   6.5415780e-05
       11917.050   6.5222705e-05
       11930.350   6.4912915e-05
       11943.650   6.4429615e-05
       11956.950   6.3945636e-05
       11970.250   6.3460990e-05
       11983.550   6.3637185e-05
       11996.850   6.4181175e-05
       12010.150   6.4725651e-05
       12023.450   6.5270605e-05
       12036.750   6.4815523e-05
       12050.050   6.4227749e-05
       12063.350   6.3639205e-05
       12076.650   6.3149614e-05
       12089.950   6.3363867e-05
       12103.250   6.3578241e-05
       12116.550   6.3792728e-05
       12129.850   6.3912117e-05
       12143.150   6.3865546e-05
       12156.450   6.3818808e-05
       12169.750   6.3771894e-05
       12183.050   6.3788962e-05
       12196.350   6.3847783e-05
       12209.650   6.3906553e-05
       12222.950   6.3965267e-05
       12236.250   6.3861985e-05
       12249.550   6.3728955e-05
       12262.850   6.3595671e-05
       12276.150   6.3442158e-05
       12289.450   6.3077234e-05
       12302.750   6.2711814e-05
       12316.050   6.2345900e-05
       12329.350   6.2138234e-05
       12342.650   6.2257017e-05
       12355.950   6.2375815e-05
       12369.250   6.2494628e-05
       12382.550   6.2394616e-05
       12395.850   6.2127639e-05
       12409.150   6.1860283e-05
       12422.450   6.1592546e-05
       12435.750   6.1364680e-05
       12449.050   6.1146029e-05
       12462.350   6.0927059e-05
       12475.650   6.0715272e-05
       12488.950   6.0649483e-05
       12502.250   6.0583523e-05
       12515.550   6.0517399e-05
       12528.850   6.0427679e-05
       12542.150   6.0280248e-05
       12555.450   6.0132567e-05
       12568.750   5.9984643e-05
       12582.050   6.0091083e-05
       12595.350   6.0423356e-05
       12608.650   6.0755865e-05
       12621.950   6.1088604e-05
       12635.250   6.0678749e-05
       12648.550   6.0047253e-05
       12661.850   5.9415044e-05
       12675.150   5.8792593e-05
       12688.450   5.9087488e-05
       12701.750   5.9382575e-05
       12715.050   5.9677854e-05
       12728.350   5.9830232e-05
       12741.650   5.9557443e-05
       12754.950   5.9284299e-05
       12768.250   5.9010807e-05
       12781.550   5.8520246e-05
       12794.850   5.7805695e-05
       12808.150   5.7090381e-05
       12821.450   5.6374302e-05
       12834.750   5.6431532e-05
       12848.050   5.6770701e-05
       12861.350   5.7110104e-05
       12874.650   5.7449741e-05
       12887.950   5.7784126e-05
       12901.250   5.8118590e-05
       12914.550   5.8453279e-05
       12927.850   5.8680522e-05
       12941.150   5.8512940e-05
       12954.450   5.8345114e-05
       12967.750   5.8177054e-05
       12981.050   5.8126060e-05
       12994.350   5.8215569e-05
       13007.650   5.8305071e-05
       13020.950   5.8394580e-05
       13034.250   5.8317510e-05
       13047.550   5.8167328e-05
       13060.850   5.8016927e-05
       13074.150   5.7866313e-05
       13087.450   5.7727121e-05
       13100.750   5.7588527e-05
       13114.050   5.7449723e-05
       13127.350   5.7298827e-05
       13140.650   5.7092248e-05
       13153.950   5.6885410e-05
       13167.250   5.6678315e-05
       13180.550   5.6562913e-05
       13193.850   5.6575788e-05
       13207.150   5.6588599e-05
       13220.450   5.6601343e-05
       13233.750   5.6385357e-05
       13247.050   5.6050145e-05
       13260.350   5.5714570e-05
       13273.650   5.5378632e-05
       13286.950   5.5412300e-05
       13300.250   5.5487734e-05
       13313.550   5.5563165e-05
       13326.850   5.5588624e-05
       13340.150   5.5304668e-05
       13353.450   5.5020399e-05
       13366.750   5.4735817e-05
       13380.050   5.4692707e-05
       13393.350   5.5044651e-05
       13406.650   5.5396820e-05
       13419.950   5.5749213e-05
       13433.250   5.5845378e-05
       13446.550   5.5784511e-05
       13459.850   5.5723518e-05
       13473.150   5.5662412e-05
       13486.450   5.5618242e-05
       13499.750   5.5576721e-05
       13513.050   5.5535101e-05
       13526.350   5.5454560e-05
       13539.650   5.5030151e-05
       13552.950   5.4605326e-05
       13566.250   5.4180090e-05
       13579.550   5.3848103e-05
       13592.850   5.3695963e-05
       13606.150   5.3543638e-05
       13619.450   5.3391127e-05
       13632.750   5.3453799e-05
       13646.050   5.3670759e-05
       13659.350   5.3887826e-05
       13672.650   5.4105003e-05
       13685.950   5.3991530e-05
       13699.250   5.3806889e-05
       13712.550   5.3622040e-05
       13725.850   5.3453232e-05
       13739.150   5.3522312e-05
       13752.450   5.3591385e-05
       13765.750   5.3660454e-05
       13779.050   5.3703283e-05
       13792.350   5.3686153e-05
       13805.650   5.3668953e-05
       13818.950   5.3651679e-05
       13832.250   5.3559327e-05
       13845.550   5.3404230e-05
       13858.850   5.3248956e-05
       13872.150   5.3093503e-05
       13885.450   5.3001728e-05
       13898.750   5.2927248e-05
       13912.050   5.2852652e-05
       13925.350   5.2771806e-05
       13938.650   5.2463683e-05
       13951.950   5.2155268e-05
       13965.250   5.1846564e-05
       13978.550   5.1628539e-05
       13991.850   5.1660223e-05
       14005.150   5.1691874e-05
       14018.450   5.1723490e-05
       14031.750   5.1591425e-05
       14045.050   5.1300339e-05
       14058.350   5.1008979e-05
       14071.650   5.0717355e-05
       14084.950   5.0350537e-05
       14098.250   4.9958162e-05
       14111.550   4.9565447e-05
       14124.850   4.9172393e-05
       14138.150   4.9358453e-05
       14151.450   4.9551210e-05
       14164.750   4.9744057e-05
       14178.050   4.9894843e-05
       14191.350   4.9903984e-05
       14204.650   4.9913083e-05
       14217.950   4.9922139e-05
       14231.250   4.9909696e-05
       14244.550   4.9872984e-05
       14257.850   4.9836199e-05
       14271.150   4.9799333e-05
       14284.450   4.9738148e-05
       14297.750   4.9666988e-05
       14311.050   4.9595727e-05
       14324.350   4.9524370e-05
       14337.650   4.9631170e-05
       14350.950   4.9747166e-05
       14364.250   4.9863191e-05
       14377.550   4.9871021e-05
       14390.850   4.9422392e-05
       14404.150   4.8973398e-05
       14417.450   4.8524050e-05
       14430.750   4.8274805e-05
       14444.050   4.8288649e-05
       14457.350   4.8302458e-05
       14470.650   4.8316232e-05
       14483.950   4.8143176e-05
       14497.250   4.7879137e-05
       14510.550   4.7614877e-05
       14523.850   4.7350390e-05
       14537.150   4.7546683e-05
       14550.450   4.7786712e-05
       14563.750   4.8026864e-05
       14577.050   4.8115107e-05
       14590.350   4.8068549e-05
       14603.650   4.8021913e-05
       14616.950   4.7975206e-05
       14630.250   4.7789517e-05
       14643.550   4.7562311e-05
       14656.850   4.7334912e-05
       14670.150   4.7107322e-05
       14683.450   4.6939782e-05
       14696.750   4.6806681e-05
       14710.050   4.6673453e-05
       14723.350   4.6540093e-05
       14736.650   4.6505439e-05
       14749.950   4.6484719e-05
       14763.250   4.6463948e-05
       14776.550   4.6461677e-05
       14789.850   4.6600070e-05
       14803.150   4.6738511e-05
       14816.450   4.6877000e-05
       14829.750   4.6972497e-05
       14843.050   4.6990511e-05
       14856.350   4.7008495e-05
       14869.650   4.7026453e-05
       14882.950   4.7189197e-05
       14896.250   4.7449491e-05
       14909.550   4.7709912e-05
       14922.850   4.7970457e-05
       14936.150   4.7737939e-05
       14949.450   4.7410106e-05
       14962.750   4.7082029e-05
       14976.050   4.6756748e-05
       14989.350   4.6466753e-05
       15002.650   4.6176538e-05
       15015.950   4.5886106e-05
       15029.250   4.5711507e-05
       15042.550   4.5783967e-05
       15055.850   4.5856436e-05
       15069.150   4.5928911e-05
       15082.450   4.5842703e-05
       15095.750   4.5631763e-05
       15109.050   4.5420655e-05
       15122.350   4.5209382e-05
       15135.650   4.5395556e-05
       15148.950   4.5680772e-05
       15162.250   4.5966127e-05
       15175.550   4.6230520e-05
       15188.850   4.6005713e-05
       15202.150   4.5780734e-05
       15215.450   4.5555581e-05
       15228.750   4.5475268e-05
       15242.050   4.5764271e-05
       15255.350   4.6053409e-05
       15268.650   4.6342689e-05
       15281.950   4.6332450e-05
       15295.250   4.6048309e-05
       15308.550   4.5763964e-05
       15321.850   4.5479412e-05
       15335.150   4.5266565e-05
       15348.450   4.5075879e-05
       15361.750   4.4885047e-05
       15375.050   4.4695863e-05
       15388.350   4.4981263e-05
       15401.650   4.5266800e-05
       15414.950   4.5552466e-05
       15428.250   4.5738851e-05
       15441.550   4.5617796e-05
       15454.850   4.5496633e-05
       15468.150   4.5375370e-05
       15481.450   4.5180105e-05
       15494.750   4.4906197e-05
       15508.050   4.4632097e-05
       15521.350   4.4357806e-05
       15534.650   4.4039610e-05
       15547.950   4.3704663e-05
       15561.250   4.3369496e-05
       15574.550   4.3034106e-05
       15587.850   4.3419113e-05
       15601.150   4.3829551e-05
       15614.450   4.4240188e-05
       15627.750   4.4527373e-05
       15641.050   4.4340172e-05
       15654.350   4.4152832e-05
       15667.650   4.3965356e-05
       15680.950   4.3924342e-05
       15694.250   4.4064417e-05
       15707.550   4.4204540e-05
       15720.850   4.4344709e-05
       15734.150   4.3814848e-05
       15747.450   4.2980663e-05
       15760.750   4.2145994e-05
       15774.050   4.1310835e-05
       15787.350   4.1527676e-05
       15800.650   4.1825594e-05
       15813.950   4.2123645e-05
       15827.250   4.2355096e-05
       15840.550   4.2258817e-05
       15853.850   4.2162459e-05
       15867.150   4.2066020e-05
       15880.450   4.2054206e-05
       15893.750   4.2164403e-05
       15907.050   4.2274628e-05
       15920.350   4.2384888e-05
       15933.650   4.2530830e-05
       15946.950   4.2695993e-05
       15960.250   4.2861217e-05
       15973.550   4.3026504e-05
       15986.850   4.2998595e-05
       16000.150   4.2946993e-05
       16013.450   4.2895334e-05
       16026.750   4.2843622e-05
       16040.050   4.2791852e-05
       16053.350   4.2728622e-05
       16066.650   4.2631434e-05
       16079.950   4.2534167e-05
       16093.250   4.2436823e-05
       16106.550   4.2339403e-05
       16119.850   4.2241903e-05
       16133.150   4.2144328e-05
       16146.450   4.2046676e-05
       16159.750   4.1906221e-05
       16173.050   4.1750109e-05
       16186.350   4.1593890e-05
       16199.650   4.1437564e-05
       16212.950   4.1281132e-05
       16226.250   4.1124597e-05
       16239.550   4.0967956e-05
       16252.850   4.0875656e-05
       16266.150   4.1019636e-05
       16279.450   4.1163664e-05
       16292.750   4.1307741e-05
       16306.050   4.1451867e-05
       16319.350   4.1596037e-05
       16332.650   4.1740259e-05
       16345.950   4.1884524e-05
       16359.250   4.1801601e-05
       16372.550   4.1619088e-05
       16385.850   4.1436463e-05
       16399.150   4.1253723e-05
       16412.450   4.1070865e-05
       16425.750   4.0887895e-05
       16439.050   4.0704808e-05
       16452.350   4.0549399e-05
       16465.650   4.0523397e-05
       16478.950   4.0497357e-05
       16492.250   4.0471282e-05
       16505.550   4.0445171e-05
       16518.850   4.0419026e-05
       16532.150   4.0392843e-05
       16545.450   4.0366625e-05
       16558.750   4.0251541e-05
       16572.050   4.0090174e-05
       16585.350   3.9928706e-05
       16598.650   3.9767143e-05
       16611.950   3.9605476e-05
       16625.250   3.9443708e-05
       16638.550   3.9281844e-05
       16651.850   3.9177014e-05
       16665.150   3.9425823e-05
       16678.450   3.9674725e-05
       16691.750   3.9923724e-05
       16705.050   4.0172819e-05
       16718.350   4.0422010e-05
       16731.650   4.0671297e-05
       16744.950   4.0920679e-05
       16758.250   4.0798276e-05
       16771.550   4.0448110e-05
       16784.850   4.0097758e-05
       16798.150   3.9747221e-05
       16811.450   3.9396500e-05
       16824.750   3.9045595e-05
       16838.050   3.8694506e-05
       16851.350   3.8394608e-05
       16864.650   3.8549421e-05
       16877.950   3.8704284e-05
       16891.250   3.8859200e-05
       16904.550   3.9014164e-05
       16917.850   3.9169181e-05
       16931.150   3.9324247e-05
       16944.450   3.9479364e-05
       16957.750   3.9461002e-05
       16971.050   3.9318313e-05
       16984.350   3.9175542e-05
       16997.650   3.9032686e-05
       17010.950   3.8889744e-05
       17024.250   3.8746717e-05
       17037.550   3.8603608e-05
       17050.850   3.8472017e-05
       17064.150   3.8510320e-05
       17077.450   3.8548623e-05
       17090.750   3.8586922e-05
       17104.050   3.8625218e-05
       17117.350   3.8663513e-05
       17130.650   3.8701805e-05
       17143.950   3.8740094e-05
       17157.250   3.8661139e-05
       17170.550   3.8484271e-05
       17183.850   3.8307308e-05
       17197.150   3.8130247e-05
       17210.450   3.7953092e-05
       17223.750   3.7775839e-05
       17237.050   3.7598489e-05
       17250.350   3.7421703e-05
       17263.650   3.7269165e-05
       17276.950   3.7116541e-05
       17290.250   3.6963832e-05
       17303.550   3.6811041e-05
       17316.850   3.6658168e-05
       17330.150   3.6505209e-05
       17343.450   3.6352169e-05
       17356.750   3.6286376e-05
       17370.050   3.6305295e-05
       17383.350   3.6324206e-05
       17396.650   3.6343106e-05
       17409.950   3.6361999e-05
       17423.250   3.6380880e-05
       17436.550   3.6399756e-05
       17449.850   3.6418621e-05
       17463.150   3.6401650e-05
       17476.450   3.6384244e-05
       17489.750   3.6366815e-05
       17503.050   3.6349363e-05
       17516.350   3.6331887e-05
       17529.650   3.6314386e-05
       17542.950   3.6296861e-05
       17556.250   3.6220683e-05
       17569.550   3.6078310e-05
       17582.850   3.5935861e-05
       17596.150   3.5793336e-05
       17609.450   3.5650736e-05
       17622.750   3.5508065e-05
       17636.050   3.5365316e-05
       17649.350   3.5222494e-05
       17662.650   3.5061380e-05
       17675.950   3.4899246e-05
       17689.250   3.4737033e-05
       17702.550   3.4574737e-05
       17715.850   3.4412362e-05
       17729.150   3.4249904e-05
       17742.450   3.4087367e-05
       17755.750   3.4033016e-05
       17769.050   3.4120817e-05
       17782.350   3.4208641e-05
       17795.650   3.4296483e-05
       17808.950   3.4384345e-05
       17822.250   3.4472230e-05
       17835.550   3.4560133e-05
       17848.850   3.4648059e-05
       17862.150   3.4311661e-05
       17875.450   3.3934945e-05
       17888.750   3.3558066e-05
       17902.050   3.3181023e-05
       17915.350   3.2803818e-05
       17928.650   3.2426450e-05
       17941.950   3.2048920e-05
       17955.250   3.1828277e-05
       17968.550   3.1848384e-05
       17981.850   3.1868487e-05
       17995.150   3.1888585e-05
       18008.450   3.1908676e-05
       18021.750   3.1928762e-05
       18035.050   3.1948844e-05
       18048.350   3.1968919e-05
       18061.650   3.1934238e-05
       18074.950   3.1891775e-05
       18088.250   3.1849284e-05
       18101.550   3.1806764e-05
       18114.850   3.1764213e-05
       18128.150   3.1721633e-05
       18141.450   3.1679025e-05
       18154.750   3.1576699e-05
       18168.050   3.1366860e-05
       18181.350   3.1156930e-05
       18194.650   3.0946907e-05
       18207.950   3.0736793e-05
       18221.250   3.0526588e-05
       18234.550   3.0316291e-05
       18247.850   3.0105902e-05
       18261.150   3.0005883e-05
       18274.450   2.9927115e-05
       18287.750   2.9848307e-05
       18301.050   2.9769458e-05
       18314.350   2.9690566e-05
       18327.650   2.9611635e-05
       18340.950   2.9532664e-05
       18354.250   2.9514766e-05
       18367.550   2.9627008e-05
       18380.850   2.9739282e-05
       18394.150   2.9851587e-05
       18407.450   2.9963921e-05
       18420.750   3.0076283e-05
       18434.050   3.0188676e-05
       18447.350   3.0301100e-05
       18460.650   3.0331389e-05
       18473.950   3.0341230e-05
       18487.250   3.0351063e-05
       18500.550   3.0360888e-05
       18513.850   3.0370707e-05
       18527.150   3.0380517e-05
       18540.450   3.0390319e-05
       18553.750   3.0344492e-05
       18567.050   3.0156963e-05
       18580.350   2.9969357e-05
       18593.650   2.9781671e-05
       18606.950   2.9593908e-05
       18620.250   2.9406067e-05
       18633.550   2.9218148e-05
       18646.850   2.9030152e-05
       18660.150   2.8878121e-05
       18673.450   2.8737211e-05
       18686.750   2.8596244e-05
       18700.050   2.8455215e-05
       18713.350   2.8314125e-05
       18726.650   2.8172978e-05
       18739.950   2.8031770e-05
       18753.250   2.7942405e-05
       18766.550   2.8013527e-05
       18779.850   2.8084662e-05
       18793.150   2.8155814e-05
       18806.450   2.8226980e-05
       18819.750   2.8298161e-05
       18833.050   2.8369356e-05
       18846.350   2.8440565e-05
       18859.650   2.8333594e-05
       18872.950   2.8159163e-05
       18886.250   2.7984664e-05
       18899.550   2.7810093e-05
       18912.850   2.7635454e-05
       18926.150   2.7460746e-05
       18939.450   2.7285968e-05
       18952.750   2.7189627e-05
       18966.050   2.7394478e-05
       18979.350   2.7599388e-05
       18992.650   2.7804357e-05
       19005.950   2.8009387e-05
       19019.250   2.8214476e-05
       19032.550   2.8419626e-05
       19045.850   2.8624833e-05
       19059.150   2.8575117e-05
       19072.450   2.8409704e-05
       19085.750   2.8244226e-05
       19099.050   2.8078686e-05
       19112.350   2.7913082e-05
       19125.650   2.7747411e-05
       19138.950   2.7581678e-05
       19152.250   2.7443209e-05
       19165.550   2.7438931e-05
       19178.850   2.7434642e-05
       19192.150   2.7430342e-05
       19205.450   2.7426032e-05
       19218.750   2.7421713e-05
       19232.050   2.7417384e-05
       19245.350   2.7413044e-05
       19258.650   2.7381464e-05
       19271.950   2.7335226e-05
       19285.250   2.7288966e-05
       19298.550   2.7242682e-05
       19311.850   2.7196374e-05
       19325.150   2.7150042e-05
       19338.450   2.7103686e-05
       19351.750   2.7032412e-05
       19365.050   2.6796780e-05
       19378.350   2.6561064e-05
       19391.650   2.6325263e-05
       19404.950   2.6089379e-05
       19418.250   2.5853412e-05
       19431.550   2.5617360e-05
       19444.850   2.5381226e-05
       19458.150   2.5315725e-05
       19471.450   2.5358086e-05
       19484.750   2.5400454e-05
       19498.050   2.5442827e-05
       19511.350   2.5485205e-05
       19524.650   2.5527588e-05
       19537.950   2.5569978e-05
       19551.250   2.5606598e-05
       19564.550   2.5587545e-05
       19577.850   2.5568478e-05
       19591.150   2.5549397e-05
       19604.450   2.5530301e-05
       19617.750   2.5511193e-05
       19631.050   2.5492071e-05
       19644.350   2.5472936e-05
       19657.650   2.5425094e-05
       19670.950   2.5356038e-05
       19684.250   2.5286951e-05
       19697.550   2.5217836e-05
       19710.850   2.5148694e-05
       19724.150   2.5079522e-05
       19737.450   2.5010321e-05
       19750.750   2.4936732e-05
       19764.050   2.4790125e-05
       19777.350   2.4643466e-05
       19790.650   2.4496755e-05
       19803.950   2.4349994e-05
       19817.250   2.4203181e-05
       19830.550   2.4056316e-05
       19843.850   2.3909400e-05
       19857.150   2.3880711e-05
       19870.450   2.3953758e-05
       19883.750   2.4026820e-05
       19897.050   2.4099898e-05
       19910.350   2.4172991e-05
       19923.650   2.4246099e-05
       19936.950   2.4319220e-05
       19950.250   2.4390260e-05
       19963.550   2.4351804e-05
       19976.850   2.4313331e-05
       19990.150   2.4274839e-05
       20003.450   2.4236328e-05
       20016.750   2.4197800e-05
       20030.050   2.4159254e-05
       20043.350   2.4120689e-05
       20056.650   2.4120375e-05
       20069.950   2.4158326e-05
       20083.250   2.4196282e-05
       20096.550   2.4234241e-05
       20109.850   2.4272206e-05
       20123.150   2.4310175e-05
       20136.450   2.4348148e-05
       20149.750   2.4386126e-05
       20163.050   2.4252132e-05
       20176.350   2.4114797e-05
       20189.650   2.3977416e-05
       20202.950   2.3839989e-05
       20216.250   2.3702517e-05
       20229.550   2.3564999e-05
       20242.850   2.3427434e-05
       20256.150   2.3332461e-05
       20269.450   2.3287028e-05
       20282.750   2.3241577e-05
       20296.050   2.3196106e-05
       20309.350   2.3150616e-05
       20322.650   2.3105108e-05
       20335.950   2.3059581e-05
       20349.250   2.3014035e-05
       20362.550   2.2943551e-05
       20375.850   2.2871552e-05
       20389.150   2.2799527e-05
       20402.450   2.2727474e-05
       20415.750   2.2655398e-05
       20429.050   2.2583294e-05
       20442.350   2.2511165e-05
       20455.650   2.2451571e-05
       20468.950   2.2408965e-05
       20482.250   2.2366340e-05
       20495.550   2.2323698e-05
       20508.850   2.2281038e-05
       20522.150   2.2238362e-05
       20535.450   2.2195668e-05
       20548.750   2.2152957e-05
       20562.050   2.2074188e-05
       20575.350   2.1991655e-05
       20588.650   2.1909092e-05
       20601.950   2.1826501e-05
       20615.250   2.1743882e-05
       20628.550   2.1661236e-05
       20641.850   2.1578562e-05
       20655.150   2.1508127e-05
       20668.450   2.1457085e-05
       20681.750   2.1406023e-05
       20695.050   2.1354944e-05
       20708.350   2.1303844e-05
       20721.650   2.1252726e-05
       20734.950   2.1201589e-05
       20748.250   2.1150432e-05
       20761.550   2.1238134e-05
       20774.850   2.1346898e-05
       20788.150   2.1455686e-05
       20801.450   2.1564497e-05
       20814.750   2.1673333e-05
       20828.050   2.1782192e-05
       20841.350   2.1891075e-05
       20854.650   2.1911297e-05
       20867.950   2.1766521e-05
       20881.250   2.1621701e-05
       20894.550   2.1476838e-05
       20907.850   2.1331932e-05
       20921.150   2.1186983e-05
       20934.450   2.1041991e-05
       20947.750   2.0896957e-05
       20961.050   2.0885664e-05
       20974.350   2.0901611e-05
       20987.650   2.0917555e-05
       21000.950   2.0933500e-05
       21014.250   2.0949442e-05
       21027.550   2.0965385e-05
       21040.850   2.0981327e-05
       21054.150   2.0969615e-05
       21067.450   2.0896915e-05
       21080.750   2.0824191e-05
       21094.050   2.0751444e-05
       21107.350   2.0678674e-05
       21120.650   2.0605880e-05
       21133.950   2.0533063e-05
       21147.250   2.0460222e-05
       21160.550   2.0445847e-05
       21173.850   2.0446711e-05
       21187.150   2.0447571e-05
       21200.450   2.0448428e-05
       21213.750   2.0449279e-05
       21227.050   2.0450126e-05
       21240.350   2.0450969e-05
       21253.650   2.0441594e-05
       21266.950   2.0405207e-05
       21280.250   2.0368806e-05
       21293.550   2.0332392e-05
       21306.850   2.0295964e-05
       21320.150   2.0259523e-05
       21333.450   2.0223068e-05
       21346.750   2.0186600e-05
       21360.050   2.0119421e-05
       21373.350   2.0042295e-05
       21386.650   1.9965147e-05
       21399.950   1.9887973e-05
       21413.250   1.9810777e-05
       21426.550   1.9733557e-05
       21439.850   1.9656313e-05
       21453.150   1.9597208e-05
       21466.450   1.9596614e-05
       21479.750   1.9596015e-05
       21493.050   1.9595412e-05
       21506.350   1.9594805e-05
       21519.650   1.9594193e-05
       21532.950   1.9593577e-05
       21546.250   1.9592957e-05
       21559.550   1.9534113e-05
       21572.850   1.9452387e-05
       21586.150   1.9370636e-05
       21599.450   1.9288862e-05
       21612.750   1.9207064e-05
       21626.050   1.9125243e-05
       21639.350   1.9043397e-05
       21652.650   1.8964143e-05
       21665.950   1.8895370e-05
       21679.250   1.8826579e-05
       21692.550   1.8757766e-05
       21705.850   1.8688934e-05
       21719.150   1.8620081e-05
       21732.450   1.8551207e-05
       21745.750   1.8482314e-05
       21759.050   1.8445597e-05
       21772.350   1.8423991e-05
       21785.650   1.8402375e-05
       21798.950   1.8380749e-05
       21812.250   1.8359116e-05
       21825.550   1.8337473e-05
       21838.850   1.8315823e-05
       21852.150   1.8287765e-05
       21865.450   1.8226518e-05
       21878.750   1.8165253e-05
       21892.050   1.8103971e-05
       21905.350   1.8042670e-05
       21918.650   1.7981352e-05
       21931.950   1.7920015e-05
       21945.250   1.7858662e-05
       21958.550   1.7775260e-05
       21971.850   1.7679595e-05
       21985.150   1.7583906e-05
       21998.450   1.7488191e-05
       22011.750   1.7392451e-05
       22025.050   1.7296685e-05
       22038.350   1.7200893e-05
       22051.650   1.7120800e-05
       22064.950   1.7151720e-05
       22078.250   1.7182643e-05
       22091.550   1.7213571e-05
       22104.850   1.7244501e-05
       22118.150   1.7275436e-05
       22131.450   1.7306374e-05
       22144.750   1.7337316e-05
       22158.050   1.7353717e-05
       22171.350   1.7360632e-05
       22184.650   1.7367545e-05
       22197.950   1.7374456e-05
       22211.250   1.7381367e-05
       22224.550   1.7388275e-05
       22237.850   1.7395181e-05
       22251.150   1.7397166e-05
       22264.450   1.7347163e-05
       22277.750   1.7297146e-05
       22291.050   1.7247114e-05
       22304.350   1.7197069e-05
       22317.650   1.7147008e-05
       22330.950   1.7096934e-05
       22344.250   1.7046845e-05
       22357.550   1.7037831e-05
       22370.850   1.7060110e-05
       22384.150   1.7082390e-05
       22397.450   1.7104671e-05
       22410.750   1.7126955e-05
       22424.050   1.7149240e-05
       22437.350   1.7171528e-05
       22450.650   1.7188309e-05
       22463.950   1.7097888e-05
       22477.250   1.7007444e-05
       22490.550   1.6916979e-05
       22503.850   1.6826490e-05
       22517.150   1.6735979e-05
       22530.450   1.6645444e-05
       22543.750   1.6554888e-05
       22557.050   1.6487339e-05
       22570.350   1.6440193e-05
       22583.650   1.6393034e-05
       22596.950   1.6345861e-05
       22610.250   1.6298676e-05
       22623.550   1.6251477e-05
       22636.850   1.6204266e-05
       22650.150   1.6157568e-05
       22663.450   1.6156957e-05
       22676.750   1.6156345e-05
       22690.050   1.6155728e-05
       22703.350   1.6155109e-05
       22716.650   1.6154487e-05
       22729.950   1.6153862e-05
       22743.250   1.6153235e-05
       22756.550   1.6126930e-05
       22769.850   1.6074159e-05
       22783.150   1.6021372e-05
       22796.450   1.5968573e-05
       22809.750   1.5915760e-05
       22823.050   1.5862932e-05
       22836.350   1.5810090e-05
       22849.650   1.5757236e-05
       22862.950   1.5540904e-05
       22876.250   1.5320107e-05
       22889.550   1.5099260e-05
       22902.850   1.4878365e-05
       22916.150   1.4657422e-05
       22929.450   1.4436431e-05
       22942.750   1.4215392e-05
       22956.050   1.4163392e-05
       22969.350   1.4314026e-05
       22982.650   1.4464688e-05
       22995.950   1.4615380e-05
       23009.250   1.4766099e-05
       23022.550   1.4916847e-05
       23035.850   1.5067623e-05
       23049.150   1.5218428e-05
       23062.450   1.5233278e-05
       23075.750   1.5238842e-05
       23089.050   1.5244406e-05
       23102.350   1.5249969e-05
       23115.650   1.5255530e-05
       23128.950   1.5261090e-05
       23142.250   1.5266648e-05
       23155.550   1.5159430e-05
       23168.850   1.4894691e-05
       23182.150   1.4629896e-05
       23195.450   1.4365046e-05
       23208.750   1.4100141e-05
       23222.050   1.3835181e-05
       23235.350   1.3570165e-05
       23248.650   1.3305095e-05
       23261.950   1.3448247e-05
       23275.250   1.3637553e-05
       23288.550   1.3826894e-05
       23301.850   1.4016271e-05
       23315.150   1.4205683e-05
       23328.450   1.4395131e-05
       23341.750   1.4584614e-05
       23355.050   1.4661471e-05
       23368.350   1.4554273e-05
       23381.650   1.4447051e-05
       23394.950   1.4339807e-05
       23408.250   1.4232539e-05
       23421.550   1.4125247e-05
       23434.850   1.4017933e-05
       23448.150   1.3910595e-05
       23461.450   1.3746580e-05
       23474.750   1.3573376e-05
       23488.050   1.3400136e-05
       23501.350   1.3226861e-05
       23514.650   1.3053549e-05
       23527.950   1.2880202e-05
       23541.250   1.2706821e-05
       23554.550   1.2624791e-05
       23567.850   1.2718507e-05
       23581.150   1.2812241e-05
       23594.450   1.2905989e-05
       23607.750   1.2999754e-05
       23621.050   1.3093535e-05
       23634.350   1.3187332e-05
       23647.650   1.3281144e-05
       23660.950   1.3309377e-05
       23674.250   1.3323533e-05
       23687.550   1.3337691e-05
       23700.850   1.3351848e-05
       23714.150   1.3366007e-05
       23727.450   1.3380166e-05
       23740.750   1.3394326e-05
       23754.050   1.3334824e-05
       23767.350   1.3107047e-05
       23780.650   1.2879226e-05
       23793.950   1.2651360e-05
       23807.250   1.2423450e-05
       23820.550   1.2195495e-05
       23833.850   1.1967496e-05
       23847.150   1.1739452e-05
       23860.450   1.1822680e-05
       23873.750   1.1990834e-05
       23887.050   1.2159017e-05
       23900.350   1.2327230e-05
       23913.650   1.2495473e-05
       23926.950   1.2663745e-05
       23940.250   1.2832046e-05
       23953.550   1.2940784e-05
       23966.850   1.2885860e-05
       23980.150   1.2830924e-05
       23993.450   1.2775976e-05
       24006.750   1.2721016e-05
       24020.050   1.2666044e-05
       24033.350   1.2611061e-05
       24046.650   1.2556065e-05
       24059.950   1.2404631e-05
       24073.250   1.2220698e-05
       24086.550   1.2036731e-05
       24099.850   1.1852729e-05
       24113.150   1.1668691e-05
       24126.450   1.1484618e-05
       24139.750   1.1300511e-05
       24153.050   1.1164177e-05
       24166.350   1.1188503e-05
       24179.650   1.1212831e-05
       24192.950   1.1237162e-05
       24206.250   1.1261495e-05
       24219.550   1.1285832e-05
       24232.850   1.1310172e-05
       24246.150   1.1334514e-05
       24259.450   1.1344363e-05
       24272.750   1.1348306e-05
       24286.050   1.1352249e-05
       24299.350   1.1356190e-05
       24312.650   1.1360131e-05
       24325.950   1.1364072e-05
       24339.250   1.1368011e-05
       24352.550   1.1357281e-05
       24365.850   1.1284706e-05
       24379.150   1.1212118e-05
       24392.450   1.1139515e-05
       24405.750   1.1066898e-05
       24419.050   1.0994266e-05
       24432.350   1.0921621e-05
       24445.650   1.0848961e-05
       24458.950   1.0813419e-05
       24472.250   1.0795919e-05
       24485.550   1.0778413e-05
       24498.850   1.0760904e-05
       24512.150   1.0743390e-05
       24525.450   1.0725872e-05
       24538.750   1.0708349e-05
       24552.050   1.0696134e-05
       24565.350   1.0713065e-05
       24578.650   1.0729999e-05
       24591.950   1.0746935e-05
       24605.250   1.0763871e-05
       24618.550   1.0780809e-05
       24631.850   1.0797749e-05
       24645.150   1.0814691e-05
       24658.450   1.0783479e-05
       24671.750   1.0724618e-05
       24685.050   1.0665747e-05
       24698.350   1.0606864e-05
       24711.650   1.0547969e-05
       24724.950   1.0489064e-05
       24738.250   1.0430147e-05
       24751.550   1.0366806e-05
       24764.850   1.0269996e-05
       24778.150   1.0173168e-05
       24791.450   1.0076323e-05
       24804.750   9.9794594e-06
       24818.050   9.8825790e-06
       24831.350   9.7856809e-06
       24844.650   9.6887651e-06
       24857.950   9.6546547e-06
       24871.250   9.6628173e-06
       24884.550   9.6709800e-06
       24897.850   9.6791432e-06
       24911.150   9.6873063e-06
       24924.450   9.6954701e-06
       24937.750   9.7036331e-06
       24951.050   9.7130370e-06
       24964.350   9.7369122e-06
       24977.650   9.7607898e-06
       24990.950   9.7846700e-06
       25004.250   9.8085528e-06
       25017.550   9.8324387e-06
       25030.850   9.8563271e-06
       25044.150   9.8802186e-06
       25057.450   9.8289534e-06
       25070.750   9.7186558e-06
       25084.050   9.6083394e-06
       25097.350   9.4980035e-06
       25110.650   9.3876489e-06
       25123.950   9.2772744e-06
       25137.250   9.1668817e-06
       25150.550   9.0628180e-06
       25163.850   9.1059253e-06
       25177.150   9.1490389e-06
       25190.450   9.1921576e-06
       25203.750   9.2352831e-06
       25217.050   9.2784136e-06
       25230.350   9.3215503e-06
       25243.650   9.3646933e-06
       25256.950   9.3804021e-06
       25270.250   9.3710411e-06
       25283.550   9.3616766e-06
       25296.850   9.3523098e-06
       25310.150   9.3429408e-06
       25323.450   9.3335690e-06
       25336.750   9.3241944e-06
       25350.050   9.3147682e-06
       25363.350   9.2922725e-06
       25376.650   9.2697726e-06
       25389.950   9.2472678e-06
       25403.250   9.2247586e-06
       25416.550   9.2022446e-06
       25429.850   9.1797257e-06
       25443.150   9.1572026e-06
       25456.450   9.1500501e-06
       25469.750   9.1592260e-06
       25483.050   9.1684020e-06
       25496.350   9.1775788e-06
       25509.650   9.1867557e-06
       25522.950   9.1959334e-06
       25536.250   9.2051111e-06
       25549.550   9.2142896e-06
       25562.850   9.2014786e-06
       25576.150   9.1878942e-06
       25589.450   9.1743070e-06
       25602.750   9.1607169e-06
       25616.050   9.1471235e-06
       25629.350   9.1335266e-06
       25642.650   9.1199269e-06
       25655.950   9.1220911e-06
       25669.250   9.1437323e-06
       25682.550   9.1653755e-06
       25695.850   9.1870213e-06
       25709.150   9.2086697e-06
       25722.450   9.2303202e-06
       25735.750   9.2519726e-06
       25749.050   9.2736277e-06
       25762.350   9.2510968e-06
       25775.650   9.2251618e-06
       25788.950   9.1992215e-06
       25802.250   9.1732766e-06
       25815.550   9.1473270e-06
       25828.850   9.1213723e-06
       25842.150   9.0954122e-06
       25855.450   9.0797818e-06
       25868.750   9.0790331e-06
       25882.050   9.0782829e-06
       25895.350   9.0775314e-06
       25908.650   9.0767796e-06
       25921.950   9.0760265e-06
       25935.250   9.0752719e-06
       25948.550   9.0745166e-06
       25961.850   9.1001220e-06
       25975.150   9.1289560e-06
       25988.450   9.1577929e-06
       26001.750   9.1866340e-06
       26015.050   9.2154775e-06
       26028.350   9.2443252e-06
       26041.650   9.2731759e-06
       26054.950   9.2763534e-06
       26068.250   9.2362152e-06
       26081.550   9.1960703e-06
       26094.850   9.1559182e-06
       26108.150   9.1157594e-06
       26121.450   9.0755935e-06
       26134.750   9.0354210e-06
       26148.050   8.9952413e-06
       26161.350   8.9973074e-06
       26174.650   9.0066315e-06
       26187.950   9.0159570e-06
       26201.250   9.0252819e-06
       26214.550   9.0346081e-06
       26227.850   9.0439344e-06
       26241.150   9.0532614e-06
       26254.450   9.0698066e-06
       26267.750   9.1007097e-06
       26281.050   9.1316161e-06
       26294.350   9.1625263e-06
       26307.650   9.1934402e-06
       26320.950   9.2243579e-06
       26334.250   9.2552787e-06
       26347.550   9.2862027e-06
       26360.850   9.2524904e-06
       26374.150   9.2041753e-06
       26387.450   9.1558525e-06
       26400.750   9.1075216e-06
       26414.050   9.0591831e-06
       26427.350   9.0108363e-06
       26440.650   8.9624821e-06
       26453.950   8.9334183e-06
       26467.250   8.9500328e-06
       26480.550   8.9666489e-06
       26493.850   8.9832668e-06
       26507.150   8.9998857e-06
       26520.450   9.0165063e-06
       26533.750   9.0331280e-06
       26547.050   9.0497519e-06
       26560.350   9.0587469e-06
       26573.650   9.0655670e-06
       26586.950   9.0723874e-06
       26600.250   9.0792081e-06
       26613.550   9.0860290e-06
       26626.850   9.0928496e-06
       26640.150   9.0996705e-06
       26653.450   9.0957622e-06
       26666.750   9.0612164e-06
       26680.050   9.0266651e-06
       26693.350   8.9921078e-06
       26706.650   8.9575456e-06
       26719.950   8.9229773e-06
       26733.250   8.8884030e-06
       26746.550   8.8538232e-06
       26759.850   8.8100584e-06
       26773.150   8.7630701e-06
       26786.450   8.7160752e-06
       26799.750   8.6690727e-06
       26813.050   8.6220630e-06
       26826.350   8.5750457e-06
       26839.650   8.5280219e-06
       26852.950   8.4950375e-06
       26866.250   8.5113349e-06
       26879.550   8.5276344e-06
       26892.850   8.5439350e-06
       26906.150   8.5602366e-06
       26919.450   8.5765403e-06
       26932.750   8.5928451e-06
       26946.050   8.6091514e-06
       26959.350   8.6193826e-06
       26972.650   8.6270465e-06
       26985.950   8.6347115e-06
       26999.250   8.6423757e-06
       27012.550   8.6500408e-06
       27025.850   8.6577058e-06
       27039.150   8.6653718e-06
       27052.450   8.6683621e-06
       27065.750   8.6506487e-06
       27079.050   8.6329316e-06
       27092.350   8.6152116e-06
       27105.650   8.5974885e-06
       27118.950   8.5797625e-06
       27132.250   8.5620329e-06
       27145.550   8.5443003e-06
       27158.850   8.5731395e-06
       27172.150   8.6254025e-06
       27185.450   8.6776713e-06
       27198.750   8.7299463e-06
       27212.050   8.7822276e-06
       27225.350   8.8345152e-06
       27238.650   8.8868084e-06
       27251.950   8.9269596e-06
       27265.250   8.8964012e-06
       27278.550   8.8658381e-06
       27291.850   8.8352697e-06
       27305.150   8.8046973e-06
       27318.450   8.7741196e-06
       27331.750   8.7435373e-06
       27345.050   8.7129498e-06
       27358.350   8.7190031e-06
       27371.650   8.7467809e-06
       27384.950   8.7745617e-06
       27398.250   8.8023455e-06
       27411.550   8.8301323e-06
       27424.850   8.8579214e-06
       27438.150   8.8857135e-06
       27451.450   8.9058795e-06
       27464.750   8.8636957e-06
       27478.050   8.8215052e-06
       27491.350   8.7793093e-06
       27504.650   8.7371067e-06
       27517.950   8.6948980e-06
       27531.250   8.6526833e-06
       27544.550   8.6104626e-06
       27557.850   8.5748101e-06
       27571.150   8.5437174e-06
       27584.450   8.5126207e-06
       27597.750   8.4815189e-06
       27611.050   8.4504119e-06
       27624.350   8.4193009e-06
       27637.650   8.3881848e-06
       27650.950   8.3594591e-06
       27664.250   8.3618585e-06
       27677.550   8.3642576e-06
       27690.850   8.3666558e-06
       27704.150   8.3690543e-06
       27717.450   8.3714519e-06
       27730.750   8.3738497e-06
       27744.050   8.3762467e-06
       27757.350   8.3894797e-06
       27770.650   8.4114865e-06
       27783.950   8.4334949e-06
       27797.250   8.4555060e-06
       27810.550   8.4775187e-06
       27823.850   8.4995335e-06
       27837.150   8.5215504e-06
       27850.450   8.5429017e-06
       27863.750   8.5451845e-06
       27877.050   8.5474669e-06
       27890.350   8.5497484e-06
       27903.650   8.5520302e-06
       27916.950   8.5543111e-06
       27930.250   8.5565916e-06
       27943.550   8.5588718e-06
       27956.850   8.5421659e-06
       27970.150   8.5075791e-06
       27983.450   8.4729869e-06
       27996.750   8.4383903e-06
       28010.050   8.4037884e-06
       28023.350   8.3691816e-06
       28036.650   8.3345706e-06
       28049.950   8.2999541e-06
       28063.250   8.2824360e-06
       28076.550   8.2649791e-06
       28089.850   8.2475201e-06
       28103.150   8.2300583e-06
       28116.450   8.2125933e-06
       28129.750   8.1951261e-06
       28143.050   8.1776557e-06
       28156.350   8.1704171e-06
       28169.650   8.1743792e-06
       28182.950   8.1783411e-06
       28196.250   8.1823030e-06
       28209.550   8.1862647e-06
       28222.850   8.1902264e-06
       28236.150   8.1941874e-06
       28249.450   8.1981488e-06
       28262.750   8.1556548e-06
       28276.050   8.1111515e-06
       28289.350   8.0666419e-06
       28302.650   8.0221263e-06
       28315.950   7.9776049e-06
       28329.250   7.9330776e-06
       28342.550   7.8885444e-06
       28355.850   7.8285927e-06
       28369.150   7.7490040e-06
       28382.450   7.6694053e-06
       28395.750   7.5897962e-06
       28409.050   7.5101776e-06
       28422.350   7.4305485e-06
       28435.650   7.3509100e-06
       28448.950   7.2712612e-06
       28462.250   7.3135503e-06
       28475.550   7.3662966e-06
       28488.850   7.4190485e-06
       28502.150   7.4718066e-06
       28515.450   7.5245699e-06
       28528.750   7.5773388e-06
       28542.050   7.6301134e-06
       28555.350   7.6673466e-06
       28568.650   7.6814798e-06
       28581.950   7.6956141e-06
       28595.250   7.7097495e-06
       28608.550   7.7238855e-06
       28621.850   7.7380231e-06
       28635.150   7.7521618e-06
       28648.450   7.7663016e-06
       28661.750   7.7364053e-06
       28675.050   7.7006962e-06
       28688.350   7.6649823e-06
       28701.650   7.6292633e-06
       28714.950   7.5935402e-06
       28728.250   7.5578119e-06
       28741.550   7.5220795e-06
       28754.850   7.4937133e-06
       28768.150   7.4781876e-06
       28781.450   7.4626590e-06
       28794.750   7.4471282e-06
       28808.050   7.4315956e-06
       28821.350   7.4160601e-06
       28834.650   7.4005224e-06
       28847.950   7.3849829e-06
       28861.250   7.3592696e-06
       28874.550   7.3316993e-06
       28887.850   7.3041259e-06
       28901.150   7.2765484e-06
       28914.450   7.2489673e-06
       28927.750   7.2213830e-06
       28941.050   7.1937946e-06
       28954.350   7.1832097e-06
       28967.650   7.2076168e-06
       28980.950   7.2320266e-06
       28994.250   7.2564382e-06
       29007.550   7.2808519e-06
       29020.850   7.3052684e-06
       29034.150   7.3296866e-06
       29047.450   7.3541070e-06
       29060.750   7.3247453e-06
       29074.050   7.2826203e-06
       29087.350   7.2404906e-06
       29100.650   7.1983553e-06
       29113.950   7.1562148e-06
       29127.250   7.1140696e-06
       29140.550   7.0719187e-06
       29153.850   7.0294209e-06
       29167.150   6.9860771e-06
       29180.450   6.9427285e-06
       29193.750   6.8993743e-06
       29207.050   6.8560152e-06
       29220.350   6.8126508e-06
       29233.650   6.7692808e-06
       29246.950   6.7259060e-06
       29260.250   6.7143617e-06
       29273.550   6.7122889e-06
       29286.850   6.7102158e-06
       29300.150   6.7081420e-06
       29313.450   6.7060675e-06
       29326.750   6.7039923e-06
       29340.050   6.7019165e-06
       29353.350   6.6931462e-06
       29366.650   6.6644924e-06
       29379.950   6.6358349e-06
       29393.250   6.6071739e-06
       29406.550   6.5785094e-06
       29419.850   6.5498417e-06
       29433.150   6.5211700e-06
       29446.450   6.4924948e-06
       29459.750   6.4682168e-06
       29473.050   6.4455376e-06
       29486.350   6.4228559e-06
       29499.650   6.4001709e-06
       29512.950   6.3774835e-06
       29526.250   6.3547932e-06
       29539.550   6.3321000e-06
       29552.850   6.3116881e-06
       29566.150   6.2996514e-06
       29579.450   6.2876129e-06
       29592.750   6.2755727e-06
       29606.050   6.2635312e-06
       29619.350   6.2514875e-06
       29632.650   6.2394422e-06
       29645.950   6.2273951e-06
       29659.250   6.2117295e-06
       29672.550   6.1944776e-06
       29685.850   6.1772237e-06
       29699.150   6.1599677e-06
       29712.450   6.1427094e-06
       29725.750   6.1254485e-06
       29739.050   6.1081857e-06
       29752.350   6.0899469e-06
       29765.650   6.0671688e-06
       29778.950   6.0443874e-06
       29792.250   6.0216032e-06
       29805.550   5.9988166e-06
       29818.850   5.9760269e-06
       29832.150   5.9532347e-06
       29845.450   5.9304394e-06
       29858.750   5.9197769e-06
       29872.050   5.9154237e-06
       29885.350   5.9110696e-06
       29898.650   5.9067146e-06
       29911.950   5.9023588e-06
       29925.250   5.8980025e-06
       29938.550   5.8936450e-06
       29951.850   5.8892210e-06
       29965.150   5.8843877e-06
       29978.450   5.8795539e-06
       29991.750   5.8747191e-06
       30005.050   5.8698835e-06
       30018.350   5.8650469e-06
       30031.650   5.8602095e-06
       30044.950   5.8553715e-06
       30058.250   5.8452544e-06
       30071.550   5.8319053e-06
       30084.850   5.8185545e-06
       30098.150   5.8052015e-06
       30111.450   5.7918472e-06
       30124.750   5.7784911e-06
       30138.050   5.7651336e-06
       30151.350   5.7519433e-06
       30164.650   5.7402504e-06
       30177.950   5.7285562e-06
       30191.250   5.7168604e-06
       30204.550   5.7051631e-06
       30217.850   5.6934642e-06
       30231.150   5.6817637e-06
       30244.450   5.6700617e-06
       30257.750   5.6563761e-06
       30271.050   5.6412686e-06
       30284.350   5.6261597e-06
       30297.650   5.6110488e-06
       30310.950   5.5959361e-06
       30324.250   5.5808214e-06
       30337.550   5.5657049e-06
       30350.850   5.5513952e-06
       30364.150   5.5489246e-06
       30377.450   5.5464538e-06
       30390.750   5.5439823e-06
       30404.050   5.5415102e-06
       30417.350   5.5390374e-06
       30430.650   5.5365640e-06
       30443.950   5.5340904e-06
       30457.250   5.5310583e-06
       30470.550   5.5275597e-06
       30483.850   5.5240608e-06
       30497.150   5.5205611e-06
       30510.450   5.5170610e-06
       30523.750   5.5135599e-06
       30537.050   5.5100584e-06
       30550.350   5.5065786e-06
       30563.650   5.5039286e-06
       30576.950   5.5012780e-06
       30590.250   5.4986268e-06
       30603.550   5.4959753e-06
       30616.850   5.4933228e-06
       30630.150   5.4906700e-06
       30643.450   5.4880166e-06
       30656.750   5.4849784e-06
       30670.050   5.4815660e-06
       30683.350   5.4781533e-06
       30696.650   5.4747396e-06
       30709.950   5.4713255e-06
       30723.250   5.4679107e-06
       30736.550   5.4644955e-06
       30749.850   5.4610793e-06
       30763.150   5.4488001e-06
       30776.450   5.4364183e-06
       30789.750   5.4240349e-06
       30803.050   5.4116500e-06
       30816.350   5.3992635e-06
       30829.650   5.3868758e-06
       30842.950   5.3744866e-06
       30856.250   5.3633545e-06
       30869.550   5.3536407e-06
       30882.850   5.3439257e-06
       30896.150   5.3342097e-06
       30909.450   5.3244924e-06
       30922.750   5.3147738e-06
       30936.050   5.3050540e-06
       30949.350   5.2953329e-06
       30962.650   5.2960568e-06
       30975.950   5.2973172e-06
       30989.250   5.2985774e-06
       31002.550   5.2998373e-06
       31015.850   5.3010973e-06
       31029.150   5.3023568e-06
       31042.450   5.3036163e-06
       31055.750   5.3003664e-06
       31069.050   5.2911947e-06
       31082.350   5.2820222e-06
       31095.650   5.2728485e-06
       31108.950   5.2636735e-06
       31122.250   5.2544973e-06
       31135.550   5.2453199e-06
       31148.850   5.2361417e-06
       31162.150   5.2268020e-06
       31175.450   5.2174459e-06
       31188.750   5.2080885e-06
       31202.050   5.1987300e-06
       31215.350   5.1893706e-06
       31228.650   5.1800099e-06
       31241.950   5.1706480e-06
       31255.250   5.1611204e-06
       31268.550   5.1513384e-06
       31281.850   5.1415554e-06
       31295.150   5.1317712e-06
       31308.450   5.1219860e-06
       31321.750   5.1121993e-06
       31335.050   5.1024117e-06
       31348.350   5.0926229e-06
       31361.650   5.0875373e-06
       31374.950   5.0831177e-06
       31388.250   5.0786973e-06
       31401.550   5.0742761e-06
       31414.850   5.0698542e-06
       31428.150   5.0654318e-06
       31441.450   5.0610084e-06
       31454.750   5.0558205e-06
       31468.050   5.0492567e-06
       31481.350   5.0426917e-06
       31494.650   5.0361260e-06
       31507.950   5.0295594e-06
       31521.250   5.0229918e-06
       31534.550   5.0164237e-06
       31547.850   5.0098543e-06
       31561.150   4.9989781e-06
       31574.450   4.9872705e-06
       31587.750   4.9755612e-06
       31601.050   4.9638509e-06
       31614.350   4.9521392e-06
       31627.650   4.9404261e-06
       31640.950   4.9287119e-06
       31654.250   4.9191998e-06
       31667.550   4.9143788e-06
       31680.850   4.9095569e-06
       31694.150   4.9047347e-06
       31707.450   4.8999116e-06
       31720.750   4.8950878e-06
       31734.050   4.8902633e-06
       31747.350   4.8854383e-06
       31760.650   4.8835669e-06
       31773.950   4.8824303e-06
       31787.250   4.8812935e-06
       31800.550   4.8801563e-06
       31813.850   4.8790186e-06
       31827.150   4.8778806e-06
       31840.450   4.8767424e-06
       31853.750   4.8759825e-06
       31867.050   4.8761868e-06
       31880.350   4.8763908e-06
       31893.650   4.8765948e-06
       31906.950   4.8767985e-06
       31920.250   4.8770019e-06
       31933.550   4.8772053e-06
       31946.850   4.8774084e-06
       31960.150   4.8707215e-06
       31973.450   4.8618959e-06
       31986.750   4.8530688e-06
       32000.050   4.8442409e-06
       32013.350   4.8354122e-06
       32026.650   4.8265822e-06
       32039.950   4.8177514e-06
       32053.250   4.8089194e-06
       32066.550   4.8000867e-06
       32079.850   4.7912530e-06
       32093.150   4.7824181e-06
       32106.450   4.7744081e-06
       32119.750   4.7672746e-06
       32133.050   4.7601402e-06
       32146.350   4.7530049e-06
       32159.650   4.7458689e-06
       32172.950   4.7387320e-06
       32186.250   4.7315942e-06
       32199.550   4.7244557e-06
       32212.850   4.7173161e-06
       32226.150   4.7101758e-06
       32239.450   4.7030349e-06
       32252.750   4.6958930e-06
       32266.050   4.6887502e-06
       32279.350   4.6816066e-06
       32292.650   4.6744622e-06
       32305.950   4.6704013e-06
       32319.250   4.6701500e-06
       32332.550   4.6698986e-06
       32345.850   4.6696469e-06
       32359.150   4.6693949e-06
       32372.450   4.6691425e-06
       32385.750   4.6688901e-06
       32399.050   4.6686377e-06
       32412.350   4.6683846e-06
       32425.650   4.6681315e-06
       32438.950   4.6678780e-06
       32452.250   4.6676245e-06
       32465.550   4.6673704e-06
       32478.850   4.6671165e-06
       32492.150   4.6668620e-06
       32505.450   4.6644918e-06
       32518.750   4.6590737e-06
       32532.050   4.6536547e-06
       32545.350   4.6482353e-06
       32558.650   4.6428151e-06
       32571.950   4.6373945e-06
       32585.250   4.6319731e-06
       32598.550   4.6265510e-06
       32611.850   4.6211280e-06
       32625.150   4.6157047e-06
       32638.450   4.6102806e-06
       32651.750   4.6048560e-06
       32665.050   4.5994303e-06
       32678.350   4.5940042e-06
       32691.650   4.5885777e-06
       32704.950   4.5825540e-06
       32718.250   4.5755235e-06
       32731.550   4.5684921e-06
       32744.850   4.5614600e-06
       32758.150   4.5544272e-06
       32771.450   4.5473937e-06
       32784.750   4.5403594e-06
       32798.050   4.5333241e-06
       32811.350   4.5262883e-06
       32824.650   4.5192516e-06
       32837.950   4.5122141e-06
       32851.250   4.5051760e-06
       32864.550   4.4981370e-06
       32877.850   4.4910971e-06
       32891.150   4.4840566e-06
       32904.450   4.4774479e-06
       32917.750   4.4716986e-06
       32931.050   4.4659489e-06
       32944.350   4.4601984e-06
       32957.650   4.4544472e-06
       32970.950   4.4486955e-06
       32984.250   4.4429433e-06
       32997.550   4.4371901e-06
       33010.850   4.4314364e-06
       33024.150   4.4256819e-06
       33037.450   4.4199270e-06
       33050.750   4.4141713e-06
       33064.050   4.4084148e-06
       33077.350   4.4026579e-06
       33090.650   4.3969003e-06
       33103.950   4.3932765e-06
       33117.250   4.3947044e-06
       33130.550   4.3961321e-06
       33143.850   4.3975597e-06
       33157.150   4.3989873e-06
       33170.450   4.4004151e-06
       33183.750   4.4018424e-06
       33197.050   4.4032698e-06
       33210.350   4.4046973e-06
       33223.650   4.4061246e-06
       33236.950   4.4075517e-06
       33250.250   4.4089789e-06
       33263.550   4.4104060e-06
       33276.850   4.4118328e-06
       33290.150   4.4132598e-06
       33303.450   4.4156333e-06
       33316.750   4.4207097e-06
       33330.050   4.4257865e-06
       33343.350   4.4308635e-06
       33356.650   4.4359408e-06
       33369.950   4.4410182e-06
       33383.250   4.4460957e-06
       33396.550   4.4511735e-06
       33409.850   4.4562518e-06
       33423.150   4.4613299e-06
       33436.450   4.4664083e-06
       33449.750   4.4714869e-06
       33463.050   4.4765658e-06
       33476.350   4.4816448e-06
       33489.650   4.4867242e-06
       33502.950   4.4882188e-06
       33516.250   4.4771350e-06
       33529.550   4.4660504e-06
       33542.850   4.4549647e-06
       33556.150   4.4438778e-06
       33569.450   4.4327900e-06
       33582.750   4.4217014e-06
       33596.050   4.4106114e-06
       33609.350   4.3995207e-06
       33622.650   4.3884287e-06
       33635.950   4.3773358e-06
       33649.250   4.3662418e-06
       33662.550   4.3551469e-06
       33675.850   4.3440509e-06
       33689.150   4.3329541e-06
       33702.450   4.3239868e-06
       33715.750   4.3244547e-06
       33729.050   4.3249227e-06
       33742.350   4.3253904e-06
       33755.650   4.3258579e-06
       33768.950   4.3263257e-06
       33782.250   4.3267929e-06
       33795.550   4.3272602e-06
       33808.850   4.3277272e-06
       33822.150   4.3281943e-06
       33835.450   4.3286610e-06
       33848.750   4.3291276e-06
       33862.050   4.3295942e-06
       33875.350   4.3300605e-06
       33888.650   4.3305268e-06
       33901.950   4.3311182e-06
       33915.250   4.3324388e-06
       33928.550   4.3337593e-06
       33941.850   4.3350796e-06
       33955.150   4.3364000e-06
       33968.450   4.3377201e-06
       33981.750   4.3390404e-06
       33995.050   4.3403605e-06
       34008.350   4.3416804e-06
       34021.650   4.3430003e-06
       34034.950   4.3443204e-06
       34048.250   4.3456400e-06
       34061.550   4.3469600e-06
       34074.850   4.3482795e-06
       34088.150   4.3495990e-06
       34101.450   4.3510259e-06
       34114.750   4.3533292e-06
       34128.050   4.3556323e-06
       34141.350   4.3579355e-06
       34154.650   4.3602387e-06
       34167.950   4.3625420e-06
       34181.250   4.3648451e-06
       34194.550   4.3671482e-06
       34207.850   4.3694514e-06
       34221.150   4.3717548e-06
       34234.450   4.3740580e-06
       34247.750   4.3763612e-06
       34261.050   4.3786645e-06
       34274.350   4.3809676e-06
       34287.650   4.3832707e-06
       34300.950   4.3848972e-06
       34314.250   4.3777262e-06
       34327.550   4.3705545e-06
       34340.850   4.3633820e-06
       34354.150   4.3562090e-06
       34367.450   4.3490351e-06
       34380.750   4.3418607e-06
       34394.050   4.3346856e-06
       34407.350   4.3275099e-06
       34420.650   4.3203334e-06
       34433.950   4.3131561e-06
       34447.250   4.3059783e-06
       34460.550   4.2987999e-06
       34473.850   4.2916205e-06
       34487.150   4.2844408e-06
       34500.450   4.2773089e-06
       34513.750   4.2715611e-06
       34527.050   4.2658127e-06
       34540.350   4.2600639e-06
       34553.650   4.2543146e-06
       34566.950   4.2485646e-06
       34580.250   4.2428143e-06
       34593.550   4.2370629e-06
       34606.850   4.2313115e-06
       34620.150   4.2255593e-06
       34633.450   4.2198065e-06
       34646.750   4.2140532e-06
       34660.050   4.2082993e-06
       34673.350   4.2025449e-06
       34686.650   4.1967899e-06
       34699.950   4.1910342e-06
       34713.250   4.1803158e-06
       34726.550   4.1695773e-06
       34739.850   4.1588381e-06
       34753.150   4.1480981e-06
       34766.450   4.1373571e-06
       34779.750   4.1266151e-06
       34793.050   4.1158723e-06
       34806.350   4.1051285e-06
       34819.650   4.0943840e-06
       34832.950   4.0836384e-06
       34846.250   4.0728921e-06
       34859.550   4.0621448e-06
       34872.850   4.0513967e-06
       34886.150   4.0406476e-06
       34899.450   4.0298977e-06
       34912.750   4.0300557e-06
       34926.050   4.0306842e-06
       34939.350   4.0313125e-06
       34952.650   4.0319406e-06
       34965.950   4.0325688e-06
       34979.250   4.0331969e-06
       34992.550   4.0338249e-06
       35005.850   4.0344526e-06
       35019.150   4.0350803e-06
       35032.450   4.0357081e-06
       35045.750   4.0363354e-06
       35059.050   4.0369630e-06
       35072.350   4.0375904e-06
       35085.650   4.0382176e-06
       35098.950   4.0388448e-06
       35112.250   4.0312709e-06
       35125.550   4.0229936e-06
       35138.850   4.0147155e-06
       35152.150   4.0064367e-06
       35165.450   3.9981572e-06
       35178.750   3.9898771e-06
       35192.050   3.9815962e-06
       35205.350   3.9733147e-06
       35218.650   3.9650324e-06
       35231.950   3.9567495e-06
       35245.250   3.9484658e-06
       35258.550   3.9401815e-06
       35271.850   3.9318964e-06
       35285.150   3.9236108e-06
       35298.450   3.9153243e-06
       35311.750   3.9043153e-06
       35325.050   3.8929461e-06
       35338.350   3.8815762e-06
       35351.650   3.8702053e-06
       35364.950   3.8588334e-06
       35378.250   3.8474609e-06
       35391.550   3.8360872e-06
       35404.850   3.8247128e-06
       35418.150   3.8133375e-06
       35431.450   3.8019613e-06
       35444.750   3.7905843e-06
       35458.050   3.7792063e-06
       35471.350   3.7678275e-06
       35484.650   3.7564477e-06
       35497.950   3.7450672e-06
       35511.250   3.7456558e-06
       35524.550   3.7484256e-06
       35537.850   3.7511954e-06
       35551.150   3.7539652e-06
       35564.450   3.7567353e-06
       35577.750   3.7595052e-06
       35591.050   3.7622752e-06
       35604.350   3.7650454e-06
       35617.650   3.7678155e-06
       35630.950   3.7705858e-06
       35644.250   3.7733561e-06
       35657.550   3.7761265e-06
       35670.850   3.7788968e-06
       35684.150   3.7816674e-06
       35697.450   3.7844381e-06
       35710.750   3.7789463e-06
       35724.050   3.7714945e-06
       35737.350   3.7640420e-06
       35750.650   3.7565888e-06
       35763.950   3.7491350e-06
       35777.250   3.7416806e-06
       35790.550   3.7342256e-06
       35803.850   3.7267702e-06
       35817.150   3.7193140e-06
       35830.450   3.7118571e-06
       35843.750   3.7043998e-06
       35857.050   3.6969419e-06
       35870.350   3.6894833e-06
       35883.650   3.6820240e-06
       35896.950   3.6745642e-06
       35910.250   3.6709660e-06
       35923.550   3.6685166e-06
       35936.850   3.6660670e-06
       35950.150   3.6636170e-06
       35963.450   3.6611666e-06
       35976.750   3.6587163e-06
       35990.050   3.6562654e-06
       36003.350   3.6538145e-06
       36016.650   3.6513632e-06
       36029.950   3.6489116e-06
       36043.250   3.6464597e-06
       36056.550   3.6440075e-06
       36069.850   3.6415552e-06
       36083.150   3.6391026e-06
       36096.450   3.6366497e-06
       36109.750   3.6273629e-06
       36123.050   3.6155873e-06
       36136.350   3.6038109e-06
       36149.650   3.5920336e-06
       36162.950   3.5802555e-06
       36176.250   3.5684764e-06
       36189.550   3.5566967e-06
       36202.850   3.5449159e-06
       36216.150   3.5331344e-06
       36229.450   3.5213519e-06
       36242.750   3.5095687e-06
       36256.050   3.4977845e-06
       36269.350   3.4859995e-06
       36282.650   3.4742139e-06
       36295.950   3.4624272e-06
       36309.250   3.4550374e-06
       36322.550   3.4495728e-06
       36335.850   3.4441077e-06
       36349.150   3.4386422e-06
       36362.450   3.4331762e-06
       36375.750   3.4277097e-06
       36389.050   3.4222429e-06
       36402.350   3.4167757e-06
       36415.650   3.4113080e-06
       36428.950   3.4058397e-06
       36442.250   3.4003710e-06
       36455.550   3.3949020e-06
       36468.850   3.3894325e-06
       36482.150   3.3839624e-06
       36495.450   3.3784922e-06
       36508.750   3.3741660e-06
       36522.050   3.3704350e-06
       36535.350   3.3667036e-06
       36548.650   3.3629718e-06
       36561.950   3.3592397e-06
       36575.250   3.3555073e-06
       36588.550   3.3517746e-06
       36601.850   3.3480414e-06
       36615.150   3.3443079e-06
       36628.450   3.3405743e-06
       36641.750   3.3368403e-06
       36655.050   3.3331058e-06
       36668.350   3.3293712e-06
       36681.650   3.3256362e-06
       36694.950   3.3219007e-06
       36708.250   3.3156243e-06
       36721.550   3.3077922e-06
       36734.850   3.2999594e-06
       36748.150   3.2921261e-06
       36761.450   3.2842921e-06
       36774.750   3.2764577e-06
       36788.050   3.2686228e-06
       36801.350   3.2607872e-06
       36814.650   3.2529509e-06
       36827.950   3.2451142e-06
       36841.250   3.2372769e-06
       36854.550   3.2294390e-06
       36867.850   3.2216006e-06
       36881.150   3.2137618e-06
       36894.450   3.2059222e-06
       36907.750   3.1983301e-06
       36921.050   3.1909153e-06
       36934.350   3.1835000e-06
       36947.650   3.1760841e-06
       36960.950   3.1686677e-06
       36974.250   3.1612506e-06
       36987.550   3.1538331e-06
       37000.850   3.1464152e-06
       37014.150   3.1389967e-06
       37027.450   3.1315774e-06
       37040.750   3.1241580e-06
       37054.050   3.1167379e-06
       37067.350   3.1093171e-06
       37080.650   3.1018960e-06
       37093.950   3.0944741e-06
       37107.250   3.0882137e-06
       37120.550   3.0829224e-06
       37133.850   3.0776307e-06
       37147.150   3.0723386e-06
       37160.450   3.0670462e-06
       37173.750   3.0617533e-06
       37187.050   3.0564598e-06
       37200.350   3.0511661e-06
       37213.650   3.0458721e-06
       37226.950   3.0405775e-06
       37240.250   3.0352826e-06
       37253.550   3.0299875e-06
       37266.850   3.0246918e-06
       37280.150   3.0193956e-06
       37293.450   3.0140991e-06
       37306.750   3.0070068e-06
       37320.050   2.9981716e-06
       37333.350   2.9893359e-06
       37346.650   2.9804996e-06
       37359.950   2.9716627e-06
       37373.250   2.9628252e-06
       37386.550   2.9539871e-06
       37399.850   2.9451484e-06
       37413.150   2.9363090e-06
       37426.450   2.9274691e-06
       37439.750   2.9186288e-06
       37453.050   2.9097877e-06
       37466.350   2.9009460e-06
       37479.650   2.8921037e-06
       37492.950   2.8832609e-06
       37506.250   2.8770225e-06
       37519.550   2.8737219e-06
       37532.850   2.8704211e-06
       37546.150   2.8671199e-06
       37559.450   2.8638186e-06
       37572.750   2.8605170e-06
       37586.050   2.8572151e-06
       37599.350   2.8539130e-06
       37612.650   2.8506105e-06
       37625.950   2.8473078e-06
       37639.250   2.8440047e-06
       37652.550   2.8407015e-06
       37665.850   2.8373981e-06
       37679.150   2.8340944e-06
       37692.450   2.8307903e-06
       37705.750   2.8271958e-06
       37719.050   2.8232197e-06
       37732.350   2.8192434e-06
       37745.650   2.8152666e-06
       37758.950   2.8112897e-06
       37772.250   2.8073123e-06
       37785.550   2.8033348e-06
       37798.850   2.7993570e-06
       37812.150   2.7953787e-06
       37825.450   2.7914003e-06
       37838.750   2.7874216e-06
       37852.050   2.7834426e-06
       37865.350   2.7794631e-06
       37878.650   2.7754836e-06
       37891.950   2.7715037e-06
       37905.250   2.7674641e-06
       37918.550   2.7633335e-06
       37931.850   2.7592026e-06
       37945.150   2.7550713e-06
       37958.450   2.7509398e-06
       37971.750   2.7468080e-06
       37985.050   2.7426759e-06
       37998.350   2.7385435e-06
       38011.650   2.7344107e-06
       38024.950   2.7302777e-06
       38038.250   2.7261444e-06
       38051.550   2.7220107e-06
       38064.850   2.7178769e-06
       38078.150   2.7137426e-06
       38091.450   2.7096080e-06
       38104.750   2.7053259e-06
       38118.050   2.7007782e-06
       38131.350   2.6962301e-06
       38144.650   2.6916817e-06
       38157.950   2.6871331e-06
       38171.250   2.6825840e-06
       38184.550   2.6780348e-06
       38197.850   2.6734852e-06
       38211.150   2.6689351e-06
       38224.450   2.6643849e-06
       38237.750   2.6598343e-06
       38251.050   2.6552833e-06
       38264.350   2.6507321e-06
       38277.650   2.6461807e-06
       38290.950   2.6416288e-06
       38304.250   2.6377801e-06
       38317.550   2.6354292e-06
       38330.850   2.6330779e-06
       38344.150   2.6307266e-06
       38357.450   2.6283750e-06
       38370.750   2.6260232e-06
       38384.050   2.6236713e-06
       38397.350   2.6213191e-06
       38410.650   2.6189668e-06
       38423.950   2.6166141e-06
       38437.250   2.6142614e-06
       38450.550   2.6119085e-06
       38463.850   2.6095553e-06
       38477.150   2.6072020e-06
       38490.450   2.6048486e-06
       38503.750   2.6022913e-06
       38517.050   2.5992153e-06
       38530.350   2.5961391e-06
       38543.650   2.5930626e-06
       38556.950   2.5899860e-06
       38570.250   2.5869093e-06
       38583.550   2.5838322e-06
       38596.850   2.5807548e-06
       38610.150   2.5776772e-06
       38623.450   2.5745994e-06
       38636.750   2.5715215e-06
       38650.050   2.5684432e-06
       38663.350   2.5653648e-06
       38676.650   2.5622861e-06
       38689.950   2.5592072e-06
       38703.250   2.5561291e-06
       38716.550   2.5530540e-06
       38729.850   2.5499787e-06
       38743.150   2.5469032e-06
       38756.450   2.5438274e-06
       38769.750   2.5407514e-06
       38783.050   2.5376751e-06
       38796.350   2.5345987e-06
       38809.650   2.5315220e-06
       38822.950   2.5284451e-06
       38836.250   2.5253680e-06
       38849.550   2.5222907e-06
       38862.850   2.5192131e-06
       38876.150   2.5161353e-06
       38889.450   2.5130574e-06
       38902.750   2.5100711e-06
       38916.050   2.5074374e-06
       38929.350   2.5048035e-06
       38942.650   2.5021695e-06
       38955.950   2.4995351e-06
       38969.250   2.4969007e-06
       38982.550   2.4942660e-06
       38995.850   2.4916312e-06
       39009.150   2.4889961e-06
       39022.450   2.4863608e-06
       39035.750   2.4837253e-06
       39049.050   2.4810897e-06
       39062.350   2.4784539e-06
       39075.650   2.4758178e-06
       39088.950   2.4731815e-06
       39102.250   2.4707396e-06
       39115.550   2.4692529e-06
       39128.850   2.4677659e-06
       39142.150   2.4662789e-06
       39155.450   2.4647916e-06
       39168.750   2.4633043e-06
       39182.050   2.4618168e-06
       39195.350   2.4603291e-06
       39208.650   2.4588414e-06
       39221.950   2.4573536e-06
       39235.250   2.4558655e-06
       39248.550   2.4543774e-06
       39261.850   2.4528892e-06
       39275.150   2.4514007e-06
       39288.450   2.4499122e-06
       39301.750   2.4483214e-06
       39315.050   2.4460557e-06
       39328.350   2.4437899e-06
       39341.650   2.4415238e-06
       39354.950   2.4392578e-06
       39368.250   2.4369913e-06
       39381.550   2.4347249e-06
       39394.850   2.4324582e-06
       39408.150   2.4301914e-06
       39421.450   2.4279243e-06
       39434.750   2.4256571e-06
       39448.050   2.4233898e-06
       39461.350   2.4211224e-06
       39474.650   2.4188547e-06
       39487.950   2.4165868e-06
       39501.250   2.4143988e-06
       39514.550   2.4129817e-06
       39527.850   2.4115645e-06
       39541.150   2.4101470e-06
       39554.450   2.4087295e-06
       39567.750   2.4073119e-06
       39581.050   2.4058941e-06
       39594.350   2.4044762e-06
       39607.650   2.4030583e-06
       39620.950   2.4016401e-06
       39634.250   2.4002219e-06
       39647.550   2.3988035e-06
       39660.850   2.3973850e-06
       39674.150   2.3959664e-06
       39687.450   2.3945477e-06
       39700.750   2.3930521e-06
       39714.050   2.3902732e-06
       39727.350   2.3874941e-06
       39740.650   2.3847148e-06
       39753.950   2.3819353e-06
       39767.250   2.3791556e-06
       39780.550   2.3763757e-06
       39793.850   2.3735957e-06
       39807.150   2.3708155e-06
       39820.450   2.3680350e-06
       39833.750   2.3652544e-06
       39847.050   2.3624736e-06
       39860.350   2.3596926e-06
       39873.650   2.3569114e-06
       39886.950   2.3541301e-06
       39900.250   2.3513485e-06
       39913.550   2.3485694e-06
       39926.850   2.3457901e-06
       39940.150   2.3430106e-06
       39953.450   2.3402309e-06
       39966.750   2.3374510e-06
       39980.050   2.3346709e-06
       39993.350   2.3318907e-06
