9.100000e+01 2.859114e-09
9.400000e+01 3.983351e-09
9.600000e+01 4.904067e-09
9.800000e+01 5.979286e-09
1.000000e+02 7.224198e-09
1.020000e+02 8.654073e-09
1.040000e+02 1.028416e-08
1.060000e+02 1.212938e-08
1.080000e+02 1.420434e-08
1.100000e+02 1.652314e-08
1.140000e+02 2.194537e-08
1.180000e+02 2.849410e-08
1.210000e+02 3.419563e-08
1.250000e+02 4.290583e-08
1.270000e+02 4.775058e-08
1.280000e+02 5.029782e-08
1.310000e+02 5.844335e-08
1.320000e+02 6.132792e-08
1.340000e+02 6.735300e-08
1.370000e+02 7.702649e-08
1.400000e+02 8.746102e-08
1.430000e+02 9.864712e-08
1.470000e+02 1.147063e-07
1.510000e+02 1.320270e-07
1.550000e+02 1.505467e-07
1.590000e+02 1.701907e-07
1.620000e+02 1.856111e-07
1.660000e+02 2.070168e-07
1.700000e+02 2.292928e-07
1.730000e+02 2.465104e-07
1.770000e+02 2.700651e-07
1.800000e+02 2.881197e-07
1.820000e+02 3.003181e-07
1.860000e+02 3.250354e-07
1.910000e+02 3.564072e-07
1.940000e+02 3.754071e-07
1.980000e+02 4.008548e-07
2.020000e+02 4.263462e-07
2.050000e+02 4.454416e-07
2.100000e+02 4.771063e-07
2.160000e+02 5.146527e-07
2.200000e+02 5.392944e-07
2.230000e+02 5.575209e-07
2.270000e+02 5.814368e-07
2.300000e+02 4.209073e-06
2.340000e+02 4.136231e-06
2.400000e+02 4.026492e-06
2.460000e+02 3.917213e-06
2.520000e+02 3.811512e-06
2.570000e+02 3.727399e-06
2.600000e+02 3.671711e-06
2.640000e+02 3.624726e-06
2.690000e+02 3.542581e-06
2.740000e+02 3.461393e-06
2.790000e+02 3.360911e-06
2.840000e+02 3.299933e-06
2.900000e+02 3.211968e-06
2.960000e+02 3.107287e-06
3.010000e+02 3.023478e-06
3.080000e+02 2.922934e-06
3.180000e+02 2.772834e-06
3.280000e+02 2.639555e-06
3.380000e+02 2.502588e-06
3.480000e+02 2.373870e-06
3.570000e+02 2.298973e-06
3.660000e+02 2.261630e-06
3.750000e+02 2.163488e-06
3.850000e+02 2.023774e-06
3.950000e+02 1.995134e-06
4.050000e+02 1.952447e-06
4.140000e+02 1.870903e-06
4.220000e+02 1.780718e-06
4.300000e+02 1.708094e-06
4.410000e+02 1.660962e-06
4.510000e+02 1.593429e-06
4.600000e+02 1.502255e-06
4.700000e+02 1.442102e-06
4.800000e+02 1.407008e-06
4.900000e+02 1.317074e-06
5.000000e+02 1.308928e-06
5.060000e+02 1.241654e-06
5.120000e+02 1.339192e-06
5.200000e+02 1.281499e-06
5.300000e+02 1.211607e-06
5.400000e+02 1.113249e-06
5.500000e+02 1.069995e-06
5.600000e+02 1.092185e-06
5.700000e+02 1.081172e-06
5.800000e+02 1.035847e-06
5.900000e+02 1.006010e-06
6.000000e+02 9.305428e-07
6.100000e+02 8.889864e-07
6.200000e+02 9.138452e-07
6.300000e+02 8.647393e-07
6.400000e+02 8.617731e-07
6.500000e+02 8.249141e-07
6.580000e+02 7.844688e-07
6.650000e+02 7.955294e-07
6.750000e+02 7.796166e-07
6.850000e+02 7.212923e-07
6.950000e+02 7.343957e-07
7.050000e+02 6.672898e-07
7.160000e+02 6.955061e-07
7.260000e+02 6.775742e-07
7.350000e+02 6.600342e-07
7.450000e+02 6.359517e-07
7.550000e+02 6.157812e-07
7.650000e+02 5.784648e-07
7.750000e+02 5.836822e-07
7.850000e+02 5.518967e-07
7.950000e+02 5.502274e-07
8.050000e+02 5.415922e-07
8.150000e+02 5.284430e-07
8.250000e+02 5.193422e-07
8.350000e+02 4.653028e-07
8.450000e+02 4.897603e-07
8.550000e+02 4.740832e-07
8.650000e+02 4.705009e-07
8.750000e+02 4.608751e-07
8.850000e+02 4.512825e-07
8.950000e+02 4.422129e-07
9.050000e+02 4.279409e-07
9.150000e+02 5.952261e-07
9.250000e+02 1.109951e-06
9.350000e+02 1.574746e-06
9.450000e+02 2.940370e-06
9.550000e+02 1.146235e-05
9.650000e+02 1.660312e-05
9.750000e+02 4.475371e-06
9.850000e+02 4.250605e-05
9.950000e+02 4.515462e-05
1.005000e+03 7.094768e-05
1.015000e+03 4.555447e-05
1.025000e+03 3.825765e-06
1.035000e+03 2.058184e-05
1.045000e+03 9.481591e-05
1.055000e+03 1.276829e-04
1.065000e+03 1.083829e-04
1.075000e+03 1.337604e-04
1.085000e+03 1.030229e-04
1.095000e+03 1.360515e-04
1.105000e+03 3.115566e-04
1.115000e+03 3.813807e-04
1.125000e+03 4.270993e-04
1.135000e+03 4.763055e-04
1.145000e+03 4.213136e-04
1.155000e+03 4.952187e-04
1.165000e+03 5.458158e-04
1.175000e+03 4.737200e-04
1.185000e+03 3.917243e-04
1.195000e+03 5.108792e-05
1.205000e+03 6.413451e-05
1.215000e+03 6.580830e-06
1.225000e+03 4.396158e-05
1.235000e+03 3.222946e-04
1.245000e+03 6.194765e-04
1.255000e+03 6.601308e-04
1.265000e+03 3.616180e-04
1.275000e+03 9.654442e-04
1.285000e+03 1.171186e-03
1.295000e+03 9.850829e-04
1.305000e+03 7.419738e-04
1.315000e+03 1.110498e-03
1.325000e+03 1.173805e-03
1.335000e+03 9.724973e-04
1.345000e+03 1.305578e-03
1.355000e+03 1.233699e-03
1.365000e+03 1.055401e-03
1.375000e+03 1.238367e-03
1.385000e+03 1.258791e-03
1.395000e+03 1.305124e-03
1.405000e+03 1.280849e-03
1.415000e+03 1.154382e-03
1.425000e+03 1.249045e-03
1.435000e+03 1.135114e-03
1.442000e+03 1.266007e-03
1.447000e+03 1.370851e-03
1.455000e+03 1.310859e-03
1.465000e+03 1.179087e-03
1.475000e+03 1.116865e-03
1.485000e+03 1.199965e-03
1.495000e+03 1.277356e-03
1.505000e+03 1.255621e-03
1.512000e+03 1.105853e-03
1.517000e+03 1.230377e-03
1.525000e+03 1.043637e-03
1.535000e+03 9.006517e-04
1.545000e+03 1.176755e-03
1.555000e+03 1.038347e-03
1.565000e+03 9.649471e-04
1.575000e+03 1.016606e-03
1.585000e+03 1.121370e-03
1.595000e+03 1.170440e-03
1.605000e+03 1.090597e-03
1.615000e+03 1.094992e-03
1.625000e+03 9.891393e-04
1.635000e+03 1.041652e-03
1.645000e+03 1.076752e-03
1.655000e+03 9.196794e-04
1.665000e+03 1.047794e-03
1.672000e+03 7.864254e-04
1.677000e+03 1.006101e-03
1.685000e+03 1.121635e-03
1.695000e+03 1.037136e-03
1.705000e+03 9.629909e-04
1.715000e+03 9.112867e-04
1.725000e+03 8.983180e-04
1.735000e+03 9.602338e-04
1.745000e+03 9.482028e-04
1.755000e+03 1.052889e-03
1.765000e+03 8.929836e-04
1.775000e+03 9.841207e-04
1.785000e+03 9.826089e-04
1.795000e+03 1.072158e-03
1.805000e+03 1.032704e-03
1.815000e+03 9.960998e-04
1.825000e+03 9.711806e-04
1.835000e+03 9.277121e-04
1.845000e+03 8.483456e-04
1.855000e+03 8.758905e-04
1.865000e+03 8.872336e-04
1.875000e+03 9.560735e-04
1.885000e+03 9.091567e-04
1.895000e+03 8.929734e-04
1.905000e+03 8.840497e-04
1.915000e+03 8.934613e-04
1.925000e+03 8.937246e-04
1.935000e+03 8.901861e-04
1.945000e+03 9.193702e-04
1.955000e+03 8.867744e-04
1.967000e+03 9.482612e-04
1.976000e+03 9.561743e-04
1.984000e+03 9.106771e-04
1.995000e+03 8.676524e-04
2.005000e+03 8.787133e-04
2.015000e+03 8.275862e-04
2.025000e+03 8.626272e-04
2.035000e+03 8.412242e-04
2.045000e+03 8.755905e-04
2.055000e+03 8.309393e-04
2.065000e+03 8.219536e-04
2.074000e+03 8.650670e-04
2.078000e+03 8.644141e-04
2.085000e+03 8.665008e-04
2.095000e+03 8.227591e-04
2.105000e+03 8.040814e-04
2.115000e+03 8.044156e-04
2.125000e+03 8.157071e-04
2.135000e+03 7.113184e-04
2.145000e+03 7.753045e-04
2.155000e+03 7.942685e-04
2.165000e+03 7.496921e-04
2.175000e+03 7.337211e-04
2.185000e+03 7.244652e-04
2.195000e+03 7.708828e-04
2.205000e+03 7.322010e-04
2.215000e+03 6.778140e-04
2.225000e+03 6.486542e-04
2.235000e+03 7.188710e-04
2.245000e+03 6.471570e-04
2.255000e+03 6.269977e-04
2.265000e+03 6.409740e-04
2.275000e+03 6.702087e-04
2.285000e+03 6.901128e-04
2.295000e+03 6.537400e-04
2.305000e+03 6.278778e-04
2.315000e+03 5.940121e-04
2.325000e+03 4.633198e-04
2.335000e+03 5.494669e-04
2.345000e+03 5.152647e-04
2.355000e+03 5.807934e-04
2.365000e+03 5.090752e-04
2.375000e+03 5.345504e-04
2.385000e+03 4.746954e-04
2.395000e+03 5.292664e-04
2.405000e+03 4.966601e-04
2.415000e+03 5.121477e-04
2.425000e+03 5.482256e-04
2.435000e+03 5.193167e-04
2.445000e+03 5.622812e-04
2.455000e+03 5.382936e-04
2.465000e+03 5.407882e-04
2.475000e+03 5.130023e-04
2.485000e+03 5.458016e-04
2.495000e+03 5.253200e-04
2.505000e+03 5.788410e-04
2.513000e+03 5.121787e-04
2.518000e+03 5.253378e-04
2.525000e+03 4.891388e-04
2.535000e+03 4.918083e-04
2.545000e+03 4.837237e-04
2.555000e+03 5.197243e-04
2.565000e+03 5.098093e-04
2.575000e+03 5.485541e-04
2.585000e+03 5.407506e-04
2.595000e+03 5.299023e-04
2.605000e+03 5.050603e-04
2.615000e+03 5.002099e-04
2.625000e+03 5.284126e-04
2.635000e+03 5.315093e-04
2.645000e+03 5.832870e-04
2.655000e+03 5.762616e-04
2.665000e+03 5.261578e-04
2.675000e+03 5.516582e-04
2.685000e+03 5.427805e-04
2.695000e+03 5.217469e-04
2.705000e+03 5.376928e-04
2.715000e+03 5.078376e-04
2.725000e+03 5.113485e-04
2.735000e+03 5.459720e-04
2.745000e+03 4.644893e-04
2.755000e+03 4.676291e-04
2.765000e+03 4.846276e-04
2.775000e+03 5.121513e-04
2.785000e+03 4.951794e-04
2.795000e+03 3.604959e-04
2.805000e+03 4.041401e-04
2.815000e+03 5.132750e-04
2.825000e+03 5.257487e-04
2.835000e+03 5.021449e-04
2.845000e+03 4.829783e-04
2.855000e+03 4.750045e-04
2.865000e+03 5.048761e-04
2.875000e+03 4.909908e-04
2.885000e+03 4.979921e-04
2.895000e+03 4.833425e-04
2.910000e+03 5.274471e-04
2.930000e+03 5.051159e-04
2.950000e+03 5.004670e-04
2.970000e+03 5.017673e-04
2.990000e+03 5.013609e-04
3.010000e+03 5.089959e-04
3.030000e+03 5.009885e-04
3.050000e+03 4.945971e-04
3.070000e+03 4.895303e-04
3.090000e+03 4.931825e-04
3.110000e+03 4.818830e-04
3.130000e+03 4.767027e-04
3.150000e+03 4.781297e-04
3.170000e+03 4.727537e-04
3.190000e+03 4.525782e-04
3.210000e+03 4.616257e-04
3.230000e+03 4.493393e-04
3.250000e+03 4.551659e-04
3.270000e+03 4.586947e-04
3.290000e+03 4.560046e-04
3.310000e+03 4.539088e-04
3.330000e+03 4.460000e-04
3.350000e+03 4.378459e-04
3.370000e+03 4.295345e-04
3.390000e+03 4.255385e-04
3.410000e+03 4.284846e-04
3.430000e+03 4.257287e-04
3.450000e+03 4.233681e-04
3.470000e+03 4.176266e-04
3.490000e+03 4.169759e-04
3.510000e+03 4.191453e-04
3.530000e+03 4.127746e-04
3.550000e+03 4.141359e-04
3.570000e+03 3.973628e-04
3.590000e+03 3.950411e-04
3.610000e+03 3.983632e-04
3.630000e+03 3.977441e-04
3.640000e+03 3.974285e-04
3.650000e+03 4.074069e-04
3.670000e+03 3.966676e-04
3.690000e+03 3.646458e-04
3.710000e+03 4.024496e-04
3.730000e+03 4.022133e-04
3.750000e+03 4.978147e-04
3.770000e+03 5.191194e-04
3.790000e+03 6.129011e-04
3.810000e+03 6.899659e-04
3.830000e+03 5.483261e-04
3.850000e+03 7.264180e-04
3.870000e+03 7.957888e-04
3.890000e+03 5.046319e-04
3.910000e+03 7.965800e-04
3.930000e+03 7.469809e-04
3.950000e+03 7.723561e-04
3.970000e+03 4.605952e-04
3.990000e+03 7.676127e-04
4.010000e+03 8.227885e-04
4.030000e+03 8.141516e-04
4.050000e+03 8.062291e-04
4.070000e+03 7.731484e-04
4.090000e+03 6.595676e-04
4.110000e+03 5.285430e-04
4.130000e+03 7.323001e-04
4.150000e+03 7.549462e-04
4.170000e+03 7.484610e-04
4.190000e+03 7.408983e-04
4.210000e+03 7.364540e-04
4.230000e+03 7.247598e-04
4.250000e+03 7.183719e-04
4.270000e+03 6.983478e-04
4.290000e+03 6.896995e-04
4.310000e+03 6.500760e-04
4.330000e+03 5.510662e-04
4.350000e+03 4.833360e-04
4.370000e+03 6.602008e-04
4.390000e+03 6.535685e-04
4.410000e+03 6.578103e-04
4.430000e+03 6.553125e-04
4.450000e+03 6.550428e-04
4.470000e+03 6.508936e-04
4.490000e+03 6.424497e-04
4.510000e+03 6.573622e-04
4.530000e+03 6.329078e-04
4.550000e+03 6.241995e-04
4.570000e+03 6.364217e-04
4.590000e+03 6.182905e-04
4.610000e+03 6.221592e-04
4.630000e+03 6.040803e-04
4.650000e+03 6.064314e-04
4.670000e+03 6.032680e-04
4.690000e+03 5.916652e-04
4.710000e+03 5.747878e-04
4.730000e+03 5.845509e-04
4.750000e+03 5.846594e-04
4.770000e+03 5.800554e-04
4.790000e+03 5.723350e-04
4.810000e+03 5.602930e-04
4.830000e+03 5.489267e-04
4.850000e+03 4.613969e-04
4.870000e+03 3.896373e-04
4.890000e+03 5.215473e-04
4.910000e+03 5.318379e-04
4.930000e+03 5.243084e-04
4.950000e+03 5.325521e-04
4.970000e+03 5.260017e-04
4.990000e+03 5.094731e-04
5.010000e+03 4.931102e-04
5.030000e+03 4.993195e-04
5.050000e+03 4.911592e-04
5.070000e+03 4.984911e-04
5.090000e+03 4.850602e-04
5.110000e+03 4.833828e-04
5.130000e+03 4.742848e-04
5.150000e+03 4.643594e-04
5.170000e+03 4.526595e-04
5.190000e+03 4.544985e-04
5.210000e+03 4.576630e-04
5.230000e+03 4.573754e-04
5.250000e+03 4.610410e-04
5.270000e+03 4.381037e-04
5.290000e+03 4.556529e-04
5.310000e+03 4.576197e-04
5.330000e+03 4.376393e-04
5.350000e+03 4.488283e-04
5.370000e+03 4.447533e-04
5.390000e+03 4.361821e-04
5.410000e+03 4.296513e-04
5.430000e+03 4.293333e-04
5.450000e+03 4.335726e-04
5.470000e+03 4.238145e-04
5.490000e+03 4.199896e-04
5.510000e+03 4.167816e-04
5.530000e+03 4.172631e-04
5.550000e+03 4.172764e-04
5.570000e+03 4.115737e-04
5.590000e+03 4.047009e-04
5.610000e+03 4.086924e-04
5.630000e+03 4.029938e-04
5.650000e+03 4.013265e-04
5.670000e+03 3.946821e-04
5.690000e+03 3.974650e-04
5.710000e+03 3.894503e-04
5.730000e+03 3.998265e-04
5.750000e+03 3.892056e-04
5.770000e+03 3.890450e-04
5.790000e+03 3.794313e-04
5.810000e+03 3.838268e-04
5.830000e+03 3.864166e-04
5.850000e+03 3.785276e-04
5.870000e+03 3.752504e-04
5.890000e+03 3.564964e-04
5.910000e+03 3.687596e-04
5.930000e+03 3.672551e-04
5.950000e+03 3.643284e-04
5.970000e+03 3.653547e-04
5.990000e+03 3.587459e-04
6.010000e+03 3.544451e-04
6.030000e+03 3.564214e-04
6.050000e+03 3.563024e-04
6.070000e+03 3.538704e-04
6.090000e+03 3.451602e-04
6.110000e+03 3.436780e-04
6.130000e+03 3.337183e-04
6.150000e+03 3.333095e-04
6.170000e+03 3.274712e-04
6.190000e+03 3.339953e-04
6.210000e+03 3.311499e-04
6.230000e+03 3.240624e-04
6.250000e+03 3.156099e-04
6.270000e+03 3.218923e-04
6.290000e+03 3.227792e-04
6.310000e+03 3.163505e-04
6.330000e+03 3.163914e-04
6.350000e+03 3.119995e-04
6.370000e+03 3.100956e-04
6.390000e+03 3.123769e-04
6.410000e+03 3.069243e-04
6.430000e+03 3.071638e-04
6.450000e+03 3.044303e-04
6.470000e+03 3.027174e-04
6.490000e+03 2.964715e-04
6.510000e+03 2.981598e-04
6.530000e+03 2.932545e-04
6.550000e+03 2.720988e-04
6.570000e+03 2.386552e-04
6.590000e+03 2.837614e-04
6.610000e+03 2.901792e-04
6.630000e+03 2.886690e-04
6.650000e+03 2.873883e-04
6.670000e+03 2.824212e-04
6.690000e+03 2.848089e-04
6.710000e+03 2.781526e-04
6.730000e+03 2.810729e-04
6.750000e+03 2.770193e-04
6.770000e+03 2.773690e-04
6.790000e+03 2.735189e-04
6.810000e+03 2.729049e-04
6.830000e+03 2.725404e-04
6.850000e+03 2.670903e-04
6.870000e+03 2.684719e-04
6.890000e+03 2.685715e-04
6.910000e+03 2.661335e-04
6.930000e+03 2.632867e-04
6.950000e+03 2.601825e-04
6.970000e+03 2.603106e-04
6.990000e+03 2.588374e-04
7.010000e+03 2.536772e-04
7.030000e+03 2.552060e-04
7.050000e+03 2.549650e-04
7.070000e+03 2.516868e-04
7.090000e+03 2.470016e-04
7.110000e+03 2.440918e-04
7.130000e+03 2.404925e-04
7.150000e+03 2.382146e-04
7.170000e+03 2.382728e-04
7.190000e+03 2.351413e-04
7.210000e+03 2.364501e-04
7.230000e+03 2.384401e-04
7.250000e+03 2.367839e-04
7.270000e+03 2.348967e-04
7.290000e+03 2.308963e-04
7.310000e+03 2.329123e-04
7.330000e+03 2.319645e-04
7.350000e+03 2.305276e-04
7.370000e+03 2.343397e-04
7.390000e+03 2.277799e-04
7.410000e+03 2.283356e-04
7.430000e+03 2.298204e-04
7.450000e+03 2.283628e-04
7.470000e+03 2.293056e-04
7.490000e+03 2.271196e-04
7.510000e+03 2.288459e-04
7.530000e+03 2.295403e-04
7.550000e+03 2.295297e-04
7.570000e+03 2.271090e-04
7.590000e+03 2.239720e-04
7.610000e+03 2.229957e-04
7.630000e+03 2.208296e-04
7.650000e+03 2.168995e-04
7.670000e+03 2.120908e-04
7.690000e+03 2.152516e-04
7.710000e+03 2.108250e-04
7.730000e+03 2.109164e-04
7.750000e+03 2.092355e-04
7.770000e+03 2.085814e-04
7.790000e+03 2.105865e-04
7.810000e+03 2.092150e-04
7.830000e+03 2.074446e-04
7.850000e+03 2.047975e-04
7.870000e+03 2.033530e-04
7.890000e+03 1.984383e-04
7.910000e+03 1.948981e-04
7.930000e+03 1.968131e-04
7.950000e+03 1.928733e-04
7.970000e+03 1.960097e-04
7.990000e+03 1.958335e-04
8.010000e+03 1.978881e-04
8.030000e+03 1.964074e-04
8.050000e+03 1.946940e-04
8.070000e+03 1.938808e-04
8.090000e+03 1.903155e-04
8.110000e+03 1.896738e-04
8.130000e+03 1.925357e-04
8.150000e+03 1.936270e-04
8.170000e+03 1.935452e-04
8.190000e+03 1.895702e-04
8.210000e+03 1.883622e-04
8.230000e+03 1.880278e-04
8.250000e+03 1.882692e-04
8.270000e+03 1.887201e-04
8.290000e+03 1.876830e-04
8.310000e+03 1.818441e-04
8.330000e+03 1.815377e-04
8.350000e+03 1.804132e-04
8.370000e+03 1.803524e-04
8.390000e+03 1.767297e-04
8.410000e+03 1.785975e-04
8.430000e+03 1.737119e-04
8.450000e+03 1.714052e-04
8.470000e+03 1.695119e-04
8.490000e+03 1.716490e-04
8.510000e+03 1.626676e-04
8.530000e+03 1.718289e-04
8.550000e+03 1.470769e-04
8.570000e+03 1.768759e-04
8.590000e+03 1.688308e-04
8.610000e+03 1.682465e-04
8.630000e+03 1.799406e-04
8.650000e+03 1.744646e-04
8.670000e+03 1.464994e-04
8.690000e+03 1.736774e-04
8.710000e+03 1.809875e-04
8.730000e+03 1.760011e-04
8.750000e+03 1.592085e-04
8.770000e+03 1.736690e-04
8.790000e+03 1.815354e-04
8.810000e+03 1.758347e-04
8.830000e+03 1.774676e-04
8.850000e+03 1.697249e-04
8.870000e+03 1.576259e-04
8.890000e+03 1.702958e-04
8.910000e+03 1.749471e-04
8.930000e+03 1.731974e-04
8.950000e+03 1.740486e-04
8.970000e+03 1.726965e-04
8.990000e+03 1.692401e-04
9.010000e+03 1.535136e-04
9.030000e+03 1.615942e-04
9.050000e+03 1.717716e-04
9.070000e+03 1.730696e-04
9.090000e+03 1.690417e-04
9.110000e+03 1.706043e-04
9.130000e+03 1.722905e-04
9.150000e+03 1.712241e-04
9.170000e+03 1.700109e-04
9.190000e+03 1.696039e-04
9.210000e+03 1.585173e-04
9.230000e+03 1.461523e-04
9.250000e+03 1.549505e-04
9.270000e+03 1.604422e-04
9.290000e+03 1.622625e-04
9.310000e+03 1.613772e-04
9.330000e+03 1.619921e-04
9.350000e+03 1.606272e-04
9.370000e+03 1.592109e-04
9.390000e+03 1.607505e-04
9.410000e+03 1.570549e-04
9.430000e+03 1.602247e-04
9.450000e+03 1.550459e-04
9.470000e+03 1.589096e-04
9.490000e+03 1.579210e-04
9.510000e+03 1.551510e-04
9.530000e+03 1.514803e-04
9.550000e+03 1.398817e-04
9.570000e+03 1.506946e-04
9.590000e+03 1.551324e-04
9.610000e+03 1.547156e-04
9.630000e+03 1.546770e-04
9.650000e+03 1.522659e-04
9.670000e+03 1.527158e-04
9.690000e+03 1.535003e-04
9.710000e+03 1.521495e-04
9.730000e+03 1.506003e-04
9.750000e+03 1.483848e-04
9.770000e+03 1.498820e-04
9.790000e+03 1.474623e-04
9.810000e+03 1.508181e-04
9.830000e+03 1.500339e-04
9.850000e+03 1.489641e-04
9.870000e+03 1.466816e-04
9.890000e+03 1.460580e-04
9.910000e+03 1.461244e-04
9.930000e+03 1.471025e-04
9.950000e+03 1.466132e-04
9.970000e+03 1.463333e-04
9.990000e+03 1.457322e-04
1.002500e+04 1.400204e-04
1.007500e+04 1.358945e-04
1.012500e+04 1.402823e-04
1.017500e+04 1.373679e-04
1.022500e+04 1.376233e-04
1.027500e+04 1.375258e-04
1.032500e+04 1.365342e-04
1.037500e+04 1.343665e-04
1.042500e+04 1.325292e-04
1.047500e+04 1.312780e-04
1.052500e+04 1.296314e-04
1.057500e+04 1.287746e-04
1.062500e+04 1.275425e-04
1.067500e+04 1.250303e-04
1.072500e+04 1.249557e-04
1.077500e+04 1.245588e-04
1.082500e+04 1.215901e-04
1.087500e+04 1.188645e-04
1.092500e+04 1.137758e-04
1.097500e+04 1.141735e-04
1.102500e+04 1.153498e-04
1.107500e+04 1.132084e-04
1.112500e+04 1.141924e-04
1.117500e+04 1.137264e-04
1.122500e+04 1.134633e-04
1.127500e+04 1.112810e-04
1.132500e+04 1.097422e-04
1.137500e+04 1.079073e-04
1.142500e+04 1.061868e-04
1.147500e+04 1.070817e-04
1.152500e+04 1.079565e-04
1.157500e+04 1.065342e-04
1.162500e+04 1.052099e-04
1.167500e+04 1.038007e-04
1.172500e+04 1.026369e-04
1.177500e+04 1.017866e-04
1.182500e+04 1.003864e-04
1.187500e+04 9.899534e-05
1.192500e+04 9.810680e-05
1.197500e+04 9.519327e-05
1.202500e+04 9.768595e-05
1.207500e+04 9.458471e-05
1.212500e+04 9.535409e-05
1.217500e+04 9.495188e-05
1.222500e+04 9.485446e-05
1.227500e+04 9.380289e-05
1.232500e+04 9.192923e-05
1.237500e+04 9.219968e-05
1.242500e+04 9.055579e-05
1.247500e+04 8.918277e-05
1.252500e+04 8.875882e-05
1.257500e+04 8.780199e-05
1.262500e+04 8.899541e-05
1.267500e+04 8.593370e-05
1.272500e+04 8.704942e-05
1.277500e+04 8.550253e-05
1.282500e+04 8.121853e-05
1.287500e+04 8.325158e-05
1.292500e+04 8.453524e-05
1.297500e+04 8.365547e-05
1.302500e+04 8.380387e-05
1.307500e+04 8.297564e-05
1.312500e+04 8.196267e-05
1.317500e+04 8.085176e-05
1.322500e+04 8.066234e-05
1.327500e+04 7.888305e-05
1.332500e+04 7.899592e-05
1.337500e+04 7.748380e-05
1.342500e+04 7.891270e-05
1.347500e+04 7.841105e-05
1.352500e+04 7.806713e-05
1.357500e+04 7.578370e-05
1.362500e+04 7.489004e-05
1.367500e+04 7.577829e-05
1.372500e+04 7.471001e-05
1.377500e+04 7.500485e-05
1.382500e+04 7.478532e-05
1.387500e+04 7.387299e-05
1.392500e+04 7.277555e-05
1.397500e+04 7.113278e-05
1.402500e+04 7.115176e-05
1.407500e+04 6.982908e-05
1.412500e+04 6.794560e-05
1.417500e+04 6.860251e-05
1.422500e+04 6.848156e-05
1.427500e+04 6.826325e-05
1.432500e+04 6.793143e-05
1.437500e+04 6.840086e-05
1.442500e+04 6.613933e-05
1.447500e+04 6.629421e-05
1.452500e+04 6.486042e-05
1.457000e+04 6.591100e-05
1.462000e+04 6.519161e-05
1.467500e+04 6.408846e-05
1.472500e+04 6.326855e-05
1.477500e+04 6.317931e-05
1.482500e+04 6.383601e-05
1.487500e+04 6.374646e-05
1.492500e+04 6.481440e-05
1.497500e+04 6.338194e-05
1.502500e+04 6.198013e-05
1.507500e+04 6.221606e-05
1.512500e+04 6.125176e-05
1.517500e+04 6.249292e-05
1.522500e+04 6.149404e-05
1.527500e+04 6.267240e-05
1.532500e+04 6.134673e-05
1.537500e+04 6.045914e-05
1.542500e+04 6.131970e-05
1.547500e+04 6.086354e-05
1.552500e+04 5.961728e-05
1.557500e+04 5.765771e-05
1.562500e+04 5.937792e-05
1.567500e+04 5.868491e-05
1.572500e+04 5.934818e-05
1.577500e+04 5.529901e-05
1.582500e+04 5.628123e-05
1.587500e+04 5.566831e-05
1.592500e+04 5.664797e-05
1.597500e+04 5.695260e-05
1.605000e+04 5.636854e-05
1.615000e+04 5.572608e-05
1.625000e+04 5.396009e-05
1.635000e+04 5.560699e-05
1.645000e+04 5.353540e-05
1.655000e+04 5.351666e-05
1.665000e+04 5.176530e-05
1.675000e+04 5.403345e-05
1.685000e+04 5.066863e-05
1.695000e+04 5.198082e-05
1.705000e+04 5.066376e-05
1.715000e+04 5.083855e-05
1.725000e+04 4.910506e-05
1.735000e+04 4.757621e-05
1.745000e+04 4.768787e-05
1.755000e+04 4.745664e-05
1.765000e+04 4.599545e-05
1.775000e+04 4.439957e-05
1.785000e+04 4.507810e-05
1.795000e+04 4.153826e-05
1.805000e+04 4.151672e-05
1.815000e+04 4.100557e-05
1.825000e+04 3.914197e-05
1.835000e+04 3.832123e-05
1.845000e+04 3.918774e-05
1.855000e+04 3.903902e-05
1.865000e+04 3.727955e-05
1.875000e+04 3.585003e-05
1.885000e+04 3.634548e-05
1.895000e+04 3.488140e-05
1.905000e+04 3.666785e-05
1.915000e+04 3.500227e-05
1.925000e+04 3.500790e-05
1.935000e+04 3.455594e-05
1.945000e+04 3.222531e-05
1.955000e+04 3.272720e-05
1.965000e+04 3.240057e-05
1.975000e+04 3.165874e-05
1.985000e+04 3.036451e-05
1.995000e+04 3.097541e-05
2.005000e+04 3.057587e-05
2.015000e+04 3.090688e-05
2.025000e+04 2.956994e-05
2.035000e+04 2.902363e-05
2.045000e+04 2.838861e-05
2.055000e+04 2.793495e-05
2.065000e+04 2.721789e-05
2.075000e+04 2.673503e-05
2.085000e+04 2.770138e-05
2.095000e+04 2.633494e-05
2.105000e+04 2.645568e-05
2.115000e+04 2.574871e-05
2.125000e+04 2.573585e-05
2.135000e+04 2.537806e-05
2.145000e+04 2.461822e-05
2.155000e+04 2.455998e-05
2.165000e+04 2.378800e-05
2.175000e+04 2.317944e-05
2.185000e+04 2.296539e-05
2.195000e+04 2.236342e-05
2.205000e+04 2.151083e-05
2.215000e+04 2.163816e-05
2.225000e+04 2.168326e-05
2.235000e+04 2.129084e-05
2.245000e+04 2.143897e-05
2.255000e+04 2.057762e-05
2.265000e+04 2.015609e-05
2.275000e+04 2.014877e-05
2.285000e+04 1.964770e-05
2.295000e+04 1.747630e-05
2.305000e+04 1.887190e-05
2.315000e+04 1.899318e-05
2.325000e+04 1.647194e-05
2.335000e+04 1.820032e-05
2.345000e+04 1.712596e-05
2.355000e+04 1.553785e-05
2.365000e+04 1.644084e-05
2.375000e+04 1.643648e-05
2.385000e+04 1.444175e-05
2.395000e+04 1.590676e-05
2.405000e+04 1.535092e-05
2.415000e+04 1.365163e-05
2.425000e+04 1.390110e-05
2.435000e+04 1.378408e-05
2.445000e+04 1.312334e-05
2.455000e+04 1.289285e-05
2.465000e+04 1.297062e-05
2.475000e+04 1.241602e-05
2.485000e+04 1.144505e-05
2.495000e+04 1.141875e-05
2.505000e+04 1.161912e-05
2.515000e+04 1.073089e-05
2.525000e+04 1.105279e-05
2.535000e+04 1.098347e-05
2.545000e+04 1.078985e-05
2.555000e+04 1.080710e-05
2.565000e+04 1.072597e-05
2.575000e+04 1.093018e-05
2.585000e+04 1.066650e-05
2.595000e+04 1.067938e-05
2.605000e+04 1.092383e-05
2.615000e+04 1.058063e-05
2.625000e+04 1.064224e-05
2.635000e+04 1.090855e-05
2.645000e+04 1.052382e-05
2.655000e+04 1.065343e-05
2.665000e+04 1.071442e-05
2.675000e+04 1.043465e-05
2.685000e+04 1.004759e-05
2.695000e+04 1.016061e-05
2.705000e+04 1.021351e-05
2.715000e+04 1.004832e-05
2.725000e+04 1.047928e-05
2.735000e+04 1.020472e-05
2.745000e+04 1.046205e-05
2.755000e+04 1.007309e-05
2.765000e+04 9.818226e-06
2.775000e+04 9.839945e-06
2.785000e+04 1.000653e-05
2.795000e+04 1.002518e-05
2.805000e+04 9.727455e-06
2.815000e+04 9.554811e-06
2.825000e+04 9.583133e-06
2.835000e+04 9.200968e-06
2.845000e+04 8.526023e-06
2.855000e+04 8.965559e-06
2.865000e+04 9.060234e-06
2.875000e+04 8.743292e-06
2.885000e+04 8.605071e-06
2.895000e+04 8.343082e-06
2.905000e+04 8.552609e-06
2.915000e+04 8.204825e-06
2.925000e+04 7.825545e-06
2.935000e+04 7.788592e-06
2.945000e+04 7.556789e-06
2.955000e+04 7.366881e-06
2.965000e+04 7.259037e-06
2.975000e+04 7.132736e-06
2.985000e+04 6.958097e-06
2.995000e+04 6.902262e-06
3.005000e+04 6.849527e-06
3.015000e+04 6.756547e-06
3.025000e+04 6.660161e-06
3.035000e+04 6.529454e-06
3.045000e+04 6.517759e-06
3.055000e+04 6.482845e-06
3.065000e+04 6.446346e-06
3.075000e+04 6.413289e-06
3.085000e+04 6.316988e-06
3.095000e+04 6.245575e-06
3.105000e+04 6.239799e-06
3.115000e+04 6.155590e-06
3.125000e+04 6.091267e-06
3.135000e+04 6.018361e-06
3.145000e+04 5.969911e-06
3.155000e+04 5.907590e-06
3.165000e+04 5.822806e-06
3.175000e+04 5.783119e-06
3.185000e+04 5.755169e-06
3.195000e+04 5.741836e-06
3.210000e+04 5.640168e-06
3.230000e+04 5.525650e-06
3.250000e+04 5.487038e-06
3.270000e+04 5.392069e-06
3.290000e+04 5.273469e-06
3.310000e+04 5.186892e-06
3.330000e+04 5.188486e-06
3.350000e+04 5.252417e-06
3.370000e+04 5.073475e-06
3.390000e+04 5.071622e-06
3.410000e+04 5.083603e-06
3.430000e+04 5.122688e-06
3.450000e+04 5.004281e-06
3.470000e+04 4.904034e-06
3.490000e+04 4.715209e-06
3.510000e+04 4.719848e-06
3.530000e+04 4.583390e-06
3.550000e+04 4.383661e-06
3.570000e+04 4.412425e-06
3.590000e+04 4.276617e-06
3.610000e+04 4.235564e-06
3.630000e+04 4.038770e-06
3.650000e+04 3.936534e-06
3.670000e+04 3.863703e-06
3.690000e+04 3.722062e-06
3.710000e+04 3.594074e-06
3.730000e+04 3.502482e-06
3.750000e+04 3.352473e-06
3.770000e+04 3.295169e-06
3.790000e+04 3.225762e-06
3.810000e+04 3.154561e-06
3.830000e+04 3.083435e-06
3.850000e+04 3.038556e-06
3.870000e+04 2.978168e-06
3.890000e+04 2.924513e-06
3.910000e+04 2.874489e-06
3.930000e+04 2.846033e-06
3.950000e+04 2.802605e-06
3.970000e+04 2.772246e-06
3.990000e+04 2.721722e-06
4.010000e+04 2.677224e-06
4.030000e+04 2.646530e-06
4.050000e+04 2.619477e-06
4.070000e+04 2.601217e-06
4.090000e+04 2.587803e-06
4.110000e+04 2.581770e-06
4.130000e+04 2.530932e-06
4.150000e+04 2.435190e-06
4.170000e+04 2.432901e-06
4.190000e+04 2.442901e-06
4.210000e+04 2.378848e-06
4.230000e+04 2.382351e-06
4.250000e+04 2.351931e-06
4.270000e+04 2.329499e-06
4.290000e+04 2.200663e-06
4.310000e+04 2.075908e-06
4.330000e+04 2.071890e-06
4.350000e+04 1.929575e-06
4.370000e+04 1.862538e-06
4.390000e+04 1.820970e-06
4.410000e+04 1.762650e-06
4.430000e+04 1.755730e-06
4.450000e+04 1.708549e-06
4.470000e+04 1.655100e-06
4.490000e+04 1.680080e-06
4.510000e+04 1.637464e-06
4.530000e+04 1.555843e-06
4.550000e+04 1.503424e-06
4.570000e+04 1.456049e-06
4.590000e+04 1.413123e-06
4.610000e+04 1.429251e-06
4.630000e+04 1.404222e-06
4.650000e+04 1.387653e-06
4.670000e+04 1.367236e-06
4.690000e+04 1.327920e-06
4.710000e+04 1.304643e-06
4.730000e+04 1.342552e-06
4.750000e+04 1.309842e-06
4.770000e+04 1.285443e-06
4.790000e+04 1.261611e-06
4.810000e+04 1.228050e-06
4.830000e+04 1.230948e-06
4.850000e+04 1.205162e-06
4.870000e+04 1.184930e-06
4.890000e+04 1.175484e-06
4.910000e+04 1.148721e-06
4.930000e+04 1.138013e-06
4.950000e+04 1.099305e-06
4.970000e+04 1.083422e-06
4.990000e+04 1.076539e-06
5.010000e+04 1.068346e-06
5.030000e+04 1.049033e-06
5.050000e+04 1.016903e-06
5.070000e+04 1.007183e-06
5.090000e+04 1.003158e-06
5.110000e+04 9.919913e-07
5.130000e+04 9.821590e-07
5.150000e+04 9.692976e-07
5.170000e+04 9.709365e-07
5.190000e+04 9.535180e-07
5.210000e+04 9.374060e-07
5.230000e+04 9.215731e-07
5.250000e+04 9.159620e-07
5.270000e+04 9.174684e-07
5.290000e+04 8.980575e-07
5.310000e+04 8.822031e-07
5.330000e+04 8.725526e-07
5.350000e+04 8.569487e-07
5.370000e+04 8.485962e-07
5.390000e+04 8.377560e-07
5.410000e+04 8.315088e-07
5.430000e+04 8.227369e-07
5.450000e+04 8.200998e-07
5.470000e+04 8.064704e-07
5.490000e+04 8.011053e-07
5.510000e+04 7.891512e-07
5.530000e+04 7.970337e-07
5.550000e+04 7.706645e-07
5.570000e+04 7.782846e-07
5.590000e+04 7.579617e-07
5.610000e+04 7.564987e-07
5.630000e+04 7.382619e-07
5.650000e+04 7.380995e-07
5.670000e+04 7.252142e-07
5.690000e+04 7.121827e-07
5.710000e+04 7.066637e-07
5.730000e+04 6.996930e-07
5.750000e+04 6.881531e-07
5.770000e+04 6.771889e-07
5.790000e+04 6.802449e-07
5.810000e+04 6.715085e-07
5.830000e+04 6.680504e-07
5.850000e+04 6.616815e-07
5.870000e+04 6.545550e-07
5.890000e+04 6.448913e-07
5.910000e+04 6.345097e-07
5.930000e+04 6.257472e-07
5.950000e+04 6.172722e-07
5.970000e+04 6.139134e-07
5.990000e+04 6.052402e-07
6.010000e+04 5.963433e-07
6.030000e+04 5.919094e-07
6.050000e+04 5.872414e-07
6.070000e+04 5.836115e-07
6.090000e+04 5.763815e-07
6.110000e+04 5.672199e-07
6.130000e+04 5.606740e-07
6.150000e+04 5.543155e-07
6.170000e+04 5.466378e-07
6.190000e+04 5.364594e-07
6.210000e+04 5.302426e-07
6.230000e+04 5.241261e-07
6.250000e+04 5.194549e-07
6.270000e+04 5.114288e-07
6.290000e+04 5.026869e-07
6.310000e+04 4.957357e-07
6.330000e+04 4.919955e-07
6.350000e+04 4.886694e-07
6.370000e+04 4.866566e-07
6.390000e+04 4.784733e-07
6.420000e+04 4.661572e-07
6.460000e+04 4.533828e-07
6.500000e+04 4.449886e-07
6.540000e+04 4.353382e-07
6.580000e+04 4.215895e-07
6.620000e+04 4.101881e-07
6.660000e+04 4.049195e-07
6.700000e+04 3.975905e-07
6.740000e+04 3.883886e-07
6.780000e+04 3.776064e-07
6.820000e+04 3.713198e-07
6.860000e+04 3.639899e-07
6.900000e+04 3.511361e-07
6.940000e+04 3.428269e-07
6.980000e+04 3.354961e-07
7.020000e+04 3.292931e-07
7.060000e+04 3.217960e-07
7.100000e+04 3.161004e-07
7.140000e+04 3.094439e-07
7.180000e+04 3.044434e-07
7.220000e+04 2.999209e-07
7.260000e+04 2.951440e-07
7.300000e+04 2.888087e-07
7.340000e+04 2.823693e-07
7.380000e+04 2.757234e-07
7.420000e+04 2.701826e-07
7.460000e+04 2.664374e-07
7.500000e+04 2.612958e-07
7.540000e+04 2.572817e-07
7.580000e+04 2.493075e-07
7.620000e+04 2.446800e-07
7.660000e+04 2.379265e-07
7.700000e+04 2.354376e-07
7.740000e+04 2.318409e-07
7.780000e+04 2.278695e-07
7.820000e+04 2.226556e-07
7.860000e+04 2.175162e-07
7.900000e+04 2.138966e-07
7.940000e+04 2.114112e-07
7.980000e+04 2.074752e-07
8.020000e+04 2.042733e-07
8.060000e+04 1.999593e-07
8.100000e+04 1.963902e-07
8.140000e+04 1.923291e-07
8.180000e+04 1.888402e-07
8.220000e+04 1.839600e-07
8.260000e+04 1.807533e-07
8.300000e+04 1.777423e-07
8.340000e+04 1.747779e-07
8.380000e+04 1.727028e-07
8.420000e+04 1.695790e-07
8.460000e+04 1.664476e-07
8.500000e+04 1.634504e-07
8.540000e+04 1.611710e-07
8.580000e+04 1.587225e-07
8.620000e+04 1.560442e-07
8.660000e+04 1.533031e-07
8.700000e+04 1.506450e-07
8.740000e+04 1.487650e-07
8.780000e+04 1.470723e-07
8.820000e+04 1.458516e-07
8.860000e+04 1.437104e-07
8.900000e+04 1.418112e-07
8.940000e+04 1.391814e-07
8.980000e+04 1.366646e-07
9.020000e+04 1.347987e-07
9.060000e+04 1.317053e-07
9.100000e+04 1.290768e-07
9.140000e+04 1.265150e-07
9.180000e+04 1.245066e-07
9.220000e+04 1.232951e-07
9.260000e+04 1.228254e-07
9.300000e+04 1.214275e-07
9.340000e+04 1.185941e-07
9.380000e+04 1.163394e-07
9.420000e+04 1.141653e-07
9.460000e+04 1.125023e-07
9.500000e+04 1.119575e-07
9.540000e+04 1.105516e-07
9.580000e+04 1.086333e-07
9.620000e+04 1.072559e-07
9.660000e+04 1.050810e-07
9.700000e+04 1.029862e-07
9.740000e+04 1.022785e-07
9.780000e+04 1.012845e-07
9.820000e+04 9.984111e-08
9.860000e+04 9.890331e-08
9.900000e+04 9.778941e-08
9.940000e+04 9.582727e-08
9.980000e+04 9.367864e-08
1.002000e+05 9.184156e-08
2.000000e+05 4.548075e-09
4.000000e+05 2.886795e-10
6.000000e+05 5.700589e-11
8.000000e+05 1.798604e-11
1.000000e+06 7.341226e-12
1.200000e+06 3.527863e-12
1.400000e+06 1.897584e-12
1.600000e+06 1.108615e-12
