9.100000e+01 4.606056e-09
9.400000e+01 6.341454e-09
9.600000e+01 7.744310e-09
9.800000e+01 9.365031e-09
1.000000e+02 1.122129e-08
1.020000e+02 1.333013e-08
1.040000e+02 1.570792e-08
1.060000e+02 1.836988e-08
1.080000e+02 2.133028e-08
1.100000e+02 2.460201e-08
1.140000e+02 3.212465e-08
1.180000e+02 4.101225e-08
1.210000e+02 4.860477e-08
1.250000e+02 5.998584e-08
1.270000e+02 6.621725e-08
1.280000e+02 6.946767e-08
1.310000e+02 7.975338e-08
1.320000e+02 8.335889e-08
1.340000e+02 9.082967e-08
1.370000e+02 1.026801e-07
1.400000e+02 1.152709e-07
1.430000e+02 1.285732e-07
1.470000e+02 1.473540e-07
1.510000e+02 1.672391e-07
1.550000e+02 1.881218e-07
1.590000e+02 2.098888e-07
1.620000e+02 2.267283e-07
1.660000e+02 2.497632e-07
1.700000e+02 2.733578e-07
1.730000e+02 2.913496e-07
1.770000e+02 3.156424e-07
1.800000e+02 3.340259e-07
1.820000e+02 3.463372e-07
1.860000e+02 3.710238e-07
1.910000e+02 4.018854e-07
1.940000e+02 4.203344e-07
1.980000e+02 4.447737e-07
2.020000e+02 4.689570e-07
2.050000e+02 4.868855e-07
2.100000e+02 5.162741e-07
2.160000e+02 5.505936e-07
2.200000e+02 5.728170e-07
2.230000e+02 5.891050e-07
2.270000e+02 6.102869e-07
2.300000e+02 3.887460e-06
2.340000e+02 3.817874e-06
2.400000e+02 3.714570e-06
2.460000e+02 3.614233e-06
2.520000e+02 3.523281e-06
2.570000e+02 3.436622e-06
2.600000e+02 3.395071e-06
2.640000e+02 3.365194e-06
2.690000e+02 3.293330e-06
2.740000e+02 3.216871e-06
2.790000e+02 3.117468e-06
2.840000e+02 3.072719e-06
2.900000e+02 2.989994e-06
2.960000e+02 2.883052e-06
3.010000e+02 2.766924e-06
3.080000e+02 2.686678e-06
3.180000e+02 2.576685e-06
3.280000e+02 2.452734e-06
3.380000e+02 2.325939e-06
3.480000e+02 2.206204e-06
3.570000e+02 2.133186e-06
3.660000e+02 2.080868e-06
3.750000e+02 1.989935e-06
3.850000e+02 1.870727e-06
3.950000e+02 1.818567e-06
4.050000e+02 1.756187e-06
4.140000e+02 1.684477e-06
4.220000e+02 1.613701e-06
4.300000e+02 1.547654e-06
4.410000e+02 1.491091e-06
4.510000e+02 1.429465e-06
4.600000e+02 1.360553e-06
4.700000e+02 1.302771e-06
4.800000e+02 1.258246e-06
4.900000e+02 1.190300e-06
5.000000e+02 1.159407e-06
5.060000e+02 1.134389e-06
5.120000e+02 1.212236e-06
5.200000e+02 1.163118e-06
5.300000e+02 1.108077e-06
5.400000e+02 1.036356e-06
5.500000e+02 9.990935e-07
5.600000e+02 1.004670e-06
5.700000e+02 9.785994e-07
5.800000e+02 9.354720e-07
5.900000e+02 9.101469e-07
6.000000e+02 8.622710e-07
6.100000e+02 8.303631e-07
6.200000e+02 8.327884e-07
6.300000e+02 7.992438e-07
6.400000e+02 7.821875e-07
6.500000e+02 7.545502e-07
6.580000e+02 7.278779e-07
6.650000e+02 7.255705e-07
6.750000e+02 7.088957e-07
6.850000e+02 6.725079e-07
6.950000e+02 6.714993e-07
7.050000e+02 6.331195e-07
7.160000e+02 6.398022e-07
7.260000e+02 6.248471e-07
7.350000e+02 6.127801e-07
7.450000e+02 5.971688e-07
7.550000e+02 5.833696e-07
7.650000e+02 5.642257e-07
7.750000e+02 5.619968e-07
7.850000e+02 5.496853e-07
7.950000e+02 5.453768e-07
8.050000e+02 5.403607e-07
8.150000e+02 5.358988e-07
8.250000e+02 5.343408e-07
8.350000e+02 5.089919e-07
8.450000e+02 5.282040e-07
8.550000e+02 5.265653e-07
8.650000e+02 5.326723e-07
8.750000e+02 5.371225e-07
8.850000e+02 5.436833e-07
8.950000e+02 5.517438e-07
9.050000e+02 5.561310e-07
9.150000e+02 1.134271e-06
9.250000e+02 3.110554e-06
9.350000e+02 5.560400e-06
9.450000e+02 2.533625e-05
9.550000e+02 1.592012e-04
9.650000e+02 2.433576e-04
9.750000e+02 4.708229e-05
9.850000e+02 6.982752e-04
9.950000e+02 9.091320e-04
1.005000e+03 1.096484e-03
1.015000e+03 5.650649e-04
1.025000e+03 2.192156e-05
1.035000e+03 3.305746e-04
1.045000e+03 1.276287e-03
1.055000e+03 1.651539e-03
1.065000e+03 1.481713e-03
1.075000e+03 1.720235e-03
1.085000e+03 1.513069e-03
1.095000e+03 1.723174e-03
1.105000e+03 1.821041e-03
1.115000e+03 1.774109e-03
1.125000e+03 1.809527e-03
1.135000e+03 1.945757e-03
1.145000e+03 1.790376e-03
1.155000e+03 1.845337e-03
1.165000e+03 1.967188e-03
1.175000e+03 1.787265e-03
1.185000e+03 1.649632e-03
1.195000e+03 6.694145e-04
1.205000e+03 4.093855e-04
1.215000e+03 3.124503e-05
1.225000e+03 3.054036e-04
1.235000e+03 1.244246e-03
1.245000e+03 1.800627e-03
1.255000e+03 1.893465e-03
1.265000e+03 1.402456e-03
1.275000e+03 2.122808e-03
1.285000e+03 2.316475e-03
1.295000e+03 2.083114e-03
1.305000e+03 1.892657e-03
1.315000e+03 2.244363e-03
1.325000e+03 2.220618e-03
1.335000e+03 2.049120e-03
1.345000e+03 2.325671e-03
1.355000e+03 2.202859e-03
1.365000e+03 2.024551e-03
1.375000e+03 2.148479e-03
1.385000e+03 2.197074e-03
1.395000e+03 2.200213e-03
1.405000e+03 2.208387e-03
1.415000e+03 2.063568e-03
1.425000e+03 2.094301e-03
1.435000e+03 2.007522e-03
1.442000e+03 2.111395e-03
1.447000e+03 2.161226e-03
1.455000e+03 2.120988e-03
1.465000e+03 2.027456e-03
1.475000e+03 1.963030e-03
1.485000e+03 1.973040e-03
1.495000e+03 2.000178e-03
1.505000e+03 1.979000e-03
1.512000e+03 1.889009e-03
1.517000e+03 1.970429e-03
1.525000e+03 1.829828e-03
1.535000e+03 1.721246e-03
1.545000e+03 1.905365e-03
1.555000e+03 1.777877e-03
1.565000e+03 1.689851e-03
1.575000e+03 1.731678e-03
1.585000e+03 1.803406e-03
1.595000e+03 1.845835e-03
1.605000e+03 1.742818e-03
1.615000e+03 1.746327e-03
1.625000e+03 1.639806e-03
1.635000e+03 1.674826e-03
1.645000e+03 1.678369e-03
1.655000e+03 1.525492e-03
1.665000e+03 1.664217e-03
1.672000e+03 1.514545e-03
1.677000e+03 1.597579e-03
1.685000e+03 1.669041e-03
1.695000e+03 1.590463e-03
1.705000e+03 1.533937e-03
1.715000e+03 1.488849e-03
1.725000e+03 1.466269e-03
1.735000e+03 1.521457e-03
1.745000e+03 1.479945e-03
1.755000e+03 1.550931e-03
1.765000e+03 1.411158e-03
1.775000e+03 1.504274e-03
1.785000e+03 1.491516e-03
1.795000e+03 1.535268e-03
1.805000e+03 1.505281e-03
1.815000e+03 1.470236e-03
1.825000e+03 1.443008e-03
1.835000e+03 1.401771e-03
1.845000e+03 1.339044e-03
1.855000e+03 1.335233e-03
1.865000e+03 1.339944e-03
1.875000e+03 1.393917e-03
1.885000e+03 1.347950e-03
1.895000e+03 1.317102e-03
1.905000e+03 1.337469e-03
1.915000e+03 1.307071e-03
1.925000e+03 1.298266e-03
1.935000e+03 1.290146e-03
1.945000e+03 1.324644e-03
1.955000e+03 1.281385e-03
1.967000e+03 1.320862e-03
1.976000e+03 1.317325e-03
1.984000e+03 1.283370e-03
1.995000e+03 1.237100e-03
2.005000e+03 1.245258e-03
2.015000e+03 1.200037e-03
2.025000e+03 1.228425e-03
2.035000e+03 1.208232e-03
2.045000e+03 1.219653e-03
2.055000e+03 1.169636e-03
2.065000e+03 1.169988e-03
2.074000e+03 1.190259e-03
2.078000e+03 1.187549e-03
2.085000e+03 1.197805e-03
2.095000e+03 1.152520e-03
2.105000e+03 1.151672e-03
2.115000e+03 1.145204e-03
2.125000e+03 1.144983e-03
2.135000e+03 1.076441e-03
2.145000e+03 1.115980e-03
2.155000e+03 1.116417e-03
2.165000e+03 1.072150e-03
2.175000e+03 1.060302e-03
2.185000e+03 1.048230e-03
2.195000e+03 1.086279e-03
2.205000e+03 1.046281e-03
2.215000e+03 1.002094e-03
2.225000e+03 9.714451e-04
2.235000e+03 1.034405e-03
2.245000e+03 9.776952e-04
2.255000e+03 9.535582e-04
2.265000e+03 9.539574e-04
2.275000e+03 9.829849e-04
2.285000e+03 9.934743e-04
2.295000e+03 9.531319e-04
2.305000e+03 9.381953e-04
2.315000e+03 9.127419e-04
2.325000e+03 7.935545e-04
2.335000e+03 8.753433e-04
2.345000e+03 8.296873e-04
2.355000e+03 8.768178e-04
2.365000e+03 8.204914e-04
2.375000e+03 8.426177e-04
2.385000e+03 7.823313e-04
2.395000e+03 8.287957e-04
2.405000e+03 7.949370e-04
2.415000e+03 8.050982e-04
2.425000e+03 8.313588e-04
2.435000e+03 7.954580e-04
2.445000e+03 8.319995e-04
2.455000e+03 8.094373e-04
2.465000e+03 8.031077e-04
2.475000e+03 7.762182e-04
2.485000e+03 8.086021e-04
2.495000e+03 7.858048e-04
2.505000e+03 8.256098e-04
2.513000e+03 7.783982e-04
2.518000e+03 7.849655e-04
2.525000e+03 7.448467e-04
2.535000e+03 7.442295e-04
2.545000e+03 7.371812e-04
2.555000e+03 7.676001e-04
2.565000e+03 7.555407e-04
2.575000e+03 7.848624e-04
2.585000e+03 7.803662e-04
2.595000e+03 7.739255e-04
2.605000e+03 7.455809e-04
2.615000e+03 7.381862e-04
2.625000e+03 7.505375e-04
2.635000e+03 7.583016e-04
2.645000e+03 8.030706e-04
2.655000e+03 7.989443e-04
2.665000e+03 7.615126e-04
2.675000e+03 7.782339e-04
2.685000e+03 7.737364e-04
2.695000e+03 7.512468e-04
2.705000e+03 7.554747e-04
2.715000e+03 7.281607e-04
2.725000e+03 7.253710e-04
2.735000e+03 7.476591e-04
2.745000e+03 6.821030e-04
2.755000e+03 6.842270e-04
2.765000e+03 7.038010e-04
2.775000e+03 7.221993e-04
2.785000e+03 7.070288e-04
2.795000e+03 6.013758e-04
2.805000e+03 6.363517e-04
2.815000e+03 7.154456e-04
2.825000e+03 7.188249e-04
2.835000e+03 7.003104e-04
2.845000e+03 6.798885e-04
2.855000e+03 6.717567e-04
2.865000e+03 6.959614e-04
2.875000e+03 6.867476e-04
2.885000e+03 6.899480e-04
2.895000e+03 6.839953e-04
2.910000e+03 7.084009e-04
2.930000e+03 6.866688e-04
2.950000e+03 6.770126e-04
2.970000e+03 6.749541e-04
2.990000e+03 6.703474e-04
3.010000e+03 6.728863e-04
3.030000e+03 6.663710e-04
3.050000e+03 6.592302e-04
3.070000e+03 6.522161e-04
3.090000e+03 6.508120e-04
3.110000e+03 6.405786e-04
3.130000e+03 6.321442e-04
3.150000e+03 6.287139e-04
3.170000e+03 6.240214e-04
3.190000e+03 6.037157e-04
3.210000e+03 6.092064e-04
3.230000e+03 5.960809e-04
3.250000e+03 6.010627e-04
3.270000e+03 6.035606e-04
3.290000e+03 5.980246e-04
3.310000e+03 5.940663e-04
3.330000e+03 5.861691e-04
3.350000e+03 5.772075e-04
3.370000e+03 5.653595e-04
3.390000e+03 5.633389e-04
3.410000e+03 5.617988e-04
3.430000e+03 5.599200e-04
3.450000e+03 5.561404e-04
3.470000e+03 5.500099e-04
3.490000e+03 5.478013e-04
3.510000e+03 5.483149e-04
3.530000e+03 5.399567e-04
3.550000e+03 5.428972e-04
3.570000e+03 5.246816e-04
3.590000e+03 5.193865e-04
3.610000e+03 5.217694e-04
3.630000e+03 5.193737e-04
3.640000e+03 5.179052e-04
3.650000e+03 5.266991e-04
3.670000e+03 5.135482e-04
3.690000e+03 4.900007e-04
3.710000e+03 5.347475e-04
3.730000e+03 5.347741e-04
3.750000e+03 6.397658e-04
3.770000e+03 6.648384e-04
3.790000e+03 7.629555e-04
3.810000e+03 8.516320e-04
3.830000e+03 6.954277e-04
3.850000e+03 8.967715e-04
3.870000e+03 9.685970e-04
3.890000e+03 6.443812e-04
3.910000e+03 9.659589e-04
3.930000e+03 9.010598e-04
3.950000e+03 9.367536e-04
3.970000e+03 5.847340e-04
3.990000e+03 9.320063e-04
4.010000e+03 9.932889e-04
4.030000e+03 9.814191e-04
4.050000e+03 9.758715e-04
4.070000e+03 9.442341e-04
4.090000e+03 8.167879e-04
4.110000e+03 6.702146e-04
4.130000e+03 9.039207e-04
4.150000e+03 9.258702e-04
4.170000e+03 9.198450e-04
4.190000e+03 9.093388e-04
4.210000e+03 9.018442e-04
4.230000e+03 8.876870e-04
4.250000e+03 8.806914e-04
4.270000e+03 8.622862e-04
4.290000e+03 8.475275e-04
4.310000e+03 8.033742e-04
4.330000e+03 6.946350e-04
4.350000e+03 6.152444e-04
4.370000e+03 8.116732e-04
4.390000e+03 8.090700e-04
4.410000e+03 8.109819e-04
4.430000e+03 8.108690e-04
4.450000e+03 8.059522e-04
4.470000e+03 7.961280e-04
4.490000e+03 7.925164e-04
4.510000e+03 8.031888e-04
4.530000e+03 7.792763e-04
4.550000e+03 7.711111e-04
4.570000e+03 7.795712e-04
4.590000e+03 7.612292e-04
4.610000e+03 7.630780e-04
4.630000e+03 7.496100e-04
4.650000e+03 7.469339e-04
4.670000e+03 7.428867e-04
4.690000e+03 7.319159e-04
4.710000e+03 7.147036e-04
4.730000e+03 7.204857e-04
4.750000e+03 7.181829e-04
4.770000e+03 7.094769e-04
4.790000e+03 7.008474e-04
4.810000e+03 6.897880e-04
4.830000e+03 6.734447e-04
4.850000e+03 5.797119e-04
4.870000e+03 4.965372e-04
4.890000e+03 6.437217e-04
4.910000e+03 6.550702e-04
4.930000e+03 6.466787e-04
4.950000e+03 6.518639e-04
4.970000e+03 6.478133e-04
4.990000e+03 6.309109e-04
5.010000e+03 6.150969e-04
5.030000e+03 6.221695e-04
5.050000e+03 6.130798e-04
5.070000e+03 6.171192e-04
5.090000e+03 6.057630e-04
5.110000e+03 6.031385e-04
5.130000e+03 5.930272e-04
5.150000e+03 5.824272e-04
5.170000e+03 5.719647e-04
5.190000e+03 5.700379e-04
5.210000e+03 5.691722e-04
5.230000e+03 5.676773e-04
5.250000e+03 5.689515e-04
5.270000e+03 5.490502e-04
5.290000e+03 5.604583e-04
5.310000e+03 5.595157e-04
5.330000e+03 5.429385e-04
5.350000e+03 5.493061e-04
5.370000e+03 5.434600e-04
5.390000e+03 5.370837e-04
5.410000e+03 5.296137e-04
5.430000e+03 5.272606e-04
5.450000e+03 5.281338e-04
5.470000e+03 5.207981e-04
5.490000e+03 5.175552e-04
5.510000e+03 5.129037e-04
5.530000e+03 5.115803e-04
5.550000e+03 5.096367e-04
5.570000e+03 5.018463e-04
5.590000e+03 4.962938e-04
5.610000e+03 4.957905e-04
5.630000e+03 4.923822e-04
5.650000e+03 4.891212e-04
5.670000e+03 4.819122e-04
5.690000e+03 4.824571e-04
5.710000e+03 4.744698e-04
5.730000e+03 4.799491e-04
5.750000e+03 4.727092e-04
5.770000e+03 4.703675e-04
5.790000e+03 4.632021e-04
5.810000e+03 4.632411e-04
5.830000e+03 4.623506e-04
5.850000e+03 4.557345e-04
5.870000e+03 4.507792e-04
5.890000e+03 4.395307e-04
5.910000e+03 4.446076e-04
5.930000e+03 4.419152e-04
5.950000e+03 4.386696e-04
5.970000e+03 4.373858e-04
5.990000e+03 4.323809e-04
6.010000e+03 4.279873e-04
6.030000e+03 4.272185e-04
6.050000e+03 4.266631e-04
6.070000e+03 4.232149e-04
6.090000e+03 4.171338e-04
6.110000e+03 4.144333e-04
6.130000e+03 4.057551e-04
6.150000e+03 4.041897e-04
6.170000e+03 3.986462e-04
6.190000e+03 4.013575e-04
6.210000e+03 3.982687e-04
6.230000e+03 3.920994e-04
6.250000e+03 3.844091e-04
6.270000e+03 3.890034e-04
6.290000e+03 3.875551e-04
6.310000e+03 3.819868e-04
6.330000e+03 3.815360e-04
6.350000e+03 3.788370e-04
6.370000e+03 3.764885e-04
6.390000e+03 3.756030e-04
6.410000e+03 3.703841e-04
6.430000e+03 3.692973e-04
6.450000e+03 3.664412e-04
6.470000e+03 3.643085e-04
6.490000e+03 3.584328e-04
6.510000e+03 3.591465e-04
6.530000e+03 3.543691e-04
6.550000e+03 3.296056e-04
6.570000e+03 2.866960e-04
6.590000e+03 3.410967e-04
6.610000e+03 3.468496e-04
6.630000e+03 3.460983e-04
6.650000e+03 3.439759e-04
6.670000e+03 3.400420e-04
6.690000e+03 3.403788e-04
6.710000e+03 3.353418e-04
6.730000e+03 3.356255e-04
6.750000e+03 3.319309e-04
6.770000e+03 3.307364e-04
6.790000e+03 3.282393e-04
6.810000e+03 3.262649e-04
6.830000e+03 3.252612e-04
6.850000e+03 3.211430e-04
6.870000e+03 3.207392e-04
6.890000e+03 3.204563e-04
6.910000e+03 3.182008e-04
6.930000e+03 3.159297e-04
6.950000e+03 3.134457e-04
6.970000e+03 3.129554e-04
6.990000e+03 3.109159e-04
7.010000e+03 3.073329e-04
7.030000e+03 3.071861e-04
7.050000e+03 3.052790e-04
7.070000e+03 3.008588e-04
7.090000e+03 2.978879e-04
7.110000e+03 2.939949e-04
7.130000e+03 2.913600e-04
7.150000e+03 2.898809e-04
7.170000e+03 2.892904e-04
7.190000e+03 2.850340e-04
7.210000e+03 2.855726e-04
7.230000e+03 2.856889e-04
7.250000e+03 2.848922e-04
7.270000e+03 2.837746e-04
7.290000e+03 2.805882e-04
7.310000e+03 2.814875e-04
7.330000e+03 2.805048e-04
7.350000e+03 2.801213e-04
7.370000e+03 2.809362e-04
7.390000e+03 2.774270e-04
7.410000e+03 2.745001e-04
7.430000e+03 2.757309e-04
7.450000e+03 2.747891e-04
7.470000e+03 2.740518e-04
7.490000e+03 2.723300e-04
7.510000e+03 2.718101e-04
7.530000e+03 2.713711e-04
7.550000e+03 2.708391e-04
7.570000e+03 2.687520e-04
7.590000e+03 2.660175e-04
7.610000e+03 2.635961e-04
7.630000e+03 2.609676e-04
7.650000e+03 2.583153e-04
7.670000e+03 2.534197e-04
7.690000e+03 2.547183e-04
7.710000e+03 2.512713e-04
7.730000e+03 2.509607e-04
7.750000e+03 2.489528e-04
7.770000e+03 2.477198e-04
7.790000e+03 2.483661e-04
7.810000e+03 2.476864e-04
7.830000e+03 2.457833e-04
7.850000e+03 2.438213e-04
7.870000e+03 2.437791e-04
7.890000e+03 2.415125e-04
7.910000e+03 2.385287e-04
7.930000e+03 2.376859e-04
7.950000e+03 2.361668e-04
7.970000e+03 2.381636e-04
7.990000e+03 2.365996e-04
8.010000e+03 2.391417e-04
8.030000e+03 2.385384e-04
8.050000e+03 2.369954e-04
8.070000e+03 2.368863e-04
8.090000e+03 2.353179e-04
8.110000e+03 2.349262e-04
8.130000e+03 2.347298e-04
8.150000e+03 2.339890e-04
8.170000e+03 2.330040e-04
8.190000e+03 2.299710e-04
8.210000e+03 2.290258e-04
8.230000e+03 2.280861e-04
8.250000e+03 2.273447e-04
8.270000e+03 2.270319e-04
8.290000e+03 2.253086e-04
8.310000e+03 2.227242e-04
8.330000e+03 2.200549e-04
8.350000e+03 2.197643e-04
8.370000e+03 2.179738e-04
8.390000e+03 2.143766e-04
8.410000e+03 2.153617e-04
8.430000e+03 2.130720e-04
8.450000e+03 2.118914e-04
8.470000e+03 2.074896e-04
8.490000e+03 2.123092e-04
8.510000e+03 2.009407e-04
8.530000e+03 2.124052e-04
8.550000e+03 1.890506e-04
8.570000e+03 2.155000e-04
8.590000e+03 2.063299e-04
8.610000e+03 2.037067e-04
8.630000e+03 2.157802e-04
8.650000e+03 2.104456e-04
8.670000e+03 1.843981e-04
8.690000e+03 2.100680e-04
8.710000e+03 2.148750e-04
8.730000e+03 2.107447e-04
8.750000e+03 1.917222e-04
8.770000e+03 2.062031e-04
8.790000e+03 2.122117e-04
8.810000e+03 2.109757e-04
8.830000e+03 2.088091e-04
8.850000e+03 2.000102e-04
8.870000e+03 1.860152e-04
8.890000e+03 2.035075e-04
8.910000e+03 2.064144e-04
8.930000e+03 2.056808e-04
8.950000e+03 2.049098e-04
8.970000e+03 2.037267e-04
8.990000e+03 2.000212e-04
9.010000e+03 1.813896e-04
9.030000e+03 1.899880e-04
9.050000e+03 1.998250e-04
9.070000e+03 1.998391e-04
9.090000e+03 1.975218e-04
9.110000e+03 1.989060e-04
9.130000e+03 1.987774e-04
9.150000e+03 1.978783e-04
9.170000e+03 1.965485e-04
9.190000e+03 1.948446e-04
9.210000e+03 1.882186e-04
9.230000e+03 1.719344e-04
9.250000e+03 1.846019e-04
9.270000e+03 1.893312e-04
9.290000e+03 1.904133e-04
9.310000e+03 1.903971e-04
9.330000e+03 1.897725e-04
9.350000e+03 1.887952e-04
9.370000e+03 1.871440e-04
9.390000e+03 1.872813e-04
9.410000e+03 1.845770e-04
9.430000e+03 1.857148e-04
9.450000e+03 1.842082e-04
9.470000e+03 1.839862e-04
9.490000e+03 1.827806e-04
9.510000e+03 1.804926e-04
9.530000e+03 1.749630e-04
9.550000e+03 1.611369e-04
9.570000e+03 1.742443e-04
9.590000e+03 1.779968e-04
9.610000e+03 1.774065e-04
9.630000e+03 1.769738e-04
9.650000e+03 1.758095e-04
9.670000e+03 1.749868e-04
9.690000e+03 1.752321e-04
9.710000e+03 1.742197e-04
9.730000e+03 1.732015e-04
9.750000e+03 1.723124e-04
9.770000e+03 1.719189e-04
9.790000e+03 1.704989e-04
9.810000e+03 1.708877e-04
9.830000e+03 1.700446e-04
9.850000e+03 1.694281e-04
9.870000e+03 1.683747e-04
9.890000e+03 1.674934e-04
9.910000e+03 1.668465e-04
9.930000e+03 1.662371e-04
9.950000e+03 1.656021e-04
9.970000e+03 1.648030e-04
9.990000e+03 1.637118e-04
1.002500e+04 1.575903e-04
1.007500e+04 1.535497e-04
1.012500e+04 1.583209e-04
1.017500e+04 1.566593e-04
1.022500e+04 1.554810e-04
1.027500e+04 1.542946e-04
1.032500e+04 1.517064e-04
1.037500e+04 1.501525e-04
1.042500e+04 1.491378e-04
1.047500e+04 1.469715e-04
1.052500e+04 1.459474e-04
1.057500e+04 1.440689e-04
1.062500e+04 1.424698e-04
1.067500e+04 1.398074e-04
1.072500e+04 1.391775e-04
1.077500e+04 1.374683e-04
1.082500e+04 1.354150e-04
1.087500e+04 1.338296e-04
1.092500e+04 1.269966e-04
1.097500e+04 1.291900e-04
1.102500e+04 1.305417e-04
1.107500e+04 1.295540e-04
1.112500e+04 1.280951e-04
1.117500e+04 1.265829e-04
1.122500e+04 1.257342e-04
1.127500e+04 1.236469e-04
1.132500e+04 1.225884e-04
1.137500e+04 1.214711e-04
1.142500e+04 1.198644e-04
1.147500e+04 1.197050e-04
1.152500e+04 1.186607e-04
1.157500e+04 1.171130e-04
1.162500e+04 1.151692e-04
1.167500e+04 1.142991e-04
1.172500e+04 1.141490e-04
1.177500e+04 1.119679e-04
1.182500e+04 1.111201e-04
1.187500e+04 1.094180e-04
1.192500e+04 1.098154e-04
1.197500e+04 1.071394e-04
1.202500e+04 1.073462e-04
1.207500e+04 1.060040e-04
1.212500e+04 1.053297e-04
1.217500e+04 1.047286e-04
1.222500e+04 1.036758e-04
1.227500e+04 1.025470e-04
1.232500e+04 1.016856e-04
1.237500e+04 1.007938e-04
1.242500e+04 9.983595e-05
1.247500e+04 9.903975e-05
1.252500e+04 9.796929e-05
1.257500e+04 9.709896e-05
1.262500e+04 9.623981e-05
1.267500e+04 9.529780e-05
1.272500e+04 9.459867e-05
1.277500e+04 9.327127e-05
1.282500e+04 8.792063e-05
1.287500e+04 9.152102e-05
1.292500e+04 9.099524e-05
1.297500e+04 9.079200e-05
1.302500e+04 8.983162e-05
1.307500e+04 8.931328e-05
1.312500e+04 8.807626e-05
1.317500e+04 8.728367e-05
1.322500e+04 8.686476e-05
1.327500e+04 8.561453e-05
1.332500e+04 8.528452e-05
1.337500e+04 8.442057e-05
1.342500e+04 8.406093e-05
1.347500e+04 8.329906e-05
1.352500e+04 8.259986e-05
1.357500e+04 8.147454e-05
1.362500e+04 8.087959e-05
1.367500e+04 8.065037e-05
1.372500e+04 8.022253e-05
1.377500e+04 7.980649e-05
1.382500e+04 7.939118e-05
1.387500e+04 7.856863e-05
1.392500e+04 7.712333e-05
1.397500e+04 7.657337e-05
1.402500e+04 7.569138e-05
1.407500e+04 7.562627e-05
1.412500e+04 7.482673e-05
1.417500e+04 7.473962e-05
1.422500e+04 7.378889e-05
1.427500e+04 7.304386e-05
1.432500e+04 7.328320e-05
1.437500e+04 7.310231e-05
1.442500e+04 7.159619e-05
1.447500e+04 7.220943e-05
1.452500e+04 7.122227e-05
1.457000e+04 7.122672e-05
1.462000e+04 7.039543e-05
1.467500e+04 6.994996e-05
1.472500e+04 6.912725e-05
1.477500e+04 6.904094e-05
1.482500e+04 6.879671e-05
1.487500e+04 6.810257e-05
1.492500e+04 6.850922e-05
1.497500e+04 6.780495e-05
1.502500e+04 6.714210e-05
1.507500e+04 6.657267e-05
1.512500e+04 6.693375e-05
1.517500e+04 6.669862e-05
1.522500e+04 6.646622e-05
1.527500e+04 6.608606e-05
1.532500e+04 6.565162e-05
1.537500e+04 6.571269e-05
1.542500e+04 6.482445e-05
1.547500e+04 6.518529e-05
1.552500e+04 6.465103e-05
1.557500e+04 6.257927e-05
1.562500e+04 6.389916e-05
1.567500e+04 6.299821e-05
1.572500e+04 6.260863e-05
1.577500e+04 6.159470e-05
1.582500e+04 6.164200e-05
1.587500e+04 5.965762e-05
1.592500e+04 6.182126e-05
1.597500e+04 6.114853e-05
1.605000e+04 6.053663e-05
1.615000e+04 5.951506e-05
1.625000e+04 5.931189e-05
1.635000e+04 5.919742e-05
1.645000e+04 5.633872e-05
1.655000e+04 5.767514e-05
1.665000e+04 5.591100e-05
1.675000e+04 5.507971e-05
1.685000e+04 5.292270e-05
1.695000e+04 5.366541e-05
1.705000e+04 5.227671e-05
1.715000e+04 5.150596e-05
1.725000e+04 5.035993e-05
1.735000e+04 4.799106e-05
1.745000e+04 4.830170e-05
1.755000e+04 4.752922e-05
1.765000e+04 4.671036e-05
1.775000e+04 4.574965e-05
1.785000e+04 4.507658e-05
1.795000e+04 4.421811e-05
1.805000e+04 4.325576e-05
1.815000e+04 4.173966e-05
1.825000e+04 4.166482e-05
1.835000e+04 4.121941e-05
1.845000e+04 4.053124e-05
1.855000e+04 4.006173e-05
1.865000e+04 3.924734e-05
1.875000e+04 3.766528e-05
1.885000e+04 3.795842e-05
1.895000e+04 3.687523e-05
1.905000e+04 3.676089e-05
1.915000e+04 3.595684e-05
1.925000e+04 3.533824e-05
1.935000e+04 3.443317e-05
1.945000e+04 3.302694e-05
1.955000e+04 3.331784e-05
1.965000e+04 3.281010e-05
1.975000e+04 3.214732e-05
1.985000e+04 3.167909e-05
1.995000e+04 3.123126e-05
2.005000e+04 3.091097e-05
2.015000e+04 3.049629e-05
2.025000e+04 2.982468e-05
2.035000e+04 2.933569e-05
2.045000e+04 2.907979e-05
2.055000e+04 2.860379e-05
2.065000e+04 2.808845e-05
2.075000e+04 2.769619e-05
2.085000e+04 2.732425e-05
2.095000e+04 2.679883e-05
2.105000e+04 2.653474e-05
2.115000e+04 2.606578e-05
2.125000e+04 2.567878e-05
2.135000e+04 2.536374e-05
2.145000e+04 2.495933e-05
2.155000e+04 2.455036e-05
2.165000e+04 2.367898e-05
2.175000e+04 2.369638e-05
2.185000e+04 2.341514e-05
2.195000e+04 2.310885e-05
2.205000e+04 2.261271e-05
2.215000e+04 2.243359e-05
2.225000e+04 2.200130e-05
2.235000e+04 2.171833e-05
2.245000e+04 2.143627e-05
2.255000e+04 2.110412e-05
2.265000e+04 2.074763e-05
2.275000e+04 2.053251e-05
2.285000e+04 2.016259e-05
2.295000e+04 1.797549e-05
2.305000e+04 1.871415e-05
2.315000e+04 1.857180e-05
2.325000e+04 1.668732e-05
2.335000e+04 1.750162e-05
2.345000e+04 1.703267e-05
2.355000e+04 1.560304e-05
2.365000e+04 1.636641e-05
2.375000e+04 1.599433e-05
2.385000e+04 1.481533e-05
2.395000e+04 1.542585e-05
2.405000e+04 1.520465e-05
2.415000e+04 1.417186e-05
2.425000e+04 1.452230e-05
2.435000e+04 1.430180e-05
2.445000e+04 1.369677e-05
2.455000e+04 1.358602e-05
2.465000e+04 1.366401e-05
2.475000e+04 1.324344e-05
2.485000e+04 1.257108e-05
2.495000e+04 1.249453e-05
2.505000e+04 1.268180e-05
2.515000e+04 1.199431e-05
2.525000e+04 1.208719e-05
2.535000e+04 1.211249e-05
2.545000e+04 1.189544e-05
2.555000e+04 1.173179e-05
2.565000e+04 1.160276e-05
2.575000e+04 1.169936e-05
2.585000e+04 1.134386e-05
2.595000e+04 1.137622e-05
2.605000e+04 1.134365e-05
2.615000e+04 1.103957e-05
2.625000e+04 1.085467e-05
2.635000e+04 1.102314e-05
2.645000e+04 1.092800e-05
2.655000e+04 1.079700e-05
2.665000e+04 1.064871e-05
2.675000e+04 1.055743e-05
2.685000e+04 1.050606e-05
2.695000e+04 1.037504e-05
2.705000e+04 1.034884e-05
2.715000e+04 1.023119e-05
2.725000e+04 1.023260e-05
2.735000e+04 1.003429e-05
2.745000e+04 1.004101e-05
2.755000e+04 9.806918e-06
2.765000e+04 9.732183e-06
2.775000e+04 9.672875e-06
2.785000e+04 9.645245e-06
2.795000e+04 9.598346e-06
2.805000e+04 9.460135e-06
2.815000e+04 9.317870e-06
2.825000e+04 9.253393e-06
2.835000e+04 9.122432e-06
2.845000e+04 8.923003e-06
2.855000e+04 8.909969e-06
2.865000e+04 8.815495e-06
2.875000e+04 8.595864e-06
2.885000e+04 8.597171e-06
2.895000e+04 8.473161e-06
2.905000e+04 8.432669e-06
2.915000e+04 8.304664e-06
2.925000e+04 8.146867e-06
2.935000e+04 8.085920e-06
2.945000e+04 7.960786e-06
2.955000e+04 7.863351e-06
2.965000e+04 7.779140e-06
2.975000e+04 7.690229e-06
2.985000e+04 7.591693e-06
2.995000e+04 7.510229e-06
3.005000e+04 7.429630e-06
3.015000e+04 7.356877e-06
3.025000e+04 7.265864e-06
3.035000e+04 7.097468e-06
3.045000e+04 7.085001e-06
3.055000e+04 7.044944e-06
3.065000e+04 6.976725e-06
3.075000e+04 6.916030e-06
3.085000e+04 6.832295e-06
3.095000e+04 6.760939e-06
3.105000e+04 6.703970e-06
3.115000e+04 6.609764e-06
3.125000e+04 6.557640e-06
3.135000e+04 6.489105e-06
3.145000e+04 6.420487e-06
3.155000e+04 6.343619e-06
3.165000e+04 6.278925e-06
3.175000e+04 6.218507e-06
3.185000e+04 6.155326e-06
3.195000e+04 6.096107e-06
3.210000e+04 5.993452e-06
3.230000e+04 5.866392e-06
3.250000e+04 5.747883e-06
3.270000e+04 5.624791e-06
3.290000e+04 5.460391e-06
3.310000e+04 5.381220e-06
3.330000e+04 5.285555e-06
3.350000e+04 5.210234e-06
3.370000e+04 5.087098e-06
3.390000e+04 4.997504e-06
3.410000e+04 4.917513e-06
3.430000e+04 4.858548e-06
3.450000e+04 4.758533e-06
3.470000e+04 4.659597e-06
3.490000e+04 4.539122e-06
3.510000e+04 4.469251e-06
3.530000e+04 4.367988e-06
3.550000e+04 4.249340e-06
3.570000e+04 4.182115e-06
3.590000e+04 4.084041e-06
3.610000e+04 4.012164e-06
3.630000e+04 3.909257e-06
3.650000e+04 3.813250e-06
3.670000e+04 3.737954e-06
3.690000e+04 3.634788e-06
3.710000e+04 3.555538e-06
3.730000e+04 3.475466e-06
3.750000e+04 3.371758e-06
3.770000e+04 3.336199e-06
3.790000e+04 3.270586e-06
3.810000e+04 3.200232e-06
3.830000e+04 3.141092e-06
3.850000e+04 3.088701e-06
3.870000e+04 3.024105e-06
3.890000e+04 2.967443e-06
3.910000e+04 2.903290e-06
3.930000e+04 2.863734e-06
3.950000e+04 2.809305e-06
3.970000e+04 2.761343e-06
3.990000e+04 2.703522e-06
4.010000e+04 2.654193e-06
4.030000e+04 2.609001e-06
4.050000e+04 2.553834e-06
4.070000e+04 2.530393e-06
4.090000e+04 2.493548e-06
4.110000e+04 2.458265e-06
4.130000e+04 2.415685e-06
4.150000e+04 2.363530e-06
4.170000e+04 2.319026e-06
4.190000e+04 2.296510e-06
4.210000e+04 2.252163e-06
4.230000e+04 2.228187e-06
4.250000e+04 2.188782e-06
4.270000e+04 2.157505e-06
4.290000e+04 2.055015e-06
4.310000e+04 1.958387e-06
4.330000e+04 1.954863e-06
4.350000e+04 1.857506e-06
4.370000e+04 1.800768e-06
4.390000e+04 1.768537e-06
4.410000e+04 1.698371e-06
4.430000e+04 1.681457e-06
4.450000e+04 1.644269e-06
4.470000e+04 1.584532e-06
4.490000e+04 1.589629e-06
4.510000e+04 1.549609e-06
4.530000e+04 1.496138e-06
4.550000e+04 1.481360e-06
4.570000e+04 1.455188e-06
4.590000e+04 1.405394e-06
4.610000e+04 1.411472e-06
4.630000e+04 1.382272e-06
4.650000e+04 1.356354e-06
4.670000e+04 1.343253e-06
4.690000e+04 1.322883e-06
4.710000e+04 1.299184e-06
4.730000e+04 1.304916e-06
4.750000e+04 1.276400e-06
4.770000e+04 1.257693e-06
4.790000e+04 1.241222e-06
4.810000e+04 1.212366e-06
4.830000e+04 1.214134e-06
4.850000e+04 1.190381e-06
4.870000e+04 1.167566e-06
4.890000e+04 1.154366e-06
4.910000e+04 1.136063e-06
4.930000e+04 1.120468e-06
4.950000e+04 1.097843e-06
4.970000e+04 1.088013e-06
4.990000e+04 1.073837e-06
5.010000e+04 1.061823e-06
5.030000e+04 1.046408e-06
5.050000e+04 1.022881e-06
5.070000e+04 1.013173e-06
5.090000e+04 1.001963e-06
5.110000e+04 9.847022e-07
5.130000e+04 9.697658e-07
5.150000e+04 9.598894e-07
5.170000e+04 9.567368e-07
5.190000e+04 9.388972e-07
5.210000e+04 9.264917e-07
5.230000e+04 9.119328e-07
5.250000e+04 9.041647e-07
5.270000e+04 9.001375e-07
5.290000e+04 8.792453e-07
5.310000e+04 8.667237e-07
5.330000e+04 8.587222e-07
5.350000e+04 8.468991e-07
5.370000e+04 8.373028e-07
5.390000e+04 8.274129e-07
5.410000e+04 8.176985e-07
5.430000e+04 8.044087e-07
5.450000e+04 7.998776e-07
5.470000e+04 7.864801e-07
5.490000e+04 7.788110e-07
5.510000e+04 7.672368e-07
5.530000e+04 7.685863e-07
5.550000e+04 7.480963e-07
5.570000e+04 7.473455e-07
5.590000e+04 7.334956e-07
5.610000e+04 7.283097e-07
5.630000e+04 7.141857e-07
5.650000e+04 7.104857e-07
5.670000e+04 7.007572e-07
5.690000e+04 6.882077e-07
5.710000e+04 6.841147e-07
5.730000e+04 6.757533e-07
5.750000e+04 6.669514e-07
5.770000e+04 6.576030e-07
5.790000e+04 6.539205e-07
5.810000e+04 6.443167e-07
5.830000e+04 6.376818e-07
5.850000e+04 6.305084e-07
5.870000e+04 6.213601e-07
5.890000e+04 6.137785e-07
5.910000e+04 6.030058e-07
5.930000e+04 5.992898e-07
5.950000e+04 5.912771e-07
5.970000e+04 5.864802e-07
5.990000e+04 5.790526e-07
6.010000e+04 5.716852e-07
6.030000e+04 5.651641e-07
6.050000e+04 5.576919e-07
6.070000e+04 5.521476e-07
6.090000e+04 5.454551e-07
6.110000e+04 5.378524e-07
6.130000e+04 5.322344e-07
6.150000e+04 5.263196e-07
6.170000e+04 5.207040e-07
6.190000e+04 5.135934e-07
6.210000e+04 5.079651e-07
6.230000e+04 5.013508e-07
6.250000e+04 4.950100e-07
6.270000e+04 4.889324e-07
6.290000e+04 4.827835e-07
6.310000e+04 4.769129e-07
6.330000e+04 4.726411e-07
6.350000e+04 4.670480e-07
6.370000e+04 4.631985e-07
6.390000e+04 4.560469e-07
6.420000e+04 4.479973e-07
6.460000e+04 4.371962e-07
6.500000e+04 4.277852e-07
6.540000e+04 4.178900e-07
6.580000e+04 4.080196e-07
6.620000e+04 3.982270e-07
6.660000e+04 3.899517e-07
6.700000e+04 3.817742e-07
6.740000e+04 3.731050e-07
6.780000e+04 3.644708e-07
6.820000e+04 3.567328e-07
6.860000e+04 3.491239e-07
6.900000e+04 3.405948e-07
6.940000e+04 3.331377e-07
6.980000e+04 3.259462e-07
7.020000e+04 3.190556e-07
7.060000e+04 3.122463e-07
7.100000e+04 3.056126e-07
7.140000e+04 2.991891e-07
7.180000e+04 2.930765e-07
7.220000e+04 2.873002e-07
7.260000e+04 2.815068e-07
7.300000e+04 2.755954e-07
7.340000e+04 2.697351e-07
7.380000e+04 2.640994e-07
7.420000e+04 2.585855e-07
7.460000e+04 2.527696e-07
7.500000e+04 2.477405e-07
7.540000e+04 2.437174e-07
7.580000e+04 2.383644e-07
7.620000e+04 2.336380e-07
7.660000e+04 2.285999e-07
7.700000e+04 2.244236e-07
7.740000e+04 2.202047e-07
7.780000e+04 2.160147e-07
7.820000e+04 2.115941e-07
7.860000e+04 2.072611e-07
7.900000e+04 2.033622e-07
7.940000e+04 1.997597e-07
7.980000e+04 1.959483e-07
8.020000e+04 1.922746e-07
8.060000e+04 1.884495e-07
8.100000e+04 1.849717e-07
8.140000e+04 1.814044e-07
8.180000e+04 1.780608e-07
8.220000e+04 1.744994e-07
8.260000e+04 1.712808e-07
8.300000e+04 1.681846e-07
8.340000e+04 1.651272e-07
8.380000e+04 1.622837e-07
8.420000e+04 1.593531e-07
8.460000e+04 1.564481e-07
8.500000e+04 1.536346e-07
8.540000e+04 1.510256e-07
8.580000e+04 1.484140e-07
8.620000e+04 1.458518e-07
8.660000e+04 1.433052e-07
8.700000e+04 1.408126e-07
8.740000e+04 1.384960e-07
8.780000e+04 1.362764e-07
8.820000e+04 1.341900e-07
8.860000e+04 1.319484e-07
8.900000e+04 1.298308e-07
8.940000e+04 1.275570e-07
8.980000e+04 1.253307e-07
9.020000e+04 1.233408e-07
9.060000e+04 1.211044e-07
9.100000e+04 1.189782e-07
9.140000e+04 1.169146e-07
9.180000e+04 1.149800e-07
9.220000e+04 1.132420e-07
9.260000e+04 1.117105e-07
9.300000e+04 1.100067e-07
9.340000e+04 1.080321e-07
9.380000e+04 1.061915e-07
9.420000e+04 1.043966e-07
9.460000e+04 1.027491e-07
9.500000e+04 1.013718e-07
9.540000e+04 9.982716e-08
9.580000e+04 9.816119e-08
9.620000e+04 9.668246e-08
9.660000e+04 9.502754e-08
9.700000e+04 9.339079e-08
9.740000e+04 9.213840e-08
9.780000e+04 9.085760e-08
9.820000e+04 8.946282e-08
9.860000e+04 8.822421e-08
9.900000e+04 8.696556e-08
9.940000e+04 8.549371e-08
9.980000e+04 8.400072e-08
1.002000e+05 8.260573e-08
2.000000e+05 5.064581e-09
4.000000e+05 3.219683e-10
6.000000e+05 6.364708e-11
8.000000e+05 2.009356e-11
1.000000e+06 8.205208e-12
1.200000e+06 3.943761e-12
1.400000e+06 2.121829e-12
1.600000e+06 1.239664e-12
