       106.65000   1.1777830e-10
       119.95000   3.0442236e-10
       133.25000   6.2111604e-10
       146.55000   1.0750696e-09
       159.85000   1.6472301e-09
       173.15000   2.3037019e-09
       186.45000   3.0049749e-09
       199.75000   3.7118134e-09
       213.05000   4.3912137e-09
       226.35000   5.0211671e-09
       239.65000   3.0354376e-08
       252.95000   2.8356046e-08
       266.25000   2.6595668e-08
       279.55000   2.4670965e-08
       292.85000   2.2885434e-08
       306.15000   2.1308139e-08
       319.45000   1.9798330e-08
       332.75000   1.8374486e-08
       346.05000   1.7043227e-08
       359.35000   1.5896652e-08
       372.65000   1.4831573e-08
       385.95000   1.3760556e-08
       399.25000   1.2916348e-08
       412.55000   1.2068630e-08
       425.85000   1.1223423e-08
       439.15000   1.0506997e-08
       452.45000   9.8266199e-09
       465.75000   9.1634435e-09
       479.05000   8.6095934e-09
       492.35000   8.0361414e-09
       505.65000   7.5371862e-09
       518.95000   7.2373713e-09
       532.25000   6.7610489e-09
       545.55000   6.3140819e-09
       558.85000   6.0216262e-09
       572.15000   5.7251819e-09
       585.45000   5.4009219e-09
       598.75000   5.0539541e-09
       612.05000   4.7804504e-09
       625.35000   4.5726981e-09
       638.65000   4.3476384e-09
       651.95000   4.1041461e-09
       665.25000   3.9127573e-09
       678.55000   3.7139732e-09
       691.85000   3.5288468e-09
       705.15000   3.3060526e-09
       718.45000   3.2171268e-09
       731.75000   3.0667163e-09
       745.05000   2.9118007e-09
       758.35000   2.7649548e-09
       771.65000   2.6369968e-09
       784.95000   2.5026209e-09
       798.25000   2.4119833e-09
       811.55000   2.3114228e-09
       824.85000   2.2155015e-09
       838.15000   2.0804575e-09
       851.45000   2.0222652e-09
       864.75000   1.9449421e-09
       878.05000   1.8661219e-09
       891.35000   1.7907748e-09
       904.65000   1.7127292e-09
       917.95000   2.5726825e-09
       931.25000   3.1877006e-09
       944.55000   3.8962068e-09
       957.85000   4.3766333e-09
       971.15000   3.5252350e-09
       984.45000   4.0744013e-09
       997.75000   4.0933780e-09
       1011.0500   4.3814134e-09
       1024.3500   3.4032628e-09
       1037.6500   4.2105367e-09
       1050.9500   4.8306855e-09
       1064.2500   4.2613976e-09
       1077.5500   4.3914449e-09
       1090.8500   4.3231756e-09
       1104.1500   4.3288751e-09
       1117.4500   4.1096767e-09
       1130.7500   4.0801000e-09
       1144.0500   4.0704294e-09
       1157.3500   4.0381468e-09
       1170.6500   3.4901374e-09
       1183.9500   3.7250681e-09
       1197.2500   3.2642305e-09
       1210.5500   2.7089122e-09
       1223.8500   3.1109127e-09
       1237.1500   3.6563712e-09
       1250.4500   5.9840233e-08
       1263.7500   5.8295265e-08
       1277.0500   6.4294007e-08
       1290.3500   6.1626689e-08
       1303.6500   5.8928544e-08
       1316.9500   6.5479684e-08
       1330.2500   6.2041061e-08
       1343.5500   6.4413513e-08
       1356.8500   6.3435417e-08
       1370.1500   6.0750581e-08
       1383.4500   6.0697546e-08
       1396.7500   5.0225074e-08
       1410.0500   5.3849978e-08
       1423.3500   5.6905170e-08
       1436.6500   5.8135572e-08
       1449.9500   5.8064927e-08
       1463.2500   5.4949145e-08
       1476.5500   5.4650151e-08
       1489.8500   5.4477363e-08
       1503.1500   5.2223009e-08
       1516.4500   4.9455914e-08
       1529.7500   4.6558452e-08
       1543.0500   4.2232751e-08
       1556.3500   4.1546257e-08
       1569.6500   4.4463724e-08
       1582.9500   4.5873006e-08
       1596.2500   4.5809851e-08
       1609.5500   4.4633869e-08
       1622.8500   4.3470857e-08
       1636.1500   4.4648947e-08
       1649.4500   4.3843232e-08
       1662.7500   4.4057487e-08
       1676.0500   4.4891864e-08
       1689.3500   4.4884975e-08
       1702.6500   4.3048299e-08
       1715.9500   4.1310909e-08
       1729.2500   4.1922289e-08
       1742.5500   4.2943766e-08
       1755.8500   4.5082306e-08
       1769.1500   4.2413806e-08
       1782.4500   4.3890880e-08
       1795.7500   4.8348077e-08
       1809.0500   4.4788574e-08
       1822.3500   4.3939378e-08
       1835.6500   4.2812252e-08
       1848.9500   3.9377829e-08
       1862.2500   4.4358894e-08
       1875.5500   4.6211856e-08
       1888.8500   4.5891023e-08
       1902.1500   4.7534393e-08
       1915.4500   4.7004096e-08
       1928.7500   3.9407723e-08
       1942.0500   4.5501262e-08
       1955.3500   4.8572174e-08
       1968.6500   5.5067825e-08
       1981.9500   5.6403862e-08
       1995.2500   5.8782602e-08
       2008.5500   5.5322083e-08
       2021.8500   4.9775303e-08
       2035.1500   5.7806395e-08
       2048.4500   6.1088282e-08
       2061.7500   5.5985745e-08
       2075.0500   7.9439789e-08
       2088.3500   1.6597462e-07
       2101.6500   1.4681062e-07
       2114.9500   1.5878717e-07
       2128.2500   1.3329255e-07
       2141.5500   1.5234197e-07
       2154.8500   1.6661217e-07
       2168.1500   1.4132739e-07
       2181.4500   1.7177972e-07
       2194.7500   1.8280297e-07
       2208.0500   1.6368461e-07
       2221.3500   1.4805270e-07
       2234.6500   2.1857143e-07
       2247.9500   1.9535954e-07
       2261.2500   1.5017465e-07
       2274.5500   1.6962357e-07
       2287.8500   2.3067531e-07
       2301.1500   2.3482919e-07
       2314.4500   2.1292043e-07
       2327.7500   1.5681014e-07
       2341.0500   1.0829383e-07
       2354.3500   1.8944768e-07
       2367.6500   1.1487578e-07
       2380.9500   1.0712849e-07
       2394.2500   1.0472863e-07
       2407.5500   1.1590208e-07
       2420.8500   2.1385319e-07
       2434.1500   2.7634089e-07
       2447.4500   3.4802876e-07
       2460.7500   3.3830388e-07
       2474.0500   2.8172983e-07
       2487.3500   1.7339371e-07
       2500.6500   2.9150378e-07
       2513.9500   1.2275961e-07
       2527.2500   1.3564818e-07
       2540.5500   2.2213071e-07
       2553.8500   4.3163211e-07
       2567.1500   3.4435034e-07
       2580.4500   3.9425708e-07
       2593.7500   3.2727414e-07
       2607.0500   2.6522223e-07
       2620.3500   3.0228952e-07
       2633.6500   6.2702560e-07
       2646.9500   1.0185635e-06
       2660.2500   1.0478780e-06
       2673.5500   9.2352780e-07
       2686.8500   1.0386024e-06
       2700.1500   9.1020018e-07
       2713.4500   7.6490069e-07
       2726.7500   6.1568127e-07
       2740.0500   5.5805872e-07
       2753.3500   5.0259247e-07
       2766.6500   7.2412878e-07
       2779.9500   6.0697933e-07
       2793.2500   2.2312757e-07
       2806.5500   2.9296228e-07
       2819.8500   8.7351675e-07
       2833.1500   1.0636438e-06
       2846.4500   7.5151453e-07
       2859.7500   7.7697229e-07
       2873.0500   1.4159626e-06
       2886.3500   1.3342170e-06
       2899.6500   1.7108657e-06
       2912.9500   2.0619869e-06
       2926.2500   1.8841350e-06
       2939.5500   1.7834248e-06
       2952.8500   1.7473501e-06
       2966.1500   1.8379213e-06
       2979.4500   1.8788507e-06
       2992.7500   1.9058409e-06
       3006.0500   1.9575575e-06
       3019.3500   2.0147871e-06
       3032.6500   2.0760759e-06
       3045.9500   2.1422051e-06
       3059.2500   2.2294862e-06
       3072.5500   2.3078815e-06
       3085.8500   2.3087678e-06
       3099.1500   2.4379827e-06
       3112.4500   2.5737806e-06
       3125.7500   2.4780797e-06
       3139.0500   2.4401847e-06
       3152.3500   2.4575793e-06
       3165.6500   2.6062869e-06
       3178.9500   2.4977789e-06
       3192.2500   2.3360974e-06
       3205.5500   2.5321597e-06
       3218.8500   2.4038238e-06
       3232.1500   2.2478998e-06
       3245.4500   2.8011080e-06
       3258.7500   3.2025525e-06
       3272.0500   3.4670039e-06
       3285.3500   3.4124211e-06
       3298.6500   3.3330403e-06
       3311.9500   3.2621015e-06
       3325.2500   3.3189559e-06
       3338.5500   3.3026699e-06
       3351.8500   3.1878007e-06
       3365.1500   2.7147778e-06
       3378.4500   2.6773396e-06
       3391.7500   2.8683831e-06
       3405.0500   2.9123633e-06
       3418.3500   2.9744175e-06
       3431.6500   3.0533249e-06
       3444.9500   3.1751737e-06
       3458.2500   3.2607836e-06
       3471.5500   3.3437607e-06
       3484.8500   3.5752019e-06
       3498.1500   3.7540497e-06
       3511.4500   3.8574681e-06
       3524.7500   3.6153847e-06
       3538.0500   3.7410162e-06
       3551.3500   3.9930739e-06
       3564.6500   3.2323185e-06
       3577.9500   2.9330873e-06
       3591.2500   2.9838012e-06
       3604.5500   3.4057770e-06
       3617.8500   3.6533016e-06
       3631.1500   3.7835533e-06
       3644.4500   4.1412483e-06
       3657.7500   4.5180474e-06
       3671.0500   4.6140248e-06
       3684.3500   4.3343692e-06
       3697.6500   4.3277059e-06
       3710.9500   4.4514222e-06
       3724.2500   3.6351179e-06
       3737.5500   3.4420281e-06
       3750.8500   3.7447682e-06
       3764.1500   4.3262561e-06
       3777.4500   4.6592005e-06
       3790.7500   4.7855254e-06
       3804.0500   4.7328889e-06
       3817.3500   4.0567308e-06
       3830.6500   2.9651897e-06
       3843.9500   3.6809869e-06
       3857.2500   4.0144086e-06
       3870.5500   4.0410541e-06
       3883.8500   4.3938464e-06
       3897.1500   4.8681805e-06
       3910.4500   5.3656874e-06
       3923.7500   3.5067151e-06
       3937.0500   3.3116200e-06
       3950.3500   4.5426522e-06
       3963.6500   3.5871041e-06
       3976.9500   4.4001832e-06
       3990.2500   6.8043752e-06
       4003.5500   7.2839394e-06
       4016.8500   7.5259558e-06
       4030.1500   7.5404317e-06
       4043.4500   7.3562735e-06
       4056.7500   7.1506109e-06
       4070.0500   6.9281388e-06
       4083.3500   7.8393383e-06
       4096.6500   8.1288994e-06
       4109.9500   7.7918173e-06
       4123.2500   7.7981521e-06
       4136.5500   7.7924717e-06
       4149.8500   7.7729405e-06
       4163.1500   7.8227107e-06
       4176.4500   7.8231297e-06
       4189.7500   7.7698343e-06
       4203.0500   7.8573992e-06
       4216.3500   7.8081506e-06
       4229.6500   7.6049195e-06
       4242.9500   7.9269665e-06
       4256.2500   7.9712463e-06
       4269.5500   7.6833153e-06
       4282.8500   7.3657611e-06
       4296.1500   6.9043278e-06
       4309.4500   6.2757398e-06
       4322.7500   7.9069044e-06
       4336.0500   8.8209977e-06
       4349.3500   8.7494946e-06
       4362.6500   9.3958089e-06
       4375.9500   9.4683181e-06
       4389.2500   8.7798204e-06
       4402.5500   9.0664594e-06
       4415.8500   9.4444806e-06
       4429.1500   9.8643375e-06
       4442.4500   9.9631313e-06
       4455.7500   1.0213794e-05
       4469.0500   1.0694338e-05
       4482.3500   1.0891441e-05
       4495.6500   1.1438513e-05
       4508.9500   1.2492447e-05
       4522.2500   1.1620447e-05
       4535.5500   1.1160215e-05
       4548.8500   1.1513684e-05
       4562.1500   1.2155331e-05
       4575.4500   1.2373570e-05
       4588.7500   1.1936934e-05
       4602.0500   1.2116234e-05
       4615.3500   1.2186765e-05
       4628.6500   1.1998275e-05
       4641.9500   1.2135750e-05
       4655.2500   1.2393169e-05
       4668.5500   1.2778381e-05
       4681.8500   1.2720734e-05
       4695.1500   1.2550152e-05
       4708.4500   1.2286659e-05
       4721.7500   1.2579368e-05
       4735.0500   1.2931821e-05
       4748.3500   1.3260690e-05
       4761.6500   1.3240779e-05
       4774.9500   1.3213557e-05
       4788.2500   1.3258340e-05
       4801.5500   1.3249248e-05
       4814.8500   1.3369278e-05
       4828.1500   1.3730087e-05
       4841.4500   1.3296713e-05
       4854.7500   1.2659714e-05
       4868.0500   1.1888912e-05
       4881.3500   1.2678228e-05
       4894.6500   1.3376891e-05
       4907.9500   1.3400123e-05
       4921.2500   1.3286187e-05
       4934.5500   1.3350736e-05
       4947.8500   1.3809343e-05
       4961.1500   1.3759389e-05
       4974.4500   1.3449329e-05
       4987.7500   1.2816713e-05
       5001.0500   1.2338666e-05
       5014.3500   1.2220107e-05
       5027.6500   1.2781039e-05
       5040.9500   1.2898288e-05
       5054.2500   1.3054985e-05
       5067.5500   1.3500582e-05
       5080.8500   1.3170824e-05
       5094.1500   1.2909234e-05
       5107.4500   1.3189623e-05
       5120.7500   1.2984000e-05
       5134.0500   1.2668302e-05
       5147.3500   1.2366790e-05
       5160.6500   1.1822115e-05
       5173.9500   1.1480625e-05
       5187.2500   1.1768784e-05
       5200.5500   1.2367384e-05
       5213.8500   1.3035369e-05
       5227.1500   1.3671900e-05
       5240.4500   1.4135648e-05
       5253.7500   1.4115756e-05
       5267.0500   1.2978902e-05
       5280.3500   1.3757560e-05
       5293.6500   1.4903703e-05
       5306.9500   1.5566236e-05
       5320.2500   1.4717768e-05
       5333.5500   1.4015698e-05
       5346.8500   1.4966242e-05
       5360.1500   1.5178570e-05
       5373.4500   1.5107369e-05
       5386.7500   1.4882795e-05
       5400.0500   1.4723089e-05
       5413.3500   1.4671918e-05
       5426.6500   1.4882296e-05
       5439.9500   1.5192423e-05
       5453.2500   1.5392122e-05
       5466.5500   1.5143408e-05
       5479.8500   1.5089423e-05
       5493.1500   1.5093815e-05
       5506.4500   1.5065836e-05
       5519.7500   1.5356491e-05
       5533.0500   1.5711611e-05
       5546.3500   1.5889997e-05
       5559.6500   1.5785594e-05
       5572.9500   1.5564621e-05
       5586.2500   1.5312344e-05
       5599.5500   1.5544883e-05
       5612.8500   1.5864186e-05
       5626.1500   1.5798279e-05
       5639.4500   1.5908799e-05
       5652.7500   1.5999295e-05
       5666.0500   1.5734600e-05
       5679.3500   1.5935774e-05
       5692.6500   1.6182210e-05
       5705.9500   1.5813394e-05
       5719.2500   1.6385589e-05
       5732.5500   1.7096587e-05
       5745.8500   1.6641824e-05
       5759.1500   1.6605863e-05
       5772.4500   1.6649916e-05
       5785.7500   1.6202276e-05
       5799.0500   1.6402987e-05
       5812.3500   1.6886592e-05
       5825.6500   1.7261867e-05
       5838.9500   1.7134060e-05
       5852.2500   1.6826263e-05
       5865.5500   1.6842707e-05
       5878.8500   1.5842810e-05
       5892.1500   1.4787619e-05
       5905.4500   1.6120014e-05
       5918.7500   1.6669865e-05
       5932.0500   1.6795345e-05
       5945.3500   1.6832366e-05
       5958.6500   1.6995811e-05
       5971.9500   1.7166916e-05
       5985.2500   1.6983596e-05
       5998.5500   1.6828043e-05
       6011.8500   1.6754317e-05
       6025.1500   1.7093211e-05
       6038.4500   1.7376935e-05
       6051.7500   1.7594886e-05
       6065.0500   1.7586623e-05
       6078.3500   1.7318361e-05
       6091.6500   1.6956646e-05
       6104.9500   1.7031323e-05
       6118.2500   1.6652157e-05
       6131.5500   1.6106816e-05
       6144.8500   1.6422151e-05
       6158.1500   1.6194602e-05
       6171.4500   1.5764266e-05
       6184.7500   1.6497602e-05
       6198.0500   1.6739538e-05
       6211.3500   1.6631907e-05
       6224.6500   1.6278150e-05
       6237.9500   1.5929630e-05
       6251.2500   1.5669065e-05
       6264.5500   1.6226573e-05
       6277.8500   1.6604012e-05
       6291.1500   1.6809218e-05
       6304.4500   1.6518169e-05
       6317.7500   1.6508984e-05
       6331.0500   1.6691379e-05
       6344.3500   1.6742688e-05
       6357.6500   1.6746059e-05
       6370.9500   1.6733471e-05
       6384.2500   1.6976539e-05
       6397.5500   1.6952115e-05
       6410.8500   1.6745572e-05
       6424.1500   1.6870716e-05
       6437.4500   1.6909958e-05
       6450.7500   1.6881776e-05
       6464.0500   1.6859321e-05
       6477.3500   1.6737713e-05
       6490.6500   1.6566233e-05
       6503.9500   1.6996152e-05
       6517.2500   1.7196193e-05
       6530.5500   1.7191245e-05
       6543.8500   1.6900514e-05
       6557.1500   1.6397743e-05
       6570.4500   1.5763366e-05
       6583.7500   1.6612165e-05
       6597.0500   1.7104431e-05
       6610.3500   1.7271859e-05
       6623.6500   1.7167065e-05
       6636.9500   1.7122462e-05
       6650.2500   1.7128008e-05
       6663.5500   1.6866723e-05
       6676.8500   1.6852311e-05
       6690.1500   1.7063890e-05
       6703.4500   1.6607115e-05
       6716.7500   1.6556555e-05
       6730.0500   1.6900147e-05
       6743.3500   1.6718067e-05
       6756.6500   1.6672663e-05
       6769.9500   1.6764613e-05
       6783.2500   1.6649406e-05
       6796.5500   1.6630277e-05
       6809.8500   1.6711463e-05
       6823.1500   1.6873736e-05
       6836.4500   1.6818135e-05
       6849.7500   1.6529028e-05
       6863.0500   1.6745420e-05
       6876.3500   1.6959334e-05
       6889.6500   1.7159807e-05
       6902.9500   1.7160413e-05
       6916.2500   1.7128038e-05
       6929.5500   1.7064427e-05
       6942.8500   1.7079107e-05
       6956.1500   1.7173446e-05
       6969.4500   1.7357610e-05
       6982.7500   1.7346521e-05
       6996.0500   1.7262992e-05
       7009.3500   1.7102440e-05
       7022.6500   1.7351706e-05
       7035.9500   1.7511046e-05
       7049.2500   1.7532498e-05
       7062.5500   1.7228630e-05
       7075.8500   1.6888044e-05
       7089.1500   1.6525632e-05
       7102.4500   1.6284569e-05
       7115.7500   1.6060681e-05
       7129.0500   1.5848683e-05
       7142.3500   1.5817349e-05
       7155.6500   1.5872929e-05
       7168.9500   1.6027762e-05
       7182.2500   1.5799237e-05
       7195.5500   1.5777188e-05
       7208.8500   1.6091032e-05
       7222.1500   1.6360314e-05
       7235.4500   1.6562136e-05
       7248.7500   1.6672268e-05
       7262.0500   1.6759663e-05
       7275.3500   1.6749402e-05
       7288.6500   1.6596923e-05
       7301.9500   1.6934720e-05
       7315.2500   1.7199264e-05
       7328.5500   1.7265189e-05
       7341.8500   1.7439277e-05
       7355.1500   1.7709483e-05
       7368.4500   1.8111073e-05
       7381.7500   1.7926886e-05
       7395.0500   1.7796025e-05
       7408.3500   1.7879949e-05
       7421.6500   1.8213757e-05
       7434.9500   1.8454928e-05
       7448.2500   1.8478714e-05
       7461.5500   1.8729738e-05
       7474.8500   1.8905894e-05
       7488.1500   1.8890413e-05
       7501.4500   1.9045771e-05
       7514.7500   1.9256862e-05
       7528.0500   1.9518386e-05
       7541.3500   1.9670121e-05
       7554.6500   1.9737544e-05
       7567.9500   1.9682686e-05
       7581.2500   1.9413299e-05
       7594.5500   1.9128498e-05
       7607.8500   1.8890170e-05
       7621.1500   1.8598573e-05
       7634.4500   1.8286450e-05
       7647.7500   1.7954557e-05
       7661.0500   1.7421510e-05
       7674.3500   1.7142363e-05
       7687.6500   1.7473243e-05
       7700.9500   1.7363741e-05
       7714.2500   1.7239820e-05
       7727.5500   1.7287940e-05
       7740.8500   1.7245247e-05
       7754.1500   1.7268493e-05
       7767.4500   1.7483214e-05
       7780.7500   1.7618888e-05
       7794.0500   1.7700714e-05
       7807.3500   1.7702020e-05
       7820.6500   1.7653761e-05
       7833.9500   1.7573090e-05
       7847.2500   1.7445040e-05
       7860.5500   1.7600732e-05
       7873.8500   1.7719876e-05
       7887.1500   1.7566040e-05
       7900.4500   1.7327673e-05
       7913.7500   1.7168223e-05
       7927.0500   1.7270105e-05
       7940.3500   1.7252881e-05
       7953.6500   1.7329657e-05
       7966.9500   1.7746079e-05
       7980.2500   1.7890388e-05
       7993.5500   1.7992349e-05
       8006.8500   1.8201124e-05
       8020.1500   1.8293792e-05
       8033.4500   1.8344035e-05
       8046.7500   1.8376172e-05
       8060.0500   1.8562610e-05
       8073.3500   1.8716345e-05
       8086.6500   1.8623113e-05
       8099.9500   1.8726081e-05
       8113.2500   1.8962338e-05
       8126.5500   1.9406057e-05
       8139.8500   1.9681818e-05
       8153.1500   1.9882907e-05
       8166.4500   2.0032726e-05
       8179.7500   1.9760810e-05
       8193.0500   1.9404094e-05
       8206.3500   1.9281938e-05
       8219.6500   1.9316425e-05
       8232.9500   1.9391027e-05
       8246.2500   1.9397602e-05
       8259.5500   1.9499343e-05
       8272.8500   1.9586438e-05
       8286.1500   1.9481654e-05
       8299.4500   1.9123803e-05
       8312.7500   1.8740959e-05
       8326.0500   1.8661363e-05
       8339.3500   1.8678104e-05
       8352.6500   1.8747040e-05
       8365.9500   1.8861775e-05
       8379.2500   1.8615585e-05
       8392.5500   1.8375838e-05
       8405.8500   1.8834502e-05
       8419.1500   1.8543475e-05
       8432.4500   1.7961678e-05
       8445.7500   1.7605317e-05
       8459.0500   1.7526553e-05
       8472.3500   1.7571984e-05
       8485.6500   1.7586902e-05
       8498.9500   1.7242378e-05
       8512.2500   1.6888448e-05
       8525.5500   1.7352671e-05
       8538.8500   1.6549340e-05
       8552.1500   1.5668954e-05
       8565.4500   1.7715601e-05
       8578.7500   1.8352880e-05
       8592.0500   1.8302818e-05
       8605.3500   1.8515066e-05
       8618.6500   1.8787290e-05
       8631.9500   1.9041832e-05
       8645.2500   1.9003579e-05
       8658.5500   1.7896429e-05
       8671.8500   1.6643047e-05
       8685.1500   1.8183449e-05
       8698.4500   1.9107364e-05
       8711.7500   1.9618420e-05
       8725.0500   1.9743528e-05
       8738.3500   1.9713885e-05
       8751.6500   1.9647645e-05
       8764.9500   1.9974125e-05
       8778.2500   2.0227656e-05
       8791.5500   2.0376734e-05
       8804.8500   2.0071979e-05
       8818.1500   2.0073279e-05
       8831.4500   2.0245679e-05
       8844.7500   2.0230275e-05
       8858.0500   1.9907984e-05
       8871.3500   1.9457678e-05
       8884.6500   1.9654969e-05
       8897.9500   1.9858918e-05
       8911.2500   2.0025376e-05
       8924.5500   1.9785771e-05
       8937.8500   1.9740070e-05
       8951.1500   1.9828464e-05
       8964.4500   1.9906919e-05
       8977.7500   1.9975952e-05
       8991.0500   2.0000637e-05
       9004.3500   1.9586273e-05
       9017.6500   1.9727032e-05
       9030.9500   2.0272027e-05
       9044.2500   2.0723749e-05
       9057.5500   2.0927619e-05
       9070.8500   2.0922207e-05
       9084.1500   2.0624308e-05
       9097.4500   2.0611685e-05
       9110.7500   2.0824872e-05
       9124.0500   2.1119423e-05
       9137.3500   2.1204056e-05
       9150.6500   2.1123173e-05
       9163.9500   2.1139196e-05
       9177.2500   2.1242169e-05
       9190.5500   2.1386049e-05
       9203.8500   2.0789554e-05
       9217.1500   2.0336112e-05
       9230.4500   2.0017249e-05
       9243.7500   2.0019808e-05
       9257.0500   2.0092654e-05
       9270.3500   2.0220000e-05
       9283.6500   2.0050334e-05
       9296.9500   2.0017890e-05
       9310.2500   2.0110695e-05
       9323.5500   2.0176290e-05
       9336.8500   2.0174220e-05
       9350.1500   2.0106749e-05
       9363.4500   1.9909648e-05
       9376.7500   1.9959334e-05
       9390.0500   2.0247105e-05
       9403.3500   1.9963266e-05
       9416.6500   2.0014801e-05
       9429.9500   2.0402779e-05
       9443.2500   2.0164561e-05
       9456.5500   2.0235816e-05
       9469.8500   2.0629434e-05
       9483.1500   2.0670586e-05
       9496.4500   2.0587228e-05
       9509.7500   2.0375536e-05
       9523.0500   2.0492531e-05
       9536.3500   2.0420708e-05
       9549.6500   2.0134700e-05
       9562.9500   2.0323274e-05
       9576.2500   2.0564132e-05
       9589.5500   2.0849571e-05
       9602.8500   2.0691934e-05
       9616.1500   2.0644409e-05
       9629.4500   2.0743411e-05
       9642.7500   2.0502458e-05
       9656.0500   2.0379660e-05
       9669.3500   2.0416556e-05
       9682.6500   2.0648475e-05
       9695.9500   2.0698813e-05
       9709.2500   2.0511778e-05
       9722.5500   2.0395991e-05
       9735.8500   2.0311300e-05
       9749.1500   2.0260932e-05
       9762.4500   2.0355428e-05
       9775.7500   2.0330347e-05
       9789.0500   2.0134818e-05
       9802.3500   2.0484943e-05
       9815.6500   2.0663088e-05
       9828.9500   2.0550640e-05
       9842.2500   2.0639108e-05
       9855.5500   2.0654969e-05
       9868.8500   2.0545052e-05
       9882.1500   2.0540757e-05
       9895.4500   2.0500060e-05
       9908.7500   2.0392391e-05
       9922.0500   2.0485178e-05
       9935.3500   2.0569000e-05
       9948.6500   2.0608420e-05
       9961.9500   2.0640096e-05
       9975.2500   2.0649234e-05
       9988.5500   2.0625094e-05
       10001.850   2.0601086e-05
       10015.150   2.0576985e-05
       10028.450   2.0542802e-05
       10041.750   2.0480022e-05
       10055.050   2.0417050e-05
       10068.350   2.0353889e-05
       10081.650   2.0353026e-05
       10094.950   2.0414630e-05
       10108.250   2.0476263e-05
       10121.550   2.0537926e-05
       10134.850   2.0505532e-05
       10148.150   2.0440015e-05
       10161.450   2.0374312e-05
       10174.750   2.0308417e-05
       10188.050   2.0329526e-05
       10201.350   2.0352267e-05
       10214.650   2.0374974e-05
       10227.950   2.0397870e-05
       10241.250   2.0421524e-05
       10254.550   2.0445144e-05
       10267.850   2.0468734e-05
       10281.150   2.0455303e-05
       10294.450   2.0398742e-05
       10307.750   2.0342016e-05
       10321.050   2.0285123e-05
       10334.350   2.0244974e-05
       10347.650   2.0211840e-05
       10360.950   2.0178578e-05
       10374.250   2.0145195e-05
       10387.550   2.0161136e-05
       10400.850   2.0179994e-05
       10414.150   2.0198811e-05
       10427.450   2.0205225e-05
       10440.750   2.0156770e-05
       10454.050   2.0108168e-05
       10467.350   2.0059422e-05
       10480.650   2.0025615e-05
       10493.950   2.0012125e-05
       10507.250   1.9998549e-05
       10520.550   1.9984887e-05
       10533.850   1.9937046e-05
       10547.150   1.9871913e-05
       10560.450   1.9806612e-05
       10573.750   1.9741147e-05
       10587.050   1.9716786e-05
       10600.350   1.9696609e-05
       10613.650   1.9676338e-05
       10626.950   1.9649337e-05
       10640.250   1.9583560e-05
       10653.550   1.9517622e-05
       10666.850   1.9451525e-05
       10680.150   1.9422318e-05
       10693.450   1.9451684e-05
       10706.750   1.9481035e-05
       10720.050   1.9510373e-05
       10733.350   1.9506968e-05
       10746.650   1.9484085e-05
       10759.950   1.9461109e-05
       10773.250   1.9438043e-05
       10786.550   1.9366484e-05
       10799.850   1.9287422e-05
       10813.150   1.9208190e-05
       10826.450   1.9135364e-05
       10839.750   1.9116201e-05
       10853.050   1.9096953e-05
       10866.350   1.9077624e-05
       10879.650   1.9064955e-05
       10892.950   1.9064768e-05
       10906.250   1.9064526e-05
       10919.550   1.9064230e-05
       10932.850   1.9027389e-05
       10946.150   1.8965091e-05
       10959.450   1.8902653e-05
       10972.750   1.8840073e-05
       10986.050   1.8822397e-05
       10999.350   1.8813827e-05
       11012.650   1.8805191e-05
       11025.950   1.8793326e-05
       11039.250   1.8740218e-05
       11052.550   1.8686984e-05
       11065.850   1.8633626e-05
       11079.150   1.8597640e-05
       11092.450   1.8600153e-05
       11105.750   1.8602620e-05
       11119.050   1.8605041e-05
       11132.350   1.8592092e-05
       11145.650   1.8566663e-05
       11158.950   1.8541149e-05
       11172.250   1.8515556e-05
       11185.550   1.8516940e-05
       11198.850   1.8525338e-05
       11212.150   1.8533699e-05
       11225.450   1.8539676e-05
       11238.750   1.8478472e-05
       11252.050   1.8417140e-05
       11265.350   1.8355681e-05
       11278.650   1.8308371e-05
       11291.950   1.8298724e-05
       11305.250   1.8289021e-05
       11318.550   1.8279259e-05
       11331.850   1.8250658e-05
       11345.150   1.8204282e-05
       11358.450   1.8157800e-05
       11371.750   1.8111217e-05
       11385.050   1.8062518e-05
       11398.350   1.8013064e-05
       11411.650   1.7963504e-05
       11424.950   1.7913840e-05
       11438.250   1.7986250e-05
       11451.550   1.8059172e-05
       11464.850   1.8132144e-05
       11478.150   1.8189600e-05
       11491.450   1.8196896e-05
       11504.750   1.8204162e-05
       11518.050   1.8211392e-05
       11531.350   1.8189733e-05
       11544.650   1.8136401e-05
       11557.950   1.8082960e-05
       11571.250   1.8029413e-05
       11584.550   1.7969107e-05
       11597.850   1.7906073e-05
       11611.150   1.7842925e-05
       11624.450   1.7779658e-05
       11637.750   1.7768928e-05
       11651.050   1.7760419e-05
       11664.350   1.7751860e-05
       11677.650   1.7749678e-05
       11690.950   1.7773290e-05
       11704.250   1.7796894e-05
       11717.550   1.7820486e-05
       11730.850   1.7799089e-05
       11744.150   1.7720311e-05
       11757.450   1.7641402e-05
       11770.750   1.7562362e-05
       11784.050   1.7513889e-05
       11797.350   1.7479745e-05
       11810.650   1.7445525e-05
       11823.950   1.7411229e-05
       11837.250   1.7351991e-05
       11850.550   1.7290517e-05
       11863.850   1.7228938e-05
       11877.150   1.7186922e-05
       11890.450   1.7246884e-05
       11903.750   1.7306882e-05
       11917.050   1.7366913e-05
       11930.350   1.7339521e-05
       11943.650   1.7182026e-05
       11956.950   1.7024318e-05
       11970.250   1.6866400e-05
       11983.550   1.6878506e-05
       11996.850   1.6985225e-05
       12010.150   1.7092030e-05
       12023.450   1.7198920e-05
       12036.750   1.7157128e-05
       12050.050   1.7095618e-05
       12063.350   1.7034009e-05
       12076.650   1.6982457e-05
       12089.950   1.7002576e-05
       12103.250   1.7022686e-05
       12116.550   1.7042787e-05
       12129.850   1.7060453e-05
       12143.150   1.7073885e-05
       12156.450   1.7087300e-05
       12169.750   1.7100697e-05
       12183.050   1.7094597e-05
       12196.350   1.7075747e-05
       12209.650   1.7056847e-05
       12222.950   1.7037894e-05
       12236.250   1.7006924e-05
       12249.550   1.6973710e-05
       12262.850   1.6940431e-05
       12276.150   1.6907009e-05
       12289.450   1.6872711e-05
       12302.750   1.6838346e-05
       12316.050   1.6803915e-05
       12329.350   1.6781162e-05
       12342.650   1.6782530e-05
       12355.950   1.6783870e-05
       12369.250   1.6785181e-05
       12382.550   1.6752600e-05
       12395.850   1.6694152e-05
       12409.150   1.6635615e-05
       12422.450   1.6576990e-05
       12435.750   1.6556766e-05
       12449.050   1.6545627e-05
       12462.350   1.6534451e-05
       12475.650   1.6522273e-05
       12488.950   1.6491333e-05
       12502.250   1.6460334e-05
       12515.550   1.6429277e-05
       12528.850   1.6404723e-05
       12542.150   1.6396233e-05
       12555.450   1.6387707e-05
       12568.750   1.6379147e-05
       12582.050   1.6374701e-05
       12595.350   1.6373904e-05
       12608.650   1.6373080e-05
       12621.950   1.6372230e-05
       12635.250   1.6326602e-05
       12648.550   1.6267580e-05
       12661.850   1.6208475e-05
       12675.150   1.6150221e-05
       12688.450   1.6173877e-05
       12701.750   1.6197531e-05
       12715.050   1.6221182e-05
       12728.350   1.6237237e-05
       12741.650   1.6230718e-05
       12754.950   1.6224166e-05
       12768.250   1.6217584e-05
       12781.550   1.6141410e-05
       12794.850   1.5993421e-05
       12808.150   1.5845269e-05
       12821.450   1.5696952e-05
       12834.750   1.5707424e-05
       12848.050   1.5775784e-05
       12861.350   1.5844185e-05
       12874.650   1.5912627e-05
       12887.950   1.5890962e-05
       12901.250   1.5866816e-05
       12914.550   1.5842624e-05
       12927.850   1.5830239e-05
       12941.150   1.5861303e-05
       12954.450   1.5892371e-05
       12967.750   1.5923445e-05
       12981.050   1.5923796e-05
       12994.350   1.5887284e-05
       13007.650   1.5850714e-05
       13020.950   1.5814091e-05
       13034.250   1.5809409e-05
       13047.550   1.5818719e-05
       13060.850   1.5828015e-05
       13074.150   1.5837297e-05
       13087.450   1.5764867e-05
       13100.750   1.5686771e-05
       13114.050   1.5608582e-05
       13127.350   1.5542342e-05
       13140.650   1.5532137e-05
       13153.950   1.5521902e-05
       13167.250   1.5511637e-05
       13180.550   1.5508248e-05
       13193.850   1.5514483e-05
       13207.150   1.5520702e-05
       13220.450   1.5526905e-05
       13233.750   1.5483834e-05
       13247.050   1.5415078e-05
       13260.350   1.5346243e-05
       13273.650   1.5277327e-05
       13286.950   1.5283588e-05
       13300.250   1.5298338e-05
       13313.550   1.5313081e-05
       13326.850   1.5319681e-05
       13340.150   1.5275889e-05
       13353.450   1.5232039e-05
       13366.750   1.5188133e-05
       13380.050   1.5172366e-05
       13393.350   1.5202653e-05
       13406.650   1.5232944e-05
       13419.950   1.5263242e-05
       13433.250   1.5257167e-05
       13446.550   1.5228790e-05
       13459.850   1.5200368e-05
       13473.150   1.5171906e-05
       13486.450   1.5156811e-05
       13499.750   1.5143851e-05
       13513.050   1.5130862e-05
       13526.350   1.5111676e-05
       13539.650   1.5037839e-05
       13552.950   1.4963922e-05
       13566.250   1.4889928e-05
       13579.550   1.4835331e-05
       13592.850   1.4818140e-05
       13606.150   1.4800918e-05
       13619.450   1.4783665e-05
       13632.750   1.4794575e-05
       13646.050   1.4825679e-05
       13659.350   1.4856789e-05
       13672.650   1.4887906e-05
       13685.950   1.4894534e-05
       13699.250   1.4895891e-05
       13712.550   1.4897232e-05
       13725.850   1.4898503e-05
       13739.150   1.4898972e-05
       13752.450   1.4899425e-05
       13765.750   1.4899861e-05
       13779.050   1.4901419e-05
       13792.350   1.4905565e-05
       13805.650   1.4909697e-05
       13818.950   1.4913815e-05
       13832.250   1.4894450e-05
       13845.550   1.4855461e-05
       13858.850   1.4816425e-05
       13872.150   1.4777343e-05
       13885.450   1.4672998e-05
       13898.750   1.4550764e-05
       13912.050   1.4428421e-05
       13925.350   1.4308430e-05
       13938.650   1.4279418e-05
       13951.950   1.4250368e-05
       13965.250   1.4221280e-05
       13978.550   1.4191213e-05
       13991.850   1.4158514e-05
       14005.150   1.4125775e-05
       14018.450   1.4092996e-05
       14031.750   1.4084434e-05
       14045.050   1.4099396e-05
       14058.350   1.4114353e-05
       14071.650   1.4129308e-05
       14084.950   1.4094427e-05
       14098.250   1.4042724e-05
       14111.550   1.3990967e-05
       14124.850   1.3939159e-05
       14138.150   1.3972811e-05
       14151.450   1.4007450e-05
       14164.750   1.4042099e-05
       14178.050   1.4060578e-05
       14191.350   1.4024657e-05
       14204.650   1.3988697e-05
       14217.950   1.3952697e-05
       14231.250   1.3914799e-05
       14244.550   1.3874764e-05
       14257.850   1.3834688e-05
       14271.150   1.3794568e-05
       14284.450   1.3826004e-05
       14297.750   1.3886628e-05
       14311.050   1.3947282e-05
       14324.350   1.4007965e-05
       14337.650   1.4030788e-05
       14350.950   1.4051667e-05
       14364.250   1.4072546e-05
       14377.550   1.4071584e-05
       14390.850   1.3978495e-05
       14404.150   1.3885326e-05
       14417.450   1.3792081e-05
       14430.750   1.3767048e-05
       14444.050   1.3831685e-05
       14457.350   1.3896355e-05
       14470.650   1.3961055e-05
       14483.950   1.3950047e-05
       14497.250   1.3902194e-05
       14510.550   1.3854295e-05
       14523.850   1.3806351e-05
       14537.150   1.3839560e-05
       14550.450   1.3880467e-05
       14563.750   1.3921390e-05
       14577.050   1.3905622e-05
       14590.350   1.3839543e-05
       14603.650   1.3773406e-05
       14616.950   1.3707214e-05
       14630.250   1.3680614e-05
       14643.550   1.3665785e-05
       14656.850   1.3650934e-05
       14670.150   1.3636062e-05
       14683.450   1.3603791e-05
       14696.750   1.3561509e-05
       14710.050   1.3519189e-05
       14723.350   1.3476827e-05
       14736.650   1.3492867e-05
       14749.950   1.3517184e-05
       14763.250   1.3541506e-05
       14776.550   1.3565724e-05
       14789.850   1.3589125e-05
       14803.150   1.3612529e-05
       14816.450   1.3635936e-05
       14829.750   1.3641310e-05
       14843.050   1.3614197e-05
       14856.350   1.3587056e-05
       14869.650   1.3559886e-05
       14882.950   1.3599234e-05
       14896.250   1.3683392e-05
       14909.550   1.3767593e-05
       14922.850   1.3851836e-05
       14936.150   1.3834702e-05
       14949.450   1.3797984e-05
       14962.750   1.3761231e-05
       14976.050   1.3723083e-05
       14989.350   1.3669017e-05
       15002.650   1.3614907e-05
       15015.950   1.3560752e-05
       15029.250   1.3527707e-05
       15042.550   1.3539693e-05
       15055.850   1.3551676e-05
       15069.150   1.3563654e-05
       15082.450   1.3593443e-05
       15095.750   1.3637232e-05
       15109.050   1.3681036e-05
       15122.350   1.3724857e-05
       15135.650   1.3754612e-05
       15148.950   1.3780870e-05
       15162.250   1.3807133e-05
       15175.550   1.3831819e-05
       15188.850   1.3819822e-05
       15202.150   1.3807806e-05
       15215.450   1.3795771e-05
       15228.750   1.3798562e-05
       15242.050   1.3839154e-05
       15255.350   1.3879758e-05
       15268.650   1.3920377e-05
       15281.950   1.3926493e-05
       15295.250   1.3901059e-05
       15308.550   1.3875599e-05
       15321.850   1.3850113e-05
       15335.150   1.3838259e-05
       15348.450   1.3830628e-05
       15361.750   1.3822982e-05
       15375.050   1.3815345e-05
       15388.350   1.3813817e-05
       15401.650   1.3812279e-05
       15414.950   1.3810728e-05
       15428.250   1.3809371e-05
       15441.550   1.3808637e-05
       15454.850   1.3807891e-05
       15468.150   1.3807135e-05
       15481.450   1.3788566e-05
       15494.750   1.3751067e-05
       15508.050   1.3713535e-05
       15521.350   1.3675971e-05
       15534.650   1.3589890e-05
       15547.950   1.3485405e-05
       15561.250   1.3380852e-05
       15574.550   1.3276229e-05
       15587.850   1.3315455e-05
       15601.150   1.3359736e-05
       15614.450   1.3404032e-05
       15627.750   1.3436697e-05
       15641.050   1.3424676e-05
       15654.350   1.3412638e-05
       15667.650   1.3400583e-05
       15680.950   1.3428824e-05
       15694.250   1.3506881e-05
       15707.550   1.3584973e-05
       15720.850   1.3663098e-05
       15734.150   1.3524555e-05
       15747.450   1.3287612e-05
       15760.750   1.3050531e-05
       15774.050   1.2813310e-05
       15787.350   1.2818320e-05
       15800.650   1.2841975e-05
       15813.950   1.2865633e-05
       15827.250   1.2884336e-05
       15840.550   1.2878677e-05
       15853.850   1.2873006e-05
       15867.150   1.2867324e-05
       15880.450   1.2905225e-05
       15893.750   1.3005950e-05
       15907.050   1.3106720e-05
       15920.350   1.3207537e-05
       15933.650   1.3202658e-05
       15946.950   1.3140910e-05
       15960.250   1.3079121e-05
       15973.550   1.3017291e-05
       15986.850   1.3005118e-05
       16000.150   1.2999013e-05
       16013.450   1.2992896e-05
       16026.750   1.2986768e-05
       16040.050   1.2980628e-05
       16053.350   1.2981667e-05
       16066.650   1.3004060e-05
       16079.950   1.3026456e-05
       16093.250   1.3048856e-05
       16106.550   1.3071260e-05
       16119.850   1.3093666e-05
       16133.150   1.3116076e-05
       16146.450   1.3138489e-05
       16159.750   1.3106828e-05
       16173.050   1.3055447e-05
       16186.350   1.3004032e-05
       16199.650   1.2952582e-05
       16212.950   1.2901097e-05
       16226.250   1.2849579e-05
       16239.550   1.2798026e-05
       16252.850   1.2770758e-05
       16266.150   1.2832653e-05
       16279.450   1.2894572e-05
       16292.750   1.2956515e-05
       16306.050   1.3018482e-05
       16319.350   1.3080471e-05
       16332.650   1.3142484e-05
       16345.950   1.3204520e-05
       16359.250   1.3168306e-05
       16372.550   1.3089026e-05
       16385.850   1.3009701e-05
       16399.150   1.2930328e-05
       16412.450   1.2850907e-05
       16425.750   1.2771440e-05
       16439.050   1.2691926e-05
       16452.350   1.2633985e-05
       16465.650   1.2676767e-05
       16478.950   1.2719562e-05
       16492.250   1.2762371e-05
       16505.550   1.2805193e-05
       16518.850   1.2848030e-05
       16532.150   1.2890879e-05
       16545.450   1.2933742e-05
       16558.750   1.2911868e-05
       16572.050   1.2856298e-05
       16585.350   1.2800693e-05
       16598.650   1.2745056e-05
       16611.950   1.2689384e-05
       16625.250   1.2633678e-05
       16638.550   1.2577939e-05
       16651.850   1.2532844e-05
       16665.150   1.2553832e-05
       16678.450   1.2574822e-05
       16691.750   1.2595815e-05
       16705.050   1.2616811e-05
       16718.350   1.2637810e-05
       16731.650   1.2658813e-05
       16744.950   1.2679818e-05
       16758.250   1.2655731e-05
       16771.550   1.2604016e-05
       16784.850   1.2552271e-05
       16798.150   1.2500495e-05
       16811.450   1.2448688e-05
       16824.750   1.2396851e-05
       16838.050   1.2344982e-05
       16851.350   1.2300173e-05
       16864.650   1.2318105e-05
       16877.950   1.2336039e-05
       16891.250   1.2353975e-05
       16904.550   1.2371913e-05
       16917.850   1.2389852e-05
       16931.150   1.2407794e-05
       16944.450   1.2425736e-05
       16957.750   1.2412589e-05
       16971.050   1.2377159e-05
       16984.350   1.2341706e-05
       16997.650   1.2306231e-05
       17010.950   1.2270734e-05
       17024.250   1.2235214e-05
       17037.550   1.2199673e-05
       17050.850   1.2165535e-05
       17064.150   1.2152273e-05
       17077.450   1.2139000e-05
       17090.750   1.2125714e-05
       17104.050   1.2112416e-05
       17117.350   1.2099106e-05
       17130.650   1.2085784e-05
       17143.950   1.2072450e-05
       17157.250   1.2048750e-05
       17170.550   1.2016390e-05
       17183.850   1.1984010e-05
       17197.150   1.1951610e-05
       17210.450   1.1919190e-05
       17223.750   1.1886750e-05
       17237.050   1.1854289e-05
       17250.350   1.1821541e-05
       17263.650   1.1778839e-05
       17276.950   1.1736113e-05
       17290.250   1.1693362e-05
       17303.550   1.1650588e-05
       17316.850   1.1607789e-05
       17330.150   1.1564967e-05
       17343.450   1.1522121e-05
       17356.750   1.1498313e-05
       17370.050   1.1492990e-05
       17383.350   1.1487660e-05
       17396.650   1.1482322e-05
       17409.950   1.1476976e-05
       17423.250   1.1471622e-05
       17436.550   1.1466262e-05
       17449.850   1.1460893e-05
       17463.150   1.1438433e-05
       17476.450   1.1415763e-05
       17489.750   1.1393079e-05
       17503.050   1.1370380e-05
       17516.350   1.1347666e-05
       17529.650   1.1324938e-05
       17542.950   1.1302194e-05
       17556.250   1.1278330e-05
       17569.550   1.1253202e-05
       17582.850   1.1228058e-05
       17596.150   1.1202899e-05
       17609.450   1.1177724e-05
       17622.750   1.1152535e-05
       17636.050   1.1127330e-05
       17649.350   1.1102110e-05
       17662.650   1.1066640e-05
       17675.950   1.1030624e-05
       17689.250   1.0994590e-05
       17702.550   1.0958535e-05
       17715.850   1.0922462e-05
       17729.150   1.0886368e-05
       17742.450   1.0850256e-05
       17755.750   1.0827744e-05
       17769.050   1.0823106e-05
       17782.350   1.0818463e-05
       17795.650   1.0813812e-05
       17808.950   1.0809154e-05
       17822.250   1.0804491e-05
       17835.550   1.0799820e-05
       17848.850   1.0795144e-05
       17862.150   1.0753652e-05
       17875.450   1.0708655e-05
       17888.750   1.0663636e-05
       17902.050   1.0618594e-05
       17915.350   1.0573530e-05
       17928.650   1.0528444e-05
       17941.950   1.0483336e-05
       17955.250   1.0445978e-05
       17968.550   1.0420519e-05
       17981.850   1.0395048e-05
       17995.150   1.0369561e-05
       18008.450   1.0344061e-05
       18021.750   1.0318546e-05
       18035.050   1.0293017e-05
       18048.350   1.0267474e-05
       18061.650   1.0250456e-05
       18074.950   1.0234637e-05
       18088.250   1.0218809e-05
       18101.550   1.0202970e-05
       18114.850   1.0187121e-05
       18128.150   1.0171262e-05
       18141.450   1.0155392e-05
       18154.750   1.0135712e-05
       18168.050   1.0109178e-05
       18181.350   1.0082630e-05
       18194.650   1.0056068e-05
       18207.950   1.0029491e-05
       18221.250   1.0002901e-05
       18234.550   9.9762968e-06
       18247.850   9.9496784e-06
       18261.150   9.9271904e-06
       18274.450   9.9054883e-06
       18287.750   9.8837746e-06
       18301.050   9.8620487e-06
       18314.350   9.8403106e-06
       18327.650   9.8185609e-06
       18340.950   9.7967998e-06
       18354.250   9.7779211e-06
       18367.550   9.7651964e-06
       18380.850   9.7524635e-06
       18394.150   9.7397226e-06
       18407.450   9.7269730e-06
       18420.750   9.7142146e-06
       18434.050   9.7014482e-06
       18447.350   9.6886738e-06
       18460.650   9.6786711e-06
       18473.950   9.6693534e-06
       18487.250   9.6600282e-06
       18500.550   9.6506964e-06
       18513.850   9.6413579e-06
       18527.150   9.6320120e-06
       18540.450   9.6226595e-06
       18553.750   9.6060610e-06
       18567.050   9.5710156e-06
       18580.350   9.5359543e-06
       18593.650   9.5008766e-06
       18606.950   9.4657831e-06
       18620.250   9.4306738e-06
       18633.550   9.3955482e-06
       18646.850   9.3604069e-06
       18660.150   9.3320126e-06
       18673.450   9.3057034e-06
       18686.750   9.2793825e-06
       18700.050   9.2530484e-06
       18713.350   9.2267014e-06
       18726.650   9.2003425e-06
       18739.950   9.1739707e-06
       18753.250   9.1527884e-06
       18766.550   9.1476839e-06
       18779.850   9.1425739e-06
       18793.150   9.1374598e-06
       18806.450   9.1323401e-06
       18819.750   9.1272155e-06
       18833.050   9.1220861e-06
       18846.350   9.1169512e-06
       18859.650   9.0853950e-06
       18872.950   9.0438305e-06
       18886.250   9.0022493e-06
       18899.550   8.9606502e-06
       18912.850   8.9190339e-06
       18926.150   8.8774003e-06
       18939.450   8.8357496e-06
       18952.750   8.8073388e-06
       18966.050   8.8297860e-06
       18979.350   8.8522378e-06
       18992.650   8.8746936e-06
       19005.950   8.8971547e-06
       19019.250   8.9196197e-06
       19032.550   8.9420900e-06
       19045.850   8.9645642e-06
       19059.150   8.9501400e-06
       19072.450   8.9189668e-06
       19085.750   8.8877802e-06
       19099.050   8.8565809e-06
       19112.350   8.8253683e-06
       19125.650   8.7941417e-06
       19138.950   8.7629025e-06
       19152.250   8.7353228e-06
       19165.550   8.7257753e-06
       19178.850   8.7162217e-06
       19192.150   8.7066615e-06
       19205.450   8.6970959e-06
       19218.750   8.6875243e-06
       19232.050   8.6779472e-06
       19245.350   8.6683636e-06
       19258.650   8.6470215e-06
       19271.950   8.6193508e-06
       19285.250   8.5916689e-06
       19298.550   8.5639751e-06
       19311.850   8.5362696e-06
       19325.150   8.5085523e-06
       19338.450   8.4808233e-06
       19351.750   8.4520262e-06
       19365.050   8.4162445e-06
       19378.350   8.3804486e-06
       19391.650   8.3446385e-06
       19404.950   8.3088142e-06
       19418.250   8.2729763e-06
       19431.550   8.2371237e-06
       19444.850   8.2012576e-06
       19458.150   8.1895374e-06
       19471.450   8.1930790e-06
       19484.750   8.1966196e-06
       19498.050   8.2001587e-06
       19511.350   8.2036963e-06
       19524.650   8.2072323e-06
       19537.950   8.2107673e-06
       19551.250   8.2122586e-06
       19564.550   8.1940599e-06
       19577.850   8.1758528e-06
       19591.150   8.1576374e-06
       19604.450   8.1394136e-06
       19617.750   8.1211822e-06
       19631.050   8.1029424e-06
       19644.350   8.0846949e-06
       19657.650   8.0610142e-06
       19670.950   8.0333177e-06
       19684.250   8.0056095e-06
       19697.550   7.9778908e-06
       19710.850   7.9501615e-06
       19724.150   7.9224212e-06
       19737.450   7.8946699e-06
       19750.750   7.8676152e-06
       19764.050   7.8523849e-06
       19777.350   7.8371474e-06
       19790.650   7.8219033e-06
       19803.950   7.8066526e-06
       19817.250   7.7913948e-06
       19830.550   7.7761298e-06
       19843.850   7.7608584e-06
       19857.150   7.7516300e-06
       19870.450   7.7476017e-06
       19883.750   7.7435697e-06
       19897.050   7.7395345e-06
       19910.350   7.7354962e-06
       19923.650   7.7314543e-06
       19936.950   7.7274087e-06
       19950.250   7.7233372e-06
       19963.550   7.7180760e-06
       19976.850   7.7128119e-06
       19990.150   7.7075432e-06
       20003.450   7.7022711e-06
       20016.750   7.6969954e-06
       20030.050   7.6917158e-06
       20043.350   7.6864327e-06
       20056.650   7.6806582e-06
       20069.950   7.6743914e-06
       20083.250   7.6681209e-06
       20096.550   7.6618462e-06
       20109.850   7.6555677e-06
       20123.150   7.6492855e-06
       20136.450   7.6429991e-06
       20149.750   7.6367089e-06
       20163.050   7.6070840e-06
       20176.350   7.5770011e-06
       20189.650   7.5469077e-06
       20202.950   7.5168032e-06
       20216.250   7.4866887e-06
       20229.550   7.4565632e-06
       20242.850   7.4264268e-06
       20256.150   7.4035491e-06
       20269.450   7.3891143e-06
       20282.750   7.3746736e-06
       20296.050   7.3602264e-06
       20309.350   7.3457734e-06
       20322.650   7.3313145e-06
       20335.950   7.3168497e-06
       20349.250   7.3023790e-06
       20362.550   7.2974513e-06
       20375.850   7.2930912e-06
       20389.150   7.2887280e-06
       20402.450   7.2843614e-06
       20415.750   7.2799923e-06
       20429.050   7.2756197e-06
       20442.350   7.2712441e-06
       20455.650   7.2621557e-06
       20468.950   7.2466852e-06
       20482.250   7.2312081e-06
       20495.550   7.2157249e-06
       20508.850   7.2002357e-06
       20522.150   7.1847405e-06
       20535.450   7.1692393e-06
       20548.750   7.1537321e-06
       20562.050   7.1378464e-06
       20575.350   7.1219165e-06
       20588.650   7.1059800e-06
       20601.950   7.0900374e-06
       20615.250   7.0740888e-06
       20628.550   7.0581342e-06
       20641.850   7.0421734e-06
       20655.150   7.0284815e-06
       20668.450   7.0183858e-06
       20681.750   7.0082851e-06
       20695.050   6.9981806e-06
       20708.350   6.9880711e-06
       20721.650   6.9779577e-06
       20734.950   6.9678395e-06
       20748.250   6.9577168e-06
       20761.550   6.9535947e-06
       20774.850   6.9503792e-06
       20788.150   6.9471611e-06
       20801.450   6.9439406e-06
       20814.750   6.9407175e-06
       20828.050   6.9374920e-06
       20841.350   6.9342639e-06
       20854.650   6.9243249e-06
       20867.950   6.9018998e-06
       20881.250   6.8794671e-06
       20894.550   6.8570268e-06
       20907.850   6.8345790e-06
       20921.150   6.8121237e-06
       20934.450   6.7896608e-06
       20947.750   6.7671910e-06
       20961.050   6.7626007e-06
       20974.350   6.7616508e-06
       20987.650   6.7606986e-06
       21000.950   6.7597451e-06
       21014.250   6.7587892e-06
       21027.550   6.7578319e-06
       21040.850   6.7568728e-06
       21054.150   6.7510440e-06
       21067.450   6.7344780e-06
       21080.750   6.7179062e-06
       21094.050   6.7013285e-06
       21107.350   6.6847454e-06
       21120.650   6.6681560e-06
       21133.950   6.6515613e-06
       21147.250   6.6349603e-06
       21160.550   6.6243385e-06
       21173.850   6.6152725e-06
       21187.150   6.6062026e-06
       21200.450   6.5971294e-06
       21213.750   6.5880518e-06
       21227.050   6.5789709e-06
       21240.350   6.5698861e-06
       21253.650   6.5615589e-06
       21266.950   6.5552414e-06
       21280.250   6.5489208e-06
       21293.550   6.5425976e-06
       21306.850   6.5362712e-06
       21320.150   6.5299417e-06
       21333.450   6.5236091e-06
       21346.750   6.5172739e-06
       21360.050   6.5045007e-06
       21373.350   6.4896422e-06
       21386.650   6.4747790e-06
       21399.950   6.4599101e-06
       21413.250   6.4450365e-06
       21426.550   6.4301577e-06
       21439.850   6.4152738e-06
       21453.150   6.4015483e-06
       21466.450   6.3915683e-06
       21479.750   6.3815843e-06
       21493.050   6.3715965e-06
       21506.350   6.3616051e-06
       21519.650   6.3516098e-06
       21532.950   6.3416106e-06
       21546.250   6.3316080e-06
       21559.550   6.3166492e-06
       21572.850   6.2997406e-06
       21586.150   6.2828264e-06
       21599.450   6.2659071e-06
       21612.750   6.2489822e-06
       21626.050   6.2320522e-06
       21639.350   6.2151164e-06
       21652.650   6.1990595e-06
       21665.950   6.1865487e-06
       21679.250   6.1740338e-06
       21692.550   6.1615146e-06
       21705.850   6.1489914e-06
       21719.150   6.1364637e-06
       21732.450   6.1239317e-06
       21745.750   6.1113957e-06
       21759.050   6.1020209e-06
       21772.350   6.0941297e-06
       21785.650   6.0862352e-06
       21798.950   6.0783375e-06
       21812.250   6.0704369e-06
       21825.550   6.0625331e-06
       21838.850   6.0546264e-06
       21852.150   6.0462859e-06
       21865.450   6.0357088e-06
       21878.750   6.0251282e-06
       21892.050   6.0145442e-06
       21905.350   6.0039559e-06
       21918.650   5.9933646e-06
       21931.950   5.9827691e-06
       21945.250   5.9721706e-06
       21958.550   5.9544629e-06
       21971.850   5.9328025e-06
       21985.150   5.9111361e-06
       21998.450   5.8894634e-06
       22011.750   5.8677847e-06
       22025.050   5.8460998e-06
       22038.350   5.8244085e-06
       22051.650   5.8056031e-06
       22064.950   5.8072127e-06
       22078.250   5.8088214e-06
       22091.550   5.8104295e-06
       22104.850   5.8120367e-06
       22118.150   5.8136433e-06
       22131.450   5.8152489e-06
       22144.750   5.8168540e-06
       22158.050   5.8086164e-06
       22171.350   5.7939568e-06
       22184.650   5.7792925e-06
       22197.950   5.7646241e-06
       22211.250   5.7499514e-06
       22224.550   5.7352741e-06
       22237.850   5.7205926e-06
       22251.150   5.7065041e-06
       22264.450   5.6987252e-06
       22277.750   5.6909433e-06
       22291.050   5.6831588e-06
       22304.350   5.6753717e-06
       22317.650   5.6675815e-06
       22330.950   5.6597887e-06
       22344.250   5.6519930e-06
       22357.550   5.6451064e-06
       22370.850   5.6389119e-06
       22384.150   5.6327148e-06
       22397.450   5.6265155e-06
       22410.750   5.6203139e-06
       22424.050   5.6141097e-06
       22437.350   5.6079032e-06
       22450.650   5.6014163e-06
       22463.950   5.5895119e-06
       22477.250   5.5776036e-06
       22490.550   5.5656922e-06
       22503.850   5.5537770e-06
       22517.150   5.5418584e-06
       22530.450   5.5299359e-06
       22543.750   5.5180104e-06
       22557.050   5.5046049e-06
       22570.350   5.4898875e-06
       22583.650   5.4751657e-06
       22596.950   5.4604399e-06
       22610.250   5.4457101e-06
       22623.550   5.4309760e-06
       22636.850   5.4162378e-06
       22650.150   5.4016513e-06
       22663.450   5.4007075e-06
       22676.750   5.3997630e-06
       22690.050   5.3988168e-06
       22703.350   5.3978699e-06
       22716.650   5.3969219e-06
       22729.950   5.3959725e-06
       22743.250   5.3950221e-06
       22756.550   5.3869750e-06
       22769.850   5.3716130e-06
       22783.150   5.3562466e-06
       22796.450   5.3408761e-06
       22809.750   5.3255015e-06
       22823.050   5.3101225e-06
       22836.350   5.2947395e-06
       22849.650   5.2793525e-06
       22862.950   5.1791508e-06
       22876.250   5.0766351e-06
       22889.550   4.9740969e-06
       22902.850   4.8715366e-06
       22916.150   4.7689543e-06
       22929.450   4.6663501e-06
       22942.750   4.5637240e-06
       22956.050   4.5267322e-06
       22969.350   4.5684195e-06
       22982.650   4.6101147e-06
       22995.950   4.6518180e-06
       23009.250   4.6935286e-06
       23022.550   4.7352473e-06
       23035.850   4.7769735e-06
       23049.150   4.8187075e-06
       23062.450   4.8216477e-06
       23075.750   4.8219378e-06
       23089.050   4.8222276e-06
       23102.350   4.8225166e-06
       23115.650   4.8228050e-06
       23128.950   4.8230923e-06
       23142.250   4.8233790e-06
       23155.550   4.7862422e-06
       23168.850   4.6968340e-06
       23182.150   4.6074068e-06
       23195.450   4.5179613e-06
       23208.750   4.4284971e-06
       23222.050   4.3390143e-06
       23235.350   4.2495127e-06
       23248.650   4.1599929e-06
       23261.950   4.1924240e-06
       23275.250   4.2386412e-06
       23288.550   4.2848670e-06
       23301.850   4.3311014e-06
       23315.150   4.3773442e-06
       23328.450   4.4235955e-06
       23341.750   4.4698553e-06
       23355.050   4.4888162e-06
       23368.350   4.4631649e-06
       23381.650   4.4375076e-06
       23394.950   4.4118449e-06
       23408.250   4.3861765e-06
       23421.550   4.3605021e-06
       23434.850   4.3348223e-06
       23448.150   4.3091365e-06
       23461.450   4.2541978e-06
       23474.750   4.1945213e-06
       23488.050   4.1348326e-06
       23501.350   4.0751320e-06
       23514.650   4.0154189e-06
       23527.950   3.9556937e-06
       23541.250   3.8959565e-06
       23554.550   3.8705088e-06
       23567.850   3.9110268e-06
       23581.150   3.9515523e-06
       23594.450   3.9920847e-06
       23607.750   4.0326242e-06
       23621.050   4.0731712e-06
       23634.350   4.1137250e-06
       23647.650   4.1542860e-06
       23660.950   4.1471490e-06
       23674.250   4.1297706e-06
       23687.550   4.1123885e-06
       23700.850   4.0950023e-06
       23714.150   4.0776124e-06
       23727.450   4.0602183e-06
       23740.750   4.0428206e-06
       23754.050   4.0152577e-06
       23767.350   3.9644784e-06
       23780.650   3.9136893e-06
       23793.950   3.8628900e-06
       23807.250   3.8120806e-06
       23820.550   3.7612611e-06
       23833.850   3.7104316e-06
       23847.150   3.6595920e-06
       23860.450   3.6770418e-06
       23873.750   3.7131234e-06
       23887.050   3.7492109e-06
       23900.350   3.7853045e-06
       23913.650   3.8214045e-06
       23926.950   3.8575107e-06
       23940.250   3.8936229e-06
       23953.550   3.9167839e-06
       23966.850   3.9043592e-06
       23980.150   3.8919316e-06
       23993.450   3.8795014e-06
       24006.750   3.8670681e-06
       24020.050   3.8546319e-06
       24033.350   3.8421932e-06
       24046.650   3.8297515e-06
       24059.950   3.7921648e-06
       24073.250   3.7461047e-06
       24086.550   3.7000358e-06
       24099.850   3.6539583e-06
       24113.150   3.6078717e-06
       24126.450   3.5617763e-06
       24139.750   3.5156719e-06
       24153.050   3.4840971e-06
       24166.350   3.5013784e-06
       24179.650   3.5186622e-06
       24192.950   3.5359489e-06
       24206.250   3.5532379e-06
       24219.550   3.5705297e-06
       24232.850   3.5878241e-06
       24246.150   3.6051211e-06
       24259.450   3.6029489e-06
       24272.750   3.5928423e-06
       24286.050   3.5827336e-06
       24299.350   3.5726223e-06
       24312.650   3.5625089e-06
       24325.950   3.5523934e-06
       24339.250   3.5422754e-06
       24352.550   3.5297359e-06
       24365.850   3.5069934e-06
       24379.150   3.4842465e-06
       24392.450   3.4614954e-06
       24405.750   3.4387396e-06
       24419.050   3.4159794e-06
       24432.350   3.3932148e-06
       24445.650   3.3704457e-06
       24458.950   3.3589854e-06
       24472.250   3.3530220e-06
       24485.550   3.3470568e-06
       24498.850   3.3410903e-06
       24512.150   3.3351224e-06
       24525.450   3.3291529e-06
       24538.750   3.3231820e-06
       24552.050   3.3187868e-06
       24565.350   3.3230466e-06
       24578.650   3.3273069e-06
       24591.950   3.3315674e-06
       24605.250   3.3358282e-06
       24618.550   3.3400892e-06
       24631.850   3.3443506e-06
       24645.150   3.3486123e-06
       24658.450   3.3395420e-06
       24671.750   3.3228166e-06
       24685.050   3.3060881e-06
       24698.350   3.2893563e-06
       24711.650   3.2726212e-06
       24724.950   3.2558830e-06
       24738.250   3.2391414e-06
       24751.550   3.2196402e-06
       24764.850   3.1792384e-06
       24778.150   3.1388292e-06
       24791.450   3.0984131e-06
       24804.750   3.0579895e-06
       24818.050   3.0175589e-06
       24831.350   2.9771211e-06
       24844.650   2.9366760e-06
       24857.950   2.9180801e-06
       24871.250   2.9141902e-06
       24884.550   2.9102992e-06
       24897.850   2.9064073e-06
       24911.150   2.9025144e-06
       24924.450   2.8986206e-06
       24937.750   2.8947255e-06
       24951.050   2.8917151e-06
       24964.350   2.8990372e-06
       24977.650   2.9063600e-06
       24990.950   2.9136837e-06
       25004.250   2.9210081e-06
       25017.550   2.9283335e-06
       25030.850   2.9356596e-06
       25044.150   2.9429868e-06
       25057.450   2.9320405e-06
       25070.750   2.9067412e-06
       25084.050   2.8814375e-06
       25097.350   2.8561293e-06
       25110.650   2.8308167e-06
       25123.950   2.8054994e-06
       25137.250   2.7801780e-06
       25150.550   2.7563950e-06
       25163.850   2.7683847e-06
       25177.150   2.7803761e-06
       25190.450   2.7923688e-06
       25203.750   2.8043634e-06
       25217.050   2.8163594e-06
       25230.350   2.8283571e-06
       25243.650   2.8403565e-06
       25256.950   2.8459120e-06
       25270.250   2.8455790e-06
       25283.550   2.8452453e-06
       25296.850   2.8449114e-06
       25310.150   2.8445772e-06
       25323.450   2.8442426e-06
       25336.750   2.8439075e-06
       25350.050   2.8435500e-06
       25363.350   2.8373477e-06
       25376.650   2.8311442e-06
       25389.950   2.8249393e-06
       25403.250   2.8187332e-06
       25416.550   2.8125257e-06
       25429.850   2.8063168e-06
       25443.150   2.8001067e-06
       25456.450   2.7958684e-06
       25469.750   2.7937249e-06
       25483.050   2.7915806e-06
       25496.350   2.7894357e-06
       25509.650   2.7872902e-06
       25522.950   2.7851440e-06
       25536.250   2.7829972e-06
       25549.550   2.7808498e-06
       25562.850   2.7832948e-06
       25576.150   2.7859007e-06
       25589.450   2.7885068e-06
       25602.750   2.7911131e-06
       25616.050   2.7937193e-06
       25629.350   2.7963256e-06
       25642.650   2.7989321e-06
       25655.950   2.8022817e-06
       25669.250   2.8065492e-06
       25682.550   2.8108170e-06
       25695.850   2.8150852e-06
       25709.150   2.8193539e-06
       25722.450   2.8236228e-06
       25735.750   2.8278920e-06
       25749.050   2.8321616e-06
       25762.350   2.8203037e-06
       25775.650   2.8072029e-06
       25788.950   2.7940996e-06
       25802.250   2.7809942e-06
       25815.550   2.7678866e-06
       25828.850   2.7547766e-06
       25842.150   2.7416642e-06
       25855.450   2.7354711e-06
       25868.750   2.7392469e-06
       25882.050   2.7430227e-06
       25895.350   2.7467988e-06
       25908.650   2.7505754e-06
       25921.950   2.7543522e-06
       25935.250   2.7581292e-06
       25948.550   2.7619065e-06
       25961.850   2.7662446e-06
       25975.150   2.7706516e-06
       25988.450   2.7750589e-06
       26001.750   2.7794667e-06
       26015.050   2.7838747e-06
       26028.350   2.7882832e-06
       26041.650   2.7926921e-06
       26054.950   2.7928339e-06
       26068.250   2.7857768e-06
       26081.550   2.7787185e-06
       26094.850   2.7716587e-06
       26108.150   2.7645977e-06
       26121.450   2.7575352e-06
       26134.750   2.7504715e-06
       26148.050   2.7434063e-06
       26161.350   2.7393119e-06
       26174.650   2.7357268e-06
       26187.950   2.7321412e-06
       26201.250   2.7285545e-06
       26214.550   2.7249673e-06
       26227.850   2.7213791e-06
       26241.150   2.7177902e-06
       26254.450   2.7166401e-06
       26267.750   2.7203417e-06
       26281.050   2.7240435e-06
       26294.350   2.7277456e-06
       26307.650   2.7314480e-06
       26320.950   2.7351508e-06
       26334.250   2.7388537e-06
       26347.550   2.7425568e-06
       26360.850   2.7390939e-06
       26374.150   2.7340121e-06
       26387.450   2.7289293e-06
       26400.750   2.7238454e-06
       26414.050   2.7187606e-06
       26427.350   2.7136747e-06
       26440.650   2.7085879e-06
       26453.950   2.7044921e-06
       26467.250   2.7027439e-06
       26480.550   2.7009951e-06
       26493.850   2.6992460e-06
       26507.150   2.6974962e-06
       26520.450   2.6957459e-06
       26533.750   2.6939951e-06
       26547.050   2.6922439e-06
       26560.350   2.6895376e-06
       26573.650   2.6865585e-06
       26586.950   2.6835787e-06
       26600.250   2.6805983e-06
       26613.550   2.6776173e-06
       26626.850   2.6746355e-06
       26640.150   2.6716531e-06
       26653.450   2.6700963e-06
       26666.750   2.6726112e-06
       26680.050   2.6751263e-06
       26693.350   2.6776414e-06
       26706.650   2.6801568e-06
       26719.950   2.6826721e-06
       26733.250   2.6851874e-06
       26746.550   2.6877029e-06
       26759.850   2.6833754e-06
       26773.150   2.6766496e-06
       26786.450   2.6699229e-06
       26799.750   2.6631949e-06
       26813.050   2.6564658e-06
       26826.350   2.6497353e-06
       26839.650   2.6430040e-06
       26852.950   2.6367215e-06
       26866.250   2.6320174e-06
       26879.550   2.6273127e-06
       26892.850   2.6226070e-06
       26906.150   2.6179002e-06
       26919.450   2.6131928e-06
       26932.750   2.6084844e-06
       26946.050   2.6037751e-06
       26959.350   2.6032319e-06
       26972.650   2.6044486e-06
       26985.950   2.6056654e-06
       26999.250   2.6068819e-06
       27012.550   2.6080985e-06
       27025.850   2.6093150e-06
       27039.150   2.6105315e-06
       27052.450   2.6108121e-06
       27065.750   2.6069488e-06
       27079.050   2.6030846e-06
       27092.350   2.5992198e-06
       27105.650   2.5953542e-06
       27118.950   2.5914879e-06
       27132.250   2.5876208e-06
       27145.550   2.5837529e-06
       27158.850   2.5849050e-06
       27172.150   2.5885817e-06
       27185.450   2.5922585e-06
       27198.750   2.5959356e-06
       27212.050   2.5996130e-06
       27225.350   2.6032907e-06
       27238.650   2.6069686e-06
       27251.950   2.6089950e-06
       27265.250   2.6014074e-06
       27278.550   2.5938186e-06
       27291.850   2.5862284e-06
       27305.150   2.5786372e-06
       27318.450   2.5710446e-06
       27331.750   2.5634509e-06
       27345.050   2.5558558e-06
       27358.350   2.5556797e-06
       27371.650   2.5599022e-06
       27384.950   2.5641250e-06
       27398.250   2.5683481e-06
       27411.550   2.5725717e-06
       27424.850   2.5767954e-06
       27438.150   2.5810195e-06
       27451.450   2.5842403e-06
       27464.750   2.5792596e-06
       27478.050   2.5742778e-06
       27491.350   2.5692953e-06
       27504.650   2.5643119e-06
       27517.950   2.5593276e-06
       27531.250   2.5543425e-06
       27544.550   2.5493566e-06
       27557.850   2.5439100e-06
       27571.150   2.5381435e-06
       27584.450   2.5323762e-06
       27597.750   2.5266079e-06
       27611.050   2.5208384e-06
       27624.350   2.5150682e-06
       27637.650   2.5092970e-06
       27650.950   2.5037134e-06
       27664.250   2.5005788e-06
       27677.550   2.4974437e-06
       27690.850   2.4943078e-06
       27704.150   2.4911715e-06
       27717.450   2.4880345e-06
       27730.750   2.4848971e-06
       27744.050   2.4817589e-06
       27757.350   2.4812362e-06
       27770.650   2.4828313e-06
       27783.950   2.4844262e-06
       27797.250   2.4860212e-06
       27810.550   2.4876162e-06
       27823.850   2.4892111e-06
       27837.150   2.4908061e-06
       27850.450   2.4923496e-06
       27863.750   2.4924213e-06
       27877.050   2.4924929e-06
       27890.350   2.4925642e-06
       27903.650   2.4926355e-06
       27916.950   2.4927064e-06
       27930.250   2.4927772e-06
       27943.550   2.4928478e-06
       27956.850   2.4901034e-06
       27970.150   2.4847079e-06
       27983.450   2.4793114e-06
       27996.750   2.4739143e-06
       28010.050   2.4685161e-06
       28023.350   2.4631171e-06
       28036.650   2.4577174e-06
       28049.950   2.4523167e-06
       28063.250   2.4466336e-06
       28076.550   2.4409484e-06
       28089.850   2.4352625e-06
       28103.150   2.4295757e-06
       28116.450   2.4238879e-06
       28129.750   2.4181994e-06
       28143.050   2.4125099e-06
       28156.350   2.4091873e-06
       28169.650   2.4084558e-06
       28182.950   2.4077241e-06
       28196.250   2.4069921e-06
       28209.550   2.4062598e-06
       28222.850   2.4055273e-06
       28236.150   2.4047944e-06
       28249.450   2.4040614e-06
       28262.750   2.3991734e-06
       28276.050   2.3941056e-06
       28289.350   2.3890369e-06
       28302.650   2.3839674e-06
       28315.950   2.3788971e-06
       28329.250   2.3738261e-06
       28342.550   2.3687543e-06
       28355.850   2.3616112e-06
       28369.150   2.3518303e-06
       28382.450   2.3420480e-06
       28395.750   2.3322642e-06
       28409.050   2.3224793e-06
       28422.350   2.3126928e-06
       28435.650   2.3029053e-06
       28448.950   2.2931162e-06
       28462.250   2.2949724e-06
       28475.550   2.2978269e-06
       28488.850   2.3006815e-06
       28502.150   2.3035364e-06
       28515.450   2.3063914e-06
       28528.750   2.3092465e-06
       28542.050   2.3121018e-06
       28555.350   2.3134104e-06
       28568.650   2.3124201e-06
       28581.950   2.3114294e-06
       28595.250   2.3104386e-06
       28608.550   2.3094472e-06
       28621.850   2.3084558e-06
       28635.150   2.3074641e-06
       28648.450   2.3064721e-06
       28661.750   2.3019853e-06
       28675.050   2.2970370e-06
       28688.350   2.2920880e-06
       28701.650   2.2871381e-06
       28714.950   2.2821876e-06
       28728.250   2.2772363e-06
       28741.550   2.2722844e-06
       28754.850   2.2677126e-06
       28768.150   2.2638044e-06
       28781.450   2.2598953e-06
       28794.750   2.2559857e-06
       28808.050   2.2520756e-06
       28821.350   2.2481648e-06
       28834.650   2.2442534e-06
       28847.950   2.2403415e-06
       28861.250   2.2351381e-06
       28874.550   2.2296987e-06
       28887.850   2.2242587e-06
       28901.150   2.2188178e-06
       28914.450   2.2133761e-06
       28927.750   2.2079338e-06
       28941.050   2.2024906e-06
       28954.350   2.1989713e-06
       28967.650   2.1994119e-06
       28980.950   2.1998524e-06
       28994.250   2.2002927e-06
       29007.550   2.2007329e-06
       29020.850   2.2011732e-06
       29034.150   2.2016132e-06
       29047.450   2.2020531e-06
       29060.750   2.1979382e-06
       29074.050   2.1927422e-06
       29087.350   2.1875456e-06
       29100.650   2.1823481e-06
       29113.950   2.1771498e-06
       29127.250   2.1719510e-06
       29140.550   2.1667513e-06
       29153.850   2.1608775e-06
       29167.150   2.1533495e-06
       29180.450   2.1458207e-06
       29193.750   2.1382908e-06
       29207.050   2.1307600e-06
       29220.350   2.1232283e-06
       29233.650   2.1156954e-06
       29246.950   2.1081617e-06
       29260.250   2.1057546e-06
       29273.550   2.1048729e-06
       29286.850   2.1039910e-06
       29300.150   2.1031089e-06
       29313.450   2.1022266e-06
       29326.750   2.1013440e-06
       29340.050   2.1004611e-06
       29353.350   2.0986421e-06
       29366.650   2.0940426e-06
       29379.950   2.0894425e-06
       29393.250   2.0848417e-06
       29406.550   2.0802403e-06
       29419.850   2.0756383e-06
       29433.150   2.0710356e-06
       29446.450   2.0664323e-06
       29459.750   2.0626288e-06
       29473.050   2.0591162e-06
       29486.350   2.0556031e-06
       29499.650   2.0520894e-06
       29512.950   2.0485753e-06
       29526.250   2.0450607e-06
       29539.550   2.0415455e-06
       29552.850   2.0382647e-06
       29566.150   2.0358453e-06
       29579.450   2.0334255e-06
       29592.750   2.0310053e-06
       29606.050   2.0285849e-06
       29619.350   2.0261639e-06
       29632.650   2.0237425e-06
       29645.950   2.0213207e-06
       29659.250   2.0186326e-06
       29672.550   2.0158275e-06
       29685.850   2.0130221e-06
       29699.150   2.0102162e-06
       29712.450   2.0074099e-06
       29725.750   2.0046031e-06
       29739.050   2.0017959e-06
       29752.350   1.9988354e-06
       29765.650   1.9951616e-06
       29778.950   1.9914872e-06
       29792.250   1.9878122e-06
       29805.550   1.9841369e-06
       29818.850   1.9804609e-06
       29832.150   1.9767845e-06
       29845.450   1.9731075e-06
       29858.750   1.9701283e-06
       29872.050   1.9675118e-06
       29885.350   1.9648948e-06
       29898.650   1.9622774e-06
       29911.950   1.9596597e-06
       29925.250   1.9570416e-06
       29938.550   1.9544230e-06
       29951.850   1.9518551e-06
       29965.150   1.9496021e-06
       29978.450   1.9473488e-06
       29991.750   1.9450952e-06
       30005.050   1.9428412e-06
       30018.350   1.9405868e-06
       30031.650   1.9383321e-06
       30044.950   1.9360771e-06
       30058.250   1.9341692e-06
       30071.550   1.9324738e-06
       30084.850   1.9307781e-06
       30098.150   1.9290820e-06
       30111.450   1.9273857e-06
       30124.750   1.9256891e-06
       30138.050   1.9239923e-06
       30151.350   1.9221692e-06
       30164.650   1.9192316e-06
       30177.950   1.9162938e-06
       30191.250   1.9133555e-06
       30204.550   1.9104167e-06
       30217.850   1.9074776e-06
       30231.150   1.9045380e-06
       30244.450   1.9015980e-06
       30257.750   1.8986649e-06
       30271.050   1.8957364e-06
       30284.350   1.8928077e-06
       30297.650   1.8898785e-06
       30310.950   1.8869488e-06
       30324.250   1.8840188e-06
       30337.550   1.8810883e-06
       30350.850   1.8782893e-06
       30364.150   1.8774187e-06
       30377.450   1.8765480e-06
       30390.750   1.8756771e-06
       30404.050   1.8748060e-06
       30417.350   1.8739347e-06
       30430.650   1.8730632e-06
       30443.950   1.8721916e-06
       30457.250   1.8705163e-06
       30470.550   1.8681701e-06
       30483.850   1.8658236e-06
       30497.150   1.8634768e-06
       30510.450   1.8611298e-06
       30523.750   1.8587823e-06
       30537.050   1.8564346e-06
       30550.350   1.8540942e-06
       30563.650   1.8520386e-06
       30576.950   1.8499827e-06
       30590.250   1.8479264e-06
       30603.550   1.8458700e-06
       30616.850   1.8438131e-06
       30630.150   1.8417560e-06
       30643.450   1.8396986e-06
       30656.750   1.8379541e-06
       30670.050   1.8365131e-06
       30683.350   1.8350719e-06
       30696.650   1.8336304e-06
       30709.950   1.8321887e-06
       30723.250   1.8307467e-06
       30736.550   1.8293046e-06
       30749.850   1.8278621e-06
       30763.150   1.8247699e-06
       30776.450   1.8216585e-06
       30789.750   1.8185466e-06
       30803.050   1.8154344e-06
       30816.350   1.8123217e-06
       30829.650   1.8092087e-06
       30842.950   1.8060953e-06
       30856.250   1.8036461e-06
       30869.550   1.8019461e-06
       30882.850   1.8002459e-06
       30896.150   1.7985455e-06
       30909.450   1.7968448e-06
       30922.750   1.7951438e-06
       30936.050   1.7934426e-06
       30949.350   1.7917410e-06
       30962.650   1.7906431e-06
       30975.950   1.7895760e-06
       30989.250   1.7885087e-06
       31002.550   1.7874411e-06
       31015.850   1.7863735e-06
       31029.150   1.7853055e-06
       31042.450   1.7842374e-06
       31055.750   1.7821120e-06
       31069.050   1.7785982e-06
       31082.350   1.7750841e-06
       31095.650   1.7715696e-06
       31108.950   1.7680546e-06
       31122.250   1.7645392e-06
       31135.550   1.7610233e-06
       31148.850   1.7575071e-06
       31162.150   1.7561552e-06
       31175.450   1.7550081e-06
       31188.750   1.7538607e-06
       31202.050   1.7527131e-06
       31215.350   1.7515654e-06
       31228.650   1.7504174e-06
       31241.950   1.7492693e-06
       31255.250   1.7477622e-06
       31268.550   1.7457048e-06
       31281.850   1.7436471e-06
       31295.150   1.7415891e-06
       31308.450   1.7395309e-06
       31321.750   1.7374723e-06
       31335.050   1.7354135e-06
       31348.350   1.7333544e-06
       31361.650   1.7312750e-06
       31374.950   1.7291927e-06
       31388.250   1.7271100e-06
       31401.550   1.7250270e-06
       31414.850   1.7229437e-06
       31428.150   1.7208602e-06
       31441.450   1.7187763e-06
       31454.750   1.7165876e-06
       31468.050   1.7142103e-06
       31481.350   1.7118326e-06
       31494.650   1.7094547e-06
       31507.950   1.7070765e-06
       31521.250   1.7046979e-06
       31534.550   1.7023191e-06
       31547.850   1.6999398e-06
       31561.150   1.6974783e-06
       31574.450   1.6950008e-06
       31587.750   1.6925228e-06
       31601.050   1.6900446e-06
       31614.350   1.6875661e-06
       31627.650   1.6850872e-06
       31640.950   1.6826081e-06
       31654.250   1.6805225e-06
       31667.550   1.6792752e-06
       31680.850   1.6780277e-06
       31694.150   1.6767801e-06
       31707.450   1.6755323e-06
       31720.750   1.6742843e-06
       31734.050   1.6730360e-06
       31747.350   1.6717876e-06
       31760.650   1.6700814e-06
       31773.950   1.6682611e-06
       31787.250   1.6664407e-06
       31800.550   1.6646200e-06
       31813.850   1.6627990e-06
       31827.150   1.6609777e-06
       31840.450   1.6591562e-06
       31853.750   1.6574481e-06
       31867.050   1.6560289e-06
       31880.350   1.6546094e-06
       31893.650   1.6531898e-06
       31906.950   1.6517700e-06
       31920.250   1.6503499e-06
       31933.550   1.6489297e-06
       31946.850   1.6475093e-06
       31960.150   1.6455117e-06
       31973.450   1.6433348e-06
       31986.750   1.6411575e-06
       32000.050   1.6389801e-06
       32013.350   1.6368024e-06
       32026.650   1.6346243e-06
       32039.950   1.6324461e-06
       32053.250   1.6302675e-06
       32066.550   1.6280888e-06
       32079.850   1.6259097e-06
       32093.150   1.6237304e-06
       32106.450   1.6216443e-06
       32119.750   1.6196574e-06
       32133.050   1.6176702e-06
       32146.350   1.6156828e-06
       32159.650   1.6136952e-06
       32172.950   1.6117073e-06
       32186.250   1.6097191e-06
       32199.550   1.6077307e-06
       32212.850   1.6057420e-06
       32226.150   1.6037531e-06
       32239.450   1.6017640e-06
       32252.750   1.5997746e-06
       32266.050   1.5977850e-06
       32279.350   1.5957951e-06
       32292.650   1.5938050e-06
       32305.950   1.5919524e-06
       32319.250   1.5902698e-06
       32332.550   1.5885870e-06
       32345.850   1.5869040e-06
       32359.150   1.5852207e-06
       32372.450   1.5835372e-06
       32385.750   1.5818535e-06
       32399.050   1.5801697e-06
       32412.350   1.5784855e-06
       32425.650   1.5768012e-06
       32438.950   1.5751166e-06
       32452.250   1.5734319e-06
       32465.550   1.5717469e-06
       32478.850   1.5700618e-06
       32492.150   1.5683763e-06
       32505.450   1.5665996e-06
       32518.750   1.5646915e-06
       32532.050   1.5627830e-06
       32545.350   1.5608744e-06
       32558.650   1.5589655e-06
       32571.950   1.5570565e-06
       32585.250   1.5551472e-06
       32598.550   1.5532377e-06
       32611.850   1.5513278e-06
       32625.150   1.5494179e-06
       32638.450   1.5475076e-06
       32651.750   1.5455972e-06
       32665.050   1.5436865e-06
       32678.350   1.5417755e-06
       32691.650   1.5398645e-06
       32704.950   1.5379536e-06
       32718.250   1.5360435e-06
       32731.550   1.5341331e-06
       32744.850   1.5322225e-06
       32758.150   1.5303116e-06
       32771.450   1.5284006e-06
       32784.750   1.5264894e-06
       32798.050   1.5245778e-06
       32811.350   1.5226662e-06
       32824.650   1.5207542e-06
       32837.950   1.5188420e-06
       32851.250   1.5169297e-06
       32864.550   1.5150171e-06
       32877.850   1.5131042e-06
       32891.150   1.5111912e-06
       32904.450   1.5093476e-06
       32917.750   1.5076425e-06
       32931.050   1.5059371e-06
       32944.350   1.5042316e-06
       32957.650   1.5025258e-06
       32970.950   1.5008199e-06
       32984.250   1.4991138e-06
       32997.550   1.4974074e-06
       33010.850   1.4957009e-06
       33024.150   1.4939941e-06
       33037.450   1.4922872e-06
       33050.750   1.4905800e-06
       33064.050   1.4888727e-06
       33077.350   1.4871651e-06
       33090.650   1.4854574e-06
       33103.950   1.4838087e-06
       33117.250   1.4822999e-06
       33130.550   1.4807909e-06
       33143.850   1.4792817e-06
       33157.150   1.4777723e-06
       33170.450   1.4762629e-06
       33183.750   1.4747531e-06
       33197.050   1.4732432e-06
       33210.350   1.4717332e-06
       33223.650   1.4702229e-06
       33236.950   1.4687125e-06
       33250.250   1.4672019e-06
       33263.550   1.4656911e-06
       33276.850   1.4641801e-06
       33290.150   1.4626690e-06
       33303.450   1.4613448e-06
       33316.750   1.4605548e-06
       33330.050   1.4597648e-06
       33343.350   1.4589746e-06
       33356.650   1.4581843e-06
       33369.950   1.4573939e-06
       33383.250   1.4566033e-06
       33396.550   1.4558127e-06
       33409.850   1.4550220e-06
       33423.150   1.4542310e-06
       33436.450   1.4534400e-06
       33449.750   1.4526488e-06
       33463.050   1.4518576e-06
       33476.350   1.4510662e-06
       33489.650   1.4502747e-06
       33502.950   1.4491704e-06
       33516.250   1.4469688e-06
       33529.550   1.4447670e-06
       33542.850   1.4425650e-06
       33556.150   1.4403627e-06
       33569.450   1.4381602e-06
       33582.750   1.4359575e-06
       33596.050   1.4337545e-06
       33609.350   1.4315514e-06
       33622.650   1.4293480e-06
       33635.950   1.4271444e-06
       33649.250   1.4249405e-06
       33662.550   1.4227365e-06
       33675.850   1.4205322e-06
       33689.150   1.4183277e-06
       33702.450   1.4162954e-06
       33715.750   1.4150268e-06
       33729.050   1.4137581e-06
       33742.350   1.4124893e-06
       33755.650   1.4112202e-06
       33768.950   1.4099511e-06
       33782.250   1.4086818e-06
       33795.550   1.4074123e-06
       33808.850   1.4061427e-06
       33822.150   1.4048729e-06
       33835.450   1.4036030e-06
       33848.750   1.4023329e-06
       33862.050   1.4010626e-06
       33875.350   1.3997922e-06
       33888.650   1.3985217e-06
       33901.950   1.3972663e-06
       33915.250   1.3961000e-06
       33928.550   1.3949335e-06
       33941.850   1.3937668e-06
       33955.150   1.3926000e-06
       33968.450   1.3914330e-06
       33981.750   1.3902660e-06
       33995.050   1.3890988e-06
       34008.350   1.3879313e-06
       34021.650   1.3867638e-06
       34034.950   1.3855962e-06
       34048.250   1.3844284e-06
       34061.550   1.3832605e-06
       34074.850   1.3820924e-06
       34088.150   1.3809242e-06
       34101.450   1.3798251e-06
       34114.750   1.3792919e-06
       34128.050   1.3787585e-06
       34141.350   1.3782251e-06
       34154.650   1.3776915e-06
       34167.950   1.3771579e-06
       34181.250   1.3766241e-06
       34194.550   1.3760903e-06
       34207.850   1.3755564e-06
       34221.150   1.3750224e-06
       34234.450   1.3744883e-06
       34247.750   1.3739541e-06
       34261.050   1.3734198e-06
       34274.350   1.3728855e-06
       34287.650   1.3723510e-06
       34300.950   1.3717332e-06
       34314.250   1.3700331e-06
       34327.550   1.3683328e-06
       34340.850   1.3666323e-06
       34354.150   1.3649316e-06
       34367.450   1.3632308e-06
       34380.750   1.3615298e-06
       34394.050   1.3598286e-06
       34407.350   1.3581273e-06
       34420.650   1.3564258e-06
       34433.950   1.3547241e-06
       34447.250   1.3530222e-06
       34460.550   1.3513202e-06
       34473.850   1.3496180e-06
       34487.150   1.3479157e-06
       34500.450   1.3462123e-06
       34513.750   1.3444866e-06
       34527.050   1.3427606e-06
       34540.350   1.3410345e-06
       34553.650   1.3393082e-06
       34566.950   1.3375818e-06
       34580.250   1.3358552e-06
       34593.550   1.3341283e-06
       34606.850   1.3324014e-06
       34620.150   1.3306743e-06
       34633.450   1.3289469e-06
       34646.750   1.3272195e-06
       34660.050   1.3254918e-06
       34673.350   1.3237640e-06
       34686.650   1.3220360e-06
       34699.950   1.3203078e-06
       34713.250   1.3179943e-06
       34726.550   1.3156782e-06
       34739.850   1.3133620e-06
       34753.150   1.3110456e-06
       34766.450   1.3087290e-06
       34779.750   1.3064121e-06
       34793.050   1.3040951e-06
       34806.350   1.3017778e-06
       34819.650   1.2994603e-06
       34832.950   1.2971426e-06
       34846.250   1.2948247e-06
       34859.550   1.2925066e-06
       34872.850   1.2901883e-06
       34886.150   1.2878698e-06
       34899.450   1.2855511e-06
       34912.750   1.2845636e-06
       34926.050   1.2836335e-06
       34939.350   1.2827032e-06
       34952.650   1.2817728e-06
       34965.950   1.2808423e-06
       34979.250   1.2799117e-06
       34992.550   1.2789810e-06
       35005.850   1.2780502e-06
       35019.150   1.2771193e-06
       35032.450   1.2761883e-06
       35045.750   1.2752570e-06
       35059.050   1.2743258e-06
       35072.350   1.2733945e-06
       35085.650   1.2724630e-06
       35098.950   1.2715314e-06
       35112.250   1.2697010e-06
       35125.550   1.2677935e-06
       35138.850   1.2658857e-06
       35152.150   1.2639778e-06
       35165.450   1.2620697e-06
       35178.750   1.2601614e-06
       35192.050   1.2582530e-06
       35205.350   1.2563444e-06
       35218.650   1.2544356e-06
       35231.950   1.2525267e-06
       35245.250   1.2506175e-06
       35258.550   1.2487082e-06
       35271.850   1.2467988e-06
       35285.150   1.2448891e-06
       35298.450   1.2429793e-06
       35311.750   1.2406681e-06
       35325.050   1.2383038e-06
       35338.350   1.2359393e-06
       35351.650   1.2335745e-06
       35364.950   1.2312095e-06
       35378.250   1.2288445e-06
       35391.550   1.2264791e-06
       35404.850   1.2241135e-06
       35418.150   1.2217478e-06
       35431.450   1.2193819e-06
       35444.750   1.2170158e-06
       35458.050   1.2146495e-06
       35471.350   1.2122830e-06
       35484.650   1.2099162e-06
       35497.950   1.2075493e-06
       35511.250   1.2063873e-06
       35524.550   1.2054449e-06
       35537.850   1.2045022e-06
       35551.150   1.2035595e-06
       35564.450   1.2026167e-06
       35577.750   1.2016738e-06
       35591.050   1.2007308e-06
       35604.350   1.1997877e-06
       35617.650   1.1988444e-06
       35630.950   1.1979011e-06
       35644.250   1.1969577e-06
       35657.550   1.1960142e-06
       35670.850   1.1950706e-06
       35684.150   1.1941269e-06
       35697.450   1.1931831e-06
       35710.750   1.1914099e-06
       35724.050   1.1894400e-06
       35737.350   1.1874699e-06
       35750.650   1.1854996e-06
       35763.950   1.1835292e-06
       35777.250   1.1815585e-06
       35790.550   1.1795878e-06
       35803.850   1.1776169e-06
       35817.150   1.1756458e-06
       35830.450   1.1736744e-06
       35843.750   1.1717030e-06
       35857.050   1.1697314e-06
       35870.350   1.1677597e-06
       35883.650   1.1657877e-06
       35896.950   1.1638156e-06
       35910.250   1.1625864e-06
       35923.550   1.1615783e-06
       35936.850   1.1605701e-06
       35950.150   1.1595617e-06
       35963.450   1.1585532e-06
       35976.750   1.1575447e-06
       35990.050   1.1565360e-06
       36003.350   1.1555273e-06
       36016.650   1.1545185e-06
       36029.950   1.1535095e-06
       36043.250   1.1525005e-06
       36056.550   1.1514913e-06
       36069.850   1.1504820e-06
       36083.150   1.1494727e-06
       36096.450   1.1484633e-06
       36109.750   1.1465802e-06
       36123.050   1.1443790e-06
       36136.350   1.1421776e-06
       36149.650   1.1399761e-06
       36162.950   1.1377744e-06
       36176.250   1.1355725e-06
       36189.550   1.1333704e-06
       36202.850   1.1311681e-06
       36216.150   1.1289657e-06
       36229.450   1.1267631e-06
       36242.750   1.1245604e-06
       36256.050   1.1223574e-06
       36269.350   1.1201543e-06
       36282.650   1.1179510e-06
       36295.950   1.1157476e-06
       36309.250   1.1138681e-06
       36322.550   1.1121304e-06
       36335.850   1.1103926e-06
       36349.150   1.1086546e-06
       36362.450   1.1069166e-06
       36375.750   1.1051783e-06
       36389.050   1.1034399e-06
       36402.350   1.1017015e-06
       36415.650   1.0999628e-06
       36428.950   1.0982240e-06
       36442.250   1.0964850e-06
       36455.550   1.0947460e-06
       36468.850   1.0930067e-06
       36482.150   1.0912673e-06
       36495.450   1.0895279e-06
       36508.750   1.0879451e-06
       36522.050   1.0864440e-06
       36535.350   1.0849426e-06
       36548.650   1.0834411e-06
       36561.950   1.0819396e-06
       36575.250   1.0804379e-06
       36588.550   1.0789360e-06
       36601.850   1.0774340e-06
       36615.150   1.0759320e-06
       36628.450   1.0744298e-06
       36641.750   1.0729275e-06
       36655.050   1.0714250e-06
       36668.350   1.0699224e-06
       36681.650   1.0684197e-06
       36694.950   1.0669169e-06
       36708.250   1.0650993e-06
       36721.550   1.0630890e-06
       36734.850   1.0610784e-06
       36748.150   1.0590678e-06
       36761.450   1.0570570e-06
       36774.750   1.0550460e-06
       36788.050   1.0530349e-06
       36801.350   1.0510237e-06
       36814.650   1.0490122e-06
       36827.950   1.0470006e-06
       36841.250   1.0449889e-06
       36854.550   1.0429771e-06
       36867.850   1.0409650e-06
       36881.150   1.0389529e-06
       36894.450   1.0369406e-06
       36907.750   1.0350801e-06
       36921.050   1.0333284e-06
       36934.350   1.0315765e-06
       36947.650   1.0298245e-06
       36960.950   1.0280724e-06
       36974.250   1.0263201e-06
       36987.550   1.0245677e-06
       37000.850   1.0228152e-06
       37014.150   1.0210626e-06
       37027.450   1.0193097e-06
       37040.750   1.0175568e-06
       37054.050   1.0158038e-06
       37067.350   1.0140506e-06
       37080.650   1.0122972e-06
       37093.950   1.0105438e-06
       37107.250   1.0091196e-06
       37120.550   1.0079703e-06
       37133.850   1.0068208e-06
       37147.150   1.0056713e-06
       37160.450   1.0045217e-06
       37173.750   1.0033719e-06
       37187.050   1.0022221e-06
       37200.350   1.0010721e-06
       37213.650   9.9992212e-07
       37226.950   9.9877198e-07
       37240.250   9.9762178e-07
       37253.550   9.9647150e-07
       37266.850   9.9532110e-07
       37280.150   9.9417056e-07
       37293.450   9.9301996e-07
       37306.750   9.9148254e-07
       37320.050   9.8956967e-07
       37333.350   9.8765668e-07
       37346.650   9.8574359e-07
       37359.950   9.8383032e-07
       37373.250   9.8191694e-07
       37386.550   9.8000338e-07
       37399.850   9.7808972e-07
       37413.150   9.7617588e-07
       37426.450   9.7426192e-07
       37439.750   9.7234786e-07
       37453.050   9.7043362e-07
       37466.350   9.6851928e-07
       37479.650   9.6660476e-07
       37492.950   9.6469012e-07
       37506.250   9.6322481e-07
       37519.550   9.6226633e-07
       37532.850   9.6130779e-07
       37546.150   9.6034914e-07
       37559.450   9.5939042e-07
       37572.750   9.5843166e-07
       37586.050   9.5747277e-07
       37599.350   9.5651383e-07
       37612.650   9.5555477e-07
       37625.950   9.5459566e-07
       37639.250   9.5363643e-07
       37652.550   9.5267715e-07
       37665.850   9.5171781e-07
       37679.150   9.5075841e-07
       37692.450   9.4979884e-07
       37705.750   9.4871179e-07
       37719.050   9.4745723e-07
       37732.350   9.4620259e-07
       37745.650   9.4494781e-07
       37758.950   9.4369297e-07
       37772.250   9.4243799e-07
       37785.550   9.4118295e-07
       37798.850   9.3992783e-07
       37812.150   9.3867258e-07
       37825.450   9.3741726e-07
       37838.750   9.3616186e-07
       37852.050   9.3490634e-07
       37865.350   9.3365069e-07
       37878.650   9.3239502e-07
       37891.950   9.3113922e-07
       37905.250   9.2994808e-07
       37918.550   9.2885619e-07
       37931.850   9.2776424e-07
       37945.150   9.2667217e-07
       37958.450   9.2558004e-07
       37971.750   9.2448785e-07
       37985.050   9.2339553e-07
       37998.350   9.2230316e-07
       38011.650   9.2121066e-07
       38024.950   9.2011811e-07
       38038.250   9.1902549e-07
       38051.550   9.1793275e-07
       38064.850   9.1683995e-07
       38078.150   9.1574703e-07
       38091.450   9.1465406e-07
       38104.750   9.1357020e-07
       38118.050   9.1250275e-07
       38131.350   9.1143525e-07
       38144.650   9.1036762e-07
       38157.950   9.0930000e-07
       38171.250   9.0823220e-07
       38184.550   9.0716440e-07
       38197.850   9.0609648e-07
       38211.150   9.0502844e-07
       38224.450   9.0396035e-07
       38237.750   9.0289220e-07
       38251.050   9.0182393e-07
       38264.350   9.0075560e-07
       38277.650   8.9968721e-07
       38290.950   8.9861871e-07
       38304.250   8.9756115e-07
       38317.550   8.9652696e-07
       38330.850   8.9549266e-07
       38344.150   8.9445830e-07
       38357.450   8.9342383e-07
       38370.750   8.9238930e-07
       38384.050   8.9135472e-07
       38397.350   8.9032002e-07
       38410.650   8.8928527e-07
       38423.950   8.8825040e-07
       38437.250   8.8721548e-07
       38450.550   8.8618050e-07
       38463.850   8.8514540e-07
       38477.150   8.8411025e-07
       38490.450   8.8307505e-07
       38503.750   8.8196857e-07
       38517.050   8.8068079e-07
       38530.350   8.7939289e-07
       38543.650   8.7810492e-07
       38556.950   8.7681688e-07
       38570.250   8.7552876e-07
       38583.550   8.7424053e-07
       38596.850   8.7295217e-07
       38610.150   8.7166374e-07
       38623.450   8.7037524e-07
       38636.750   8.6908667e-07
       38650.050   8.6779798e-07
       38663.350   8.6650921e-07
       38676.650   8.6522033e-07
       38689.950   8.6393137e-07
       38703.250   8.6272120e-07
       38716.550   8.6175472e-07
       38729.850   8.6078819e-07
       38743.150   8.5982161e-07
       38756.450   8.5885493e-07
       38769.750   8.5788819e-07
       38783.050   8.5692135e-07
       38796.350   8.5595445e-07
       38809.650   8.5498751e-07
       38822.950   8.5402045e-07
       38836.250   8.5305335e-07
       38849.550   8.5208619e-07
       38862.850   8.5111893e-07
       38876.150   8.5015162e-07
       38889.450   8.4918426e-07
       38902.750   8.4822520e-07
       38916.050   8.4729835e-07
       38929.350   8.4637140e-07
       38942.650   8.4544445e-07
       38955.950   8.4451734e-07
       38969.250   8.4359024e-07
       38982.550   8.4266304e-07
       38995.850   8.4173578e-07
       39009.150   8.4080843e-07
       39022.450   8.3988103e-07
       39035.750   8.3895352e-07
       39049.050   8.3802602e-07
       39062.350   8.3709842e-07
       39075.650   8.3617072e-07
       39088.950   8.3524296e-07
       39102.250   8.3431744e-07
       39115.550   8.3340302e-07
       39128.850   8.3248851e-07
       39142.150   8.3157394e-07
       39155.450   8.3065928e-07
       39168.750   8.2974457e-07
       39182.050   8.2882981e-07
       39195.350   8.2791495e-07
       39208.650   8.2700005e-07
       39221.950   8.2608509e-07
       39235.250   8.2517004e-07
       39248.550   8.2425494e-07
       39261.850   8.2333979e-07
       39275.150   8.2242454e-07
       39288.450   8.2150925e-07
       39301.750   8.2056537e-07
       39315.050   8.1943301e-07
       39328.350   8.1830060e-07
       39341.650   8.1716808e-07
       39354.950   8.1603555e-07
       39368.250   8.1490286e-07
       39381.550   8.1377016e-07
       39394.850   8.1263735e-07
       39408.150   8.1150449e-07
       39421.450   8.1037152e-07
       39434.750   8.0923849e-07
       39448.050   8.0810540e-07
       39461.350   8.0697225e-07
       39474.650   8.0583900e-07
       39487.950   8.0470563e-07
       39501.250   8.0360021e-07
       39514.550   8.0276406e-07
       39527.850   8.0192787e-07
       39541.150   8.0109159e-07
       39554.450   8.0025527e-07
       39567.750   7.9941890e-07
       39581.050   7.9858244e-07
       39594.350   7.9774594e-07
       39607.650   7.9690940e-07
       39620.950   7.9607276e-07
       39634.250   7.9523608e-07
       39647.550   7.9439936e-07
       39660.850   7.9356255e-07
       39674.150   7.9272569e-07
       39687.450   7.9188880e-07
       39700.750   7.9103306e-07
       39714.050   7.8986363e-07
       39727.350   7.8869415e-07
       39740.650   7.8752455e-07
       39753.950   7.8635490e-07
       39767.250   7.8518519e-07
       39780.550   7.8401537e-07
       39793.850   7.8284549e-07
       39807.150   7.8167556e-07
       39820.450   7.8050551e-07
       39833.750   7.7933541e-07
       39847.050   7.7816525e-07
       39860.350   7.7699499e-07
       39873.650   7.7582466e-07
       39886.950   7.7465428e-07
       39900.250   7.7349327e-07
       39913.550   7.7282701e-07
       39926.850   7.7216072e-07
       39940.150   7.7149434e-07
       39953.450   7.7082793e-07
       39966.750   7.7016149e-07
       39980.050   7.6949497e-07
       39993.350   7.6882841e-07
