9.100000e+01 7.289914e-10
9.400000e+01 1.097858e-09
9.600000e+01 1.418951e-09
9.800000e+01 1.811836e-09
1.000000e+02 2.287346e-09
1.020000e+02 2.857016e-09
1.040000e+02 3.533005e-09
1.060000e+02 4.327988e-09
1.080000e+02 5.255076e-09
1.100000e+02 6.327677e-09
1.140000e+02 8.964097e-09
1.180000e+02 1.234659e-08
1.210000e+02 1.543773e-08
1.250000e+02 2.038037e-08
1.270000e+02 2.323042e-08
1.280000e+02 2.475506e-08
1.310000e+02 2.974252e-08
1.320000e+02 3.154696e-08
1.340000e+02 3.537493e-08
1.370000e+02 4.167994e-08
1.400000e+02 4.868018e-08
1.430000e+02 5.639341e-08
1.470000e+02 6.780847e-08
1.510000e+02 8.052940e-08
1.550000e+02 9.455606e-08
1.590000e+02 1.098748e-07
1.620000e+02 1.221929e-07
1.660000e+02 1.396921e-07
1.700000e+02 1.583714e-07
1.730000e+02 1.731168e-07
1.770000e+02 1.937059e-07
1.800000e+02 2.098006e-07
1.820000e+02 2.208253e-07
1.860000e+02 2.435235e-07
1.910000e+02 2.730085e-07
1.940000e+02 2.912237e-07
1.980000e+02 3.160429e-07
2.020000e+02 3.413796e-07
2.050000e+02 3.606687e-07
2.100000e+02 3.932404e-07
2.160000e+02 4.328161e-07
2.200000e+02 4.593613e-07
2.230000e+02 4.792932e-07
2.270000e+02 5.058378e-07
2.300000e+02 4.533370e-06
2.340000e+02 4.490956e-06
2.400000e+02 4.441688e-06
2.460000e+02 4.412710e-06
2.520000e+02 4.382353e-06
2.570000e+02 4.218023e-06
2.600000e+02 4.272458e-06
2.640000e+02 4.278933e-06
2.690000e+02 4.209894e-06
2.740000e+02 4.143626e-06
2.790000e+02 4.032707e-06
2.840000e+02 3.997871e-06
2.900000e+02 3.901813e-06
2.960000e+02 3.764927e-06
3.010000e+02 3.536938e-06
3.080000e+02 3.476567e-06
3.180000e+02 3.436549e-06
3.280000e+02 3.300245e-06
3.380000e+02 3.149838e-06
3.480000e+02 3.008397e-06
3.570000e+02 2.912750e-06
3.660000e+02 2.827490e-06
3.750000e+02 2.715989e-06
3.850000e+02 2.569187e-06
3.950000e+02 2.492263e-06
4.050000e+02 2.404041e-06
4.140000e+02 2.314734e-06
4.220000e+02 2.228875e-06
4.300000e+02 2.150911e-06
4.410000e+02 2.070622e-06
4.510000e+02 1.988391e-06
4.600000e+02 1.906879e-06
4.700000e+02 1.830178e-06
4.800000e+02 1.764436e-06
4.900000e+02 1.685232e-06
5.000000e+02 1.631043e-06
5.060000e+02 1.623245e-06
5.120000e+02 1.683034e-06
5.200000e+02 1.626328e-06
5.300000e+02 1.561891e-06
5.400000e+02 1.479462e-06
5.500000e+02 1.424622e-06
5.600000e+02 1.409767e-06
5.700000e+02 1.364749e-06
5.800000e+02 1.309927e-06
5.900000e+02 1.271928e-06
6.000000e+02 1.218972e-06
6.100000e+02 1.171675e-06
6.200000e+02 1.153817e-06
6.300000e+02 1.111931e-06
6.400000e+02 1.082314e-06
6.500000e+02 1.044323e-06
6.580000e+02 1.011013e-06
6.650000e+02 9.979210e-07
6.750000e+02 9.713141e-07
6.850000e+02 9.297352e-07
6.950000e+02 9.127903e-07
7.050000e+02 8.720070e-07
7.160000e+02 8.592434e-07
7.260000e+02 8.357238e-07
7.350000e+02 8.152137e-07
7.450000e+02 7.892868e-07
7.550000e+02 7.659562e-07
7.650000e+02 7.391604e-07
7.750000e+02 7.238338e-07
7.850000e+02 7.029931e-07
7.950000e+02 6.855342e-07
8.050000e+02 6.688514e-07
8.150000e+02 6.525839e-07
8.250000e+02 6.367452e-07
8.350000e+02 6.077002e-07
8.450000e+02 6.041753e-07
8.550000e+02 5.879638e-07
8.650000e+02 5.758882e-07
8.750000e+02 5.622924e-07
8.850000e+02 5.484670e-07
8.950000e+02 5.352069e-07
9.050000e+02 5.203120e-07
9.150000e+02 6.132455e-07
9.250000e+02 8.683570e-07
9.350000e+02 1.105664e-06
9.450000e+02 1.442099e-06
9.550000e+02 1.562905e-06
9.650000e+02 1.730065e-06
9.750000e+02 1.133199e-06
9.850000e+02 1.698063e-06
9.950000e+02 1.611808e-06
1.005000e+03 1.678544e-06
1.015000e+03 1.606729e-06
1.025000e+03 1.105885e-06
1.035000e+03 1.472480e-06
1.045000e+03 1.640642e-06
1.055000e+03 1.603972e-06
1.065000e+03 1.506904e-06
1.075000e+03 1.531975e-06
1.085000e+03 1.425627e-06
1.095000e+03 1.497449e-06
1.105000e+03 1.442071e-06
1.115000e+03 1.419926e-06
1.125000e+03 1.349197e-06
1.135000e+03 1.379258e-06
1.145000e+03 1.328059e-06
1.155000e+03 1.319059e-06
1.165000e+03 1.304801e-06
1.175000e+03 1.163063e-06
1.185000e+03 1.241638e-06
1.195000e+03 1.161854e-06
1.205000e+03 1.061646e-06
1.215000e+03 7.398171e-07
1.225000e+03 1.047002e-06
1.235000e+03 1.118186e-06
1.245000e+03 1.118450e-06
1.255000e+03 1.104149e-06
1.265000e+03 1.076343e-06
1.275000e+03 1.081483e-06
1.285000e+03 1.067232e-06
1.295000e+03 1.015972e-06
1.305000e+03 1.002401e-06
1.315000e+03 1.015372e-06
1.325000e+03 9.877779e-07
1.335000e+03 9.545853e-07
1.345000e+03 9.623725e-07
1.355000e+03 9.476166e-07
1.365000e+03 9.207756e-07
1.375000e+03 9.060831e-07
1.385000e+03 8.975838e-07
1.395000e+03 8.428983e-07
1.405000e+03 8.295255e-07
1.415000e+03 8.529680e-07
1.425000e+03 8.352218e-07
1.435000e+03 8.277475e-07
1.442000e+03 8.228376e-07
1.447000e+03 8.154896e-07
1.455000e+03 8.032526e-07
1.465000e+03 7.868772e-07
1.475000e+03 7.755440e-07
1.485000e+03 7.649501e-07
1.495000e+03 7.523550e-07
1.505000e+03 7.376753e-07
1.512000e+03 7.220735e-07
1.517000e+03 7.217319e-07
1.525000e+03 7.130385e-07
1.535000e+03 6.861869e-07
1.545000e+03 6.744045e-07
1.555000e+03 6.650045e-07
1.565000e+03 6.711953e-07
1.575000e+03 6.927454e-07
1.585000e+03 7.243415e-07
1.595000e+03 7.436060e-07
1.605000e+03 7.121367e-07
1.615000e+03 7.445797e-07
1.625000e+03 7.454431e-07
1.635000e+03 7.471462e-07
1.645000e+03 8.497113e-07
1.655000e+03 7.415236e-07
1.665000e+03 9.495846e-07
1.672000e+03 8.290309e-07
1.677000e+03 1.163972e-06
1.685000e+03 1.225941e-06
1.695000e+03 1.187988e-06
1.705000e+03 1.299088e-06
1.715000e+03 1.475074e-06
1.725000e+03 1.553998e-06
1.735000e+03 1.731209e-06
1.745000e+03 1.745017e-06
1.755000e+03 1.932497e-06
1.765000e+03 1.640477e-06
1.775000e+03 1.877937e-06
1.785000e+03 2.019013e-06
1.795000e+03 2.269075e-06
1.805000e+03 2.782858e-06
1.815000e+03 2.904703e-06
1.825000e+03 2.688251e-06
1.835000e+03 2.850334e-06
1.845000e+03 2.354016e-06
1.855000e+03 2.673230e-06
1.865000e+03 3.036562e-06
1.875000e+03 3.003486e-06
1.885000e+03 3.087367e-06
1.895000e+03 3.313294e-06
1.905000e+03 3.197024e-06
1.915000e+03 3.478989e-06
1.925000e+03 3.541944e-06
1.935000e+03 3.002384e-06
1.945000e+03 3.805090e-06
1.955000e+03 3.906343e-06
1.967000e+03 4.288622e-06
1.976000e+03 4.182733e-06
1.984000e+03 4.165739e-06
1.995000e+03 4.166103e-06
2.005000e+03 3.923681e-06
2.015000e+03 4.161629e-06
2.025000e+03 3.663218e-06
2.035000e+03 4.390663e-06
2.045000e+03 4.769549e-06
2.055000e+03 4.752658e-06
2.065000e+03 4.650447e-06
2.074000e+03 5.297974e-06
2.078000e+03 5.421990e-06
2.085000e+03 5.377276e-06
2.095000e+03 5.210586e-06
2.105000e+03 5.014183e-06
2.115000e+03 5.357863e-06
2.125000e+03 5.254043e-06
2.135000e+03 4.842958e-06
2.145000e+03 5.496895e-06
2.155000e+03 5.421479e-06
2.165000e+03 5.079935e-06
2.175000e+03 5.124917e-06
2.185000e+03 5.587451e-06
2.195000e+03 6.168262e-06
2.205000e+03 5.937450e-06
2.215000e+03 5.465854e-06
2.225000e+03 5.786491e-06
2.235000e+03 6.684874e-06
2.245000e+03 6.224297e-06
2.255000e+03 5.731811e-06
2.265000e+03 5.506021e-06
2.275000e+03 5.969672e-06
2.285000e+03 6.425169e-06
2.295000e+03 5.918150e-06
2.305000e+03 6.502497e-06
2.315000e+03 6.538315e-06
2.325000e+03 5.806312e-06
2.335000e+03 5.832268e-06
2.345000e+03 4.823615e-06
2.355000e+03 6.636958e-06
2.365000e+03 5.236332e-06
2.375000e+03 6.150437e-06
2.385000e+03 4.489840e-06
2.395000e+03 5.351234e-06
2.405000e+03 5.280576e-06
2.415000e+03 5.489083e-06
2.425000e+03 7.060241e-06
2.435000e+03 6.888633e-06
2.445000e+03 7.438936e-06
2.455000e+03 7.445006e-06
2.465000e+03 7.528535e-06
2.475000e+03 6.883580e-06
2.485000e+03 6.171642e-06
2.495000e+03 6.303220e-06
2.505000e+03 7.859698e-06
2.513000e+03 6.249213e-06
2.518000e+03 5.228351e-06
2.525000e+03 5.185276e-06
2.535000e+03 5.935436e-06
2.545000e+03 6.200910e-06
2.555000e+03 7.305979e-06
2.565000e+03 7.044408e-06
2.575000e+03 7.928741e-06
2.585000e+03 7.823365e-06
2.595000e+03 7.583033e-06
2.605000e+03 7.104607e-06
2.615000e+03 6.567765e-06
2.625000e+03 7.927812e-06
2.635000e+03 8.835690e-06
2.645000e+03 1.062950e-05
2.655000e+03 1.136641e-05
2.665000e+03 1.006918e-05
2.675000e+03 1.082798e-05
2.685000e+03 1.130524e-05
2.695000e+03 9.958859e-06
2.705000e+03 1.054140e-05
2.715000e+03 9.313889e-06
2.725000e+03 9.326442e-06
2.735000e+03 1.014894e-05
2.745000e+03 7.830931e-06
2.755000e+03 8.892897e-06
2.765000e+03 1.018681e-05
2.775000e+03 1.084039e-05
2.785000e+03 9.545252e-06
2.795000e+03 4.493800e-06
2.805000e+03 5.628095e-06
2.815000e+03 1.132554e-05
2.825000e+03 1.204951e-05
2.835000e+03 1.179687e-05
2.845000e+03 1.095336e-05
2.855000e+03 8.592967e-06
2.865000e+03 1.174972e-05
2.875000e+03 1.213783e-05
2.885000e+03 1.217762e-05
2.895000e+03 1.240530e-05
2.910000e+03 1.385102e-05
2.930000e+03 1.348910e-05
2.950000e+03 1.326171e-05
2.970000e+03 1.350668e-05
2.990000e+03 1.377696e-05
3.010000e+03 1.400278e-05
3.030000e+03 1.425010e-05
3.050000e+03 1.472899e-05
3.070000e+03 1.468182e-05
3.090000e+03 1.467994e-05
3.110000e+03 1.492404e-05
3.130000e+03 1.486705e-05
3.150000e+03 1.491122e-05
3.170000e+03 1.547757e-05
3.190000e+03 1.475239e-05
3.210000e+03 1.554782e-05
3.230000e+03 1.496132e-05
3.250000e+03 1.643355e-05
3.270000e+03 1.757749e-05
3.290000e+03 1.762708e-05
3.310000e+03 1.766428e-05
3.330000e+03 1.749195e-05
3.350000e+03 1.735906e-05
3.370000e+03 1.595614e-05
3.390000e+03 1.698248e-05
3.410000e+03 1.721835e-05
3.430000e+03 1.808388e-05
3.450000e+03 1.802818e-05
3.470000e+03 1.831240e-05
3.490000e+03 1.880199e-05
3.510000e+03 1.934900e-05
3.530000e+03 1.890382e-05
3.550000e+03 2.021170e-05
3.570000e+03 1.866056e-05
3.590000e+03 1.836793e-05
3.610000e+03 1.926213e-05
3.630000e+03 1.960759e-05
3.640000e+03 1.979693e-05
3.650000e+03 2.054369e-05
3.670000e+03 2.039155e-05
3.690000e+03 2.004449e-05
3.710000e+03 2.178595e-05
3.730000e+03 2.033815e-05
3.750000e+03 2.235593e-05
3.770000e+03 2.389442e-05
3.790000e+03 2.508892e-05
3.810000e+03 2.632344e-05
3.830000e+03 2.243144e-05
3.850000e+03 2.641065e-05
3.870000e+03 2.632472e-05
3.890000e+03 2.392792e-05
3.910000e+03 2.726602e-05
3.930000e+03 2.137598e-05
3.950000e+03 2.728696e-05
3.970000e+03 2.124646e-05
3.990000e+03 2.944792e-05
4.010000e+03 3.044761e-05
4.030000e+03 3.026242e-05
4.050000e+03 3.022977e-05
4.070000e+03 2.973788e-05
4.090000e+03 3.039582e-05
4.110000e+03 2.818633e-05
4.130000e+03 3.067261e-05
4.150000e+03 3.068794e-05
4.170000e+03 3.100519e-05
4.190000e+03 3.040974e-05
4.210000e+03 3.034381e-05
4.230000e+03 2.982170e-05
4.250000e+03 2.996844e-05
4.270000e+03 2.956952e-05
4.290000e+03 2.859349e-05
4.310000e+03 2.635061e-05
4.330000e+03 2.960047e-05
4.350000e+03 2.806283e-05
4.370000e+03 3.079520e-05
4.390000e+03 3.027155e-05
4.410000e+03 3.105192e-05
4.430000e+03 3.222217e-05
4.450000e+03 3.208044e-05
4.470000e+03 3.241276e-05
4.490000e+03 3.283135e-05
4.510000e+03 3.355164e-05
4.530000e+03 3.254148e-05
4.550000e+03 3.280359e-05
4.570000e+03 3.363363e-05
4.590000e+03 3.323394e-05
4.610000e+03 3.354857e-05
4.630000e+03 3.351150e-05
4.650000e+03 3.350286e-05
4.670000e+03 3.385791e-05
4.690000e+03 3.378213e-05
4.710000e+03 3.346493e-05
4.730000e+03 3.372273e-05
4.750000e+03 3.381002e-05
4.770000e+03 3.367726e-05
4.790000e+03 3.358803e-05
4.810000e+03 3.373713e-05
4.830000e+03 3.354152e-05
4.850000e+03 3.256496e-05
4.870000e+03 2.994649e-05
4.890000e+03 3.312516e-05
4.910000e+03 3.339213e-05
4.930000e+03 3.290482e-05
4.950000e+03 3.323369e-05
4.970000e+03 3.362682e-05
4.990000e+03 3.276276e-05
5.010000e+03 3.221503e-05
5.030000e+03 3.302360e-05
5.050000e+03 3.269437e-05
5.070000e+03 3.306695e-05
5.090000e+03 3.269149e-05
5.110000e+03 3.267680e-05
5.130000e+03 3.243805e-05
5.150000e+03 3.196639e-05
5.170000e+03 3.133184e-05
5.190000e+03 3.172101e-05
5.210000e+03 3.181673e-05
5.230000e+03 3.242669e-05
5.250000e+03 3.294980e-05
5.270000e+03 3.179031e-05
5.290000e+03 3.287191e-05
5.310000e+03 3.306360e-05
5.330000e+03 3.215558e-05
5.350000e+03 3.279683e-05
5.370000e+03 3.259116e-05
5.390000e+03 3.250257e-05
5.410000e+03 3.217598e-05
5.430000e+03 3.222520e-05
5.450000e+03 3.231905e-05
5.470000e+03 3.244756e-05
5.490000e+03 3.250974e-05
5.510000e+03 3.232039e-05
5.530000e+03 3.246564e-05
5.550000e+03 3.256761e-05
5.570000e+03 3.214754e-05
5.590000e+03 3.200469e-05
5.610000e+03 3.206743e-05
5.630000e+03 3.228430e-05
5.650000e+03 3.225711e-05
5.670000e+03 3.197694e-05
5.690000e+03 3.210970e-05
5.710000e+03 3.177052e-05
5.730000e+03 3.211812e-05
5.750000e+03 3.193739e-05
5.770000e+03 3.191759e-05
5.790000e+03 3.174035e-05
5.810000e+03 3.174993e-05
5.830000e+03 3.173868e-05
5.850000e+03 3.149418e-05
5.870000e+03 3.144347e-05
5.890000e+03 3.039673e-05
5.910000e+03 3.120849e-05
5.930000e+03 3.119195e-05
5.950000e+03 3.113892e-05
5.970000e+03 3.107699e-05
5.990000e+03 3.097622e-05
6.010000e+03 3.079773e-05
6.030000e+03 3.075355e-05
6.050000e+03 3.080541e-05
6.070000e+03 3.064208e-05
6.090000e+03 3.051060e-05
6.110000e+03 3.037353e-05
6.130000e+03 2.988663e-05
6.150000e+03 3.009475e-05
6.170000e+03 2.976428e-05
6.190000e+03 2.996963e-05
6.210000e+03 2.989366e-05
6.230000e+03 2.964353e-05
6.250000e+03 2.932875e-05
6.270000e+03 2.961566e-05
6.290000e+03 2.952489e-05
6.310000e+03 2.927331e-05
6.330000e+03 2.928673e-05
6.350000e+03 2.932229e-05
6.370000e+03 2.921623e-05
6.390000e+03 2.908289e-05
6.410000e+03 2.880016e-05
6.430000e+03 2.879133e-05
6.450000e+03 2.873510e-05
6.470000e+03 2.862237e-05
6.490000e+03 2.830473e-05
6.510000e+03 2.850948e-05
6.530000e+03 2.842505e-05
6.550000e+03 2.754219e-05
6.570000e+03 2.479454e-05
6.590000e+03 2.787125e-05
6.610000e+03 2.808405e-05
6.630000e+03 2.807456e-05
6.650000e+03 2.797322e-05
6.670000e+03 2.779184e-05
6.690000e+03 2.785764e-05
6.710000e+03 2.765262e-05
6.730000e+03 2.765362e-05
6.750000e+03 2.749209e-05
6.770000e+03 2.743893e-05
6.790000e+03 2.733965e-05
6.810000e+03 2.724236e-05
6.830000e+03 2.718562e-05
6.850000e+03 2.701732e-05
6.870000e+03 2.695346e-05
6.890000e+03 2.691078e-05
6.910000e+03 2.678892e-05
6.930000e+03 2.671091e-05
6.950000e+03 2.658409e-05
6.970000e+03 2.654679e-05
6.990000e+03 2.643699e-05
7.010000e+03 2.629889e-05
7.030000e+03 2.630151e-05
7.050000e+03 2.625301e-05
7.070000e+03 2.613396e-05
7.090000e+03 2.603043e-05
7.110000e+03 2.594818e-05
7.130000e+03 2.579036e-05
7.150000e+03 2.567382e-05
7.170000e+03 2.567742e-05
7.190000e+03 2.545770e-05
7.210000e+03 2.541207e-05
7.230000e+03 2.544517e-05
7.250000e+03 2.537193e-05
7.270000e+03 2.530788e-05
7.290000e+03 2.514040e-05
7.310000e+03 2.511415e-05
7.330000e+03 2.502086e-05
7.350000e+03 2.496283e-05
7.370000e+03 2.492824e-05
7.390000e+03 2.476256e-05
7.410000e+03 2.451779e-05
7.430000e+03 2.460551e-05
7.450000e+03 2.455110e-05
7.470000e+03 2.449365e-05
7.490000e+03 2.438281e-05
7.510000e+03 2.429738e-05
7.530000e+03 2.425872e-05
7.550000e+03 2.421035e-05
7.570000e+03 2.409785e-05
7.590000e+03 2.398715e-05
7.610000e+03 2.392903e-05
7.630000e+03 2.386306e-05
7.650000e+03 2.377559e-05
7.670000e+03 2.348018e-05
7.690000e+03 2.360518e-05
7.710000e+03 2.338935e-05
7.730000e+03 2.341718e-05
7.750000e+03 2.328974e-05
7.770000e+03 2.329793e-05
7.790000e+03 2.320633e-05
7.810000e+03 2.316466e-05
7.830000e+03 2.302643e-05
7.850000e+03 2.295480e-05
7.870000e+03 2.292541e-05
7.890000e+03 2.282752e-05
7.910000e+03 2.269454e-05
7.930000e+03 2.256510e-05
7.950000e+03 2.247767e-05
7.970000e+03 2.251942e-05
7.990000e+03 2.244534e-05
8.010000e+03 2.231440e-05
8.030000e+03 2.228401e-05
8.050000e+03 2.214221e-05
8.070000e+03 2.212868e-05
8.090000e+03 2.199784e-05
8.110000e+03 2.196928e-05
8.130000e+03 2.191183e-05
8.150000e+03 2.184060e-05
8.170000e+03 2.175966e-05
8.190000e+03 2.147181e-05
8.210000e+03 2.154715e-05
8.230000e+03 2.144296e-05
8.250000e+03 2.143799e-05
8.270000e+03 2.139789e-05
8.290000e+03 2.131622e-05
8.310000e+03 2.118718e-05
8.330000e+03 2.094816e-05
8.350000e+03 2.105123e-05
8.370000e+03 2.094992e-05
8.390000e+03 2.065423e-05
8.410000e+03 2.079994e-05
8.430000e+03 2.063532e-05
8.450000e+03 2.067757e-05
8.470000e+03 2.045560e-05
8.490000e+03 2.048427e-05
8.510000e+03 1.985015e-05
8.530000e+03 2.038039e-05
8.550000e+03 1.883086e-05
8.570000e+03 2.035830e-05
8.590000e+03 2.015971e-05
8.610000e+03 2.000538e-05
8.630000e+03 2.014071e-05
8.650000e+03 2.002775e-05
8.670000e+03 1.857163e-05
8.690000e+03 1.970129e-05
8.710000e+03 1.986689e-05
8.730000e+03 1.977729e-05
8.750000e+03 1.934128e-05
8.770000e+03 1.962474e-05
8.790000e+03 1.959244e-05
8.810000e+03 1.937673e-05
8.830000e+03 1.931741e-05
8.850000e+03 1.928461e-05
8.870000e+03 1.890891e-05
8.890000e+03 1.924748e-05
8.910000e+03 1.919987e-05
8.930000e+03 1.910575e-05
8.950000e+03 1.902674e-05
8.970000e+03 1.898655e-05
8.990000e+03 1.890987e-05
9.010000e+03 1.834067e-05
9.030000e+03 1.866858e-05
9.050000e+03 1.873041e-05
9.070000e+03 1.861077e-05
9.090000e+03 1.840166e-05
9.110000e+03 1.847166e-05
9.130000e+03 1.843482e-05
9.150000e+03 1.839255e-05
9.170000e+03 1.832910e-05
9.190000e+03 1.827464e-05
9.210000e+03 1.809880e-05
9.230000e+03 1.767644e-05
9.250000e+03 1.795639e-05
9.270000e+03 1.797699e-05
9.290000e+03 1.793337e-05
9.310000e+03 1.788455e-05
9.330000e+03 1.782108e-05
9.350000e+03 1.774076e-05
9.370000e+03 1.764677e-05
9.390000e+03 1.763183e-05
9.410000e+03 1.744450e-05
9.430000e+03 1.750678e-05
9.450000e+03 1.740714e-05
9.470000e+03 1.738884e-05
9.490000e+03 1.732455e-05
9.510000e+03 1.725753e-05
9.530000e+03 1.715645e-05
9.550000e+03 1.667419e-05
9.570000e+03 1.702750e-05
9.590000e+03 1.701789e-05
9.610000e+03 1.692881e-05
9.630000e+03 1.686849e-05
9.650000e+03 1.674427e-05
9.670000e+03 1.669320e-05
9.690000e+03 1.670059e-05
9.710000e+03 1.661773e-05
9.730000e+03 1.656212e-05
9.750000e+03 1.647846e-05
9.770000e+03 1.645568e-05
9.790000e+03 1.635521e-05
9.810000e+03 1.636529e-05
9.830000e+03 1.631672e-05
9.850000e+03 1.625372e-05
9.870000e+03 1.617286e-05
9.890000e+03 1.611077e-05
9.910000e+03 1.602363e-05
9.930000e+03 1.599273e-05
9.950000e+03 1.594737e-05
9.970000e+03 1.589557e-05
9.990000e+03 1.584177e-05
1.002500e+04 1.567533e-05
1.007500e+04 1.542947e-05
1.012500e+04 1.544070e-05
1.017500e+04 1.528834e-05
1.022500e+04 1.516023e-05
1.027500e+04 1.504821e-05
1.032500e+04 1.487900e-05
1.037500e+04 1.475664e-05
1.042500e+04 1.464650e-05
1.047500e+04 1.449696e-05
1.052500e+04 1.439085e-05
1.057500e+04 1.425681e-05
1.062500e+04 1.411113e-05
1.067500e+04 1.394131e-05
1.072500e+04 1.387143e-05
1.077500e+04 1.372766e-05
1.082500e+04 1.357002e-05
1.087500e+04 1.348301e-05
1.092500e+04 1.320262e-05
1.097500e+04 1.323070e-05
1.102500e+04 1.316941e-05
1.107500e+04 1.305120e-05
1.112500e+04 1.294074e-05
1.117500e+04 1.282601e-05
1.122500e+04 1.273512e-05
1.127500e+04 1.259082e-05
1.132500e+04 1.249302e-05
1.137500e+04 1.236541e-05
1.142500e+04 1.221756e-05
1.147500e+04 1.217858e-05
1.152500e+04 1.208705e-05
1.157500e+04 1.197846e-05
1.162500e+04 1.180938e-05
1.167500e+04 1.174529e-05
1.172500e+04 1.166958e-05
1.177500e+04 1.153617e-05
1.182500e+04 1.142874e-05
1.187500e+04 1.129503e-05
1.192500e+04 1.127167e-05
1.197500e+04 1.107768e-05
1.202500e+04 1.106776e-05
1.207500e+04 1.094153e-05
1.212500e+04 1.089571e-05
1.217500e+04 1.081545e-05
1.222500e+04 1.073104e-05
1.227500e+04 1.063050e-05
1.232500e+04 1.054463e-05
1.237500e+04 1.046384e-05
1.242500e+04 1.036847e-05
1.247500e+04 1.028161e-05
1.252500e+04 1.020292e-05
1.257500e+04 1.012017e-05
1.262500e+04 1.004885e-05
1.267500e+04 9.953130e-06
1.272500e+04 9.888323e-06
1.277500e+04 9.789926e-06
1.282500e+04 9.482981e-06
1.287500e+04 9.629088e-06
1.292500e+04 9.575897e-06
1.297500e+04 9.501236e-06
1.302500e+04 9.434589e-06
1.307500e+04 9.357627e-06
1.312500e+04 9.269047e-06
1.317500e+04 9.191937e-06
1.322500e+04 9.141158e-06
1.327500e+04 9.049592e-06
1.332500e+04 8.990393e-06
1.337500e+04 8.917096e-06
1.342500e+04 8.869110e-06
1.347500e+04 8.802570e-06
1.352500e+04 8.738190e-06
1.357500e+04 8.653649e-06
1.362500e+04 8.580561e-06
1.367500e+04 8.537421e-06
1.372500e+04 8.465803e-06
1.377500e+04 8.415581e-06
1.382500e+04 8.355486e-06
1.387500e+04 8.287498e-06
1.392500e+04 8.240397e-06
1.397500e+04 8.172732e-06
1.402500e+04 8.111620e-06
1.407500e+04 8.055666e-06
1.412500e+04 7.983212e-06
1.417500e+04 7.938307e-06
1.422500e+04 7.872679e-06
1.427500e+04 7.819624e-06
1.432500e+04 7.778461e-06
1.437500e+04 7.734943e-06
1.442500e+04 7.641120e-06
1.447500e+04 7.622641e-06
1.452500e+04 7.538199e-06
1.457000e+04 7.512701e-06
1.462000e+04 7.479319e-06
1.467500e+04 7.422928e-06
1.472500e+04 7.358210e-06
1.477500e+04 7.316201e-06
1.482500e+04 7.278426e-06
1.487500e+04 7.194424e-06
1.492500e+04 7.190550e-06
1.497500e+04 7.134570e-06
1.502500e+04 7.025802e-06
1.507500e+04 7.004380e-06
1.512500e+04 6.986677e-06
1.517500e+04 6.953099e-06
1.522500e+04 6.908421e-06
1.527500e+04 6.857873e-06
1.532500e+04 6.810221e-06
1.537500e+04 6.782422e-06
1.542500e+04 6.718069e-06
1.547500e+04 6.713658e-06
1.552500e+04 6.665792e-06
1.557500e+04 6.560564e-06
1.562500e+04 6.602465e-06
1.567500e+04 6.531243e-06
1.572500e+04 6.436936e-06
1.577500e+04 6.427913e-06
1.582500e+04 6.418706e-06
1.587500e+04 6.244428e-06
1.592500e+04 6.335855e-06
1.597500e+04 6.312228e-06
1.605000e+04 6.235236e-06
1.615000e+04 6.084882e-06
1.625000e+04 6.064445e-06
1.635000e+04 5.954434e-06
1.645000e+04 5.780070e-06
1.655000e+04 5.748307e-06
1.665000e+04 5.629148e-06
1.675000e+04 5.514455e-06
1.685000e+04 5.331211e-06
1.695000e+04 5.321814e-06
1.705000e+04 5.211557e-06
1.715000e+04 5.118558e-06
1.725000e+04 5.009864e-06
1.735000e+04 4.826197e-06
1.745000e+04 4.820363e-06
1.755000e+04 4.745805e-06
1.765000e+04 4.649838e-06
1.775000e+04 4.559800e-06
1.785000e+04 4.488025e-06
1.795000e+04 4.383391e-06
1.805000e+04 4.308199e-06
1.815000e+04 4.158500e-06
1.825000e+04 4.135464e-06
1.835000e+04 4.069934e-06
1.845000e+04 4.004461e-06
1.855000e+04 3.938939e-06
1.865000e+04 3.857228e-06
1.875000e+04 3.682113e-06
1.885000e+04 3.721860e-06
1.895000e+04 3.650882e-06
1.905000e+04 3.612248e-06
1.915000e+04 3.539077e-06
1.925000e+04 3.485773e-06
1.935000e+04 3.422603e-06
1.945000e+04 3.285958e-06
1.955000e+04 3.301590e-06
1.965000e+04 3.251742e-06
1.975000e+04 3.187370e-06
1.985000e+04 3.133428e-06
1.995000e+04 3.092430e-06
2.005000e+04 3.043644e-06
2.015000e+04 3.001793e-06
2.025000e+04 2.944007e-06
2.035000e+04 2.890856e-06
2.045000e+04 2.844605e-06
2.055000e+04 2.797863e-06
2.065000e+04 2.748757e-06
2.075000e+04 2.705276e-06
2.085000e+04 2.675109e-06
2.095000e+04 2.621591e-06
2.105000e+04 2.585517e-06
2.115000e+04 2.542000e-06
2.125000e+04 2.505416e-06
2.135000e+04 2.465735e-06
2.145000e+04 2.424197e-06
2.155000e+04 2.387844e-06
2.165000e+04 2.308420e-06
2.175000e+04 2.308206e-06
2.185000e+04 2.274352e-06
2.195000e+04 2.238541e-06
2.205000e+04 2.197982e-06
2.215000e+04 2.169423e-06
2.225000e+04 2.139693e-06
2.235000e+04 2.108468e-06
2.245000e+04 2.080990e-06
2.255000e+04 2.044249e-06
2.265000e+04 2.014553e-06
2.275000e+04 1.986705e-06
2.285000e+04 1.956700e-06
2.295000e+04 1.891968e-06
2.305000e+04 1.890505e-06
2.315000e+04 1.871326e-06
2.325000e+04 1.800473e-06
2.335000e+04 1.808216e-06
2.345000e+04 1.784294e-06
2.355000e+04 1.721526e-06
2.365000e+04 1.722133e-06
2.375000e+04 1.709643e-06
2.385000e+04 1.646371e-06
2.395000e+04 1.650486e-06
2.405000e+04 1.630179e-06
2.415000e+04 1.576872e-06
2.425000e+04 1.568103e-06
2.435000e+04 1.549025e-06
2.445000e+04 1.516005e-06
2.455000e+04 1.496116e-06
2.465000e+04 1.483883e-06
2.475000e+04 1.455413e-06
2.485000e+04 1.430580e-06
2.495000e+04 1.416096e-06
2.505000e+04 1.405799e-06
2.515000e+04 1.374712e-06
2.525000e+04 1.359076e-06
2.535000e+04 1.347201e-06
2.545000e+04 1.326893e-06
2.555000e+04 1.310691e-06
2.565000e+04 1.289029e-06
2.575000e+04 1.281003e-06
2.585000e+04 1.259919e-06
2.595000e+04 1.247790e-06
2.605000e+04 1.233766e-06
2.615000e+04 1.210994e-06
2.625000e+04 1.185145e-06
2.635000e+04 1.190905e-06
2.645000e+04 1.174644e-06
2.655000e+04 1.162412e-06
2.665000e+04 1.147366e-06
2.675000e+04 1.127525e-06
2.685000e+04 1.116387e-06
2.695000e+04 1.105674e-06
2.705000e+04 1.091917e-06
2.715000e+04 1.077347e-06
2.725000e+04 1.070132e-06
2.735000e+04 1.055268e-06
2.745000e+04 1.046966e-06
2.755000e+04 1.023140e-06
2.765000e+04 1.014049e-06
2.775000e+04 1.005091e-06
2.785000e+04 9.947585e-07
2.795000e+04 9.842897e-07
2.805000e+04 9.695681e-07
2.815000e+04 9.563065e-07
2.825000e+04 9.456575e-07
2.835000e+04 9.298399e-07
2.845000e+04 9.110753e-07
2.855000e+04 9.068854e-07
2.865000e+04 8.969900e-07
2.875000e+04 8.766734e-07
2.885000e+04 8.716286e-07
2.895000e+04 8.577933e-07
2.905000e+04 8.513392e-07
2.915000e+04 8.376174e-07
2.925000e+04 8.239790e-07
2.935000e+04 8.137855e-07
2.945000e+04 8.022914e-07
2.955000e+04 7.914466e-07
2.965000e+04 7.811982e-07
2.975000e+04 7.713753e-07
2.985000e+04 7.614912e-07
2.995000e+04 7.524031e-07
3.005000e+04 7.435432e-07
3.015000e+04 7.345345e-07
3.025000e+04 7.255216e-07
3.035000e+04 7.109184e-07
3.045000e+04 7.068379e-07
3.055000e+04 7.002592e-07
3.065000e+04 6.921892e-07
3.075000e+04 6.843181e-07
3.085000e+04 6.761476e-07
3.095000e+04 6.681304e-07
3.105000e+04 6.607266e-07
3.115000e+04 6.522177e-07
3.125000e+04 6.454084e-07
3.135000e+04 6.378974e-07
3.145000e+04 6.305681e-07
3.155000e+04 6.229501e-07
3.165000e+04 6.161132e-07
3.175000e+04 6.091974e-07
3.185000e+04 6.025794e-07
3.195000e+04 5.960425e-07
3.210000e+04 5.859840e-07
3.230000e+04 5.729736e-07
3.250000e+04 5.607062e-07
3.270000e+04 5.485392e-07
3.290000e+04 5.336708e-07
3.310000e+04 5.249459e-07
3.330000e+04 5.146504e-07
3.350000e+04 5.055629e-07
3.370000e+04 4.939450e-07
3.390000e+04 4.847267e-07
3.410000e+04 4.761966e-07
3.430000e+04 4.685875e-07
3.450000e+04 4.585832e-07
3.470000e+04 4.490294e-07
3.490000e+04 4.380348e-07
3.510000e+04 4.304375e-07
3.530000e+04 4.210959e-07
3.550000e+04 4.103582e-07
3.570000e+04 4.033816e-07
3.590000e+04 3.940656e-07
3.610000e+04 3.866999e-07
3.630000e+04 3.773028e-07
3.650000e+04 3.690215e-07
3.670000e+04 3.615086e-07
3.690000e+04 3.529847e-07
3.710000e+04 3.454017e-07
3.730000e+04 3.377653e-07
3.750000e+04 3.290654e-07
3.770000e+04 3.240800e-07
3.790000e+04 3.177460e-07
3.810000e+04 3.112258e-07
3.830000e+04 3.051692e-07
3.850000e+04 2.995149e-07
3.870000e+04 2.937248e-07
3.890000e+04 2.881354e-07
3.910000e+04 2.823370e-07
3.930000e+04 2.775832e-07
3.950000e+04 2.725370e-07
3.970000e+04 2.675847e-07
3.990000e+04 2.626145e-07
4.010000e+04 2.577958e-07
4.030000e+04 2.531384e-07
4.050000e+04 2.475686e-07
4.070000e+04 2.448135e-07
4.090000e+04 2.408269e-07
4.110000e+04 2.369579e-07
4.130000e+04 2.327206e-07
4.150000e+04 2.281079e-07
4.170000e+04 2.242152e-07
4.190000e+04 2.211614e-07
4.210000e+04 2.169260e-07
4.230000e+04 2.138134e-07
4.250000e+04 2.101836e-07
4.270000e+04 2.067884e-07
4.290000e+04 2.003881e-07
4.310000e+04 1.946021e-07
4.330000e+04 1.924507e-07
4.350000e+04 1.855352e-07
4.370000e+04 1.814715e-07
4.390000e+04 1.787009e-07
4.410000e+04 1.734863e-07
4.430000e+04 1.709848e-07
4.450000e+04 1.676710e-07
4.470000e+04 1.631327e-07
4.490000e+04 1.619361e-07
4.510000e+04 1.587343e-07
4.530000e+04 1.544522e-07
4.550000e+04 1.521026e-07
4.570000e+04 1.497235e-07
4.590000e+04 1.456223e-07
4.610000e+04 1.446883e-07
4.630000e+04 1.421760e-07
4.650000e+04 1.399539e-07
4.670000e+04 1.381631e-07
4.690000e+04 1.358564e-07
4.710000e+04 1.338324e-07
4.730000e+04 1.331106e-07
4.750000e+04 1.302669e-07
4.770000e+04 1.285178e-07
4.790000e+04 1.267584e-07
4.810000e+04 1.240077e-07
4.830000e+04 1.232332e-07
4.850000e+04 1.210360e-07
4.870000e+04 1.188426e-07
4.890000e+04 1.172546e-07
4.910000e+04 1.154194e-07
4.930000e+04 1.137795e-07
4.950000e+04 1.117438e-07
4.970000e+04 1.101513e-07
4.990000e+04 1.087499e-07
5.010000e+04 1.072890e-07
5.030000e+04 1.056815e-07
5.050000e+04 1.035311e-07
5.070000e+04 1.022257e-07
5.090000e+04 1.011347e-07
5.110000e+04 9.942725e-08
5.130000e+04 9.793814e-08
5.150000e+04 9.668313e-08
5.170000e+04 9.585908e-08
5.190000e+04 9.406333e-08
5.210000e+04 9.273784e-08
5.230000e+04 9.139553e-08
5.250000e+04 9.037061e-08
5.270000e+04 8.938446e-08
5.290000e+04 8.771424e-08
5.310000e+04 8.662173e-08
5.330000e+04 8.541041e-08
5.350000e+04 8.428486e-08
5.370000e+04 8.321081e-08
5.390000e+04 8.212485e-08
5.410000e+04 8.102331e-08
5.430000e+04 7.976517e-08
5.450000e+04 7.895344e-08
5.470000e+04 7.789370e-08
5.490000e+04 7.679233e-08
5.510000e+04 7.583847e-08
5.530000e+04 7.517511e-08
5.550000e+04 7.369467e-08
5.570000e+04 7.318161e-08
5.590000e+04 7.197789e-08
5.610000e+04 7.109349e-08
5.630000e+04 7.004549e-08
5.650000e+04 6.933153e-08
5.670000e+04 6.838970e-08
5.690000e+04 6.733205e-08
5.710000e+04 6.661042e-08
5.730000e+04 6.572495e-08
5.750000e+04 6.485676e-08
5.770000e+04 6.397212e-08
5.790000e+04 6.334368e-08
5.810000e+04 6.246635e-08
5.830000e+04 6.172397e-08
5.850000e+04 6.098802e-08
5.870000e+04 6.018785e-08
5.890000e+04 5.941647e-08
5.910000e+04 5.849118e-08
5.930000e+04 5.786643e-08
5.950000e+04 5.713091e-08
5.970000e+04 5.648474e-08
5.990000e+04 5.574707e-08
6.010000e+04 5.502451e-08
6.030000e+04 5.435281e-08
6.050000e+04 5.367501e-08
6.070000e+04 5.306306e-08
6.090000e+04 5.242087e-08
6.110000e+04 5.170795e-08
6.130000e+04 5.108084e-08
6.150000e+04 5.045253e-08
6.170000e+04 4.982254e-08
6.190000e+04 4.917463e-08
6.210000e+04 4.856710e-08
6.230000e+04 4.797894e-08
6.250000e+04 4.739956e-08
6.270000e+04 4.679716e-08
6.290000e+04 4.619403e-08
6.310000e+04 4.562284e-08
6.330000e+04 4.511484e-08
6.350000e+04 4.458171e-08
6.370000e+04 4.410255e-08
6.390000e+04 4.352207e-08
6.420000e+04 4.269695e-08
6.460000e+04 4.166832e-08
6.500000e+04 4.071773e-08
6.540000e+04 3.975859e-08
6.580000e+04 3.878682e-08
6.620000e+04 3.786257e-08
6.660000e+04 3.703076e-08
6.700000e+04 3.620719e-08
6.740000e+04 3.538118e-08
6.780000e+04 3.454996e-08
6.820000e+04 3.379229e-08
6.860000e+04 3.304140e-08
6.900000e+04 3.225291e-08
6.940000e+04 3.153180e-08
6.980000e+04 3.083671e-08
7.020000e+04 3.017503e-08
7.060000e+04 2.951000e-08
7.100000e+04 2.887346e-08
7.140000e+04 2.825270e-08
7.180000e+04 2.766317e-08
7.220000e+04 2.709555e-08
7.260000e+04 2.653280e-08
7.300000e+04 2.596933e-08
7.340000e+04 2.541773e-08
7.380000e+04 2.488034e-08
7.420000e+04 2.436395e-08
7.460000e+04 2.384123e-08
7.500000e+04 2.336519e-08
7.540000e+04 2.293393e-08
7.580000e+04 2.242872e-08
7.620000e+04 2.197565e-08
7.660000e+04 2.150779e-08
7.700000e+04 2.110091e-08
7.740000e+04 2.069272e-08
7.780000e+04 2.029174e-08
7.820000e+04 1.987635e-08
7.860000e+04 1.946848e-08
7.900000e+04 1.909554e-08
7.940000e+04 1.874491e-08
7.980000e+04 1.838206e-08
8.020000e+04 1.803401e-08
8.060000e+04 1.767792e-08
8.100000e+04 1.734298e-08
8.140000e+04 1.700963e-08
8.180000e+04 1.669034e-08
8.220000e+04 1.635980e-08
8.260000e+04 1.605557e-08
8.300000e+04 1.576007e-08
8.340000e+04 1.547154e-08
8.380000e+04 1.519684e-08
8.420000e+04 1.491793e-08
8.460000e+04 1.464435e-08
8.500000e+04 1.437732e-08
8.540000e+04 1.412549e-08
8.580000e+04 1.387684e-08
8.620000e+04 1.363193e-08
8.660000e+04 1.338893e-08
8.700000e+04 1.315377e-08
8.740000e+04 1.292988e-08
8.780000e+04 1.271582e-08
8.820000e+04 1.251208e-08
8.860000e+04 1.229746e-08
8.900000e+04 1.209294e-08
8.940000e+04 1.188022e-08
8.980000e+04 1.167375e-08
9.020000e+04 1.148128e-08
9.060000e+04 1.127449e-08
9.100000e+04 1.107995e-08
9.140000e+04 1.088641e-08
9.180000e+04 1.070326e-08
9.220000e+04 1.053463e-08
9.260000e+04 1.038079e-08
9.300000e+04 1.021685e-08
9.340000e+04 1.003568e-08
9.380000e+04 9.864594e-09
9.420000e+04 9.698050e-09
9.460000e+04 9.542440e-09
9.500000e+04 9.405305e-09
9.540000e+04 9.257298e-09
9.580000e+04 9.103363e-09
9.620000e+04 8.962117e-09
9.660000e+04 8.810283e-09
9.700000e+04 8.661767e-09
9.740000e+04 8.538989e-09
9.780000e+04 8.414070e-09
9.820000e+04 8.282277e-09
9.860000e+04 8.161951e-09
9.900000e+04 8.041252e-09
9.940000e+04 7.906657e-09
9.980000e+04 7.772463e-09
1.002000e+05 7.644718e-09
2.000000e+05 4.726273e-10
4.000000e+05 2.991811e-11
6.000000e+05 5.913009e-12
8.000000e+05 1.867608e-12
1.000000e+06 7.628682e-13
1.200000e+06 3.668129e-13
1.400000e+06 1.974149e-13
1.600000e+06 1.153489e-13
