9.100000e+01 0.000000e+00
9.400000e+01 0.000000e+00
9.600000e+01 0.000000e+00
9.800000e+01 0.000000e+00
1.000000e+02 0.000000e+00
1.020000e+02 0.000000e+00
1.040000e+02 0.000000e+00
1.060000e+02 0.000000e+00
1.080000e+02 0.000000e+00
1.100000e+02 0.000000e+00
1.140000e+02 0.000000e+00
1.180000e+02 0.000000e+00
1.210000e+02 0.000000e+00
1.250000e+02 0.000000e+00
1.270000e+02 0.000000e+00
1.280000e+02 0.000000e+00
1.310000e+02 0.000000e+00
1.320000e+02 0.000000e+00
1.340000e+02 0.000000e+00
1.370000e+02 0.000000e+00
1.400000e+02 0.000000e+00
1.430000e+02 0.000000e+00
1.470000e+02 0.000000e+00
1.510000e+02 0.000000e+00
1.550000e+02 0.000000e+00
1.590000e+02 0.000000e+00
1.620000e+02 0.000000e+00
1.660000e+02 0.000000e+00
1.700000e+02 0.000000e+00
1.730000e+02 0.000000e+00
1.770000e+02 0.000000e+00
1.800000e+02 0.000000e+00
1.820000e+02 0.000000e+00
1.860000e+02 0.000000e+00
1.910000e+02 0.000000e+00
1.940000e+02 0.000000e+00
1.980000e+02 0.000000e+00
2.020000e+02 0.000000e+00
2.050000e+02 0.000000e+00
2.100000e+02 0.000000e+00
2.160000e+02 0.000000e+00
2.200000e+02 0.000000e+00
2.230000e+02 0.000000e+00
2.270000e+02 0.000000e+00
2.300000e+02 2.584912e-15
2.340000e+02 5.970674e-15
2.400000e+02 1.316356e-14
2.460000e+02 3.031376e-14
2.520000e+02 6.251978e-14
2.570000e+02 9.537445e-14
2.600000e+02 1.538907e-13
2.640000e+02 2.355013e-13
2.690000e+02 3.811576e-13
2.740000e+02 6.346493e-13
2.790000e+02 1.034954e-12
2.840000e+02 1.828554e-12
2.900000e+02 3.124023e-12
2.960000e+02 5.258128e-12
3.010000e+02 7.841382e-12
3.080000e+02 1.333703e-11
3.180000e+02 3.123347e-11
3.280000e+02 6.248360e-11
3.380000e+02 1.256938e-10
3.480000e+02 2.372597e-10
3.570000e+02 5.494655e-10
3.660000e+02 9.642655e-10
3.750000e+02 1.488535e-09
3.850000e+02 2.474706e-09
3.950000e+02 4.104170e-09
4.050000e+02 6.317169e-09
4.140000e+02 9.350696e-09
4.220000e+02 1.267075e-08
4.300000e+02 1.750494e-08
4.410000e+02 2.641076e-08
4.510000e+02 3.743467e-08
4.600000e+02 5.019800e-08
4.700000e+02 7.014528e-08
4.800000e+02 9.555050e-08
4.900000e+02 1.294841e-07
5.000000e+02 1.725232e-07
5.060000e+02 1.430474e-06
5.120000e+02 5.846827e-06
5.200000e+02 6.744866e-06
5.300000e+02 8.301667e-06
5.400000e+02 8.661915e-06
5.500000e+02 1.247370e-05
5.600000e+02 1.458753e-05
5.700000e+02 1.760745e-05
5.800000e+02 1.726315e-05
5.900000e+02 2.243615e-05
6.000000e+02 2.589900e-05
6.100000e+02 3.048794e-05
6.200000e+02 3.415031e-05
6.300000e+02 3.854941e-05
6.400000e+02 4.073498e-05
6.500000e+02 4.709953e-05
6.580000e+02 5.237418e-05
6.650000e+02 5.591590e-05
6.750000e+02 5.852881e-05
6.850000e+02 6.337352e-05
6.950000e+02 7.542507e-05
7.050000e+02 7.944189e-05
7.160000e+02 8.959717e-05
7.260000e+02 9.580536e-05
7.350000e+02 1.016247e-04
7.450000e+02 1.142765e-04
7.550000e+02 1.239192e-04
7.650000e+02 1.340250e-04
7.750000e+02 1.455133e-04
7.850000e+02 1.572573e-04
7.950000e+02 1.661305e-04
8.050000e+02 1.765890e-04
8.150000e+02 1.852157e-04
8.250000e+02 2.016557e-04
8.350000e+02 1.951651e-04
8.450000e+02 2.201109e-04
8.550000e+02 2.314269e-04
8.650000e+02 2.475387e-04
8.750000e+02 2.655803e-04
8.850000e+02 2.851052e-04
8.950000e+02 3.006796e-04
9.050000e+02 3.079202e-04
9.150000e+02 4.863570e-04
9.250000e+02 3.591369e-03
9.350000e+02 9.744064e-03
9.450000e+02 2.295402e-02
9.550000e+02 3.184969e-02
9.650000e+02 3.908482e-02
9.750000e+02 8.146157e-03
9.850000e+02 3.969449e-02
9.950000e+02 3.777383e-02
1.005000e+03 4.545505e-02
1.015000e+03 4.128995e-02
1.025000e+03 1.524383e-02
1.035000e+03 3.184992e-02
1.045000e+03 5.054053e-02
1.055000e+03 4.826526e-02
1.065000e+03 4.137177e-02
1.075000e+03 4.614535e-02
1.085000e+03 3.938374e-02
1.095000e+03 4.620468e-02
1.105000e+03 4.292254e-02
1.115000e+03 4.221757e-02
1.125000e+03 3.764893e-02
1.135000e+03 4.294128e-02
1.145000e+03 3.937715e-02
1.155000e+03 4.046151e-02
1.165000e+03 4.078291e-02
1.175000e+03 3.055175e-02
1.185000e+03 3.912692e-02
1.195000e+03 3.337355e-02
1.205000e+03 2.545217e-02
1.215000e+03 1.270713e-02
1.225000e+03 2.850794e-02
1.235000e+03 3.556781e-02
1.245000e+03 3.663973e-02
1.255000e+03 3.529101e-02
1.265000e+03 3.340506e-02
1.275000e+03 3.590609e-02
1.285000e+03 3.554467e-02
1.295000e+03 3.068660e-02
1.305000e+03 3.096572e-02
1.315000e+03 3.402333e-02
1.325000e+03 3.225975e-02
1.335000e+03 3.022612e-02
1.345000e+03 3.170157e-02
1.355000e+03 3.125020e-02
1.365000e+03 2.928312e-02
1.375000e+03 2.900236e-02
1.385000e+03 2.898081e-02
1.395000e+03 2.504930e-02
1.405000e+03 2.589518e-02
1.415000e+03 2.687768e-02
1.425000e+03 2.640619e-02
1.435000e+03 2.649232e-02
1.442000e+03 2.685648e-02
1.447000e+03 2.645668e-02
1.455000e+03 2.589852e-02
1.465000e+03 2.452535e-02
1.475000e+03 2.432152e-02
1.485000e+03 2.390584e-02
1.495000e+03 2.363331e-02
1.505000e+03 2.229183e-02
1.512000e+03 2.040311e-02
1.517000e+03 2.101784e-02
1.525000e+03 2.114000e-02
1.535000e+03 1.902396e-02
1.545000e+03 1.932073e-02
1.555000e+03 1.844145e-02
1.565000e+03 1.906547e-02
1.575000e+03 1.971690e-02
1.585000e+03 1.962737e-02
1.595000e+03 1.968184e-02
1.605000e+03 1.923777e-02
1.615000e+03 1.897422e-02
1.625000e+03 1.854351e-02
1.635000e+03 1.904525e-02
1.645000e+03 1.879046e-02
1.655000e+03 1.823538e-02
1.665000e+03 1.872346e-02
1.672000e+03 1.791756e-02
1.677000e+03 1.862907e-02
1.685000e+03 1.850623e-02
1.695000e+03 1.776720e-02
1.705000e+03 1.714826e-02
1.715000e+03 1.643304e-02
1.725000e+03 1.621061e-02
1.735000e+03 1.659071e-02
1.745000e+03 1.612869e-02
1.755000e+03 1.640696e-02
1.765000e+03 1.561201e-02
1.775000e+03 1.541883e-02
1.785000e+03 1.546573e-02
1.795000e+03 1.571737e-02
1.805000e+03 1.564346e-02
1.815000e+03 1.457288e-02
1.825000e+03 1.484180e-02
1.835000e+03 1.440514e-02
1.845000e+03 1.337230e-02
1.855000e+03 1.321325e-02
1.865000e+03 1.337721e-02
1.875000e+03 1.387420e-02
1.885000e+03 1.269919e-02
1.895000e+03 1.196543e-02
1.905000e+03 1.270730e-02
1.915000e+03 1.210537e-02
1.925000e+03 1.171707e-02
1.935000e+03 1.212406e-02
1.945000e+03 1.235216e-02
1.955000e+03 1.143044e-02
1.967000e+03 1.206319e-02
1.976000e+03 1.240941e-02
1.984000e+03 1.167214e-02
1.995000e+03 1.138748e-02
2.005000e+03 1.158095e-02
2.015000e+03 1.144526e-02
2.025000e+03 1.171404e-02
2.035000e+03 1.098346e-02
2.045000e+03 1.103736e-02
2.055000e+03 1.069722e-02
2.065000e+03 1.077971e-02
2.074000e+03 1.115853e-02
2.078000e+03 1.047979e-02
2.085000e+03 1.071045e-02
2.095000e+03 1.022369e-02
2.105000e+03 1.043462e-02
2.115000e+03 1.037272e-02
2.125000e+03 1.046998e-02
2.135000e+03 1.018609e-02
2.145000e+03 9.875433e-03
2.155000e+03 1.009846e-02
2.165000e+03 9.939077e-03
2.175000e+03 9.798533e-03
2.185000e+03 9.620831e-03
2.195000e+03 9.704285e-03
2.205000e+03 9.525462e-03
2.215000e+03 9.346876e-03
2.225000e+03 9.100716e-03
2.235000e+03 9.147435e-03
2.245000e+03 9.053102e-03
2.255000e+03 8.829442e-03
2.265000e+03 8.854855e-03
2.275000e+03 8.796991e-03
2.285000e+03 8.788348e-03
2.295000e+03 8.448362e-03
2.305000e+03 8.480156e-03
2.315000e+03 8.267800e-03
2.325000e+03 7.247908e-03
2.335000e+03 7.943011e-03
2.345000e+03 7.831795e-03
2.355000e+03 7.902907e-03
2.365000e+03 7.699626e-03
2.375000e+03 7.660940e-03
2.385000e+03 7.480961e-03
2.395000e+03 7.526694e-03
2.405000e+03 7.359194e-03
2.415000e+03 7.306712e-03
2.425000e+03 7.345188e-03
2.435000e+03 7.140518e-03
2.445000e+03 7.178037e-03
2.455000e+03 7.126534e-03
2.465000e+03 7.002819e-03
2.475000e+03 6.900278e-03
2.485000e+03 6.902529e-03
2.495000e+03 6.576270e-03
2.505000e+03 6.790874e-03
2.513000e+03 6.515739e-03
2.518000e+03 6.659890e-03
2.525000e+03 6.513078e-03
2.535000e+03 6.429214e-03
2.545000e+03 6.324126e-03
2.555000e+03 6.395179e-03
2.565000e+03 6.307376e-03
2.575000e+03 6.337633e-03
2.585000e+03 6.280537e-03
2.595000e+03 6.211501e-03
2.605000e+03 6.100413e-03
2.615000e+03 6.036655e-03
2.625000e+03 6.009801e-03
2.635000e+03 5.967079e-03
2.645000e+03 6.041328e-03
2.655000e+03 5.989302e-03
2.665000e+03 5.834533e-03
2.675000e+03 5.841067e-03
2.685000e+03 5.805875e-03
2.695000e+03 5.664673e-03
2.705000e+03 5.649456e-03
2.715000e+03 5.563767e-03
2.725000e+03 5.488738e-03
2.735000e+03 5.515452e-03
2.745000e+03 5.299744e-03
2.755000e+03 5.276959e-03
2.765000e+03 5.265236e-03
2.775000e+03 5.306288e-03
2.785000e+03 5.232205e-03
2.795000e+03 4.958114e-03
2.805000e+03 5.036091e-03
2.815000e+03 5.126515e-03
2.825000e+03 5.056215e-03
2.835000e+03 4.922576e-03
2.845000e+03 4.922656e-03
2.855000e+03 4.879615e-03
2.865000e+03 4.890300e-03
2.875000e+03 4.827965e-03
2.885000e+03 4.796678e-03
2.895000e+03 4.746755e-03
2.910000e+03 4.718260e-03
2.930000e+03 4.610490e-03
2.950000e+03 4.501495e-03
2.970000e+03 4.455976e-03
2.990000e+03 4.373064e-03
3.010000e+03 4.302365e-03
3.030000e+03 4.247397e-03
3.050000e+03 4.172378e-03
3.070000e+03 4.100103e-03
3.090000e+03 4.025010e-03
3.110000e+03 3.962153e-03
3.130000e+03 3.888051e-03
3.150000e+03 3.831883e-03
3.170000e+03 3.765971e-03
3.190000e+03 3.664220e-03
3.210000e+03 3.642778e-03
3.230000e+03 3.572133e-03
3.250000e+03 3.529558e-03
3.270000e+03 3.485095e-03
3.290000e+03 3.427633e-03
3.310000e+03 3.379016e-03
3.330000e+03 3.321388e-03
3.350000e+03 3.258348e-03
3.370000e+03 3.202530e-03
3.390000e+03 3.156873e-03
3.410000e+03 3.115821e-03
3.430000e+03 3.042276e-03
3.450000e+03 3.001186e-03
3.470000e+03 2.975294e-03
3.490000e+03 2.936751e-03
3.510000e+03 2.907536e-03
3.530000e+03 2.857832e-03
3.550000e+03 2.828476e-03
3.570000e+03 2.768666e-03
3.590000e+03 2.715704e-03
3.610000e+03 2.691897e-03
3.630000e+03 2.661088e-03
3.640000e+03 2.658902e-03
3.650000e+03 2.648116e-03
3.670000e+03 2.604166e-03
3.690000e+03 2.532669e-03
3.710000e+03 2.628043e-03
3.730000e+03 2.585537e-03
3.750000e+03 2.894792e-03
3.770000e+03 2.926681e-03
3.790000e+03 3.146279e-03
3.810000e+03 3.354611e-03
3.830000e+03 2.879146e-03
3.850000e+03 3.421260e-03
3.870000e+03 3.502625e-03
3.890000e+03 2.716881e-03
3.910000e+03 3.476032e-03
3.930000e+03 3.292975e-03
3.950000e+03 3.353359e-03
3.970000e+03 2.482442e-03
3.990000e+03 3.303389e-03
4.010000e+03 3.375340e-03
4.030000e+03 3.275521e-03
4.050000e+03 3.301976e-03
4.070000e+03 3.206619e-03
4.090000e+03 2.968380e-03
4.110000e+03 2.562054e-03
4.130000e+03 3.059874e-03
4.150000e+03 3.067978e-03
4.170000e+03 3.042559e-03
4.190000e+03 3.011518e-03
4.210000e+03 2.985318e-03
4.230000e+03 2.942930e-03
4.250000e+03 2.908285e-03
4.270000e+03 2.836407e-03
4.290000e+03 2.801947e-03
4.310000e+03 2.696645e-03
4.330000e+03 2.489926e-03
4.350000e+03 2.260535e-03
4.370000e+03 2.688366e-03
4.390000e+03 2.629514e-03
4.410000e+03 2.636950e-03
4.430000e+03 2.632584e-03
4.450000e+03 2.613111e-03
4.470000e+03 2.539982e-03
4.490000e+03 2.571109e-03
4.510000e+03 2.600866e-03
4.530000e+03 2.520819e-03
4.550000e+03 2.493784e-03
4.570000e+03 2.506901e-03
4.590000e+03 2.453740e-03
4.610000e+03 2.450541e-03
4.630000e+03 2.408635e-03
4.650000e+03 2.387430e-03
4.670000e+03 2.379106e-03
4.690000e+03 2.349499e-03
4.710000e+03 2.286881e-03
4.730000e+03 2.300973e-03
4.750000e+03 2.293704e-03
4.770000e+03 2.280016e-03
4.790000e+03 2.249124e-03
4.810000e+03 2.215719e-03
4.830000e+03 2.184051e-03
4.850000e+03 1.996175e-03
4.870000e+03 1.766814e-03
4.890000e+03 2.102537e-03
4.910000e+03 2.103796e-03
4.930000e+03 2.052355e-03
4.950000e+03 2.088478e-03
4.970000e+03 2.066053e-03
4.990000e+03 2.011130e-03
5.010000e+03 1.950368e-03
5.030000e+03 1.978939e-03
5.050000e+03 1.948713e-03
5.070000e+03 1.965183e-03
5.090000e+03 1.918403e-03
5.110000e+03 1.909937e-03
5.130000e+03 1.871442e-03
5.150000e+03 1.842420e-03
5.170000e+03 1.813519e-03
5.190000e+03 1.813947e-03
5.210000e+03 1.805722e-03
5.230000e+03 1.804001e-03
5.250000e+03 1.803354e-03
5.270000e+03 1.739423e-03
5.290000e+03 1.779456e-03
5.310000e+03 1.785340e-03
5.330000e+03 1.724733e-03
5.350000e+03 1.753345e-03
5.370000e+03 1.739710e-03
5.390000e+03 1.707992e-03
5.410000e+03 1.688078e-03
5.430000e+03 1.676885e-03
5.450000e+03 1.692149e-03
5.470000e+03 1.661311e-03
5.490000e+03 1.646417e-03
5.510000e+03 1.633861e-03
5.530000e+03 1.633239e-03
5.550000e+03 1.631059e-03
5.570000e+03 1.609221e-03
5.590000e+03 1.585768e-03
5.610000e+03 1.593984e-03
5.630000e+03 1.576621e-03
5.650000e+03 1.567266e-03
5.670000e+03 1.541628e-03
5.690000e+03 1.548038e-03
5.710000e+03 1.516156e-03
5.730000e+03 1.547901e-03
5.750000e+03 1.517871e-03
5.770000e+03 1.516893e-03
5.790000e+03 1.485234e-03
5.810000e+03 1.495819e-03
5.830000e+03 1.500766e-03
5.850000e+03 1.475412e-03
5.870000e+03 1.450961e-03
5.890000e+03 1.412845e-03
5.910000e+03 1.442664e-03
5.930000e+03 1.435127e-03
5.950000e+03 1.424309e-03
5.970000e+03 1.428536e-03
5.990000e+03 1.407194e-03
6.010000e+03 1.390185e-03
6.030000e+03 1.393998e-03
6.050000e+03 1.394093e-03
6.070000e+03 1.381607e-03
6.090000e+03 1.354010e-03
6.110000e+03 1.348323e-03
6.130000e+03 1.314602e-03
6.150000e+03 1.320522e-03
6.170000e+03 1.298825e-03
6.190000e+03 1.317501e-03
6.210000e+03 1.306174e-03
6.230000e+03 1.281069e-03
6.250000e+03 1.250899e-03
6.270000e+03 1.272050e-03
6.290000e+03 1.272456e-03
6.310000e+03 1.251528e-03
6.330000e+03 1.253940e-03
6.350000e+03 1.247873e-03
6.370000e+03 1.238919e-03
6.390000e+03 1.237360e-03
6.410000e+03 1.221649e-03
6.430000e+03 1.218951e-03
6.450000e+03 1.214049e-03
6.470000e+03 1.205100e-03
6.490000e+03 1.181238e-03
6.510000e+03 1.192382e-03
6.530000e+03 1.184268e-03
6.550000e+03 1.134651e-03
6.570000e+03 1.029327e-03
6.590000e+03 1.151834e-03
6.610000e+03 1.160555e-03
6.630000e+03 1.158037e-03
6.650000e+03 1.151047e-03
6.670000e+03 1.133051e-03
6.690000e+03 1.143995e-03
6.710000e+03 1.122956e-03
6.730000e+03 1.134567e-03
6.750000e+03 1.118892e-03
6.770000e+03 1.117648e-03
6.790000e+03 1.107973e-03
6.810000e+03 1.102052e-03
6.830000e+03 1.102006e-03
6.850000e+03 1.082115e-03
6.870000e+03 1.084121e-03
6.890000e+03 1.087438e-03
6.910000e+03 1.076410e-03
6.930000e+03 1.064824e-03
6.950000e+03 1.049879e-03
6.970000e+03 1.050473e-03
6.990000e+03 1.040002e-03
7.010000e+03 1.023199e-03
7.030000e+03 1.028766e-03
7.050000e+03 1.031436e-03
7.070000e+03 1.011867e-03
7.090000e+03 1.010718e-03
7.110000e+03 9.971909e-04
7.130000e+03 9.856044e-04
7.150000e+03 9.830712e-04
7.170000e+03 9.848314e-04
7.190000e+03 9.631999e-04
7.210000e+03 9.705822e-04
7.230000e+03 9.733022e-04
7.250000e+03 9.699949e-04
7.270000e+03 9.634726e-04
7.290000e+03 9.431282e-04
7.310000e+03 9.481306e-04
7.330000e+03 9.459900e-04
7.350000e+03 9.397222e-04
7.370000e+03 9.464952e-04
7.390000e+03 9.317605e-04
7.410000e+03 9.189649e-04
7.430000e+03 9.246389e-04
7.450000e+03 9.231111e-04
7.470000e+03 9.193400e-04
7.490000e+03 9.115047e-04
7.510000e+03 9.127795e-04
7.530000e+03 9.128727e-04
7.550000e+03 9.125249e-04
7.570000e+03 9.045597e-04
7.590000e+03 8.979313e-04
7.610000e+03 8.960190e-04
7.630000e+03 8.931264e-04
7.650000e+03 8.907951e-04
7.670000e+03 8.722287e-04
7.690000e+03 8.833733e-04
7.710000e+03 8.677060e-04
7.730000e+03 8.680638e-04
7.750000e+03 8.608339e-04
7.770000e+03 8.648177e-04
7.790000e+03 8.624893e-04
7.810000e+03 8.600495e-04
7.830000e+03 8.515749e-04
7.850000e+03 8.436397e-04
7.870000e+03 8.412406e-04
7.890000e+03 8.220178e-04
7.910000e+03 8.059065e-04
7.930000e+03 8.044625e-04
7.950000e+03 7.943559e-04
7.970000e+03 8.093117e-04
7.990000e+03 8.043401e-04
8.010000e+03 8.169726e-04
8.030000e+03 8.147488e-04
8.050000e+03 8.073954e-04
8.070000e+03 8.041928e-04
8.090000e+03 7.946040e-04
8.110000e+03 7.935808e-04
8.130000e+03 7.935225e-04
8.150000e+03 7.898414e-04
8.170000e+03 7.870298e-04
8.190000e+03 7.762387e-04
8.210000e+03 7.722148e-04
8.230000e+03 7.721106e-04
8.250000e+03 7.718982e-04
8.270000e+03 7.713981e-04
8.290000e+03 7.656423e-04
8.310000e+03 7.535052e-04
8.330000e+03 7.468531e-04
8.350000e+03 7.487895e-04
8.370000e+03 7.433406e-04
8.390000e+03 7.300653e-04
8.410000e+03 7.406962e-04
8.430000e+03 7.315480e-04
8.450000e+03 7.382089e-04
8.470000e+03 7.248485e-04
8.490000e+03 7.331807e-04
8.510000e+03 6.943454e-04
8.530000e+03 7.294937e-04
8.550000e+03 6.362246e-04
8.570000e+03 7.386245e-04
8.590000e+03 7.146691e-04
8.610000e+03 7.078414e-04
8.630000e+03 7.316645e-04
8.650000e+03 7.183673e-04
8.670000e+03 6.233957e-04
8.690000e+03 7.107010e-04
8.710000e+03 7.224591e-04
8.730000e+03 7.140798e-04
8.750000e+03 6.709330e-04
8.770000e+03 7.038754e-04
8.790000e+03 7.114722e-04
8.810000e+03 7.038249e-04
8.830000e+03 7.005171e-04
8.850000e+03 6.849092e-04
8.870000e+03 6.530114e-04
8.890000e+03 6.934664e-04
8.910000e+03 6.970653e-04
8.930000e+03 6.909185e-04
8.950000e+03 6.860140e-04
8.970000e+03 6.848983e-04
8.990000e+03 6.781234e-04
9.010000e+03 6.312355e-04
9.030000e+03 6.553690e-04
9.050000e+03 6.749150e-04
9.070000e+03 6.700702e-04
9.090000e+03 6.583739e-04
9.110000e+03 6.633392e-04
9.130000e+03 6.632305e-04
9.150000e+03 6.607353e-04
9.170000e+03 6.571008e-04
9.190000e+03 6.554896e-04
9.210000e+03 6.387195e-04
9.230000e+03 6.060940e-04
9.250000e+03 6.306880e-04
9.270000e+03 6.387094e-04
9.290000e+03 6.391919e-04
9.310000e+03 6.394433e-04
9.330000e+03 6.365211e-04
9.350000e+03 6.324313e-04
9.370000e+03 6.246066e-04
9.390000e+03 6.277830e-04
9.410000e+03 6.172989e-04
9.430000e+03 6.223912e-04
9.450000e+03 6.159052e-04
9.470000e+03 6.165300e-04
9.490000e+03 6.140490e-04
9.510000e+03 6.084967e-04
9.530000e+03 5.971353e-04
9.550000e+03 5.647711e-04
9.570000e+03 5.921655e-04
9.590000e+03 5.995552e-04
9.610000e+03 5.940028e-04
9.630000e+03 5.925380e-04
9.650000e+03 5.856140e-04
9.670000e+03 5.842092e-04
9.690000e+03 5.856255e-04
9.710000e+03 5.815128e-04
9.730000e+03 5.784684e-04
9.750000e+03 5.753965e-04
9.770000e+03 5.745590e-04
9.790000e+03 5.678737e-04
9.810000e+03 5.726478e-04
9.830000e+03 5.700424e-04
9.850000e+03 5.682263e-04
9.870000e+03 5.640822e-04
9.890000e+03 5.614670e-04
9.910000e+03 5.595428e-04
9.930000e+03 5.580509e-04
9.950000e+03 5.560776e-04
9.970000e+03 5.538556e-04
9.990000e+03 5.507151e-04
1.002500e+04 5.353980e-04
1.007500e+04 5.241689e-04
1.012500e+04 5.308119e-04
1.017500e+04 5.232368e-04
1.022500e+04 5.203296e-04
1.027500e+04 5.172704e-04
1.032500e+04 5.067897e-04
1.037500e+04 5.020183e-04
1.042500e+04 4.999572e-04
1.047500e+04 4.928673e-04
1.052500e+04 4.904644e-04
1.057500e+04 4.836082e-04
1.062500e+04 4.786695e-04
1.067500e+04 4.694914e-04
1.072500e+04 4.675845e-04
1.077500e+04 4.613212e-04
1.082500e+04 4.540985e-04
1.087500e+04 4.507327e-04
1.092500e+04 4.389291e-04
1.097500e+04 4.400097e-04
1.102500e+04 4.419571e-04
1.107500e+04 4.391522e-04
1.112500e+04 4.340720e-04
1.117500e+04 4.283739e-04
1.122500e+04 4.263520e-04
1.127500e+04 4.191461e-04
1.132500e+04 4.155166e-04
1.137500e+04 4.112006e-04
1.142500e+04 4.054952e-04
1.147500e+04 4.065006e-04
1.152500e+04 4.032158e-04
1.157500e+04 3.971861e-04
1.162500e+04 3.904503e-04
1.167500e+04 3.885682e-04
1.172500e+04 3.888634e-04
1.177500e+04 3.813355e-04
1.182500e+04 3.782123e-04
1.187500e+04 3.715733e-04
1.192500e+04 3.748829e-04
1.197500e+04 3.633872e-04
1.202500e+04 3.663041e-04
1.207500e+04 3.613149e-04
1.212500e+04 3.592958e-04
1.217500e+04 3.582532e-04
1.222500e+04 3.545014e-04
1.227500e+04 3.507707e-04
1.232500e+04 3.481012e-04
1.237500e+04 3.451630e-04
1.242500e+04 3.421702e-04
1.247500e+04 3.400461e-04
1.252500e+04 3.359026e-04
1.257500e+04 3.335690e-04
1.262500e+04 3.306036e-04
1.267500e+04 3.273809e-04
1.272500e+04 3.258766e-04
1.277500e+04 3.228811e-04
1.282500e+04 3.086753e-04
1.287500e+04 3.158827e-04
1.292500e+04 3.130620e-04
1.297500e+04 3.132806e-04
1.302500e+04 3.096213e-04
1.307500e+04 3.086253e-04
1.312500e+04 3.040739e-04
1.317500e+04 3.018227e-04
1.322500e+04 3.007795e-04
1.327500e+04 2.957303e-04
1.332500e+04 2.960526e-04
1.337500e+04 2.929849e-04
1.342500e+04 2.929203e-04
1.347500e+04 2.904251e-04
1.352500e+04 2.885164e-04
1.357500e+04 2.837521e-04
1.362500e+04 2.817244e-04
1.367500e+04 2.809339e-04
1.372500e+04 2.798752e-04
1.377500e+04 2.777661e-04
1.382500e+04 2.764974e-04
1.387500e+04 2.732484e-04
1.392500e+04 2.731890e-04
1.397500e+04 2.718747e-04
1.402500e+04 2.675624e-04
1.407500e+04 2.681886e-04
1.412500e+04 2.648113e-04
1.417500e+04 2.651669e-04
1.422500e+04 2.607115e-04
1.427500e+04 2.575501e-04
1.432500e+04 2.592482e-04
1.437500e+04 2.589694e-04
1.442500e+04 2.521486e-04
1.447500e+04 2.553515e-04
1.452500e+04 2.512187e-04
1.457000e+04 2.514431e-04
1.462000e+04 2.506167e-04
1.467500e+04 2.494577e-04
1.472500e+04 2.450569e-04
1.477500e+04 2.451947e-04
1.482500e+04 2.438802e-04
1.487500e+04 2.409165e-04
1.492500e+04 2.429917e-04
1.497500e+04 2.398683e-04
1.502500e+04 2.373928e-04
1.507500e+04 2.345493e-04
1.512500e+04 2.367791e-04
1.517500e+04 2.360690e-04
1.522500e+04 2.352176e-04
1.527500e+04 2.338200e-04
1.532500e+04 2.318920e-04
1.537500e+04 2.332754e-04
1.542500e+04 2.307066e-04
1.547500e+04 2.313351e-04
1.552500e+04 2.285258e-04
1.557500e+04 2.211258e-04
1.562500e+04 2.260641e-04
1.567500e+04 2.227148e-04
1.572500e+04 2.220453e-04
1.577500e+04 2.144607e-04
1.582500e+04 2.170566e-04
1.587500e+04 2.107813e-04
1.592500e+04 2.173515e-04
1.597500e+04 2.132299e-04
1.605000e+04 2.125818e-04
1.615000e+04 2.087590e-04
1.625000e+04 2.074126e-04
1.635000e+04 2.070744e-04
1.645000e+04 1.965499e-04
1.655000e+04 2.004984e-04
1.665000e+04 1.930784e-04
1.675000e+04 1.916900e-04
1.685000e+04 1.839193e-04
1.695000e+04 1.863785e-04
1.705000e+04 1.801828e-04
1.715000e+04 1.786010e-04
1.725000e+04 1.746218e-04
1.735000e+04 1.679818e-04
1.745000e+04 1.683058e-04
1.755000e+04 1.651837e-04
1.765000e+04 1.628199e-04
1.775000e+04 1.592993e-04
1.785000e+04 1.570724e-04
1.795000e+04 1.544571e-04
1.805000e+04 1.508194e-04
1.815000e+04 1.469750e-04
1.825000e+04 1.453900e-04
1.835000e+04 1.431783e-04
1.845000e+04 1.400597e-04
1.855000e+04 1.382330e-04
1.865000e+04 1.348614e-04
1.875000e+04 1.305734e-04
1.885000e+04 1.309368e-04
1.895000e+04 1.264714e-04
1.905000e+04 1.270312e-04
1.915000e+04 1.244626e-04
1.925000e+04 1.225735e-04
1.935000e+04 1.194921e-04
1.945000e+04 1.160246e-04
1.955000e+04 1.160589e-04
1.965000e+04 1.141057e-04
1.975000e+04 1.119204e-04
1.985000e+04 1.103128e-04
1.995000e+04 1.085326e-04
2.005000e+04 1.075946e-04
2.015000e+04 1.060911e-04
2.025000e+04 1.034245e-04
2.035000e+04 1.015220e-04
2.045000e+04 1.009864e-04
2.055000e+04 9.918000e-05
2.065000e+04 9.720058e-05
2.075000e+04 9.581348e-05
2.085000e+04 9.431873e-05
2.095000e+04 9.238387e-05
2.105000e+04 9.162331e-05
2.115000e+04 8.988511e-05
2.125000e+04 8.850311e-05
2.135000e+04 8.751067e-05
2.145000e+04 8.612211e-05
2.155000e+04 8.475575e-05
2.165000e+04 8.223721e-05
2.175000e+04 8.165973e-05
2.185000e+04 8.056740e-05
2.195000e+04 7.959732e-05
2.205000e+04 7.778107e-05
2.215000e+04 7.727023e-05
2.225000e+04 7.554696e-05
2.235000e+04 7.457467e-05
2.245000e+04 7.358363e-05
2.255000e+04 7.249343e-05
2.265000e+04 7.124902e-05
2.275000e+04 7.053281e-05
2.285000e+04 6.915526e-05
2.295000e+04 6.012966e-05
2.305000e+04 6.374222e-05
2.315000e+04 6.297122e-05
2.325000e+04 5.531184e-05
2.335000e+04 5.880414e-05
2.345000e+04 5.816584e-05
2.355000e+04 5.116718e-05
2.365000e+04 5.499963e-05
2.375000e+04 5.418367e-05
2.385000e+04 4.857896e-05
2.395000e+04 5.158600e-05
2.405000e+04 5.159733e-05
2.415000e+04 4.693144e-05
2.425000e+04 4.919854e-05
2.435000e+04 4.912488e-05
2.445000e+04 4.616900e-05
2.455000e+04 4.615503e-05
2.465000e+04 4.744601e-05
2.475000e+04 4.576778e-05
2.485000e+04 4.370504e-05
2.495000e+04 4.495547e-05
2.505000e+04 4.595782e-05
2.515000e+04 4.215616e-05
2.525000e+04 4.347743e-05
2.535000e+04 4.365432e-05
2.545000e+04 4.249515e-05
2.555000e+04 4.171623e-05
2.565000e+04 4.169321e-05
2.575000e+04 4.188014e-05
2.585000e+04 3.972022e-05
2.595000e+04 4.019036e-05
2.605000e+04 4.029191e-05
2.615000e+04 3.916318e-05
2.625000e+04 3.850442e-05
2.635000e+04 3.885361e-05
2.645000e+04 3.859475e-05
2.655000e+04 3.774070e-05
2.665000e+04 3.700528e-05
2.675000e+04 3.746067e-05
2.685000e+04 3.706565e-05
2.695000e+04 3.610679e-05
2.705000e+04 3.619972e-05
2.715000e+04 3.578526e-05
2.725000e+04 3.560848e-05
2.735000e+04 3.466486e-05
2.745000e+04 3.466335e-05
2.755000e+04 3.430340e-05
2.765000e+04 3.385006e-05
2.775000e+04 3.332149e-05
2.785000e+04 3.318519e-05
2.795000e+04 3.301885e-05
2.805000e+04 3.258414e-05
2.815000e+04 3.203939e-05
2.825000e+04 3.178720e-05
2.835000e+04 3.155921e-05
2.845000e+04 3.113922e-05
2.855000e+04 3.074541e-05
2.865000e+04 3.036134e-05
2.875000e+04 2.985637e-05
2.885000e+04 2.972066e-05
2.895000e+04 2.939134e-05
2.905000e+04 2.902613e-05
2.915000e+04 2.874204e-05
2.925000e+04 2.826403e-05
2.935000e+04 2.812231e-05
2.945000e+04 2.766685e-05
2.955000e+04 2.737221e-05
2.965000e+04 2.711907e-05
2.975000e+04 2.679412e-05
2.985000e+04 2.645284e-05
2.995000e+04 2.613753e-05
3.005000e+04 2.581645e-05
3.015000e+04 2.555615e-05
3.025000e+04 2.521069e-05
3.035000e+04 2.466844e-05
3.045000e+04 2.457508e-05
3.055000e+04 2.429859e-05
3.065000e+04 2.400594e-05
3.075000e+04 2.377543e-05
3.085000e+04 2.343651e-05
3.095000e+04 2.315939e-05
3.105000e+04 2.294714e-05
3.115000e+04 2.254685e-05
3.125000e+04 2.237533e-05
3.135000e+04 2.212806e-05
3.145000e+04 2.186061e-05
3.155000e+04 2.155368e-05
3.165000e+04 2.132492e-05
3.175000e+04 2.110207e-05
3.185000e+04 2.085116e-05
3.195000e+04 2.063030e-05
3.210000e+04 2.024748e-05
3.230000e+04 1.977806e-05
3.250000e+04 1.932124e-05
3.270000e+04 1.886863e-05
3.290000e+04 1.833935e-05
3.310000e+04 1.800129e-05
3.330000e+04 1.758392e-05
3.350000e+04 1.723350e-05
3.370000e+04 1.683457e-05
3.390000e+04 1.643029e-05
3.410000e+04 1.606262e-05
3.430000e+04 1.576267e-05
3.450000e+04 1.543005e-05
3.470000e+04 1.509173e-05
3.490000e+04 1.477144e-05
3.510000e+04 1.446375e-05
3.530000e+04 1.412758e-05
3.550000e+04 1.385259e-05
3.570000e+04 1.354495e-05
3.590000e+04 1.327172e-05
3.610000e+04 1.300587e-05
3.630000e+04 1.275461e-05
3.650000e+04 1.244321e-05
3.670000e+04 1.219802e-05
3.690000e+04 1.189562e-05
3.710000e+04 1.166316e-05
3.730000e+04 1.145006e-05
3.750000e+04 1.113215e-05
3.770000e+04 1.101668e-05
3.790000e+04 1.079540e-05
3.810000e+04 1.058084e-05
3.830000e+04 1.039292e-05
3.850000e+04 1.020622e-05
3.870000e+04 9.983609e-06
3.890000e+04 9.798025e-06
3.910000e+04 9.598974e-06
3.930000e+04 9.437273e-06
3.950000e+04 9.231582e-06
3.970000e+04 9.071495e-06
3.990000e+04 8.854388e-06
4.010000e+04 8.706622e-06
4.030000e+04 8.554446e-06
4.050000e+04 8.361759e-06
4.070000e+04 8.247118e-06
4.090000e+04 8.098402e-06
4.110000e+04 7.960255e-06
4.130000e+04 7.819313e-06
4.150000e+04 7.661834e-06
4.170000e+04 7.500211e-06
4.190000e+04 7.380885e-06
4.210000e+04 7.233045e-06
4.230000e+04 7.138186e-06
4.250000e+04 6.991062e-06
4.270000e+04 6.883735e-06
4.290000e+04 6.420136e-06
4.310000e+04 6.046361e-06
4.330000e+04 6.144673e-06
4.350000e+04 5.730427e-06
4.370000e+04 5.568065e-06
4.390000e+04 5.445216e-06
4.410000e+04 5.052702e-06
4.430000e+04 5.052758e-06
4.450000e+04 4.907917e-06
4.470000e+04 4.616294e-06
4.490000e+04 4.728072e-06
4.510000e+04 4.556634e-06
4.530000e+04 4.345250e-06
4.550000e+04 4.394683e-06
4.570000e+04 4.329964e-06
4.590000e+04 4.084388e-06
4.610000e+04 4.189835e-06
4.630000e+04 4.066210e-06
4.650000e+04 4.014029e-06
4.670000e+04 3.989760e-06
4.690000e+04 3.924194e-06
4.710000e+04 3.825701e-06
4.730000e+04 3.877808e-06
4.750000e+04 3.782639e-06
4.770000e+04 3.734855e-06
4.790000e+04 3.675535e-06
4.810000e+04 3.579356e-06
4.830000e+04 3.639148e-06
4.850000e+04 3.553002e-06
4.870000e+04 3.469765e-06
4.890000e+04 3.451123e-06
4.910000e+04 3.381415e-06
4.930000e+04 3.341490e-06
4.950000e+04 3.284334e-06
4.970000e+04 3.278333e-06
4.990000e+04 3.215192e-06
5.010000e+04 3.200895e-06
5.030000e+04 3.156120e-06
5.050000e+04 3.068234e-06
5.070000e+04 3.045459e-06
5.090000e+04 3.016830e-06
5.110000e+04 2.953939e-06
5.130000e+04 2.918058e-06
5.150000e+04 2.878987e-06
5.170000e+04 2.893927e-06
5.190000e+04 2.824716e-06
5.210000e+04 2.784253e-06
5.230000e+04 2.745801e-06
5.250000e+04 2.732723e-06
5.270000e+04 2.743397e-06
5.290000e+04 2.647680e-06
5.310000e+04 2.607332e-06
5.330000e+04 2.599751e-06
5.350000e+04 2.566753e-06
5.370000e+04 2.538859e-06
5.390000e+04 2.514273e-06
5.410000e+04 2.484905e-06
5.430000e+04 2.434414e-06
5.450000e+04 2.434789e-06
5.470000e+04 2.384171e-06
5.490000e+04 2.367752e-06
5.510000e+04 2.324217e-06
5.530000e+04 2.355527e-06
5.550000e+04 2.272694e-06
5.570000e+04 2.283949e-06
5.590000e+04 2.236033e-06
5.610000e+04 2.231048e-06
5.630000e+04 2.177293e-06
5.650000e+04 2.177933e-06
5.670000e+04 2.147538e-06
5.690000e+04 2.100776e-06
5.710000e+04 2.103005e-06
5.730000e+04 2.078819e-06
5.750000e+04 2.052800e-06
5.770000e+04 2.024170e-06
5.790000e+04 2.015816e-06
5.810000e+04 1.982919e-06
5.830000e+04 1.962156e-06
5.850000e+04 1.940787e-06
5.870000e+04 1.906553e-06
5.890000e+04 1.889847e-06
5.910000e+04 1.864077e-06
5.930000e+04 1.852837e-06
5.950000e+04 1.824206e-06
5.970000e+04 1.813632e-06
5.990000e+04 1.792373e-06
6.010000e+04 1.772938e-06
6.030000e+04 1.751474e-06
6.050000e+04 1.722278e-06
6.070000e+04 1.705599e-06
6.090000e+04 1.684490e-06
6.110000e+04 1.661858e-06
6.130000e+04 1.648035e-06
6.150000e+04 1.631957e-06
6.170000e+04 1.620422e-06
6.190000e+04 1.599280e-06
6.210000e+04 1.585092e-06
6.230000e+04 1.560937e-06
6.250000e+04 1.537536e-06
6.270000e+04 1.521627e-06
6.290000e+04 1.504978e-06
6.310000e+04 1.487594e-06
6.330000e+04 1.476954e-06
6.350000e+04 1.456479e-06
6.370000e+04 1.447575e-06
6.390000e+04 1.421422e-06
6.420000e+04 1.402170e-06
6.460000e+04 1.368241e-06
6.500000e+04 1.339089e-06
6.540000e+04 1.308059e-06
6.580000e+04 1.281624e-06
6.620000e+04 1.251331e-06
6.660000e+04 1.224107e-06
6.700000e+04 1.198393e-06
6.740000e+04 1.170373e-06
6.780000e+04 1.144847e-06
6.820000e+04 1.119684e-06
6.860000e+04 1.096451e-06
6.900000e+04 1.071169e-06
6.940000e+04 1.048295e-06
6.980000e+04 1.025725e-06
7.020000e+04 1.003141e-06
7.060000e+04 9.824121e-07
7.100000e+04 9.609200e-07
7.140000e+04 9.408428e-07
7.180000e+04 9.204404e-07
7.220000e+04 9.011691e-07
7.260000e+04 8.819141e-07
7.300000e+04 8.635856e-07
7.340000e+04 8.452635e-07
7.380000e+04 8.279208e-07
7.420000e+04 8.100590e-07
7.460000e+04 7.912313e-07
7.500000e+04 7.753512e-07
7.540000e+04 7.609288e-07
7.580000e+04 7.459630e-07
7.620000e+04 7.307689e-07
7.660000e+04 7.160647e-07
7.700000e+04 7.015704e-07
7.740000e+04 6.876111e-07
7.780000e+04 6.739916e-07
7.820000e+04 6.605229e-07
7.860000e+04 6.474970e-07
7.900000e+04 6.347250e-07
7.940000e+04 6.223057e-07
7.980000e+04 6.102462e-07
8.020000e+04 5.982150e-07
8.060000e+04 5.865760e-07
8.100000e+04 5.755064e-07
8.140000e+04 5.643087e-07
8.180000e+04 5.537031e-07
8.220000e+04 5.433436e-07
8.260000e+04 5.330539e-07
8.300000e+04 5.230717e-07
8.340000e+04 5.131022e-07
8.380000e+04 5.036003e-07
8.420000e+04 4.944218e-07
8.460000e+04 4.852818e-07
8.500000e+04 4.763765e-07
8.540000e+04 4.676863e-07
8.580000e+04 4.590943e-07
8.620000e+04 4.509232e-07
8.660000e+04 4.427938e-07
8.700000e+04 4.348998e-07
8.740000e+04 4.271431e-07
8.780000e+04 4.194550e-07
8.820000e+04 4.119551e-07
8.860000e+04 4.047444e-07
8.900000e+04 3.975428e-07
8.940000e+04 3.907367e-07
8.980000e+04 3.838188e-07
9.020000e+04 3.772731e-07
9.060000e+04 3.708369e-07
9.100000e+04 3.642568e-07
9.140000e+04 3.581969e-07
9.180000e+04 3.521497e-07
9.220000e+04 3.462231e-07
9.260000e+04 3.403781e-07
9.300000e+04 3.346696e-07
9.340000e+04 3.290518e-07
9.380000e+04 3.235747e-07
9.420000e+04 3.181799e-07
9.460000e+04 3.129090e-07
9.500000e+04 3.077461e-07
9.540000e+04 3.027181e-07
9.580000e+04 2.977999e-07
9.620000e+04 2.929179e-07
9.660000e+04 2.882308e-07
9.700000e+04 2.835736e-07
9.740000e+04 2.788088e-07
9.780000e+04 2.744961e-07
9.820000e+04 2.701278e-07
9.860000e+04 2.659037e-07
9.900000e+04 2.616767e-07
9.940000e+04 2.575234e-07
9.980000e+04 2.534889e-07
1.002000e+05 2.495330e-07
2.000000e+05 1.616085e-08
4.000000e+05 1.014439e-09
6.000000e+05 1.992348e-10
8.000000e+05 6.258815e-11
1.000000e+06 2.545345e-11
1.200000e+06 1.219135e-11
1.400000e+06 6.539423e-12
1.600000e+06 3.810628e-12
