9.100000e+01 0.000000e+00
9.400000e+01 0.000000e+00
9.600000e+01 0.000000e+00
9.800000e+01 0.000000e+00
1.000000e+02 0.000000e+00
1.020000e+02 0.000000e+00
1.040000e+02 0.000000e+00
1.060000e+02 0.000000e+00
1.080000e+02 0.000000e+00
1.100000e+02 0.000000e+00
1.140000e+02 0.000000e+00
1.180000e+02 0.000000e+00
1.210000e+02 0.000000e+00
1.250000e+02 0.000000e+00
1.270000e+02 0.000000e+00
1.280000e+02 0.000000e+00
1.310000e+02 0.000000e+00
1.320000e+02 0.000000e+00
1.340000e+02 0.000000e+00
1.370000e+02 0.000000e+00
1.400000e+02 0.000000e+00
1.430000e+02 0.000000e+00
1.470000e+02 0.000000e+00
1.510000e+02 0.000000e+00
1.550000e+02 0.000000e+00
1.590000e+02 0.000000e+00
1.620000e+02 0.000000e+00
1.660000e+02 0.000000e+00
1.700000e+02 0.000000e+00
1.730000e+02 0.000000e+00
1.770000e+02 0.000000e+00
1.800000e+02 0.000000e+00
1.820000e+02 0.000000e+00
1.860000e+02 0.000000e+00
1.910000e+02 0.000000e+00
1.940000e+02 0.000000e+00
1.980000e+02 0.000000e+00
2.020000e+02 0.000000e+00
2.050000e+02 0.000000e+00
2.100000e+02 0.000000e+00
2.160000e+02 0.000000e+00
2.200000e+02 0.000000e+00
2.230000e+02 0.000000e+00
2.270000e+02 0.000000e+00
2.300000e+02 2.021833e-18
2.340000e+02 4.851218e-18
2.400000e+02 1.269132e-17
2.460000e+02 3.400727e-17
2.520000e+02 7.985279e-17
2.570000e+02 1.407824e-16
2.600000e+02 2.309904e-16
2.640000e+02 3.867069e-16
2.690000e+02 6.772683e-16
2.740000e+02 1.235295e-15
2.790000e+02 2.225474e-15
2.840000e+02 4.281274e-15
2.900000e+02 8.137040e-15
2.960000e+02 1.509789e-14
3.010000e+02 2.472873e-14
3.080000e+02 4.846256e-14
3.180000e+02 1.244461e-13
3.280000e+02 2.836029e-13
3.380000e+02 6.461725e-13
3.480000e+02 1.367897e-12
3.570000e+02 3.640561e-12
3.660000e+02 6.882121e-12
3.750000e+02 1.164892e-11
3.850000e+02 2.098716e-11
3.950000e+02 3.760382e-11
4.050000e+02 6.308311e-11
4.140000e+02 1.001926e-10
4.220000e+02 1.469432e-10
4.300000e+02 2.165279e-10
4.410000e+02 3.538180e-10
4.510000e+02 5.351339e-10
4.600000e+02 7.622699e-10
4.700000e+02 1.134624e-09
4.800000e+02 1.643003e-09
4.900000e+02 2.367399e-09
5.000000e+02 3.331157e-09
5.060000e+02 6.190490e-08
5.120000e+02 5.557462e-07
5.200000e+02 6.817137e-07
5.300000e+02 9.050834e-07
5.400000e+02 9.821367e-07
5.500000e+02 1.591135e-06
5.600000e+02 1.925131e-06
5.700000e+02 2.480217e-06
5.800000e+02 2.419691e-06
5.900000e+02 3.381045e-06
6.000000e+02 4.191154e-06
6.100000e+02 5.227000e-06
6.200000e+02 5.964190e-06
6.300000e+02 6.967165e-06
6.400000e+02 7.453734e-06
6.500000e+02 8.907465e-06
6.580000e+02 1.034283e-05
6.650000e+02 1.108731e-05
6.750000e+02 1.180583e-05
6.850000e+02 1.304288e-05
6.950000e+02 1.627761e-05
7.050000e+02 1.756496e-05
7.160000e+02 2.018730e-05
7.260000e+02 2.207481e-05
7.350000e+02 2.366617e-05
7.450000e+02 2.754953e-05
7.550000e+02 3.068357e-05
7.650000e+02 3.410425e-05
7.750000e+02 3.781827e-05
7.850000e+02 4.158096e-05
7.950000e+02 4.452935e-05
8.050000e+02 4.803312e-05
8.150000e+02 5.126058e-05
8.250000e+02 5.708450e-05
8.350000e+02 5.398546e-05
8.450000e+02 6.354701e-05
8.550000e+02 6.769734e-05
8.650000e+02 7.383082e-05
8.750000e+02 8.074573e-05
8.850000e+02 8.908603e-05
8.950000e+02 9.544524e-05
9.050000e+02 9.612222e-05
9.150000e+02 1.748380e-04
9.250000e+02 1.355891e-03
9.350000e+02 3.891373e-03
9.450000e+02 9.924551e-03
9.550000e+02 1.620026e-02
9.650000e+02 1.862576e-02
9.750000e+02 2.303292e-03
9.850000e+02 1.553601e-02
9.950000e+02 1.662352e-02
1.005000e+03 2.516222e-02
1.015000e+03 2.375566e-02
1.025000e+03 7.911243e-03
1.035000e+03 1.475761e-02
1.045000e+03 3.152775e-02
1.055000e+03 3.029829e-02
1.065000e+03 2.292730e-02
1.075000e+03 2.787828e-02
1.085000e+03 2.046042e-02
1.095000e+03 2.880334e-02
1.105000e+03 2.594044e-02
1.115000e+03 2.382614e-02
1.125000e+03 2.098866e-02
1.135000e+03 2.779016e-02
1.145000e+03 2.452460e-02
1.155000e+03 2.602968e-02
1.165000e+03 2.667513e-02
1.175000e+03 1.748660e-02
1.185000e+03 2.651495e-02
1.195000e+03 1.844485e-02
1.205000e+03 1.142429e-02
1.215000e+03 7.369664e-03
1.225000e+03 1.804198e-02
1.235000e+03 2.628719e-02
1.245000e+03 2.751497e-02
1.255000e+03 2.574026e-02
1.265000e+03 2.247906e-02
1.275000e+03 2.703915e-02
1.285000e+03 2.739166e-02
1.295000e+03 2.017538e-02
1.305000e+03 2.096246e-02
1.315000e+03 2.604373e-02
1.325000e+03 2.392573e-02
1.335000e+03 2.076532e-02
1.345000e+03 2.469414e-02
1.355000e+03 2.368984e-02
1.365000e+03 2.078162e-02
1.375000e+03 2.127165e-02
1.385000e+03 2.144077e-02
1.395000e+03 1.776012e-02
1.405000e+03 1.878364e-02
1.415000e+03 1.911945e-02
1.425000e+03 1.942647e-02
1.435000e+03 1.952060e-02
1.442000e+03 2.026258e-02
1.447000e+03 2.006291e-02
1.455000e+03 1.943439e-02
1.465000e+03 1.771343e-02
1.475000e+03 1.780851e-02
1.485000e+03 1.766614e-02
1.495000e+03 1.758993e-02
1.505000e+03 1.613947e-02
1.512000e+03 1.408625e-02
1.517000e+03 1.494513e-02
1.525000e+03 1.511237e-02
1.535000e+03 1.296755e-02
1.545000e+03 1.350324e-02
1.555000e+03 1.293001e-02
1.565000e+03 1.342451e-02
1.575000e+03 1.422063e-02
1.585000e+03 1.456114e-02
1.595000e+03 1.460375e-02
1.605000e+03 1.459025e-02
1.615000e+03 1.462900e-02
1.625000e+03 1.385984e-02
1.635000e+03 1.477512e-02
1.645000e+03 1.471878e-02
1.655000e+03 1.384117e-02
1.665000e+03 1.490094e-02
1.672000e+03 1.406601e-02
1.677000e+03 1.470857e-02
1.685000e+03 1.503593e-02
1.695000e+03 1.407369e-02
1.705000e+03 1.346440e-02
1.715000e+03 1.254414e-02
1.725000e+03 1.242687e-02
1.735000e+03 1.319245e-02
1.745000e+03 1.264269e-02
1.755000e+03 1.321426e-02
1.765000e+03 1.235265e-02
1.775000e+03 1.217206e-02
1.785000e+03 1.243578e-02
1.795000e+03 1.302108e-02
1.805000e+03 1.307360e-02
1.815000e+03 1.154502e-02
1.825000e+03 1.209701e-02
1.835000e+03 1.149522e-02
1.845000e+03 1.048543e-02
1.855000e+03 1.017151e-02
1.865000e+03 1.043456e-02
1.875000e+03 1.150723e-02
1.885000e+03 1.020963e-02
1.895000e+03 9.486682e-03
1.905000e+03 1.045373e-02
1.915000e+03 9.649253e-03
1.925000e+03 9.351980e-03
1.935000e+03 9.906458e-03
1.945000e+03 1.008295e-02
1.955000e+03 9.190727e-03
1.967000e+03 1.011396e-02
1.976000e+03 1.046285e-02
1.984000e+03 9.706021e-03
1.995000e+03 9.432533e-03
2.005000e+03 9.833603e-03
2.015000e+03 9.469514e-03
2.025000e+03 1.001942e-02
2.035000e+03 9.120570e-03
2.045000e+03 9.384118e-03
2.055000e+03 9.028777e-03
2.065000e+03 9.059516e-03
2.074000e+03 9.612444e-03
2.078000e+03 8.681488e-03
2.085000e+03 9.191708e-03
2.095000e+03 8.624225e-03
2.105000e+03 8.854445e-03
2.115000e+03 8.877473e-03
2.125000e+03 8.978741e-03
2.135000e+03 8.630325e-03
2.145000e+03 8.379211e-03
2.155000e+03 8.735767e-03
2.165000e+03 8.593694e-03
2.175000e+03 8.492761e-03
2.185000e+03 8.173590e-03
2.195000e+03 8.434921e-03
2.205000e+03 8.251349e-03
2.215000e+03 8.001790e-03
2.225000e+03 7.695966e-03
2.235000e+03 7.919140e-03
2.245000e+03 7.792051e-03
2.255000e+03 7.482878e-03
2.265000e+03 7.648973e-03
2.275000e+03 7.674799e-03
2.285000e+03 7.725196e-03
2.295000e+03 7.327006e-03
2.305000e+03 7.331423e-03
2.315000e+03 7.020817e-03
2.325000e+03 5.538226e-03
2.335000e+03 6.601027e-03
2.345000e+03 6.564123e-03
2.355000e+03 6.684215e-03
2.365000e+03 6.447575e-03
2.375000e+03 6.453076e-03
2.385000e+03 6.247536e-03
2.395000e+03 6.449402e-03
2.405000e+03 6.168811e-03
2.415000e+03 6.227645e-03
2.425000e+03 6.301429e-03
2.435000e+03 6.021714e-03
2.445000e+03 6.211556e-03
2.455000e+03 6.140309e-03
2.465000e+03 6.042423e-03
2.475000e+03 5.885650e-03
2.485000e+03 6.017117e-03
2.495000e+03 5.685744e-03
2.505000e+03 5.966295e-03
2.513000e+03 5.597593e-03
2.518000e+03 5.825772e-03
2.525000e+03 5.595101e-03
2.535000e+03 5.554630e-03
2.545000e+03 5.402896e-03
2.555000e+03 5.564670e-03
2.565000e+03 5.491359e-03
2.575000e+03 5.615431e-03
2.585000e+03 5.575675e-03
2.595000e+03 5.535600e-03
2.605000e+03 5.393327e-03
2.615000e+03 5.342709e-03
2.625000e+03 5.333954e-03
2.635000e+03 5.327839e-03
2.645000e+03 5.441383e-03
2.655000e+03 5.415327e-03
2.665000e+03 5.187109e-03
2.675000e+03 5.270895e-03
2.685000e+03 5.214042e-03
2.695000e+03 5.071104e-03
2.705000e+03 5.053022e-03
2.715000e+03 4.958739e-03
2.725000e+03 4.912998e-03
2.735000e+03 4.988939e-03
2.745000e+03 4.705865e-03
2.755000e+03 4.693681e-03
2.765000e+03 4.717365e-03
2.775000e+03 4.790713e-03
2.785000e+03 4.729336e-03
2.795000e+03 4.377008e-03
2.805000e+03 4.512369e-03
2.815000e+03 4.656251e-03
2.825000e+03 4.604400e-03
2.835000e+03 4.396805e-03
2.845000e+03 4.391194e-03
2.855000e+03 4.381068e-03
2.865000e+03 4.454273e-03
2.875000e+03 4.379125e-03
2.885000e+03 4.354069e-03
2.895000e+03 4.307791e-03
2.910000e+03 4.309822e-03
2.930000e+03 4.208839e-03
2.950000e+03 4.104224e-03
2.970000e+03 4.069928e-03
2.990000e+03 3.995834e-03
3.010000e+03 3.936116e-03
3.030000e+03 3.908678e-03
3.050000e+03 3.835426e-03
3.070000e+03 3.765734e-03
3.090000e+03 3.698518e-03
3.110000e+03 3.636421e-03
3.130000e+03 3.574444e-03
3.150000e+03 3.524114e-03
3.170000e+03 3.450979e-03
3.190000e+03 3.353387e-03
3.210000e+03 3.343057e-03
3.230000e+03 3.281403e-03
3.250000e+03 3.241881e-03
3.270000e+03 3.198930e-03
3.290000e+03 3.147277e-03
3.310000e+03 3.106453e-03
3.330000e+03 3.050264e-03
3.350000e+03 2.993234e-03
3.370000e+03 2.943544e-03
3.390000e+03 2.901353e-03
3.410000e+03 2.864494e-03
3.430000e+03 2.790739e-03
3.450000e+03 2.756052e-03
3.470000e+03 2.727933e-03
3.490000e+03 2.691033e-03
3.510000e+03 2.662727e-03
3.530000e+03 2.621512e-03
3.550000e+03 2.592720e-03
3.570000e+03 2.541673e-03
3.590000e+03 2.485377e-03
3.610000e+03 2.456963e-03
3.630000e+03 2.432488e-03
3.640000e+03 2.430560e-03
3.650000e+03 2.420983e-03
3.670000e+03 2.384474e-03
3.690000e+03 2.235331e-03
3.710000e+03 2.261850e-03
3.730000e+03 2.234347e-03
3.750000e+03 2.514891e-03
3.770000e+03 2.546045e-03
3.790000e+03 2.748597e-03
3.810000e+03 2.939309e-03
3.830000e+03 2.514742e-03
3.850000e+03 2.997780e-03
3.870000e+03 3.072220e-03
3.890000e+03 2.351715e-03
3.910000e+03 3.049167e-03
3.930000e+03 2.891792e-03
3.950000e+03 2.921794e-03
3.970000e+03 2.141162e-03
3.990000e+03 2.866700e-03
4.010000e+03 2.947584e-03
4.030000e+03 2.844275e-03
4.050000e+03 2.881365e-03
4.070000e+03 2.775041e-03
4.090000e+03 2.558350e-03
4.110000e+03 2.200857e-03
4.130000e+03 2.633412e-03
4.150000e+03 2.657083e-03
4.170000e+03 2.636735e-03
4.190000e+03 2.620629e-03
4.210000e+03 2.593346e-03
4.230000e+03 2.533896e-03
4.250000e+03 2.516016e-03
4.270000e+03 2.430506e-03
4.290000e+03 2.424528e-03
4.310000e+03 2.336282e-03
4.330000e+03 2.129239e-03
4.350000e+03 1.942181e-03
4.370000e+03 2.318770e-03
4.390000e+03 2.264744e-03
4.410000e+03 2.267548e-03
4.430000e+03 2.252138e-03
4.450000e+03 2.246380e-03
4.470000e+03 2.175452e-03
4.490000e+03 2.202445e-03
4.510000e+03 2.246254e-03
4.530000e+03 2.153672e-03
4.550000e+03 2.138158e-03
4.570000e+03 2.156717e-03
4.590000e+03 2.107774e-03
4.610000e+03 2.092070e-03
4.630000e+03 2.050589e-03
4.650000e+03 2.033388e-03
4.670000e+03 2.035577e-03
4.690000e+03 2.009368e-03
4.710000e+03 1.938781e-03
4.730000e+03 1.954106e-03
4.750000e+03 1.949470e-03
4.770000e+03 1.939900e-03
4.790000e+03 1.911472e-03
4.810000e+03 1.877630e-03
4.830000e+03 1.862255e-03
4.850000e+03 1.685298e-03
4.870000e+03 1.485738e-03
4.890000e+03 1.787688e-03
4.910000e+03 1.790005e-03
4.930000e+03 1.734910e-03
4.950000e+03 1.767449e-03
4.970000e+03 1.741957e-03
4.990000e+03 1.685994e-03
5.010000e+03 1.613301e-03
5.030000e+03 1.650954e-03
5.050000e+03 1.617000e-03
5.070000e+03 1.640819e-03
5.090000e+03 1.593578e-03
5.110000e+03 1.587429e-03
5.130000e+03 1.542190e-03
5.150000e+03 1.518501e-03
5.170000e+03 1.487507e-03
5.190000e+03 1.488745e-03
5.210000e+03 1.479224e-03
5.230000e+03 1.513379e-03
5.250000e+03 1.518101e-03
5.270000e+03 1.448469e-03
5.290000e+03 1.504897e-03
5.310000e+03 1.519403e-03
5.330000e+03 1.443414e-03
5.350000e+03 1.478682e-03
5.370000e+03 1.470544e-03
5.390000e+03 1.436067e-03
5.410000e+03 1.421225e-03
5.430000e+03 1.411091e-03
5.450000e+03 1.417918e-03
5.470000e+03 1.389257e-03
5.490000e+03 1.377547e-03
5.510000e+03 1.363089e-03
5.530000e+03 1.377908e-03
5.550000e+03 1.376995e-03
5.570000e+03 1.361443e-03
5.590000e+03 1.339400e-03
5.610000e+03 1.348441e-03
5.630000e+03 1.327147e-03
5.650000e+03 1.322663e-03
5.670000e+03 1.299839e-03
5.690000e+03 1.316869e-03
5.710000e+03 1.282277e-03
5.730000e+03 1.327349e-03
5.750000e+03 1.285433e-03
5.770000e+03 1.290441e-03
5.790000e+03 1.250696e-03
5.810000e+03 1.275579e-03
5.830000e+03 1.292506e-03
5.850000e+03 1.259325e-03
5.870000e+03 1.233351e-03
5.890000e+03 1.142066e-03
5.910000e+03 1.222524e-03
5.930000e+03 1.224567e-03
5.950000e+03 1.212965e-03
5.970000e+03 1.226773e-03
5.990000e+03 1.196035e-03
6.010000e+03 1.183407e-03
6.030000e+03 1.201067e-03
6.050000e+03 1.205169e-03
6.070000e+03 1.200928e-03
6.090000e+03 1.161922e-03
6.110000e+03 1.158515e-03
6.130000e+03 1.114748e-03
6.150000e+03 1.124338e-03
6.170000e+03 1.093484e-03
6.190000e+03 1.122303e-03
6.210000e+03 1.105088e-03
6.230000e+03 1.075498e-03
6.250000e+03 1.046052e-03
6.270000e+03 1.072292e-03
6.290000e+03 1.087761e-03
6.310000e+03 1.060863e-03
6.330000e+03 1.069825e-03
6.350000e+03 1.056298e-03
6.370000e+03 1.048117e-03
6.390000e+03 1.059843e-03
6.410000e+03 1.046345e-03
6.430000e+03 1.044655e-03
6.450000e+03 1.040833e-03
6.470000e+03 1.037058e-03
6.490000e+03 1.009160e-03
6.510000e+03 1.028675e-03
6.530000e+03 1.016960e-03
6.550000e+03 9.765560e-04
6.570000e+03 8.977031e-04
6.590000e+03 9.969787e-04
6.610000e+03 1.008065e-03
6.630000e+03 1.001357e-03
6.650000e+03 9.993273e-04
6.670000e+03 9.721238e-04
6.690000e+03 9.767924e-04
6.710000e+03 9.436260e-04
6.730000e+03 9.622874e-04
6.750000e+03 9.434162e-04
6.770000e+03 9.440606e-04
6.790000e+03 9.270436e-04
6.810000e+03 9.335754e-04
6.830000e+03 9.384567e-04
6.850000e+03 9.197864e-04
6.870000e+03 9.286588e-04
6.890000e+03 9.419580e-04
6.910000e+03 9.357793e-04
6.930000e+03 9.214931e-04
6.950000e+03 9.134189e-04
6.970000e+03 9.257212e-04
6.990000e+03 9.126674e-04
7.010000e+03 9.012822e-04
7.030000e+03 9.139270e-04
7.050000e+03 9.234743e-04
7.070000e+03 8.923043e-04
7.090000e+03 8.613723e-04
7.110000e+03 8.223826e-04
7.130000e+03 8.049822e-04
7.150000e+03 8.075085e-04
7.170000e+03 8.174194e-04
7.190000e+03 8.032805e-04
7.210000e+03 8.170589e-04
7.230000e+03 8.311951e-04
7.250000e+03 8.388303e-04
7.270000e+03 8.389921e-04
7.290000e+03 8.273879e-04
7.310000e+03 8.430672e-04
7.330000e+03 8.453549e-04
7.350000e+03 8.463449e-04
7.370000e+03 8.672484e-04
7.390000e+03 8.527902e-04
7.410000e+03 8.512304e-04
7.430000e+03 8.569751e-04
7.450000e+03 8.594151e-04
7.470000e+03 8.590107e-04
7.490000e+03 8.539404e-04
7.510000e+03 8.660550e-04
7.530000e+03 8.753008e-04
7.550000e+03 8.770446e-04
7.570000e+03 8.703275e-04
7.590000e+03 8.598407e-04
7.610000e+03 8.544312e-04
7.630000e+03 8.435840e-04
7.650000e+03 8.322376e-04
7.670000e+03 8.011425e-04
7.690000e+03 8.141590e-04
7.710000e+03 7.999091e-04
7.730000e+03 7.953403e-04
7.750000e+03 7.917875e-04
7.770000e+03 7.973516e-04
7.790000e+03 8.075592e-04
7.810000e+03 8.041736e-04
7.830000e+03 7.941900e-04
7.850000e+03 7.769567e-04
7.870000e+03 7.913706e-04
7.890000e+03 7.632318e-04
7.910000e+03 7.487217e-04
7.930000e+03 7.571282e-04
7.950000e+03 7.432004e-04
7.970000e+03 7.711162e-04
7.990000e+03 7.704354e-04
8.010000e+03 7.778937e-04
8.030000e+03 7.754733e-04
8.050000e+03 7.730686e-04
8.070000e+03 7.675402e-04
8.090000e+03 7.532089e-04
8.110000e+03 7.517062e-04
8.130000e+03 7.678555e-04
8.150000e+03 7.684422e-04
8.170000e+03 7.743372e-04
8.190000e+03 7.620274e-04
8.210000e+03 7.539762e-04
8.230000e+03 7.680456e-04
8.250000e+03 7.646964e-04
8.270000e+03 7.748585e-04
8.290000e+03 7.657808e-04
8.310000e+03 7.327398e-04
8.330000e+03 7.334052e-04
8.350000e+03 7.321662e-04
8.370000e+03 7.372955e-04
8.390000e+03 7.138725e-04
8.410000e+03 7.368700e-04
8.430000e+03 6.998245e-04
8.450000e+03 6.827554e-04
8.470000e+03 6.869534e-04
8.490000e+03 6.786831e-04
8.510000e+03 6.427095e-04
8.530000e+03 6.675451e-04
8.550000e+03 5.619163e-04
8.570000e+03 7.084433e-04
8.590000e+03 6.943532e-04
8.610000e+03 7.005163e-04
8.630000e+03 7.259953e-04
8.650000e+03 7.061641e-04
8.670000e+03 5.774400e-04
8.690000e+03 6.977913e-04
8.710000e+03 7.323550e-04
8.730000e+03 7.305925e-04
8.750000e+03 6.994038e-04
8.770000e+03 7.288406e-04
8.790000e+03 7.391123e-04
8.810000e+03 7.207457e-04
8.830000e+03 7.268767e-04
8.850000e+03 7.263834e-04
8.870000e+03 6.920109e-04
8.890000e+03 7.300149e-04
8.910000e+03 7.438810e-04
8.930000e+03 7.222667e-04
8.950000e+03 7.220682e-04
8.970000e+03 7.232981e-04
8.990000e+03 7.198735e-04
9.010000e+03 6.750671e-04
9.030000e+03 7.024854e-04
9.050000e+03 7.362310e-04
9.070000e+03 7.321890e-04
9.090000e+03 7.057050e-04
9.110000e+03 7.119422e-04
9.130000e+03 7.282029e-04
9.150000e+03 7.195275e-04
9.170000e+03 7.166122e-04
9.190000e+03 7.255910e-04
9.210000e+03 6.900343e-04
9.230000e+03 6.656789e-04
9.250000e+03 6.782288e-04
9.270000e+03 6.857099e-04
9.290000e+03 6.822283e-04
9.310000e+03 6.914473e-04
9.330000e+03 6.872420e-04
9.350000e+03 6.842143e-04
9.370000e+03 6.696277e-04
9.390000e+03 6.815542e-04
9.410000e+03 6.617369e-04
9.430000e+03 6.810901e-04
9.450000e+03 6.641051e-04
9.470000e+03 6.787129e-04
9.490000e+03 6.797451e-04
9.510000e+03 6.687201e-04
9.530000e+03 6.633890e-04
9.550000e+03 6.276565e-04
9.570000e+03 6.496034e-04
9.590000e+03 6.716535e-04
9.610000e+03 6.599588e-04
9.630000e+03 6.610783e-04
9.650000e+03 6.463674e-04
9.670000e+03 6.435438e-04
9.690000e+03 6.569847e-04
9.710000e+03 6.483638e-04
9.730000e+03 6.436162e-04
9.750000e+03 6.384562e-04
9.770000e+03 6.409550e-04
9.790000e+03 6.285187e-04
9.810000e+03 6.489326e-04
9.830000e+03 6.382174e-04
9.850000e+03 6.464837e-04
9.870000e+03 6.404776e-04
9.890000e+03 6.383674e-04
9.910000e+03 6.338757e-04
9.930000e+03 6.343285e-04
9.950000e+03 6.322261e-04
9.970000e+03 6.331913e-04
9.990000e+03 6.286983e-04
1.002500e+04 6.139672e-04
1.007500e+04 5.995752e-04
1.012500e+04 6.106615e-04
1.017500e+04 6.007769e-04
1.022500e+04 5.998203e-04
1.027500e+04 5.984532e-04
1.032500e+04 5.844492e-04
1.037500e+04 5.774170e-04
1.042500e+04 5.777769e-04
1.047500e+04 5.710514e-04
1.052500e+04 5.696001e-04
1.057500e+04 5.592295e-04
1.062500e+04 5.568453e-04
1.067500e+04 5.424699e-04
1.072500e+04 5.415159e-04
1.077500e+04 5.348702e-04
1.082500e+04 5.245812e-04
1.087500e+04 5.229986e-04
1.092500e+04 5.161543e-04
1.097500e+04 5.130090e-04
1.102500e+04 5.155454e-04
1.107500e+04 5.118422e-04
1.112500e+04 5.070503e-04
1.117500e+04 4.999720e-04
1.122500e+04 4.978145e-04
1.127500e+04 4.878898e-04
1.132500e+04 4.846045e-04
1.137500e+04 4.794133e-04
1.142500e+04 4.731519e-04
1.147500e+04 4.779876e-04
1.152500e+04 4.747260e-04
1.157500e+04 4.658068e-04
1.162500e+04 4.575655e-04
1.167500e+04 4.563690e-04
1.172500e+04 4.592664e-04
1.177500e+04 4.489046e-04
1.182500e+04 4.449727e-04
1.187500e+04 4.355630e-04
1.192500e+04 4.429666e-04
1.197500e+04 4.241560e-04
1.202500e+04 4.336261e-04
1.207500e+04 4.264330e-04
1.212500e+04 4.251744e-04
1.217500e+04 4.253394e-04
1.222500e+04 4.208595e-04
1.227500e+04 4.167426e-04
1.232500e+04 4.120487e-04
1.237500e+04 4.108918e-04
1.242500e+04 4.062797e-04
1.247500e+04 4.046748e-04
1.252500e+04 3.988064e-04
1.257500e+04 3.974134e-04
1.262500e+04 3.946890e-04
1.267500e+04 3.890901e-04
1.272500e+04 3.885701e-04
1.277500e+04 3.881395e-04
1.282500e+04 3.679545e-04
1.287500e+04 3.779896e-04
1.292500e+04 3.707184e-04
1.297500e+04 3.764106e-04
1.302500e+04 3.691673e-04
1.307500e+04 3.719403e-04
1.312500e+04 3.629293e-04
1.317500e+04 3.624189e-04
1.322500e+04 3.622509e-04
1.327500e+04 3.546222e-04
1.332500e+04 3.582595e-04
1.337500e+04 3.527088e-04
1.342500e+04 3.555560e-04
1.347500e+04 3.521887e-04
1.352500e+04 3.507359e-04
1.357500e+04 3.437882e-04
1.362500e+04 3.416199e-04
1.367500e+04 3.429928e-04
1.372500e+04 3.437530e-04
1.377500e+04 3.408156e-04
1.382500e+04 3.412706e-04
1.387500e+04 3.360501e-04
1.392500e+04 3.367603e-04
1.397500e+04 3.365904e-04
1.402500e+04 3.295869e-04
1.407500e+04 3.329271e-04
1.412500e+04 3.271676e-04
1.417500e+04 3.303690e-04
1.422500e+04 3.245134e-04
1.427500e+04 3.173260e-04
1.432500e+04 3.243593e-04
1.437500e+04 3.244388e-04
1.442500e+04 3.136950e-04
1.447500e+04 3.206082e-04
1.452500e+04 3.159849e-04
1.457000e+04 3.178126e-04
1.462000e+04 3.166117e-04
1.467500e+04 3.159311e-04
1.472500e+04 3.090355e-04
1.477500e+04 3.114925e-04
1.482500e+04 3.105724e-04
1.487500e+04 3.074104e-04
1.492500e+04 3.144319e-04
1.497500e+04 3.085477e-04
1.502500e+04 3.071229e-04
1.507500e+04 3.029328e-04
1.512500e+04 3.072700e-04
1.517500e+04 3.073665e-04
1.522500e+04 3.070521e-04
1.527500e+04 3.087873e-04
1.532500e+04 3.055719e-04
1.537500e+04 3.090590e-04
1.542500e+04 3.069130e-04
1.547500e+04 3.067504e-04
1.552500e+04 3.010802e-04
1.557500e+04 2.830205e-04
1.562500e+04 2.915982e-04
1.567500e+04 2.898554e-04
1.572500e+04 2.990707e-04
1.577500e+04 2.701343e-04
1.582500e+04 2.761278e-04
1.587500e+04 2.739391e-04
1.592500e+04 2.831960e-04
1.597500e+04 2.725165e-04
1.605000e+04 2.755283e-04
1.615000e+04 2.757566e-04
1.625000e+04 2.691499e-04
1.635000e+04 2.796364e-04
1.645000e+04 2.573036e-04
1.655000e+04 2.708150e-04
1.665000e+04 2.530333e-04
1.675000e+04 2.603447e-04
1.685000e+04 2.460596e-04
1.695000e+04 2.539427e-04
1.705000e+04 2.447373e-04
1.715000e+04 2.452659e-04
1.725000e+04 2.401359e-04
1.735000e+04 2.297653e-04
1.745000e+04 2.335355e-04
1.755000e+04 2.264586e-04
1.765000e+04 2.266393e-04
1.775000e+04 2.200416e-04
1.785000e+04 2.194039e-04
1.795000e+04 2.159677e-04
1.805000e+04 2.092026e-04
1.815000e+04 2.083474e-04
1.825000e+04 2.044468e-04
1.835000e+04 2.002164e-04
1.845000e+04 1.970323e-04
1.855000e+04 1.954374e-04
1.865000e+04 1.897014e-04
1.875000e+04 1.870514e-04
1.885000e+04 1.850938e-04
1.895000e+04 1.767387e-04
1.905000e+04 1.817097e-04
1.915000e+04 1.772454e-04
1.925000e+04 1.757145e-04
1.935000e+04 1.698481e-04
1.945000e+04 1.663925e-04
1.955000e+04 1.668614e-04
1.965000e+04 1.635690e-04
1.975000e+04 1.595365e-04
1.985000e+04 1.584255e-04
1.995000e+04 1.562488e-04
2.005000e+04 1.561417e-04
2.015000e+04 1.537289e-04
2.025000e+04 1.484414e-04
2.035000e+04 1.467557e-04
2.045000e+04 1.473199e-04
2.055000e+04 1.441661e-04
2.065000e+04 1.414153e-04
2.075000e+04 1.397707e-04
2.085000e+04 1.369609e-04
2.095000e+04 1.341885e-04
2.105000e+04 1.341542e-04
2.115000e+04 1.311908e-04
2.125000e+04 1.288986e-04
2.135000e+04 1.287336e-04
2.145000e+04 1.264685e-04
2.155000e+04 1.240938e-04
2.165000e+04 1.217981e-04
2.175000e+04 1.195173e-04
2.185000e+04 1.183767e-04
2.195000e+04 1.171035e-04
2.205000e+04 1.134386e-04
2.215000e+04 1.143303e-04
2.225000e+04 1.104158e-04
2.235000e+04 1.093746e-04
2.245000e+04 1.080130e-04
2.255000e+04 1.070826e-04
2.265000e+04 1.041117e-04
2.275000e+04 1.045880e-04
2.285000e+04 1.018320e-04
2.295000e+04 8.394871e-05
2.305000e+04 9.140700e-05
2.315000e+04 9.001487e-05
2.325000e+04 7.574822e-05
2.335000e+04 8.330562e-05
2.345000e+04 7.878916e-05
2.355000e+04 6.725579e-05
2.365000e+04 7.594243e-05
2.375000e+04 7.177146e-05
2.385000e+04 6.356296e-05
2.395000e+04 7.035775e-05
2.405000e+04 6.843670e-05
2.415000e+04 6.120888e-05
2.425000e+04 6.650839e-05
2.435000e+04 6.495829e-05
2.445000e+04 6.090407e-05
2.455000e+04 6.134023e-05
2.465000e+04 6.344425e-05
2.475000e+04 6.091323e-05
2.485000e+04 5.710756e-05
2.495000e+04 5.899514e-05
2.505000e+04 6.126795e-05
2.515000e+04 5.512223e-05
2.525000e+04 5.837854e-05
2.535000e+04 5.800071e-05
2.545000e+04 5.700747e-05
2.555000e+04 5.572953e-05
2.565000e+04 5.590563e-05
2.575000e+04 5.657248e-05
2.585000e+04 5.317455e-05
2.595000e+04 5.386265e-05
2.605000e+04 5.504099e-05
2.615000e+04 5.339485e-05
2.625000e+04 5.248003e-05
2.635000e+04 5.316371e-05
2.645000e+04 5.283038e-05
2.655000e+04 5.172117e-05
2.665000e+04 5.060477e-05
2.675000e+04 5.236134e-05
2.685000e+04 5.166935e-05
2.695000e+04 4.943202e-05
2.705000e+04 5.056183e-05
2.715000e+04 4.995511e-05
2.725000e+04 5.019289e-05
2.735000e+04 4.795441e-05
2.745000e+04 4.879268e-05
2.755000e+04 4.888510e-05
2.765000e+04 4.792080e-05
2.775000e+04 4.642478e-05
2.785000e+04 4.710586e-05
2.795000e+04 4.721100e-05
2.805000e+04 4.662668e-05
2.815000e+04 4.531508e-05
2.825000e+04 4.543654e-05
2.835000e+04 4.547197e-05
2.845000e+04 4.482942e-05
2.855000e+04 4.416635e-05
2.865000e+04 4.381753e-05
2.875000e+04 4.342362e-05
2.885000e+04 4.304597e-05
2.895000e+04 4.257915e-05
2.905000e+04 4.207252e-05
2.915000e+04 4.183864e-05
2.925000e+04 4.083589e-05
2.935000e+04 4.109801e-05
2.945000e+04 4.034901e-05
2.955000e+04 3.993022e-05
2.965000e+04 3.980513e-05
2.975000e+04 3.940683e-05
2.985000e+04 3.878655e-05
2.995000e+04 3.840592e-05
3.005000e+04 3.794878e-05
3.015000e+04 3.775064e-05
3.025000e+04 3.715734e-05
3.035000e+04 3.655666e-05
3.045000e+04 3.644192e-05
3.055000e+04 3.595711e-05
3.065000e+04 3.557523e-05
3.075000e+04 3.528807e-05
3.085000e+04 3.465361e-05
3.095000e+04 3.432541e-05
3.105000e+04 3.417340e-05
3.115000e+04 3.348109e-05
3.125000e+04 3.330735e-05
3.135000e+04 3.294297e-05
3.145000e+04 3.255215e-05
3.155000e+04 3.216168e-05
3.165000e+04 3.166225e-05
3.175000e+04 3.150251e-05
3.185000e+04 3.110515e-05
3.195000e+04 3.082554e-05
3.210000e+04 3.024153e-05
3.230000e+04 2.948588e-05
3.250000e+04 2.882524e-05
3.270000e+04 2.813531e-05
3.290000e+04 2.745449e-05
3.310000e+04 2.685246e-05
3.330000e+04 2.623046e-05
3.350000e+04 2.576086e-05
3.370000e+04 2.513577e-05
3.390000e+04 2.454917e-05
3.410000e+04 2.396591e-05
3.430000e+04 2.355196e-05
3.450000e+04 2.308551e-05
3.470000e+04 2.256236e-05
3.490000e+04 2.210583e-05
3.510000e+04 2.167661e-05
3.530000e+04 2.112784e-05
3.550000e+04 2.075937e-05
3.570000e+04 2.029760e-05
3.590000e+04 1.986965e-05
3.610000e+04 1.952122e-05
3.630000e+04 1.912229e-05
3.650000e+04 1.864164e-05
3.670000e+04 1.826057e-05
3.690000e+04 1.775826e-05
3.710000e+04 1.734414e-05
3.730000e+04 1.711793e-05
3.750000e+04 1.660404e-05
3.770000e+04 1.647941e-05
3.790000e+04 1.612547e-05
3.810000e+04 1.586185e-05
3.830000e+04 1.560760e-05
3.850000e+04 1.533490e-05
3.870000e+04 1.493453e-05
3.890000e+04 1.468426e-05
3.910000e+04 1.444063e-05
3.930000e+04 1.418320e-05
3.950000e+04 1.380957e-05
3.970000e+04 1.357502e-05
3.990000e+04 1.318932e-05
4.010000e+04 1.304826e-05
4.030000e+04 1.287228e-05
4.050000e+04 1.259312e-05
4.070000e+04 1.239774e-05
4.090000e+04 1.218280e-05
4.110000e+04 1.196882e-05
4.130000e+04 1.177711e-05
4.150000e+04 1.153938e-05
4.170000e+04 1.130971e-05
4.190000e+04 1.110268e-05
4.210000e+04 1.087985e-05
4.230000e+04 1.077318e-05
4.250000e+04 1.052626e-05
4.270000e+04 1.038248e-05
4.290000e+04 9.515643e-06
4.310000e+04 8.683703e-06
4.330000e+04 8.850683e-06
4.350000e+04 8.173054e-06
4.370000e+04 7.855950e-06
4.390000e+04 7.574454e-06
4.410000e+04 7.003390e-06
4.430000e+04 6.980397e-06
4.450000e+04 6.777124e-06
4.470000e+04 6.382672e-06
4.490000e+04 6.525884e-06
4.510000e+04 6.266753e-06
4.530000e+04 6.020320e-06
4.550000e+04 6.096575e-06
4.570000e+04 5.985873e-06
4.590000e+04 5.688870e-06
4.610000e+04 5.841096e-06
4.630000e+04 5.655493e-06
4.650000e+04 5.604556e-06
4.670000e+04 5.625632e-06
4.690000e+04 5.481397e-06
4.710000e+04 5.353417e-06
4.730000e+04 5.457035e-06
4.750000e+04 5.298801e-06
4.770000e+04 5.235807e-06
4.790000e+04 5.188720e-06
4.810000e+04 5.021001e-06
4.830000e+04 5.134679e-06
4.850000e+04 5.013882e-06
4.870000e+04 4.888148e-06
4.890000e+04 4.841320e-06
4.910000e+04 4.774355e-06
4.930000e+04 4.711268e-06
4.950000e+04 4.600582e-06
4.970000e+04 4.644800e-06
4.990000e+04 4.558559e-06
5.010000e+04 4.519878e-06
5.030000e+04 4.463484e-06
5.050000e+04 4.335995e-06
5.070000e+04 4.337368e-06
5.090000e+04 4.271447e-06
5.110000e+04 4.197098e-06
5.130000e+04 4.167215e-06
5.150000e+04 4.086734e-06
5.170000e+04 4.121344e-06
5.190000e+04 4.038694e-06
5.210000e+04 3.997856e-06
5.230000e+04 3.925436e-06
5.250000e+04 3.915291e-06
5.270000e+04 3.948992e-06
5.290000e+04 3.814291e-06
5.310000e+04 3.742861e-06
5.330000e+04 3.751842e-06
5.350000e+04 3.703044e-06
5.370000e+04 3.665004e-06
5.390000e+04 3.637478e-06
5.410000e+04 3.601753e-06
5.430000e+04 3.523383e-06
5.450000e+04 3.543097e-06
5.470000e+04 3.449699e-06
5.490000e+04 3.454114e-06
5.510000e+04 3.374011e-06
5.530000e+04 3.460393e-06
5.550000e+04 3.319198e-06
5.570000e+04 3.342858e-06
5.590000e+04 3.275282e-06
5.610000e+04 3.290775e-06
5.630000e+04 3.195873e-06
5.650000e+04 3.210216e-06
5.670000e+04 3.168919e-06
5.690000e+04 3.086925e-06
5.710000e+04 3.109758e-06
5.730000e+04 3.078191e-06
5.750000e+04 3.036483e-06
5.770000e+04 3.001617e-06
5.790000e+04 2.997288e-06
5.810000e+04 2.948910e-06
5.830000e+04 2.921771e-06
5.850000e+04 2.889070e-06
5.870000e+04 2.832560e-06
5.890000e+04 2.813847e-06
5.910000e+04 2.780099e-06
5.930000e+04 2.766834e-06
5.950000e+04 2.717645e-06
5.970000e+04 2.713086e-06
5.990000e+04 2.684351e-06
6.010000e+04 2.653921e-06
6.030000e+04 2.622633e-06
6.050000e+04 2.577425e-06
6.070000e+04 2.554285e-06
6.090000e+04 2.520909e-06
6.110000e+04 2.490006e-06
6.130000e+04 2.475632e-06
6.150000e+04 2.455947e-06
6.170000e+04 2.443505e-06
6.190000e+04 2.407519e-06
6.210000e+04 2.393133e-06
6.230000e+04 2.353031e-06
6.250000e+04 2.314953e-06
6.270000e+04 2.291552e-06
6.290000e+04 2.271054e-06
6.310000e+04 2.245303e-06
6.330000e+04 2.236113e-06
6.350000e+04 2.203451e-06
6.370000e+04 2.195539e-06
6.390000e+04 2.152901e-06
6.420000e+04 2.128340e-06
6.460000e+04 2.075768e-06
6.500000e+04 2.033461e-06
6.540000e+04 1.988420e-06
6.580000e+04 1.951280e-06
6.620000e+04 1.905971e-06
6.660000e+04 1.866615e-06
6.700000e+04 1.828367e-06
6.740000e+04 1.785605e-06
6.780000e+04 1.748367e-06
6.820000e+04 1.709908e-06
6.860000e+04 1.677228e-06
6.900000e+04 1.638798e-06
6.940000e+04 1.605019e-06
6.980000e+04 1.571120e-06
7.020000e+04 1.536734e-06
7.060000e+04 1.506638e-06
7.100000e+04 1.473862e-06
7.140000e+04 1.444309e-06
7.180000e+04 1.413297e-06
7.220000e+04 1.384778e-06
7.260000e+04 1.355254e-06
7.300000e+04 1.327653e-06
7.340000e+04 1.299587e-06
7.380000e+04 1.273515e-06
7.420000e+04 1.244718e-06
7.460000e+04 1.217962e-06
7.500000e+04 1.193941e-06
7.540000e+04 1.170355e-06
7.580000e+04 1.149065e-06
7.620000e+04 1.126159e-06
7.660000e+04 1.103620e-06
7.700000e+04 1.081145e-06
7.740000e+04 1.060077e-06
7.780000e+04 1.039269e-06
7.820000e+04 1.018559e-06
7.860000e+04 9.988079e-07
7.900000e+04 9.792221e-07
7.940000e+04 9.600914e-07
7.980000e+04 9.418977e-07
8.020000e+04 9.225146e-07
8.060000e+04 9.048295e-07
8.100000e+04 8.884101e-07
8.140000e+04 8.710380e-07
8.180000e+04 8.552099e-07
8.220000e+04 8.391203e-07
8.260000e+04 8.232366e-07
8.300000e+04 8.079625e-07
8.340000e+04 7.923308e-07
8.380000e+04 7.775322e-07
8.420000e+04 7.639762e-07
8.460000e+04 7.495745e-07
8.500000e+04 7.360351e-07
8.540000e+04 7.228431e-07
8.580000e+04 7.098479e-07
8.620000e+04 6.972857e-07
8.660000e+04 6.848987e-07
8.700000e+04 6.726578e-07
8.740000e+04 6.608069e-07
8.780000e+04 6.488470e-07
8.820000e+04 6.372329e-07
8.860000e+04 6.260239e-07
8.900000e+04 6.150981e-07
8.940000e+04 6.046340e-07
8.980000e+04 5.935680e-07
9.020000e+04 5.840588e-07
9.060000e+04 5.742791e-07
9.100000e+04 5.633253e-07
9.140000e+04 5.543334e-07
9.180000e+04 5.452202e-07
9.220000e+04 5.363775e-07
9.260000e+04 5.272466e-07
9.300000e+04 5.184869e-07
9.340000e+04 5.096686e-07
9.380000e+04 5.014773e-07
9.420000e+04 4.930922e-07
9.460000e+04 4.847685e-07
9.500000e+04 4.769354e-07
9.540000e+04 4.692281e-07
9.580000e+04 4.617418e-07
9.620000e+04 4.540776e-07
9.660000e+04 4.469146e-07
9.700000e+04 4.397691e-07
9.740000e+04 4.319368e-07
9.780000e+04 4.256334e-07
9.820000e+04 4.190010e-07
9.860000e+04 4.124693e-07
9.900000e+04 4.060737e-07
9.940000e+04 3.995808e-07
9.980000e+04 3.933425e-07
1.002000e+05 3.871786e-07
2.000000e+05 2.533935e-08
4.000000e+05 1.601067e-09
6.000000e+05 3.155208e-10
8.000000e+05 9.938167e-11
1.000000e+06 4.051313e-11
1.200000e+06 1.944979e-11
1.400000e+06 1.045515e-11
1.600000e+06 6.102354e-12
