9.100000e+01 0.000000e+00
9.400000e+01 0.000000e+00
9.600000e+01 0.000000e+00
9.800000e+01 0.000000e+00
1.000000e+02 0.000000e+00
1.020000e+02 0.000000e+00
1.040000e+02 0.000000e+00
1.060000e+02 0.000000e+00
1.080000e+02 0.000000e+00
1.100000e+02 0.000000e+00
1.140000e+02 0.000000e+00
1.180000e+02 0.000000e+00
1.210000e+02 0.000000e+00
1.250000e+02 0.000000e+00
1.270000e+02 0.000000e+00
1.280000e+02 0.000000e+00
1.310000e+02 0.000000e+00
1.320000e+02 0.000000e+00
1.340000e+02 0.000000e+00
1.370000e+02 0.000000e+00
1.400000e+02 0.000000e+00
1.430000e+02 0.000000e+00
1.470000e+02 0.000000e+00
1.510000e+02 0.000000e+00
1.550000e+02 0.000000e+00
1.590000e+02 0.000000e+00
1.620000e+02 0.000000e+00
1.660000e+02 0.000000e+00
1.700000e+02 0.000000e+00
1.730000e+02 0.000000e+00
1.770000e+02 0.000000e+00
1.800000e+02 0.000000e+00
1.820000e+02 0.000000e+00
1.860000e+02 0.000000e+00
1.910000e+02 0.000000e+00
1.940000e+02 0.000000e+00
1.980000e+02 0.000000e+00
2.020000e+02 0.000000e+00
2.050000e+02 0.000000e+00
2.100000e+02 0.000000e+00
2.160000e+02 0.000000e+00
2.200000e+02 0.000000e+00
2.230000e+02 0.000000e+00
2.270000e+02 0.000000e+00
2.300000e+02 4.907092e-19
2.340000e+02 1.187824e-18
2.400000e+02 3.164639e-18
2.460000e+02 8.622350e-18
2.520000e+02 2.051546e-17
2.570000e+02 3.663107e-17
2.600000e+02 5.996342e-17
2.640000e+02 1.014085e-16
2.690000e+02 1.791107e-16
2.740000e+02 3.296181e-16
2.790000e+02 5.991343e-16
2.840000e+02 1.157851e-15
2.900000e+02 2.223924e-15
2.960000e+02 4.158347e-15
3.010000e+02 6.866416e-15
3.080000e+02 1.354264e-14
3.180000e+02 3.508076e-14
3.280000e+02 8.092794e-14
3.380000e+02 1.859388e-13
3.480000e+02 3.974401e-13
3.570000e+02 9.921852e-13
3.660000e+02 1.877624e-12
3.750000e+02 3.227906e-12
3.850000e+02 5.884519e-12
3.950000e+02 1.056264e-11
4.050000e+02 1.795011e-11
4.140000e+02 2.877044e-11
4.220000e+02 4.241438e-11
4.300000e+02 6.275244e-11
4.410000e+02 1.036712e-10
4.510000e+02 1.589970e-10
4.600000e+02 2.289235e-10
4.700000e+02 3.434324e-10
4.800000e+02 5.020348e-10
4.900000e+02 7.300165e-10
5.000000e+02 1.037951e-09
5.060000e+02 2.850043e-08
5.120000e+02 2.447636e-07
5.200000e+02 3.037732e-07
5.300000e+02 4.130607e-07
5.400000e+02 4.540035e-07
5.500000e+02 7.346341e-07
5.600000e+02 8.943585e-07
5.700000e+02 1.163656e-06
5.800000e+02 1.146484e-06
5.900000e+02 1.610841e-06
6.000000e+02 2.027590e-06
6.100000e+02 2.547474e-06
6.200000e+02 2.933720e-06
6.300000e+02 3.463538e-06
6.400000e+02 3.759677e-06
6.500000e+02 4.519106e-06
6.580000e+02 5.274494e-06
6.650000e+02 5.680645e-06
6.750000e+02 6.152298e-06
6.850000e+02 6.879895e-06
6.950000e+02 8.545612e-06
7.050000e+02 9.345400e-06
7.160000e+02 1.079195e-05
7.260000e+02 1.191347e-05
7.350000e+02 1.288652e-05
7.450000e+02 1.503734e-05
7.550000e+02 1.686617e-05
7.650000e+02 1.885980e-05
7.750000e+02 2.105714e-05
7.850000e+02 2.328784e-05
7.950000e+02 2.511416e-05
8.050000e+02 2.729325e-05
8.150000e+02 2.932809e-05
8.250000e+02 3.278825e-05
8.350000e+02 3.177650e-05
8.450000e+02 3.705443e-05
8.550000e+02 3.981170e-05
8.650000e+02 4.358349e-05
8.750000e+02 4.785328e-05
8.850000e+02 5.295144e-05
8.950000e+02 5.698804e-05
9.050000e+02 5.776970e-05
9.150000e+02 1.087948e-04
9.250000e+02 7.746164e-04
9.350000e+02 2.357993e-03
9.450000e+02 6.589907e-03
9.550000e+02 1.151568e-02
9.650000e+02 1.364043e-02
9.750000e+02 1.698845e-03
9.850000e+02 1.206996e-02
9.950000e+02 1.275341e-02
1.005000e+03 1.930217e-02
1.015000e+03 1.799581e-02
1.025000e+03 5.264098e-03
1.035000e+03 1.076122e-02
1.045000e+03 2.422354e-02
1.055000e+03 2.363130e-02
1.065000e+03 1.785443e-02
1.075000e+03 2.183956e-02
1.085000e+03 1.582896e-02
1.095000e+03 2.250493e-02
1.105000e+03 2.039572e-02
1.115000e+03 1.865809e-02
1.125000e+03 1.675955e-02
1.135000e+03 2.204755e-02
1.145000e+03 1.939151e-02
1.155000e+03 2.071001e-02
1.165000e+03 2.143210e-02
1.175000e+03 1.455826e-02
1.185000e+03 2.134918e-02
1.195000e+03 1.401836e-02
1.205000e+03 8.762506e-03
1.215000e+03 5.058885e-03
1.225000e+03 1.375857e-02
1.235000e+03 2.119008e-02
1.245000e+03 2.246491e-02
1.255000e+03 2.096389e-02
1.265000e+03 1.776127e-02
1.275000e+03 2.204578e-02
1.285000e+03 2.246861e-02
1.295000e+03 1.652040e-02
1.305000e+03 1.699797e-02
1.315000e+03 2.129809e-02
1.325000e+03 1.960573e-02
1.335000e+03 1.680186e-02
1.345000e+03 2.036024e-02
1.355000e+03 1.948890e-02
1.365000e+03 1.704198e-02
1.375000e+03 1.761391e-02
1.385000e+03 1.784154e-02
1.395000e+03 1.517996e-02
1.405000e+03 1.597838e-02
1.415000e+03 1.594870e-02
1.425000e+03 1.627215e-02
1.435000e+03 1.625820e-02
1.442000e+03 1.693395e-02
1.447000e+03 1.682237e-02
1.455000e+03 1.629129e-02
1.465000e+03 1.489022e-02
1.475000e+03 1.489109e-02
1.485000e+03 1.480020e-02
1.495000e+03 1.478661e-02
1.505000e+03 1.363977e-02
1.512000e+03 1.193922e-02
1.517000e+03 1.270794e-02
1.525000e+03 1.273363e-02
1.535000e+03 1.099585e-02
1.545000e+03 1.160718e-02
1.555000e+03 1.105305e-02
1.565000e+03 1.137000e-02
1.575000e+03 1.201516e-02
1.585000e+03 1.233564e-02
1.595000e+03 1.241423e-02
1.605000e+03 1.231296e-02
1.615000e+03 1.237581e-02
1.625000e+03 1.168547e-02
1.635000e+03 1.242674e-02
1.645000e+03 1.238605e-02
1.655000e+03 1.155594e-02
1.665000e+03 1.251815e-02
1.672000e+03 1.178476e-02
1.677000e+03 1.228395e-02
1.685000e+03 1.264102e-02
1.695000e+03 1.183730e-02
1.705000e+03 1.129224e-02
1.715000e+03 1.051219e-02
1.725000e+03 1.041262e-02
1.735000e+03 1.105568e-02
1.745000e+03 1.059886e-02
1.755000e+03 1.112761e-02
1.765000e+03 1.032643e-02
1.775000e+03 1.027285e-02
1.785000e+03 1.048429e-02
1.795000e+03 1.098245e-02
1.805000e+03 1.100297e-02
1.815000e+03 9.773538e-03
1.825000e+03 1.020061e-02
1.835000e+03 9.684550e-03
1.845000e+03 8.855995e-03
1.855000e+03 8.560444e-03
1.865000e+03 8.793496e-03
1.875000e+03 9.720758e-03
1.885000e+03 8.661357e-03
1.895000e+03 8.069506e-03
1.905000e+03 8.855474e-03
1.915000e+03 8.202972e-03
1.925000e+03 7.972791e-03
1.935000e+03 8.415434e-03
1.945000e+03 8.561090e-03
1.955000e+03 7.834794e-03
1.967000e+03 8.607344e-03
1.976000e+03 8.896262e-03
1.984000e+03 8.262880e-03
1.995000e+03 8.016407e-03
2.005000e+03 8.340192e-03
2.015000e+03 8.011987e-03
2.025000e+03 8.497527e-03
2.035000e+03 7.758898e-03
2.045000e+03 7.977806e-03
2.055000e+03 7.663052e-03
2.065000e+03 7.702879e-03
2.074000e+03 8.151897e-03
2.078000e+03 7.417141e-03
2.085000e+03 7.826145e-03
2.095000e+03 7.341939e-03
2.105000e+03 7.521556e-03
2.115000e+03 7.537456e-03
2.125000e+03 7.627268e-03
2.135000e+03 7.295398e-03
2.145000e+03 7.134685e-03
2.155000e+03 7.423916e-03
2.165000e+03 7.276875e-03
2.175000e+03 7.190114e-03
2.185000e+03 6.928874e-03
2.195000e+03 7.160687e-03
2.205000e+03 6.986082e-03
2.215000e+03 6.762467e-03
2.225000e+03 6.490574e-03
2.235000e+03 6.725044e-03
2.245000e+03 6.577550e-03
2.255000e+03 6.316262e-03
2.265000e+03 6.456474e-03
2.275000e+03 6.503466e-03
2.285000e+03 6.549798e-03
2.295000e+03 6.230128e-03
2.305000e+03 6.192515e-03
2.315000e+03 5.927007e-03
2.325000e+03 4.631387e-03
2.335000e+03 5.570075e-03
2.345000e+03 5.520760e-03
2.355000e+03 5.642735e-03
2.365000e+03 5.416986e-03
2.375000e+03 5.437326e-03
2.385000e+03 5.240429e-03
2.395000e+03 5.445014e-03
2.405000e+03 5.196229e-03
2.415000e+03 5.252306e-03
2.425000e+03 5.328484e-03
2.435000e+03 5.083327e-03
2.445000e+03 5.267415e-03
2.455000e+03 5.187152e-03
2.465000e+03 5.117909e-03
2.475000e+03 4.971379e-03
2.485000e+03 5.114184e-03
2.495000e+03 4.868768e-03
2.505000e+03 5.088957e-03
2.513000e+03 4.763760e-03
2.518000e+03 4.953455e-03
2.525000e+03 4.742591e-03
2.535000e+03 4.716278e-03
2.545000e+03 4.587241e-03
2.555000e+03 4.733631e-03
2.565000e+03 4.670299e-03
2.575000e+03 4.794022e-03
2.585000e+03 4.761526e-03
2.595000e+03 4.731734e-03
2.605000e+03 4.596514e-03
2.615000e+03 4.556773e-03
2.625000e+03 4.556159e-03
2.635000e+03 4.555910e-03
2.645000e+03 4.671689e-03
2.655000e+03 4.645744e-03
2.665000e+03 4.447946e-03
2.675000e+03 4.525892e-03
2.685000e+03 4.472727e-03
2.695000e+03 4.355126e-03
2.705000e+03 4.350750e-03
2.715000e+03 4.254946e-03
2.725000e+03 4.214254e-03
2.735000e+03 4.293135e-03
2.745000e+03 4.031164e-03
2.755000e+03 4.019351e-03
2.765000e+03 4.048620e-03
2.775000e+03 4.116300e-03
2.785000e+03 4.067349e-03
2.795000e+03 3.736072e-03
2.805000e+03 3.864255e-03
2.815000e+03 4.010942e-03
2.825000e+03 3.968518e-03
2.835000e+03 3.791457e-03
2.845000e+03 3.773729e-03
2.855000e+03 3.771588e-03
2.865000e+03 3.842315e-03
2.875000e+03 3.774778e-03
2.885000e+03 3.757029e-03
2.895000e+03 3.719620e-03
2.910000e+03 3.734915e-03
2.930000e+03 3.642679e-03
2.950000e+03 3.555858e-03
2.970000e+03 3.527711e-03
2.990000e+03 3.465796e-03
3.010000e+03 3.425979e-03
3.030000e+03 3.397990e-03
3.050000e+03 3.334380e-03
3.070000e+03 3.273659e-03
3.090000e+03 3.224011e-03
3.110000e+03 3.165690e-03
3.130000e+03 3.114652e-03
3.150000e+03 3.071913e-03
3.170000e+03 3.011120e-03
3.190000e+03 2.921941e-03
3.210000e+03 2.917121e-03
3.230000e+03 2.864122e-03
3.250000e+03 2.831857e-03
3.270000e+03 2.798232e-03
3.290000e+03 2.754460e-03
3.310000e+03 2.720740e-03
3.330000e+03 2.672298e-03
3.350000e+03 2.622418e-03
3.370000e+03 2.579463e-03
3.390000e+03 2.543295e-03
3.410000e+03 2.513103e-03
3.430000e+03 2.452571e-03
3.450000e+03 2.422626e-03
3.470000e+03 2.396643e-03
3.490000e+03 2.365907e-03
3.510000e+03 2.343095e-03
3.530000e+03 2.306836e-03
3.550000e+03 2.283753e-03
3.570000e+03 2.237278e-03
3.590000e+03 2.190312e-03
3.610000e+03 2.167175e-03
3.630000e+03 2.145670e-03
3.640000e+03 2.143423e-03
3.650000e+03 2.137901e-03
3.670000e+03 2.104441e-03
3.690000e+03 1.971389e-03
3.710000e+03 2.005660e-03
3.730000e+03 1.984901e-03
3.750000e+03 2.248799e-03
3.770000e+03 2.282039e-03
3.790000e+03 2.478633e-03
3.810000e+03 2.661442e-03
3.830000e+03 2.266261e-03
3.850000e+03 2.721535e-03
3.870000e+03 2.803732e-03
3.890000e+03 2.116386e-03
3.910000e+03 2.779879e-03
3.930000e+03 2.628986e-03
3.950000e+03 2.662625e-03
3.970000e+03 1.921677e-03
3.990000e+03 2.617957e-03
4.010000e+03 2.699307e-03
4.030000e+03 2.607300e-03
4.050000e+03 2.640582e-03
4.070000e+03 2.545651e-03
4.090000e+03 2.335438e-03
4.110000e+03 1.996677e-03
4.130000e+03 2.413407e-03
4.150000e+03 2.439612e-03
4.170000e+03 2.420209e-03
4.190000e+03 2.405297e-03
4.210000e+03 2.379909e-03
4.230000e+03 2.326396e-03
4.250000e+03 2.311475e-03
4.270000e+03 2.233895e-03
4.290000e+03 2.227910e-03
4.310000e+03 2.145997e-03
4.330000e+03 1.944975e-03
4.350000e+03 1.767921e-03
4.370000e+03 2.131866e-03
4.390000e+03 2.081871e-03
4.410000e+03 2.085889e-03
4.430000e+03 2.069714e-03
4.450000e+03 2.065482e-03
4.470000e+03 2.001346e-03
4.490000e+03 2.023530e-03
4.510000e+03 2.064176e-03
4.530000e+03 1.979854e-03
4.550000e+03 1.964964e-03
4.570000e+03 1.983103e-03
4.590000e+03 1.937161e-03
4.610000e+03 1.925181e-03
4.630000e+03 1.885686e-03
4.650000e+03 1.872185e-03
4.670000e+03 1.872452e-03
4.690000e+03 1.846681e-03
4.710000e+03 1.782786e-03
4.730000e+03 1.797543e-03
4.750000e+03 1.791942e-03
4.770000e+03 1.782183e-03
4.790000e+03 1.756637e-03
4.810000e+03 1.725756e-03
4.830000e+03 1.709507e-03
4.850000e+03 1.539049e-03
4.870000e+03 1.351714e-03
4.890000e+03 1.639514e-03
4.910000e+03 1.642974e-03
4.930000e+03 1.593625e-03
4.950000e+03 1.623755e-03
4.970000e+03 1.600812e-03
4.990000e+03 1.549532e-03
5.010000e+03 1.484287e-03
5.030000e+03 1.516762e-03
5.050000e+03 1.484884e-03
5.070000e+03 1.506635e-03
5.090000e+03 1.464396e-03
5.110000e+03 1.457834e-03
5.130000e+03 1.418341e-03
5.150000e+03 1.395724e-03
5.170000e+03 1.368063e-03
5.190000e+03 1.368468e-03
5.210000e+03 1.359548e-03
5.230000e+03 1.388941e-03
5.250000e+03 1.393050e-03
5.270000e+03 1.329763e-03
5.290000e+03 1.380027e-03
5.310000e+03 1.391428e-03
5.330000e+03 1.324456e-03
5.350000e+03 1.355069e-03
5.370000e+03 1.347417e-03
5.390000e+03 1.316589e-03
5.410000e+03 1.302235e-03
5.430000e+03 1.293313e-03
5.450000e+03 1.299645e-03
5.470000e+03 1.273695e-03
5.490000e+03 1.262868e-03
5.510000e+03 1.249565e-03
5.530000e+03 1.261461e-03
5.550000e+03 1.260083e-03
5.570000e+03 1.245536e-03
5.590000e+03 1.225482e-03
5.610000e+03 1.233658e-03
5.630000e+03 1.215058e-03
5.650000e+03 1.209451e-03
5.670000e+03 1.189117e-03
5.690000e+03 1.203362e-03
5.710000e+03 1.172912e-03
5.730000e+03 1.211413e-03
5.750000e+03 1.174967e-03
5.770000e+03 1.178535e-03
5.790000e+03 1.143251e-03
5.810000e+03 1.163982e-03
5.830000e+03 1.177907e-03
5.850000e+03 1.148799e-03
5.870000e+03 1.125811e-03
5.890000e+03 1.047455e-03
5.910000e+03 1.115938e-03
5.930000e+03 1.116930e-03
5.950000e+03 1.106012e-03
5.970000e+03 1.117030e-03
5.990000e+03 1.090149e-03
6.010000e+03 1.078517e-03
6.030000e+03 1.092869e-03
6.050000e+03 1.095675e-03
6.070000e+03 1.090924e-03
6.090000e+03 1.056922e-03
6.110000e+03 1.053319e-03
6.130000e+03 1.015242e-03
6.150000e+03 1.022930e-03
6.170000e+03 9.965638e-04
6.190000e+03 1.021599e-03
6.210000e+03 1.006620e-03
6.230000e+03 9.806855e-04
6.250000e+03 9.539672e-04
6.270000e+03 9.768479e-04
6.290000e+03 9.890430e-04
6.310000e+03 9.650821e-04
6.330000e+03 9.721948e-04
6.350000e+03 9.596499e-04
6.370000e+03 9.522310e-04
6.390000e+03 9.622931e-04
6.410000e+03 9.494421e-04
6.430000e+03 9.479339e-04
6.450000e+03 9.434766e-04
6.470000e+03 9.398417e-04
6.490000e+03 9.156357e-04
6.510000e+03 9.314330e-04
6.530000e+03 9.206249e-04
6.550000e+03 8.812597e-04
6.570000e+03 8.058247e-04
6.590000e+03 9.011437e-04
6.610000e+03 9.113550e-04
6.630000e+03 9.057173e-04
6.650000e+03 9.038324e-04
6.670000e+03 8.805364e-04
6.690000e+03 8.844649e-04
6.710000e+03 8.560237e-04
6.730000e+03 8.716402e-04
6.750000e+03 8.550661e-04
6.770000e+03 8.552588e-04
6.790000e+03 8.405091e-04
6.810000e+03 8.452877e-04
6.830000e+03 8.488026e-04
6.850000e+03 8.320909e-04
6.870000e+03 8.391939e-04
6.890000e+03 8.494813e-04
6.910000e+03 8.435532e-04
6.930000e+03 8.310850e-04
6.950000e+03 8.240304e-04
6.970000e+03 8.331328e-04
6.990000e+03 8.214102e-04
7.010000e+03 8.104039e-04
7.030000e+03 8.210017e-04
7.050000e+03 8.287093e-04
7.070000e+03 8.028714e-04
7.090000e+03 7.779647e-04
7.110000e+03 7.454779e-04
7.130000e+03 7.306716e-04
7.150000e+03 7.319944e-04
7.170000e+03 7.398166e-04
7.190000e+03 7.269778e-04
7.210000e+03 7.382321e-04
7.230000e+03 7.492732e-04
7.250000e+03 7.548826e-04
7.270000e+03 7.546160e-04
7.290000e+03 7.436402e-04
7.310000e+03 7.556978e-04
7.330000e+03 7.570597e-04
7.350000e+03 7.565189e-04
7.370000e+03 7.727314e-04
7.390000e+03 7.599666e-04
7.410000e+03 7.570522e-04
7.430000e+03 7.611655e-04
7.450000e+03 7.629626e-04
7.470000e+03 7.615780e-04
7.490000e+03 7.567105e-04
7.510000e+03 7.661885e-04
7.530000e+03 7.728335e-04
7.550000e+03 7.738272e-04
7.570000e+03 7.675830e-04
7.590000e+03 7.592863e-04
7.610000e+03 7.556103e-04
7.630000e+03 7.477559e-04
7.650000e+03 7.393459e-04
7.670000e+03 7.134338e-04
7.690000e+03 7.244421e-04
7.710000e+03 7.119207e-04
7.730000e+03 7.080352e-04
7.750000e+03 7.044179e-04
7.770000e+03 7.083179e-04
7.790000e+03 7.167109e-04
7.810000e+03 7.133001e-04
7.830000e+03 7.043683e-04
7.850000e+03 6.899546e-04
7.870000e+03 7.014903e-04
7.890000e+03 6.778211e-04
7.910000e+03 6.655572e-04
7.930000e+03 6.714814e-04
7.950000e+03 6.590624e-04
7.970000e+03 6.821593e-04
7.990000e+03 6.806581e-04
8.010000e+03 6.857655e-04
8.030000e+03 6.830940e-04
8.050000e+03 6.806664e-04
8.070000e+03 6.749296e-04
8.090000e+03 6.622655e-04
8.110000e+03 6.608217e-04
8.130000e+03 6.728793e-04
8.150000e+03 6.722848e-04
8.170000e+03 6.764251e-04
8.190000e+03 6.651406e-04
8.210000e+03 6.597283e-04
8.230000e+03 6.711291e-04
8.250000e+03 6.685071e-04
8.270000e+03 6.771131e-04
8.290000e+03 6.694276e-04
8.310000e+03 6.420438e-04
8.330000e+03 6.421502e-04
8.350000e+03 6.410705e-04
8.370000e+03 6.446278e-04
8.390000e+03 6.244749e-04
8.410000e+03 6.433972e-04
8.430000e+03 6.132509e-04
8.450000e+03 6.009266e-04
8.470000e+03 6.032888e-04
8.490000e+03 5.975721e-04
8.510000e+03 5.656831e-04
8.530000e+03 5.887499e-04
8.550000e+03 4.959986e-04
8.570000e+03 6.213642e-04
8.590000e+03 6.068191e-04
8.610000e+03 6.102924e-04
8.630000e+03 6.338062e-04
8.650000e+03 6.165403e-04
8.670000e+03 5.051876e-04
8.690000e+03 6.079678e-04
8.710000e+03 6.368009e-04
8.730000e+03 6.338246e-04
8.750000e+03 6.033453e-04
8.770000e+03 6.307429e-04
8.790000e+03 6.399940e-04
8.810000e+03 6.245569e-04
8.830000e+03 6.290014e-04
8.850000e+03 6.269525e-04
8.870000e+03 5.964347e-04
8.890000e+03 6.324901e-04
8.910000e+03 6.441864e-04
8.930000e+03 6.259509e-04
8.950000e+03 6.255692e-04
8.970000e+03 6.260610e-04
8.990000e+03 6.222384e-04
9.010000e+03 5.803189e-04
9.030000e+03 6.041804e-04
9.050000e+03 6.337620e-04
9.070000e+03 6.298018e-04
9.090000e+03 6.074583e-04
9.110000e+03 6.126126e-04
9.130000e+03 6.258865e-04
9.150000e+03 6.186534e-04
9.170000e+03 6.159567e-04
9.190000e+03 6.228670e-04
9.210000e+03 5.927709e-04
9.230000e+03 5.693903e-04
9.250000e+03 5.828762e-04
9.270000e+03 5.897615e-04
9.290000e+03 5.879042e-04
9.310000e+03 5.955274e-04
9.330000e+03 5.915662e-04
9.350000e+03 5.889463e-04
9.370000e+03 5.768278e-04
9.390000e+03 5.860383e-04
9.410000e+03 5.687981e-04
9.430000e+03 5.848785e-04
9.450000e+03 5.704540e-04
9.470000e+03 5.821966e-04
9.490000e+03 5.828028e-04
9.510000e+03 5.735546e-04
9.530000e+03 5.672909e-04
9.550000e+03 5.344097e-04
9.570000e+03 5.556503e-04
9.590000e+03 5.745435e-04
9.610000e+03 5.647992e-04
9.630000e+03 5.651240e-04
9.650000e+03 5.531218e-04
9.670000e+03 5.505103e-04
9.690000e+03 5.614989e-04
9.710000e+03 5.545783e-04
9.730000e+03 5.504687e-04
9.750000e+03 5.460199e-04
9.770000e+03 5.479626e-04
9.790000e+03 5.374269e-04
9.810000e+03 5.540673e-04
9.830000e+03 5.451207e-04
9.850000e+03 5.516470e-04
9.870000e+03 5.465144e-04
9.890000e+03 5.445906e-04
9.910000e+03 5.407288e-04
9.930000e+03 5.408850e-04
9.950000e+03 5.389397e-04
9.970000e+03 5.395364e-04
9.990000e+03 5.356288e-04
1.002500e+04 5.220007e-04
1.007500e+04 5.093028e-04
1.012500e+04 5.193767e-04
1.017500e+04 5.110713e-04
1.022500e+04 5.099119e-04
1.027500e+04 5.084624e-04
1.032500e+04 4.964919e-04
1.037500e+04 4.904816e-04
1.042500e+04 4.904895e-04
1.047500e+04 4.845352e-04
1.052500e+04 4.831596e-04
1.057500e+04 4.745232e-04
1.062500e+04 4.723097e-04
1.067500e+04 4.599848e-04
1.072500e+04 4.589604e-04
1.077500e+04 4.532533e-04
1.082500e+04 4.445037e-04
1.087500e+04 4.431658e-04
1.092500e+04 4.359908e-04
1.097500e+04 4.343918e-04
1.102500e+04 4.371004e-04
1.107500e+04 4.341351e-04
1.112500e+04 4.298426e-04
1.117500e+04 4.236788e-04
1.122500e+04 4.217407e-04
1.127500e+04 4.130122e-04
1.132500e+04 4.100909e-04
1.137500e+04 4.056549e-04
1.142500e+04 4.001516e-04
1.147500e+04 4.040864e-04
1.152500e+04 4.011873e-04
1.157500e+04 3.936033e-04
1.162500e+04 3.865272e-04
1.167500e+04 3.852961e-04
1.172500e+04 3.876712e-04
1.177500e+04 3.787506e-04
1.182500e+04 3.754554e-04
1.187500e+04 3.675995e-04
1.192500e+04 3.736614e-04
1.197500e+04 3.578442e-04
1.202500e+04 3.655212e-04
1.207500e+04 3.594059e-04
1.212500e+04 3.582798e-04
1.217500e+04 3.582868e-04
1.222500e+04 3.544387e-04
1.227500e+04 3.509057e-04
1.232500e+04 3.469096e-04
1.237500e+04 3.458115e-04
1.242500e+04 3.419095e-04
1.247500e+04 3.404909e-04
1.252500e+04 3.354823e-04
1.257500e+04 3.341944e-04
1.262500e+04 3.318686e-04
1.267500e+04 3.271150e-04
1.272500e+04 3.265636e-04
1.277500e+04 3.259225e-04
1.282500e+04 3.082783e-04
1.287500e+04 3.173198e-04
1.292500e+04 3.113734e-04
1.297500e+04 3.159344e-04
1.302500e+04 3.098676e-04
1.307500e+04 3.120434e-04
1.312500e+04 3.045152e-04
1.317500e+04 3.039474e-04
1.322500e+04 3.037872e-04
1.327500e+04 2.973939e-04
1.332500e+04 3.003035e-04
1.337500e+04 2.956722e-04
1.342500e+04 2.979021e-04
1.347500e+04 2.950659e-04
1.352500e+04 2.937427e-04
1.357500e+04 2.879309e-04
1.362500e+04 2.860331e-04
1.367500e+04 2.869969e-04
1.372500e+04 2.874057e-04
1.377500e+04 2.848427e-04
1.382500e+04 2.850988e-04
1.387500e+04 2.807870e-04
1.392500e+04 2.820652e-04
1.397500e+04 2.818400e-04
1.402500e+04 2.759513e-04
1.407500e+04 2.786840e-04
1.412500e+04 2.738766e-04
1.417500e+04 2.765069e-04
1.422500e+04 2.714933e-04
1.427500e+04 2.653961e-04
1.432500e+04 2.711118e-04
1.437500e+04 2.710566e-04
1.442500e+04 2.619645e-04
1.447500e+04 2.676409e-04
1.452500e+04 2.636486e-04
1.457000e+04 2.651058e-04
1.462000e+04 2.643487e-04
1.467500e+04 2.637445e-04
1.472500e+04 2.578931e-04
1.477500e+04 2.597230e-04
1.482500e+04 2.588453e-04
1.487500e+04 2.559877e-04
1.492500e+04 2.616624e-04
1.497500e+04 2.566508e-04
1.502500e+04 2.551393e-04
1.507500e+04 2.516135e-04
1.512500e+04 2.551128e-04
1.517500e+04 2.550677e-04
1.522500e+04 2.546784e-04
1.527500e+04 2.559545e-04
1.532500e+04 2.532273e-04
1.537500e+04 2.561001e-04
1.542500e+04 2.541375e-04
1.547500e+04 2.540181e-04
1.552500e+04 2.492571e-04
1.557500e+04 2.350608e-04
1.562500e+04 2.426688e-04
1.567500e+04 2.403632e-04
1.572500e+04 2.473545e-04
1.577500e+04 2.246725e-04
1.582500e+04 2.301541e-04
1.587500e+04 2.271722e-04
1.592500e+04 2.346730e-04
1.597500e+04 2.267380e-04
1.605000e+04 2.291918e-04
1.615000e+04 2.284279e-04
1.625000e+04 2.238773e-04
1.635000e+04 2.312879e-04
1.645000e+04 2.133820e-04
1.655000e+04 2.239079e-04
1.665000e+04 2.096502e-04
1.675000e+04 2.148583e-04
1.685000e+04 2.030356e-04
1.695000e+04 2.095261e-04
1.705000e+04 2.016226e-04
1.715000e+04 2.021129e-04
1.725000e+04 1.975155e-04
1.735000e+04 1.889402e-04
1.745000e+04 1.919855e-04
1.755000e+04 1.862437e-04
1.765000e+04 1.862647e-04
1.775000e+04 1.808134e-04
1.785000e+04 1.802096e-04
1.795000e+04 1.772868e-04
1.805000e+04 1.717483e-04
1.815000e+04 1.706918e-04
1.825000e+04 1.675855e-04
1.835000e+04 1.641430e-04
1.845000e+04 1.613869e-04
1.855000e+04 1.600447e-04
1.865000e+04 1.552236e-04
1.875000e+04 1.528045e-04
1.885000e+04 1.514533e-04
1.895000e+04 1.445557e-04
1.905000e+04 1.486549e-04
1.915000e+04 1.450273e-04
1.925000e+04 1.437564e-04
1.935000e+04 1.389421e-04
1.945000e+04 1.359614e-04
1.955000e+04 1.365092e-04
1.965000e+04 1.338398e-04
1.975000e+04 1.305237e-04
1.985000e+04 1.295966e-04
1.995000e+04 1.277994e-04
2.005000e+04 1.276931e-04
2.015000e+04 1.257133e-04
2.025000e+04 1.213571e-04
2.035000e+04 1.199441e-04
2.045000e+04 1.203975e-04
2.055000e+04 1.178066e-04
2.065000e+04 1.155344e-04
2.075000e+04 1.141700e-04
2.085000e+04 1.118638e-04
2.095000e+04 1.095566e-04
2.105000e+04 1.095237e-04
2.115000e+04 1.070897e-04
2.125000e+04 1.052124e-04
2.135000e+04 1.050581e-04
2.145000e+04 1.032036e-04
2.155000e+04 1.012581e-04
2.165000e+04 9.924927e-05
2.175000e+04 9.747574e-05
2.185000e+04 9.655228e-05
2.195000e+04 9.549933e-05
2.205000e+04 9.248860e-05
2.215000e+04 9.321308e-05
2.225000e+04 9.001412e-05
2.235000e+04 8.916618e-05
2.245000e+04 8.804885e-05
2.255000e+04 8.728053e-05
2.265000e+04 8.485229e-05
2.275000e+04 8.522712e-05
2.285000e+04 8.296873e-05
2.295000e+04 6.880159e-05
2.305000e+04 7.473610e-05
2.315000e+04 7.355875e-05
2.325000e+04 6.221581e-05
2.335000e+04 6.815148e-05
2.345000e+04 6.483018e-05
2.355000e+04 5.541752e-05
2.365000e+04 6.231280e-05
2.375000e+04 5.916661e-05
2.385000e+04 5.238767e-05
2.395000e+04 5.778373e-05
2.405000e+04 5.639324e-05
2.415000e+04 5.045874e-05
2.425000e+04 5.467009e-05
2.435000e+04 5.359228e-05
2.445000e+04 5.020628e-05
2.455000e+04 5.052235e-05
2.465000e+04 5.232079e-05
2.475000e+04 5.027171e-05
2.485000e+04 4.742022e-05
2.495000e+04 4.912395e-05
2.505000e+04 5.099248e-05
2.515000e+04 4.587340e-05
2.525000e+04 4.847940e-05
2.535000e+04 4.821256e-05
2.545000e+04 4.730144e-05
2.555000e+04 4.620953e-05
2.565000e+04 4.631918e-05
2.575000e+04 4.684095e-05
2.585000e+04 4.397193e-05
2.595000e+04 4.455449e-05
2.605000e+04 4.548009e-05
2.615000e+04 4.407919e-05
2.625000e+04 4.328658e-05
2.635000e+04 4.388095e-05
2.645000e+04 4.359008e-05
2.655000e+04 4.265671e-05
2.665000e+04 4.171553e-05
2.675000e+04 4.310616e-05
2.685000e+04 4.254688e-05
2.695000e+04 4.073033e-05
2.705000e+04 4.160949e-05
2.715000e+04 4.110654e-05
2.725000e+04 4.126090e-05
2.735000e+04 3.945527e-05
2.745000e+04 4.009380e-05
2.755000e+04 4.011023e-05
2.765000e+04 3.932719e-05
2.775000e+04 3.813430e-05
2.785000e+04 3.864090e-05
2.795000e+04 3.871064e-05
2.805000e+04 3.821651e-05
2.815000e+04 3.715966e-05
2.825000e+04 3.722620e-05
2.835000e+04 3.723818e-05
2.845000e+04 3.669725e-05
2.855000e+04 3.615289e-05
2.865000e+04 3.584942e-05
2.875000e+04 3.548982e-05
2.885000e+04 3.519730e-05
2.895000e+04 3.481360e-05
2.905000e+04 3.439012e-05
2.915000e+04 3.418319e-05
2.925000e+04 3.335764e-05
2.935000e+04 3.355461e-05
2.945000e+04 3.294354e-05
2.955000e+04 3.259335e-05
2.965000e+04 3.247651e-05
2.975000e+04 3.214375e-05
2.985000e+04 3.163341e-05
2.995000e+04 3.130777e-05
3.005000e+04 3.092932e-05
3.015000e+04 3.075489e-05
3.025000e+04 3.026059e-05
3.035000e+04 2.974603e-05
3.045000e+04 2.965720e-05
3.055000e+04 2.926292e-05
3.065000e+04 2.894404e-05
3.075000e+04 2.870580e-05
3.085000e+04 2.818125e-05
3.095000e+04 2.791369e-05
3.105000e+04 2.778115e-05
3.115000e+04 2.721078e-05
3.125000e+04 2.706944e-05
3.135000e+04 2.677176e-05
3.145000e+04 2.645011e-05
3.155000e+04 2.612645e-05
3.165000e+04 2.571854e-05
3.175000e+04 2.558596e-05
3.185000e+04 2.526212e-05
3.195000e+04 2.503350e-05
3.210000e+04 2.455595e-05
3.230000e+04 2.393908e-05
3.250000e+04 2.339989e-05
3.270000e+04 2.283634e-05
3.290000e+04 2.226979e-05
3.310000e+04 2.178976e-05
3.330000e+04 2.128432e-05
3.350000e+04 2.090378e-05
3.370000e+04 2.039398e-05
3.390000e+04 1.991525e-05
3.410000e+04 1.944228e-05
3.430000e+04 1.910731e-05
3.450000e+04 1.872744e-05
3.470000e+04 1.830258e-05
3.490000e+04 1.793101e-05
3.510000e+04 1.758168e-05
3.530000e+04 1.713626e-05
3.550000e+04 1.683675e-05
3.570000e+04 1.646204e-05
3.590000e+04 1.611403e-05
3.610000e+04 1.583043e-05
3.630000e+04 1.550713e-05
3.650000e+04 1.511522e-05
3.670000e+04 1.480697e-05
3.690000e+04 1.439603e-05
3.710000e+04 1.406151e-05
3.730000e+04 1.387616e-05
3.750000e+04 1.345425e-05
3.770000e+04 1.336037e-05
3.790000e+04 1.307306e-05
3.810000e+04 1.285731e-05
3.830000e+04 1.265230e-05
3.850000e+04 1.243269e-05
3.870000e+04 1.210632e-05
3.890000e+04 1.190326e-05
3.910000e+04 1.170304e-05
3.930000e+04 1.149692e-05
3.950000e+04 1.119323e-05
3.970000e+04 1.100400e-05
3.990000e+04 1.069043e-05
4.010000e+04 1.057353e-05
4.030000e+04 1.043013e-05
4.050000e+04 1.020153e-05
4.070000e+04 1.004659e-05
4.090000e+04 9.872750e-06
4.110000e+04 9.698223e-06
4.130000e+04 9.541968e-06
4.150000e+04 9.348285e-06
4.170000e+04 9.159205e-06
4.190000e+04 8.992518e-06
4.210000e+04 8.811226e-06
4.230000e+04 8.726008e-06
4.250000e+04 8.525153e-06
4.270000e+04 8.408474e-06
4.290000e+04 7.700270e-06
4.310000e+04 7.014255e-06
4.330000e+04 7.151267e-06
4.350000e+04 6.596382e-06
4.370000e+04 6.334717e-06
4.390000e+04 6.111141e-06
4.410000e+04 5.649934e-06
4.430000e+04 5.626573e-06
4.450000e+04 5.465731e-06
4.470000e+04 5.143538e-06
4.490000e+04 5.258449e-06
4.510000e+04 5.050668e-06
4.530000e+04 4.849810e-06
4.550000e+04 4.911334e-06
4.570000e+04 4.824064e-06
4.590000e+04 4.581312e-06
4.610000e+04 4.705610e-06
4.630000e+04 4.556703e-06
4.650000e+04 4.512448e-06
4.670000e+04 4.531185e-06
4.690000e+04 4.417886e-06
4.710000e+04 4.314047e-06
4.730000e+04 4.399441e-06
4.750000e+04 4.271200e-06
4.770000e+04 4.220255e-06
4.790000e+04 4.184039e-06
4.810000e+04 4.046736e-06
4.830000e+04 4.140903e-06
4.850000e+04 4.042287e-06
4.870000e+04 3.940840e-06
4.890000e+04 3.901899e-06
4.910000e+04 3.848652e-06
4.930000e+04 3.797696e-06
4.950000e+04 3.708168e-06
4.970000e+04 3.743770e-06
4.990000e+04 3.674744e-06
5.010000e+04 3.642652e-06
5.030000e+04 3.597247e-06
5.050000e+04 3.494084e-06
5.070000e+04 3.495509e-06
5.090000e+04 3.442314e-06
5.110000e+04 3.380953e-06
5.130000e+04 3.357350e-06
5.150000e+04 3.293531e-06
5.170000e+04 3.321530e-06
5.190000e+04 3.254363e-06
5.210000e+04 3.222331e-06
5.230000e+04 3.162513e-06
5.250000e+04 3.154804e-06
5.270000e+04 3.182869e-06
5.290000e+04 3.073336e-06
5.310000e+04 3.016246e-06
5.330000e+04 3.023690e-06
5.350000e+04 2.984119e-06
5.370000e+04 2.954392e-06
5.390000e+04 2.931688e-06
5.410000e+04 2.903197e-06
5.430000e+04 2.839053e-06
5.450000e+04 2.855779e-06
5.470000e+04 2.780291e-06
5.490000e+04 2.783094e-06
5.510000e+04 2.719569e-06
5.530000e+04 2.790070e-06
5.550000e+04 2.674512e-06
5.570000e+04 2.695150e-06
5.590000e+04 2.639987e-06
5.610000e+04 2.652334e-06
5.630000e+04 2.575638e-06
5.650000e+04 2.587805e-06
5.670000e+04 2.554775e-06
5.690000e+04 2.488538e-06
5.710000e+04 2.507421e-06
5.730000e+04 2.481556e-06
5.750000e+04 2.448473e-06
5.770000e+04 2.419755e-06
5.790000e+04 2.416840e-06
5.810000e+04 2.377148e-06
5.830000e+04 2.355566e-06
5.850000e+04 2.329325e-06
5.870000e+04 2.283470e-06
5.890000e+04 2.268162e-06
5.910000e+04 2.240294e-06
5.930000e+04 2.230548e-06
5.950000e+04 2.190941e-06
5.970000e+04 2.187283e-06
5.990000e+04 2.164086e-06
6.010000e+04 2.139650e-06
6.030000e+04 2.114471e-06
6.050000e+04 2.077767e-06
6.070000e+04 2.059071e-06
6.090000e+04 2.032273e-06
6.110000e+04 2.007096e-06
6.130000e+04 1.995544e-06
6.150000e+04 1.979627e-06
6.170000e+04 1.969516e-06
6.190000e+04 1.940677e-06
6.210000e+04 1.928870e-06
6.230000e+04 1.896510e-06
6.250000e+04 1.865824e-06
6.270000e+04 1.846848e-06
6.290000e+04 1.830357e-06
6.310000e+04 1.809337e-06
6.330000e+04 1.802056e-06
6.350000e+04 1.775692e-06
6.370000e+04 1.769246e-06
6.390000e+04 1.734807e-06
6.420000e+04 1.714842e-06
6.460000e+04 1.672486e-06
6.500000e+04 1.638212e-06
6.540000e+04 1.601847e-06
6.580000e+04 1.571851e-06
6.620000e+04 1.535226e-06
6.660000e+04 1.503398e-06
6.700000e+04 1.472480e-06
6.740000e+04 1.437954e-06
6.780000e+04 1.407871e-06
6.820000e+04 1.376808e-06
6.860000e+04 1.350378e-06
6.900000e+04 1.319396e-06
6.940000e+04 1.292094e-06
6.980000e+04 1.264749e-06
7.020000e+04 1.236939e-06
7.060000e+04 1.212640e-06
7.100000e+04 1.186232e-06
7.140000e+04 1.162332e-06
7.180000e+04 1.137334e-06
7.220000e+04 1.114272e-06
7.260000e+04 1.090484e-06
7.300000e+04 1.068194e-06
7.340000e+04 1.045549e-06
7.380000e+04 1.024520e-06
7.420000e+04 1.001230e-06
7.460000e+04 9.793782e-07
7.500000e+04 9.600201e-07
7.540000e+04 9.412584e-07
7.580000e+04 9.241419e-07
7.620000e+04 9.056430e-07
7.660000e+04 8.875129e-07
7.700000e+04 8.693638e-07
7.740000e+04 8.523812e-07
7.780000e+04 8.356109e-07
7.820000e+04 8.189373e-07
7.860000e+04 8.029976e-07
7.900000e+04 7.872150e-07
7.940000e+04 7.718136e-07
7.980000e+04 7.571464e-07
8.020000e+04 7.415295e-07
8.060000e+04 7.272858e-07
8.100000e+04 7.140676e-07
8.140000e+04 7.000597e-07
8.180000e+04 6.873162e-07
8.220000e+04 6.743743e-07
8.260000e+04 6.615648e-07
8.300000e+04 6.492725e-07
8.340000e+04 6.366574e-07
8.380000e+04 6.247532e-07
8.420000e+04 6.138452e-07
8.460000e+04 6.022621e-07
8.500000e+04 5.913552e-07
8.540000e+04 5.807251e-07
8.580000e+04 5.702717e-07
8.620000e+04 5.601635e-07
8.660000e+04 5.501659e-07
8.700000e+04 5.403284e-07
8.740000e+04 5.307937e-07
8.780000e+04 5.211758e-07
8.820000e+04 5.118202e-07
8.860000e+04 5.027893e-07
8.900000e+04 4.939876e-07
8.940000e+04 4.855879e-07
8.980000e+04 4.766757e-07
9.020000e+04 4.690270e-07
9.060000e+04 4.611451e-07
9.100000e+04 4.523338e-07
9.140000e+04 4.451199e-07
9.180000e+04 4.377692e-07
9.220000e+04 4.306623e-07
9.260000e+04 4.233159e-07
9.300000e+04 4.162715e-07
9.340000e+04 4.091810e-07
9.380000e+04 4.025931e-07
9.420000e+04 3.958572e-07
9.460000e+04 3.891556e-07
9.500000e+04 3.828632e-07
9.540000e+04 3.766493e-07
9.580000e+04 3.706222e-07
9.620000e+04 3.644762e-07
9.660000e+04 3.587094e-07
9.700000e+04 3.529701e-07
9.740000e+04 3.466563e-07
9.780000e+04 3.415934e-07
9.820000e+04 3.362733e-07
9.860000e+04 3.310152e-07
9.900000e+04 3.258687e-07
9.940000e+04 3.206442e-07
9.980000e+04 3.156350e-07
1.002000e+05 3.106854e-07
2.000000e+05 2.025874e-08
4.000000e+05 1.277128e-09
6.000000e+05 2.514141e-10
8.000000e+05 7.913540e-11
1.000000e+06 3.224280e-11
1.200000e+06 1.547316e-11
1.400000e+06 8.314219e-12
1.600000e+06 4.851240e-12
