#wave       R1        R2         R3         R4
#
5000 9.73923e-05 0.000199471 0.000243996 0.000136101
5007.11 0.000130198 0.000182494 7.32137e-05 0.000145122
5014.22 0.000199482 8.38546e-05 0.000100217 0.000237808
5021.33 0.000104568 0.00014039 0.000121863 0.000178273
5028.45 0.00013315 0.000116979 0.00015626 0.000180496
5035.56 0.000102053 8.83512e-05 0.000190152 7.26475e-05
5042.67 0.000153103 0.000108075 9.36721e-05 0.000165831
5049.78 0.000156845 0.000112537 0.00017461 0.000117952
5056.89 0.000223693 7.90848e-05 6.01732e-05 7.23241e-05
5064 0.000143692 6.94326e-05 0.000201765 9.26047e-05
5071.12 0.00017214 0.00014748 0.000141911 9.8795e-05
5078.23 0.000179251 0.000149953 0.000193105 3.72364e-05
5085.34 0.000153444 0.000141735 0.000105147 0.000144944
5092.45 0.000133768 0.000193635 8.87198e-05 0.000189167
5099.56 0.000102752 0.000108097 9.11931e-05 8.28499e-05
5106.67 0.000154629 0.000144577 0.00015432 7.85219e-05
5113.78 0.000103387 0.000193809 0.000148774 0.000112406
5120.9 0.000218173 0.000216037 0.000182753 5.87653e-05
5128.01 0.00015036 0.00019501 0.000243871 0.000127108
5135.12 0.00018867 0.000146085 0.00016615 0.000118823
5142.23 0.000196595 0.000115589 0.000213688 0.000103493
5149.34 0.000183601 0.000168076 8.97018e-05 0.000122394
5156.45 0.000158829 0.000163171 0.000126875 8.20799e-05
5163.56 0.000199338 8.33701e-05 0.000152692 0.000123425
5170.68 0.000135675 7.99115e-05 0.000214089 0.000134161
5177.79 0.00020579 6.50408e-05 0.000143962 0.000131294
5184.9 0.000164833 0.000145078 0.000120781 0.000207321
5192.01 0.000135214 8.79519e-05 8.56758e-05 0.000187618
5199.12 0.000273223 0.000145049 0.000215033 0.000119379
5206.23 0.000113761 0.000186892 0.000126443 0.00014343
5213.35 0.000117472 0.000112799 0.00021105 0.000108374
5220.46 0.000180213 0.000227002 8.30185e-05 0.000154241
5227.57 0.000160838 0.000115634 0.000234918 0.000122219
5234.68 0.000148344 8.5457e-05 0.000199576 9.9111e-05
5241.79 0.000128435 0.000147375 0.000149383 3.80913e-05
5248.9 0.000105752 0.000227625 0.000272513 0.000183698
5256.01 0.00010584 0.000157456 0.000143036 0.000107674
5263.13 0.000158985 0.000136353 0.000132663 0.00011225
5270.24 0.000134353 0.000109186 0.000244565 0.000142709
5277.35 0.000219644 0.000188913 0.000248718 0.000113954
5284.46 0.000146399 0.00013594 0.000147623 8.8629e-05
5291.57 0.00016998 0.000145212 0.000141516 0.000179527
5298.68 0.000204992 0.000137461 0.000162844 0.000198541
5305.8 0.00026019 6.26147e-05 0.000177863 0.000106937
5312.91 0.000214015 6.6265e-05 0.000128599 8.25761e-05
5320.02 0.000161718 0.000113828 0.000212201 7.07323e-05
5327.13 0.000135613 0.000106013 0.000171149 0.000103999
5334.24 0.000152934 5.46266e-05 9.80125e-05 7.02335e-05
5341.35 0.000101283 5.04587e-05 0.000248931 8.09092e-05
5348.46 0.000164955 0.000106541 0.000148349 0.00015804
5355.58 0.00013351 0.000222088 0.000207773 0.000147349
5362.69 0.000191958 0.000105507 0.000183734 0.000149152
5369.8 0.000115726 0.000170611 0.000177859 5.89709e-05
5376.91 0.000102125 0.000135573 0.000104131 0.000173217
5384.02 0.000128617 0.000136231 0.000128152 0.000107794
5391.13 8.68535e-05 0.000128095 0.000153127 0.000140254
5398.24 0.000185144 8.02018e-05 0.000244904 0.000135406
5405.36 7.47049e-05 0.000211303 0.000114692 0.000157796
5412.47 0.00015199 0.000254359 0.000182563 9.75719e-05
5419.58 0.000109378 0.000172905 0.000139196 0.000135906
5426.69 0.000251236 0.000116169 0.000126814 0.000130314
5433.8 0.000210004 0.000115332 0.000248127 0.000116978
5440.91 0.000117836 0.000169201 0.000164984 0.000174925
5448.03 0.00020658 9.71619e-05 0.000260061 6.81331e-05
5455.14 0.000221134 6.82056e-05 0.000144712 0.000113118
5462.25 0.000221331 0.000191153 0.000149457 9.00173e-05
5469.36 0.000125248 0.000117062 0.00016587 0.000109168
5476.47 0.000182664 0.000160656 0.000189611 0.000105739
5483.58 0.000176702 0.000161663 0.000152616 0.000185935
5490.69 0.000141644 5.77516e-05 9.0666e-05 0.000125332
5497.81 0.00012137 6.19567e-05 0.000127612 6.98056e-05
5504.92 0.00017474 8.76665e-05 0.000159695 0.00015581
5512.03 0.000172937 0.000122814 0.000166906 9.46499e-05
5519.14 0.000334398 0.000133997 0.000207289 0.00019428
5526.25 0.000141991 0.00015045 0.000275228 0.000116707
5533.36 0.000233159 0.00016129 0.000178756 7.76297e-05
5540.48 0.00020145 8.64623e-05 0.00018194 0.000109433
5547.59 0.000170456 0.000194429 0.000202973 8.26079e-05
5554.7 0.000218797 0.00018536 0.000248744 7.62874e-05
5561.81 0.00031138 0.000358359 0.000338922 0.000104245
5568.92 0.000322228 0.00041061 0.00031289 0.000170574
5576.03 0.000442243 0.000729958 0.000507784 0.0002329
5583.14 0.000483674 0.00123688 0.000630407 0.000328124
5590.26 0.000569861 0.0017094 0.00111749 0.00046487
5597.37 0.00104629 0.00291314 0.00147404 0.000839836
5604.48 0.00129704 0.00388667 0.00196066 0.00104432
5611.59 0.0020711 0.00559268 0.00289779 0.00165115
5618.7 0.00304098 0.00760849 0.00418974 0.00216778
5625.81 0.0042778 0.0101818 0.00550482 0.0031022
5632.92 0.00559913 0.0134636 0.00737388 0.00431749
5640.04 0.00723486 0.0169794 0.0100448 0.00557351
5647.15 0.00928031 0.0215707 0.0129147 0.00732768
5654.26 0.0115158 0.0235091 0.0163167 0.00886462
5661.37 0.0139467 0.0298827 0.0199674 0.0112524
5668.48 0.0165955 0.0367497 0.0253436 0.0138244
5675.59 0.0171195 0.0439852 0.0316133 0.0163954
5682.71 0.0208089 0.0515046 0.0379711 0.0198276
5689.82 0.0253348 0.059153 0.0443883 0.0234974
5696.93 0.0305727 0.0670099 0.0508387 0.0279151
5704.04 0.0364013 0.0749459 0.0573757 0.0329698
5711.15 0.0427133 0.0829071 0.0638316 0.0385608
5718.26 0.0494185 0.0907254 0.0702552 0.0445961
5725.37 0.0564178 0.0985893 0.0766288 0.0509923
5732.49 0.0636388 0.106353 0.0829362 0.057674
5739.6 0.0710214 0.113983 0.0891629 0.0645731
5746.71 0.0784964 0.121455 0.0954237 0.0716285
5753.82 0.0860089 0.128744 0.10146 0.0787852
5760.93 0.0935111 0.135831 0.107381 0.0859943
5768.04 0.100961 0.142514 0.113178 0.0932123
5775.16 0.108322 0.149145 0.119001 0.100401
5782.27 0.115562 0.155536 0.124535 0.107526
5789.38 0.122672 0.161681 0.129925 0.114559
5796.49 0.129597 0.167574 0.135166 0.121474
5803.6 0.136351 0.173212 0.140441 0.128421
5810.71 0.142905 0.178594 0.145381 0.135046
5817.82 0.149244 0.183721 0.150162 0.141498
5824.94 0.155361 0.188594 0.154988 0.147762
5832.05 0.161248 0.193217 0.159455 0.15383
5839.16 0.166901 0.197594 0.16376 0.159693
5846.27 0.172341 0.201991 0.168126 0.165345
5853.38 0.177522 0.205897 0.172114 0.171009
5860.49 0.18249 0.209575 0.175943 0.176236
5867.6 0.187202 0.213031 0.179849 0.181245
5874.72 0.191709 0.216274 0.183367 0.186036
5881.83 0.195992 0.219311 0.186975 0.190611
5888.94 0.200055 0.222151 0.190189 0.195229
5896.05 0.203905 0.224802 0.193252 0.199384
5903.16 0.207548 0.227564 0.196426 0.203334
5910.27 0.210992 0.229865 0.199201 0.207081
5917.39 0.214243 0.232003 0.202099 0.210633
5924.5 0.21731 0.233985 0.204597 0.214274
5931.61 0.220229 0.236121 0.20696 0.217454
5938.72 0.222951 0.23782 0.209465 0.220456
5945.83 0.22554 0.239387 0.211571 0.223287
5952.94 0.227948 0.240831 0.213832 0.226247
5960.05 0.23024 0.242467 0.215695 0.228757
5967.17 0.232395 0.243688 0.217724 0.231116
5974.28 0.234389 0.244807 0.219359 0.233634
5981.39 0.236291 0.246142 0.220884 0.235712
5988.5 0.238077 0.247077 0.222591 0.237658
5995.61 0.239754 0.24793 0.22391 0.23948
6002.72 0.241328 0.249019 0.225421 0.241495
6009.84 0.242805 0.249722 0.226547 0.243087
6016.95 0.244191 0.250674 0.227877 0.244572
6024.06 0.245523 0.251248 0.228825 0.246275
6031.17 0.246743 0.251764 0.229987 0.247565
6038.28 0.247887 0.252544 0.230771 0.248765
6045.39 0.24896 0.252955 0.231477 0.250202
6052.5 0.249997 0.253639 0.23241 0.251237
6059.62 0.25094 0.25396 0.232973 0.252196
6066.73 0.251854 0.254561 0.233771 0.25341
6073.84 0.25268 0.254804 0.234203 0.25423
6080.95 0.253485 0.255332 0.234876 0.254987
6088.06 0.254239 0.255507 0.235189 0.256012
6095.17 0.254945 0.255972 0.235751 0.256652
6102.28 0.255572 0.256087 0.235957 0.257238
6109.4 0.256188 0.256495 0.236417 0.258104
6116.51 0.256761 0.256556 0.236527 0.258591
6123.62 0.257294 0.256914 0.236592 0.259364
6130.73 0.257788 0.257249 0.23692 0.259762
6137.84 0.258244 0.25724 0.236905 0.260119
6144.95 0.258664 0.257532 0.237156 0.260769
6152.07 0.259081 0.257481 0.237069 0.261049
6159.18 0.259431 0.257733 0.237252 0.261627
6166.29 0.259747 0.257966 0.237102 0.261837
6173.4 0.260063 0.257859 0.237227 0.262347
6180.51 0.260314 0.258056 0.237021 0.262492
6187.62 0.260567 0.258236 0.237094 0.262941
6194.73 0.260757 0.258078 0.236841 0.263026
6201.85 0.26095 0.258226 0.236868 0.263417
6208.96 0.261113 0.258358 0.236574 0.263446
6216.07 0.261248 0.258153 0.236563 0.263449
6223.18 0.261322 0.258256 0.236234 0.26376
6230.29 0.261402 0.258344 0.236189 0.264047
6237.4 0.261456 0.258097 0.235831 0.263975
6244.52 0.261484 0.258157 0.235758 0.264214
6251.63 0.261487 0.258205 0.235673 0.264096
6258.74 0.261499 0.258241 0.235278 0.26429
6265.85 0.261455 0.257944 0.235172 0.264129
6272.96 0.261388 0.257956 0.234758 0.264281
6280.07 0.261301 0.257957 0.234634 0.264079
6287.18 0.261226 0.257947 0.234205 0.264191
6294.3 0.2611 0.257928 0.234065 0.264285
6301.41 0.260988 0.257579 0.233624 0.264028
6308.52 0.260827 0.257542 0.233472 0.264086
6315.63 0.260682 0.257496 0.233315 0.263796
6322.74 0.260524 0.257443 0.232859 0.263822
6329.85 0.260352 0.257382 0.232692 0.263832
6336.97 0.260136 0.256997 0.232521 0.263497
6344.08 0.259943 0.256925 0.232054 0.26348
6351.19 0.25974 0.256847 0.231876 0.26345
6358.3 0.25953 0.256765 0.231402 0.263077
6365.41 0.259345 0.256678 0.231217 0.263024
6372.52 0.259124 0.256588 0.231029 0.262961
6379.63 0.258899 0.256178 0.230548 0.262887
6386.75 0.258671 0.256083 0.230353 0.262476
6393.86 0.258475 0.255985 0.230156 0.262386
6400.97 0.258247 0.255887 0.229666 0.262289
6408.08 0.258053 0.255787 0.229463 0.262186
6415.19 0.257829 0.255686 0.229255 0.261749
6422.3 0.257642 0.255584 0.229044 0.261635
6429.41 0.257459 0.255483 0.228542 0.261517
6436.53 0.257283 0.255381 0.228324 0.261396
6443.64 0.257081 0.25528 0.228101 0.261272
6450.75 0.256918 0.254864 0.227588 0.261147
6457.86 0.256765 0.254763 0.227356 0.260693
6464.97 0.25662 0.254663 0.227119 0.260566
6472.08 0.256516 0.254562 0.226877 0.260438
6479.2 0.256391 0.254462 0.22663 0.260311
6486.31 0.256275 0.254361 0.226093 0.260184
6493.42 0.256202 0.25426 0.225834 0.260059
6500.53 0.256107 0.254158 0.225568 0.259935
6507.64 0.256023 0.254054 0.225296 0.259812
6514.75 0.25598 0.253948 0.225017 0.259692
6521.86 0.255947 0.25384 0.224731 0.259574
6528.98 0.255892 0.253729 0.224157 0.259459
6536.09 0.255876 0.253613 0.223856 0.259345
6543.2 0.255869 0.253494 0.223548 0.259234
6550.31 0.255869 0.253368 0.223232 0.259125
6557.42 0.255875 0.253237 0.222909 0.259018
6564.53 0.255885 0.253098 0.222577 0.258913
6571.65 0.2559 0.252951 0.222238 0.258809
6578.76 0.255917 0.252795 0.22189 0.258707
6585.87 0.255966 0.25263 0.221535 0.258928
6592.98 0.255984 0.252453 0.221172 0.258826
6600.09 0.256 0.252264 0.220802 0.258724
6607.2 0.256044 0.252063 0.220425 0.258621
6614.31 0.256051 0.251847 0.219766 0.258517
6621.43 0.256083 0.251617 0.219376 0.25841
6628.54 0.256074 0.251371 0.218979 0.2583
6635.65 0.256087 0.251109 0.218577 0.25851
6642.76 0.256088 0.25083 0.218443 0.258392
6649.87 0.256076 0.250532 0.218031 0.258269
6656.98 0.256016 0.250216 0.217615 0.258139
6664.09 0.25597 0.249881 0.217196 0.258003
6671.21 0.255907 0.249526 0.216775 0.258183
6678.32 0.255823 0.249152 0.216352 0.258031
6685.43 0.255717 0.248757 0.215929 0.257869
6692.54 0.255589 0.248342 0.215507 0.257697
6699.65 0.255469 0.247907 0.215086 0.257838
6706.76 0.255292 0.247453 0.214668 0.257644
6713.88 0.255089 0.247283 0.214254 0.257437
6720.99 0.254861 0.246789 0.213844 0.257542
6728.1 0.254637 0.246277 0.213441 0.257309
6735.21 0.254355 0.245747 0.213311 0.257062
6742.32 0.254078 0.2452 0.212923 0.257125
6749.43 0.253742 0.244638 0.212545 0.256849
6756.54 0.253413 0.244061 0.212177 0.256559
6763.66 0.253057 0.243472 0.211822 0.256576
6770.77 0.252646 0.242871 0.21148 0.256255
6777.88 0.252244 0.242561 0.211417 0.255918
6784.99 0.25182 0.241943 0.211104 0.255889
6792.1 0.251346 0.241319 0.210807 0.255522
6799.21 0.250885 0.240691 0.210527 0.25514
6806.33 0.250409 0.240061 0.210265 0.255065
6813.44 0.249921 0.239432 0.210284 0.254653
6820.55 0.249423 0.239102 0.210058 0.254227
6827.66 0.248918 0.238479 0.20985 0.25411
6834.77 0.248409 0.237863 0.20966 0.253657
6841.88 0.247901 0.237255 0.20975 0.253512
6848.99 0.247395 0.236951 0.209594 0.253034
6856.11 0.246927 0.236364 0.209454 0.252543
6863.22 0.246439 0.235789 0.209327 0.252361
6870.33 0.245964 0.235227 0.209475 0.251846
6877.44 0.245505 0.234679 0.209368 0.25164
6884.55 0.245098 0.234434 0.209268 0.251102
6891.66 0.244682 0.233909 0.209433 0.25087
6898.77 0.244323 0.233395 0.209332 0.250306
6905.89 0.24396 0.233177 0.209223 0.249729
6913 0.243626 0.232672 0.2091 0.249453
6920.11 0.243352 0.232166 0.20922 0.248842
6927.22 0.243077 0.231653 0.209047 0.248528
6934.33 0.24286 0.231412 0.209101 0.247873
6941.44 0.242669 0.230858 0.208843 0.247192
6948.56 0.24247 0.23027 0.208525 0.246794
6955.67 0.242318 0.229919 0.208399 0.246042
6962.78 0.242177 0.229217 0.207924 0.245561
6969.89 0.242006 0.228433 0.207347 0.244713
6977 0.241856 0.227833 0.206914 0.244115
6984.11 0.241683 0.226822 0.20608 0.243133
6991.22 0.241471 0.225941 0.205348 0.242066
6998.34 0.24117 0.224596 0.204175 0.24121
7005.45 0.240818 0.223035 0.202795 0.239929
7012.56 0.240358 0.221498 0.201437 0.238821
7019.67 0.239762 0.219387 0.19956 0.237252
7026.78 0.238993 0.217205 0.197638 0.235808
7033.89 0.238012 0.214352 0.195134 0.233857
7041.01 0.236775 0.211047 0.192261 0.231674
7048.12 0.235232 0.207485 0.189221 0.229522
7055.23 0.233325 0.20307 0.185483 0.226772
7062.34 0.230992 0.198239 0.181476 0.223969
7069.45 0.228163 0.192403 0.176681 0.220489
7076.56 0.224758 0.185957 0.171498 0.216856
7083.67 0.220691 0.178324 0.165423 0.212452
7090.79 0.215866 0.169849 0.158821 0.207502
7097.9 0.210179 0.159973 0.151209 0.202203
7105.01 0.203539 0.148977 0.142908 0.195956
7112.12 0.195767 0.13633 0.133464 0.189196
7119.23 0.18675 0.122233 0.123145 0.181342
7126.34 0.176336 0.106194 0.111532 0.172555
7133.45 0.164382 0.0883172 0.0988287 0.162948
7140.57 0.150664 0.0681614 0.0846627 0.151978
7147.68 0.13501 0.0457113 0.0691586 0.139935
7154.79 0.117221 0.0205964 0.0520034 0.126313
7161.9 0.0970379 0.0177348 0.0332271 0.111174
7169.01 0.0742289 0.0125016 0.0125895 0.0944937
7176.12 0.0485331 0.00864356 0.0142402 0.0758469
7183.24 0.0245559 0.00627245 0.0100913 0.0552798
7190.35 0.0176684 0.00450345 0.00766081 0.0324373
7197.46 0.0121399 0.00362492 0.00575706 0.0200133
7204.57 0.00877637 0.00254818 0.00430612 0.0146006
7211.68 0.00659892 0.00201966 0.00313751 0.0108618
7218.79 0.00476601 0.00141783 0.00230616 0.00797184
7225.9 0.00345976 0.00104288 0.00172893 0.00584952
7233.02 0.00245296 0.000975567 0.00131786 0.00461496
7240.13 0.00181756 0.000755425 0.00100442 0.00325991
7247.24 0.00153716 0.000755791 0.000697402 0.00255279
7254.35 0.00113766 0.000429927 0.00061813 0.0019959
7261.46 0.000914903 0.000454334 0.000502872 0.00170361
7268.57 0.000647367 0.00043313 0.000634521 0.00152495
7275.69 0.000630529 0.000383567 0.000570401 0.0012743
7282.8 0.000617992 0.000192022 0.000409195 0.000917515
7289.91 0.000527193 0.000224292 0.000357332 0.000863395
7297.02 0.000458479 0.00021006 0.000347229 0.000503598
7304.13 0.000492805 0.000198898 0.000265454 0.000396339
7311.24 0.000390464 0.000345208 0.000323623 0.000381387
7318.35 0.000397545 0.000254986 0.000189513 0.00040674
7325.47 0.000206846 0.000242019 0.000192335 0.000246925
7332.58 0.000116762 0.000207468 0.000241173 0.000195251
7339.69 0.000225573 0.00022821 0.000142633 0.000312808
7346.8 0.000191956 0.000204971 0.000123418 0.000297555
7353.91 0.000351497 0.000170849 0.000167663 0.000196022
7361.02 0.000270236 0.000120448 0.000211838 0.000163432
7368.13 0.00024348 0.000228082 0.000283716 0.000104762
7375.25 0.000317359 0.000298354 0.000178981 0.000154335
7382.36 0.000229087 0.000220221 0.000245431 0.000213409
7389.47 0.00011808 0.000321769 0.00032105 0.000207766
7396.58 0.000196312 0.000255087 0.000127107 0.000167502
7403.69 0.000354387 0.000189711 0.000168774 0.000145948
7410.8 0.00026834 0.000207422 0.000252071 8.887e-05
7417.92 0.000202356 0.000249798 0.000350176 0.000179122
7425.03 0.000276627 0.000232645 0.000248573 0.000188007
7432.14 0.000266935 0.00029393 0.000242959 0.000195391
7439.25 0.000222908 0.000188782 0.000256996 0.000192067
7446.36 0.000167807 0.000166482 0.000276366 0.000126659
7453.47 0.000171618 0.000191532 8.57777e-05 0.000160081
7460.58 0.000263163 0.000200902 0.000120016 0.000229815
7467.7 0.00018995 0.000219621 0.000232469 0.000170055
7474.81 0.000324239 0.000168092 0.000187916 0.000182455
7481.92 0.000205104 0.000125165 0.000255397 0.000239469
7489.03 0.000279521 0.000148216 0.000195915 0.000157898
7496.14 0.000218558 0.000215565 0.000165961 0.00020058
7503.25 0.000202104 0.000257517 0.000240245 0.00021072
7510.37 0.000240561 0.000188803 0.000100841 0.0002256
7517.48 0.000134099 0.000168345 0.000232499 0.000100892
7524.59 0.000216906 7.32301e-05 0.000131262 0.000322864
7531.7 0.000273012 0.000104671 0.000194392 0.000169186
7538.81 0.00019866 0.000198403 0.000147091 0.000210762
7545.92 0.00039577 0.000189911 0.000140861 0.000333151
7553.03 0.000320885 0.000184987 0.000163144 0.000147784
7560.15 0.000317847 9.5018e-05 0.000230643 0.000281278
7567.26 0.000208888 0.000133815 0.000307533 0.000223091
7574.37 0.000282463 0.000159717 0.000369956 0.000271516
7581.48 0.000342774 0.00015436 0.000342982 0.000336554
7588.59 0.000324091 0.000131776 0.000261965 0.000167441
7595.7 0.000305305 0.000216334 0.000356975 0.000157447
7602.81 0.000371108 0.000321345 0.000255259 0.000185238
7609.93 0.00042725 0.000280341 0.000237043 0.000248455
7617.04 0.000393716 0.000333122 0.000290957 0.000250938
7624.15 0.000143442 0.000251967 0.000359436 0.000272686
7631.26 0.000374389 0.00030613 0.000230038 0.000211732
7638.37 0.000440826 0.000296776 0.000191236 0.000319086
7645.48 0.000389269 0.000286391 0.000215508 0.000146463
7652.6 0.000212587 0.00013235 0.00011322 0.000297223
7659.71 0.00034591 0.00018047 0.000261484 0.000243007
7666.82 0.000241183 0.000233456 0.000274338 0.000291007
7673.93 0.000223501 9.61077e-05 0.000249 0.000168709
7681.04 0.000295797 9.55798e-05 0.000361972 0.000240424
7688.15 0.000250344 0.000174457 0.000385898 0.000155722
7695.26 0.000309342 0.000135606 0.000318578 0.000113279
7702.38 0.000277358 0.000247458 0.000203897 0.000232148
7709.49 0.000362338 0.000189207 0.00023377 0.000250616
7716.6 0.000170952 0.000193109 0.000270202 0.000190067
7723.71 0.000259773 0.00027325 0.000214704 0.000158781
7730.82 0.000273178 0.000249516 0.000219943 0.000119231
7737.93 0.000184396 0.000202736 0.000217774 0.000118103
7745.05 0.000234631 0.000228078 0.000151266 0.000117873
7752.16 0.000192671 0.000235592 0.000181557 0.000244987
7759.27 0.000185416 0.000187096 0.000181807 0.000170833
7766.38 0.000332097 0.000172268 0.000249075 0.000338306
7773.49 0.000120435 0.000154289 0.000209761 0.000250145
7780.6 0.000172009 0.000230771 0.00025569 0.000161265
7787.71 0.000286196 0.000242806 0.000171791 0.000174354
7794.83 0.000132512 0.000214824 0.000153303 0.000174481
7801.94 0.000199253 9.50985e-05 0.000212325 0.000151345
7809.05 0.000168657 0.000164436 0.000142798 0.000261304
7816.16 0.00018405 0.000149611 0.0003914 0.000122724
7823.27 0.000155224 0.000129186 0.000268288 0.000122054
7830.38 0.000361706 0.000174949 0.000146223 0.000110773
7837.49 0.00019888 0.000213136 0.000260016 0.00022786
7844.61 0.000121812 0.000276782 0.000326208 0.000301927
7851.72 0.000132023 0.00023537 0.000265965 0.000109481
7858.83 0.000264698 0.00028699 0.000277829 0.000221863
7865.94 0.000135888 0.000240466 0.000219437 0.00017146
7873.05 8.5149e-05 0.000244467 0.000174103 0.000185764
7880.16 0.000174847 0.000184191 0.000146407 0.000282477
7887.28 0.000301458 0.00019921 0.000208813 0.000109295
7894.39 0.000212306 0.000151806 0.000333705 0.000152676
7901.5 0.000208678 0.000391465 0.000189034 0.000116134
7908.61 0.000240521 0.000152933 0.000215818 0.000284031
7915.72 0.000252963 0.000283791 0.000112996 0.000133216
7922.83 0.000163635 0.000187212 0.000170635 0.000174399
7929.94 0.00016936 0.000213085 0.000139963 9.38054e-05
7937.06 0.000146863 0.000270285 0.000169264 0.000229541
7944.17 0.000189226 0.000235703 0.000277714 0.000202333
7951.28 0.000256488 0.000129777 0.000388413 0.000185626
7958.39 0.000324656 0.000168963 0.000227299 0.000241843
7965.5 0.000227915 0.000210137 0.000170419 0.000152316
7972.61 0.000138165 0.000222803 0.000251588 0.000117495
7979.73 0.000181639 0.00031361 0.000328705 7.22682e-05
7986.84 0.000214254 0.000300764 0.000240724 0.000111911
7993.95 0.00024992 0.000295426 0.00013938 0.000130727
8001.06 0.00017234 0.000198543 0.000198386 0.000156015
8008.17 0.000285122 0.000180432 0.000170822 0.0002055
8015.28 0.000382007 0.00021544 0.000275462 0.000158963
8022.39 0.000360443 0.000202615 0.000170616 0.000167507
8029.51 0.000206797 0.000191882 0.00038181 0.000270411
8036.62 0.000165545 0.000243323 0.000255095 0.000174805
8043.73 0.000206013 0.000381864 0.000340347 0.000187444
8050.84 0.000346995 0.000303234 0.000428696 0.000248226
8057.95 0.000188752 0.000303164 0.000118285 0.000139711
8065.06 0.000175954 0.000252271 0.000269405 0.000119169
8072.17 0.000212755 0.000175992 0.000259121 0.000147371
8079.29 0.000210421 0.000294975 0.000143137 0.000177248
8086.4 0.000179528 0.000128511 0.000221093 0.000133643
8093.51 0.000292155 0.000117069 0.000257796 0.000159487
8100.62 0.000182958 0.000324956 0.000298849 0.000130336
8107.73 0.000240526 0.000301425 0.000274076 0.000109148
8114.84 0.000239838 0.000285432 0.000205765 0.000174717
8121.96 0.000265524 0.000260933 0.000202362 0.000165893
8129.07 0.000229762 0.0002261 0.00026922 0.00016499
8136.18 0.000247764 0.000254934 0.00025403 0.000253306
8143.29 0.000302319 0.000246166 0.000312009 0.000162824
8150.4 0.000219397 0.000172605 0.000254901 0.000104629
8157.51 0.000404213 0.000172128 0.000316199 0.000141872
8164.62 0.000267081 0.00014807 0.000540672 0.000138189
8171.74 0.000348902 0.000371676 0.000273772 0.000210326
8178.85 0.000337272 0.000155083 0.000501066 0.00019374
8185.96 0.000371152 0.000183033 0.00049682 0.00022602
8193.07 0.000323863 0.000210883 0.000319322 0.000127833
8200.18 0.000336495 0.00019109 0.000436317 0.000107784
8207.29 0.000451841 0.000179122 0.000129348 0.000102878
8214.41 0.000215805 0.000103971 0.00026571 0.000125091
8221.52 0.000192998 0.000151122 0.000387379 7.60052e-05
8228.63 0.000224283 0.000211475 0.000416831 0.000125026
8235.74 0.000236911 0.000170933 0.000289097 0.000112915
8242.85 0.000190977 0.000353439 0.00051458 0.000119203
8249.96 0.000390156 0.000166728 0.00042373 0.000129165
8257.07 0.000211641 0.000143791 0.00029319 0.000145511
8264.19 0.000210309 0.000311725 0.000363186 0.000118318
8271.3 0.000181801 0.000252534 0.000288124 0.000161606
8278.41 0.000341045 0.000167976 0.00031255 0.000150273
8285.52 0.000236486 0.000241298 0.000295452 7.26598e-05
8292.63 0.000260314 0.000241294 0.000337579 8.21863e-05
8299.74 0.000192792 0.000218894 0.000320748 0.000136376
8306.85 0.000193181 0.000184612 0.000218226 0.000139848
8313.97 0.000308543 0.000216911 0.000272618 0.000189431
8321.08 0.000288708 0.000124565 0.000452402 0.000135377
8328.19 0.000308905 0.000168493 0.000214823 0.000250909
8335.3 0.000289547 0.000172664 0.000371529 0.000101534
8342.41 0.000238653 0.000193818 0.00027454 0.000259609
8349.52 0.000290383 0.000118495 0.000167355 0.000184147
8356.64 0.000364669 0.000141532 0.000149184 0.000244778
8363.75 0.000190228 0.000175646 0.000208828 0.000141617
8370.86 0.000196663 0.000248926 0.000177882 0.00030355
8377.97 0.00014663 0.00011623 0.00027873 9.62383e-05
8385.08 0.000352068 6.12556e-05 0.000199379 8.72691e-05
8392.19 0.000289302 0.000267553 0.000268376 0.000287817
8399.3 0.000249283 0.000200758 0.000161426 0.000155167
8406.42 0.000201804 0.00020193 0.000207788 0.000142761
8413.53 0.000222717 0.000249936 0.000281911 0.000155383
8420.64 0.000168635 0.000157118 0.000269881 0.000204951
8427.75 0.000304069 0.000289293 0.000196936 0.000179497
8434.86 0.00032899 0.00021191 0.00027631 0.000254737
8441.97 0.000195789 0.000247556 0.00015337 0.000163973
8449.09 0.000249504 0.000347726 0.000340433 0.000242383
8456.2 0.000278462 0.000348657 0.00023224 0.000313856
8463.31 0.000231564 0.000134427 0.000241498 0.000182819
8470.42 0.000113766 0.000169445 0.000148559 0.000131324
8477.53 0.000297513 0.000279546 0.000126373 9.48804e-05
8484.64 0.00031765 0.000191689 0.000110963 0.000203718
8491.75 0.00020291 0.000213859 0.000181985 0.000101086
8498.87 0.00032514 0.000110168 0.000170522 0.00015941
8505.98 0.000227888 0.000179944 0.00015352 0.000164692
8513.09 0.000238524 0.000132435 0.000158606 0.000205055
8520.2 0.000432802 0.000198796 0.000150267 0.000112163
8527.31 0.000251493 0.000311863 0.000181299 0.000208328
8534.42 0.000206295 0.000194408 0.000303594 0.000310251
8541.53 0.000212977 0.000191688 0.000196934 0.0001036
8548.65 0.000346845 0.000265179 0.000275007 6.53494e-05
8555.76 0.000292859 0.000236729 0.000291423 0.000129115
8562.87 0.000336793 0.000155152 0.000226626 0.000267507
8569.98 0.000230957 0.000271767 0.000224715 0.000219723
8577.09 0.000416499 0.000427061 0.000292629 0.000179971
8584.2 0.00026743 0.000176272 0.000384507 0.000229263
8591.32 0.000472759 0.000153023 0.000224769 0.000218048
8598.43 0.000301998 0.000250511 0.000327108 0.000287151
8605.54 0.000196022 0.000289752 0.000228913 0.000120991
8612.65 0.000145142 0.000218181 0.000172371 0.000206766
8619.76 0.000289637 0.00013777 0.000307321 0.000273928
8626.87 0.000372437 0.000242615 0.000281899 0.000133747
8633.98 0.00032643 0.000125494 0.000338369 0.000208646
8641.1 0.000309925 9.83206e-05 0.000292922 0.000223866
8648.21 0.000214439 0.000266765 0.000268691 0.000193828
8655.32 0.000245654 0.000230453 0.000214645 0.000197976
8662.43 0.000263089 0.000186052 0.000417068 0.000127005
8669.54 0.000187727 0.000123092 0.000330638 0.000175473
8676.65 0.000125646 0.000187023 0.000192955 0.000285335
8683.77 0.000383126 0.00024732 0.000200328 0.000194766
8690.88 0.000268059 0.000149062 0.000453444 0.000123267
8697.99 0.000241202 0.000192692 0.000244178 0.000175544
8705.1 0.000402593 0.00012979 0.000227503 0.000149673
8712.21 0.000276152 0.000286226 0.000257293 0.000163948
8719.32 0.000289292 0.000130848 0.000300317 8.76814e-05
8726.43 0.000181389 0.000358993 0.00025502 0.000295594
8733.55 0.000228585 0.000292008 0.000440896 0.000183723
8740.66 0.000391989 0.0002238 0.000370643 0.000148119
8747.77 0.000203118 0.000142725 0.000265949 0.000181107
8754.88 0.00020386 0.000183752 0.000212271 0.000263022
8761.99 0.000167871 0.000129922 0.000154012 0.000275836
8769.1 0.000300961 0.000133862 0.000222472 0.000295001
8776.21 0.000280459 0.000186736 0.000269236 0.000145707
8783.33 0.000392076 0.000151155 0.000161209 0.000166292
8790.44 0.000365207 0.000245082 0.000170978 0.000113183
8797.55 0.000301448 0.00017426 0.000248148 0.000150908
8804.66 0.000227206 0.000163532 0.000220965 0.000241587
8811.77 0.000195621 0.000155291 0.000212519 0.000296091
8818.88 0.000239948 0.000169144 0.000148543 0.000425372
8826 0.000217943 0.000301485 0.0002636 0.000233581
8833.11 0.00038072 0.000298876 0.000323712 0.000208082
8840.22 0.000408755 0.000467453 0.00041183 0.000140576
8847.33 0.000316351 0.000451655 0.000241617 0.000163427
8854.44 0.000222236 0.000343977 0.000360341 0.000239256
8861.55 0.000430561 0.00025489 0.000359835 0.000199407
8868.66 0.000262464 0.000304932 0.00021473 0.000357161
8875.78 0.000219134 0.000265307 0.00025671 0.000274613
8882.89 0.000416097 0.000177809 0.000227374 0.000311805
8890 0.000427784 0.000156746 0.000232282 0.000366733
8897.11 0.000333758 0.000311609 0.000240824 0.000222963
8904.22 0.000284902 0.000428308 0.000334958 0.000196064
8911.33 0.000188724 0.000191737 0.000325788 0.000221134
8918.45 0.000337089 0.00023548 0.000366098 0.000204617
8925.56 0.000244462 0.000230795 0.000307985 6.18103e-05
8932.67 0.000331627 0.000176774 0.000241827 0.000401229
8939.78 0.000378541 0.000185376 0.000247102 0.000191743
8946.89 0.000442173 0.000422976 0.000428894 0.000162806
8954 0.000323204 0.000273484 0.000118084 0.000266286
8961.11 0.000296119 0.000197135 0.000383075 0.00033155
8968.23 0.000199724 0.000304115 0.000324392 0.000278518
8975.34 0.000260564 0.000155779 0.00024804 0.000342469
8982.45 0.000220482 0.000443847 0.000263797 0.00013835
8989.56 0.000342183 0.000310425 0.000368446 0.00018126
8996.67 0.000176652 0.000272926 0.000336738 0.000308119
9003.78 0.00042095 0.00043352 0.000327854 0.000315683
9010.9 0.000619779 0.00062111 0.000268289 0.000281438
9018.01 0.000332081 0.000313346 0.000569003 0.000146901
9025.12 0.000503586 0.000315328 0.00042496 0.000235257
9032.23 0.000513024 0.000258746 0.000380764 0.000365263
9039.34 0.000413674 0.000275833 0.000248189 0.000350971
9046.45 0.000345249 0.000362207 0.000285801 0.000269436
9053.56 0.000369161 0.000246351 0.000486818 0.000285797
9060.68 0.00026095 0.000126719 0.000207447 0.000313507
9067.79 0.000341037 0.00022145 0.000279143 0.000219453
9074.9 0.000227981 0.000265533 0.000516228 0.000156257
9082.01 0.000341032 0.000365373 0.000344862 0.0001776
9089.12 0.000399295 0.000285365 0.000429999 0.000248181
9096.23 0.000282023 0.000301619 0.000272857 0.000144509
9103.34 0.000596463 0.000146778 0.000451009 0.000392668
9110.46 0.000515279 0.000219851 0.000250545 0.000135953
9117.57 0.000378995 0.000131068 0.000272529 0.000455093
9124.68 0.000351375 0.000274328 0.000316744 0.000171558
9131.79 0.000362543 0.000280047 0.000324512 0.000132692
9138.9 0.000273454 0.000219289 0.000282473 0.000190553
9146.01 0.000298277 0.000235305 0.000299445 0.000334498
9153.13 0.000456604 0.000315231 0.000238089 0.000323129
9160.24 0.000246669 0.000353466 0.000215584 0.000450812
9167.35 0.000276431 0.000423989 0.000431747 0.000395233
9174.46 0.000459694 0.000215215 0.000347076 0.000161731
9181.57 0.000194909 0.000310886 0.000438249 0.00026207
9188.68 0.000351548 0.000482334 0.000330391 0.0002313
9195.79 0.000335342 0.000259281 0.000417696 0.000606955
9202.91 0.000410823 0.000249423 0.000371241 0.00038103
9210.02 0.00033287 0.000383015 0.000267287 0.000245001
9217.13 0.00032748 0.000294425 0.000249721 0.000227965
9224.24 0.000438833 0.000491605 0.000213806 0.000195603
9231.35 0.000382624 0.000635601 0.000203536 0.000250066
9238.46 0.000214678 0.000250606 0.000315718 0.000291296
9245.58 0.000270041 0.000532368 0.000314259 0.000361855
9252.69 0.000235228 0.000378677 0.000249205 0.000313871
9259.8 0.000268195 0.000199778 0.000318545 0.000369341
9266.91 0.000366624 0.000330689 0.000396334 0.000289864
9274.02 0.000554276 0.00050266 0.000373902 0.00021652
9281.13 0.000403967 0.000474845 0.000534141 0.000278722
9288.24 0.000252121 0.000355636 0.000588504 0.000283439
9295.36 0.00027864 0.000377437 0.000470162 0.000377505
9302.47 0.000235096 0.000491788 0.000271547 0.000401383
9309.58 0.00047587 0.000396131 0.000348018 0.000595493
9316.69 0.000450888 0.000602658 0.000326827 0.000213368
9323.8 0.000372663 0.000694576 0.000795946 0.000138858
9330.91 0.000419721 0.000380665 0.000363661 0.000207127
9338.02 0.000585889 0.000202465 0.000617624 0.000449115
9345.14 0.0010642 0.000287221 0.000600492 0.000140034
9352.25 0.000496906 0.000159165 0.000708451 0.000320298
9359.36 0.000650124 0.000313183 0.000362224 0.000308458
9366.47 0.000507747 0.000261865 0.00042522 0.000428572
9373.58 0.000371283 0.000263371 0.000595178 0.000701593
9380.69 0.000620321 0.000578808 0.000471938 0.000326318
9387.81 0.000361242 0.0002972 0.000525271 0.000300817
9394.92 0.000549337 0.000194814 0.000482993 0.000396354
9402.03 0.000577839 0.000345019 0.000561037 0.000266296
9409.14 0.000507964 0.000407942 0.000494314 0.000324153
9416.25 0.000383451 0.000437895 0.000394892 0.000411672
9423.36 0.00057996 0.000539707 0.000649684 0.000242977
9430.47 0.000530125 0.000388689 0.000505854 0.000320598
9437.59 0.000357004 0.000286053 0.000305159 0.000234391
9444.7 0.000469455 0.000435515 0.000386198 0.000304961
9451.81 0.00062778 0.000287052 0.000504926 0.000320892
9458.92 0.000484849 0.000422185 0.000617544 0.000337787
9466.03 0.000258681 0.000341541 0.000437592 0.000337896
9473.14 0.000261796 0.000343572 0.00041291 0.000302362
9480.26 0.000369946 0.000636882 0.000411255 0.000112089
9487.37 0.000242333 0.000595341 0.000349341 0.000305482
9494.48 0.000399074 0.000330888 0.000594521 0.000496899
9501.59 0.000463532 0.000269337 0.00018178 0.000135869
9508.7 0.000606975 0.000373634 0.000305138 0.000313723
9515.81 0.000421602 0.000377323 0.000786991 7.4521e-05
9522.92 0.000362982 0.000325818 0.000502102 0.00066866
9530.04 0.000299539 0.000434153 0.000480497 0.000267669
9537.15 0.0003875 0.000243511 0.000504874 0.000426176
9544.26 0.000525917 0.000766572 0.000459168 0.00039746
9551.37 0.000290227 0.000346531 0.000791756 0.000414053
9558.48 0.000777904 0.000435277 0.00085546 0.000402573
9565.59 0.000898935 0.000597741 0.000634528 0.000413263
9572.7 0.000587134 0.000470596 0.000322571 0.000326004
9579.82 0.000732136 0.000260363 0.000247779 0.000340115
9586.93 0.000800606 0.000274416 0.000380529 0.000190265
9594.04 0.000612147 0.000704749 0.000356926 0.00023189
9601.15 0.000506861 0.000527659 0.000557407 0.000314659
9608.26 0.000503229 0.000462366 0.00056616 0.000331705
9615.37 0.00063007 0.000438215 0.000358733 0.000348858
9622.49 0.000443706 0.000749877 0.00051616 0.0004399
9629.6 0.000709961 0.000519198 0.000165244 0.000138489
9636.71 0.000382667 0.000403367 0.000749674 8.2346e-05
9643.82 0.000392405 0.000391724 0.000727934 0.000280111
9650.93 0.000446673 0.000430213 0.00064971 0.000255815
9658.04 0.000410585 0.000464819 0.000397714 0.000182503
9665.15 0.00034487 0.000281217 0.000448224 0.000269156
9672.27 0.000435703 0.000261716 0.000375421 0.000224568
9679.38 0.000345241 0.000432517 0.000278002 0.000169721
9686.49 0.00034966 0.00040504 0.000509157 0.000242802
9693.6 0.000421792 0.000307698 0.000469383 0.000221891
9700.71 0.000377566 0.000575234 0.000510305 0.000317138
9707.82 0.000335237 0.000468604 0.000679545 0.000104401
9714.94 0.000254976 0.000200592 0.00041068 0.000235487
9722.05 0.000328034 0.000274042 0.000445517 0.000305908
9729.16 0.000396678 0.000274684 0.000721095 0.00036074
9736.27 0.000282766 0.000309088 0.000371343 0.000353308
9743.38 0.000262011 0.000318208 0.00038138 0.000364446
9750.49 0.000193329 0.000622178 0.000439712 8.94153e-05
9757.6 0.000508417 0.000500583 0.000426364 0.000224078
9764.72 0.000416361 0.000458631 0.000405616 0.000470285
9771.83 0.000283157 0.000257057 0.000448345 0.000456118
9778.94 0.000589991 0.00047692 0.000409324 0.00032192
9786.05 0.000341343 0.000455136 0.000380568 0.000513646
9793.16 0.000407755 0.000704846 0.000507837 0.000293543
9800.27 0.00046695 0.000547536 0.000462916 0.000220882
9807.38 0.000425918 0.000592342 0.000431372 0.000353807
9814.5 0.000566548 0.000440454 0.00052241 0.00035577
9821.61 0.000331046 0.00025568 0.000440355 0.00021492
9828.72 0.000442118 0.000404816 0.00021065 0.000330078
9835.83 0.000552091 0.000431153 0.000187144 0.000571151
9842.94 0.000381298 0.000430562 0.000407798 0.000407195
9850.05 0.000235127 0.000435145 0.000623629 0.000237995
9857.17 0.000261588 0.0003985 0.000389934 0.000510551
9864.28 0.00038572 0.000628745 0.000431937 0.000380886
9871.39 0.000546554 0.00056046 0.000583832 0.000287863
9878.5 0.0004858 0.000450021 0.000394485 0.000345214
9885.61 0.000314498 0.000641052 0.000242121 0.000333692
9892.72 0.000386427 0.000329514 0.000709861 0.000262398
9899.83 0.000460028 0.000394728 0.000465599 0.000222164
9906.95 0.000261595 0.000316456 0.000383307 0.000253548
9914.06 0.000843899 0.000280557 0.000575055 0.000325948
9921.17 0.00029268 0.000223705 0.000498392 0.000260809
9928.28 0.00017743 0.000296678 0.000304906 0.000265146
9935.39 0.000366933 0.000528269 0.000480831 0.000334414
9942.5 0.000399876 0.000431414 0.000564184 0.000219517
9949.62 0.000252743 0.000321652 0.000442467 0.000160008
9956.73 0.000235812 0.000214911 0.000700689 0.000315469
9963.84 0.000298348 0.000545055 0.000662643 0.000238418
9970.95 0.000391071 0.000541534 0.000287072 0.000171096
9978.06 0.0003239 0.00024622 0.00036067 0.000211109
9985.17 0.00030081 0.000316733 0.000562702 0.000514052
9992.28 0.000485961 0.000478328 0.000256204 0.00040662
9999.4 0.000364959 0.000508472 0.000525831 0.000200501
10006.5 0.000214179 0.000285694 0.000212451 0.000229839
10013.6 0.000184987 0.000384561 0.000702996 0.000123827
10020.7 0.000551969 0.000213628 0.000659317 0.000307926
10027.8 0.000561415 0.00049053 0.000645692 0.000301984
10035 0.000450772 0.00032028 0.00046794 0.000510105
10042.1 0.0005193 0.000323754 0.000310646 0.000553661
10049.2 0.000303311 0.000468971 0.00053487 0.000247536
10056.3 0.000441527 0.000502035 0.000411494 0.000358324
10063.4 0.000462458 0.000369957 0.000575278 0.000396965
10070.5 0.000244317 0.000625032 0.000386008 0.00024085
10077.6 0.000430185 0.00026246 0.000476023 0.000247587
10084.7 0.000456937 0.00030198 0.000369203 0.000276527
10091.8 0.000416675 0.000415037 0.000305682 0.000229517
10099 0.000501917 0.000422871 0.000223798 0.000262132
10106.1 0 0 0 0
10113.2 0 0 0 0
10120.3 0 0 0 0
10127.4 0 0 0 0
10134.5 0 0 0 0
10141.6 0 0 0 0
10148.7 0 0 0 0
10155.8 0 0 0 0
10163 0 0 0 0
10170.1 0 0 0 0
10177.2 0 0 0 0
10184.3 0 0 0 0
10191.4 0 0 0 0
10198.5 0 0 0 0
10205.6 0 0 0 0
10212.7 0 0 0 0
10219.9 0 0 0 0
10227 0 0 0 0
10234.1 0 0 0 0
10241.2 0 0 0 0
10248.3 0 0 0 0
10255.4 0 0 0 0
10262.5 0 0 0 0
10269.6 0 0 0 0
10276.7 0 0 0 0
10283.9 0 0 0 0
10291 0 0 0 0
10298.1 0 0 0 0
10305.2 0 0 0 0
10312.3 0 0 0 0
10319.4 0 0 0 0
10326.5 0 0 0 0
10333.6 0 0 0 0
10340.7 0 0 0 0
10347.9 0 0 0 0
10355 0 0 0 0
10362.1 0 0 0 0
10369.2 0 0 0 0
10376.3 0 0 0 0
10383.4 0 0 0 0
10390.5 0 0 0 0
10397.6 0 0 0 0
10404.8 0 0 0 0
10411.9 0 0 0 0
10419 0 0 0 0
10426.1 0 0 0 0
10433.2 0 0 0 0
10440.3 0 0 0 0
10447.4 0 0 0 0
10454.5 0 0 0 0
10461.6 0 0 0 0
10468.8 0 0 0 0
10475.9 0 0 0 0
10483 0 0 0 0
10490.1 0 0 0 0
10497.2 0 0 0 0
10504.3 0 0 0 0
10511.4 0 0 0 0
10518.5 0 0 0 0
10525.6 0 0 0 0
10532.8 0 0 0 0
10539.9 0 0 0 0
10547 0 0 0 0
10554.1 0 0 0 0
10561.2 0 0 0 0
10568.3 0 0 0 0
10575.4 0 0 0 0
10582.5 0 0 0 0
10589.7 0 0 0 0
10596.8 0 0 0 0
10603.9 0 0 0 0
10611 0 0 0 0
10618.1 0 0 0 0
10625.2 0 0 0 0
10632.3 0 0 0 0
10639.4 0 0 0 0
10646.5 0 0 0 0
10653.7 0 0 0 0
10660.8 0 0 0 0
10667.9 0 0 0 0
10675 0 0 0 0
10682.1 0 0 0 0
10689.2 0 0 0 0
10696.3 0 0 0 0
10703.4 0 0 0 0
10710.5 0 0 0 0
10717.7 0 0 0 0
10724.8 0 0 0 0
10731.9 0 0 0 0
10739 0 0 0 0
10746.1 0 0 0 0
10753.2 0 0 0 0
10760.3 0 0 0 0
10767.4 0 0 0 0
10774.6 0 0 0 0
10781.7 0 0 0 0
10788.8 0 0 0 0
10795.9 0 0 0 0
10803 0 0 0 0
10810.1 0 0 0 0
10817.2 0 0 0 0
10824.3 0 0 0 0
10831.4 0 0 0 0
10838.6 0 0 0 0
10845.7 0 0 0 0
10852.8 0 0 0 0
10859.9 0 0 0 0
10867 0 0 0 0
10874.1 0 0 0 0
10881.2 0 0 0 0
10888.3 0 0 0 0
10895.4 0 0 0 0
10902.6 0 0 0 0
10909.7 0 0 0 0
10916.8 0 0 0 0
10923.9 0 0 0 0
10931 0 0 0 0
10938.1 0 0 0 0
10945.2 0 0 0 0
10952.3 0 0 0 0
10959.5 0 0 0 0
10966.6 0 0 0 0
10973.7 0 0 0 0
10980.8 0 0 0 0
10987.9 0 0 0 0
10995 0 0 0 0
