#wave   V1            V2         V3          V4
#
3300 0.000274183 0.000587126 0.000255437 0.000405617
3305.27 0.000462376 0.000411943 0.000543702 0.000390657
3310.54 0.000467913 0.000565486 0.000484891 0.000452878
3315.82 0.000420262 0.000504702 0.000556124 0.000429166
3321.09 0.00042355 0.000278732 0.000684128 0.000450838
3326.36 0.000394181 0.000461628 0.000483997 0.000490918
3331.63 0.000442133 0.000561038 0.000285809 0.00048669
3336.9 0.000522588 0.000392162 0.000474001 0.000389773
3342.18 0.000534107 0.00056216 0.000215602 0.000350611
3347.45 0.000470703 0.000444687 0.00026394 0.000350523
3352.72 0.00035983 0.000538562 0.000410219 0.000209875
3357.99 0.000336627 0.000375852 0.000210844 0.000222378
3363.26 0.000234812 0.000423078 0.000213343 0.000358743
3368.54 0.000471836 0.000237303 0.000249927 0.000215129
3373.81 0.000321624 0.000385564 0.000315846 0.000299909
3379.08 0.000219145 0.000184611 0.000258326 0.000441082
3384.35 0.000264211 0.000519699 0.000206225 0.000307126
3389.62 0.000259274 0.000234041 0.00020123 0.000445946
3394.9 0.000452499 0.000337768 0.00019968 0.000326945
3400.17 0.00022574 0.000128656 0.000187982 0.000264234
3405.44 0.000592991 0.000168545 0.000173004 0.000157098
3410.71 0.000254221 0.000343455 0.000131724 0.00017387
3415.98 0.000344081 0.000214391 0.000227369 0.000359518
3421.26 0.000258518 0.000212038 0.000181854 0.000358204
3426.53 0.000252226 0.000210512 0.000265753 0.000430921
3431.8 0.000289221 0.000122398 0.000232171 0.000285018
3437.07 0.000449522 0.000137347 0.000252337 0.000386204
3442.34 0.000291711 0.000176459 0.000226632 0.00023199
3447.62 0.000337864 0.000194669 6.56968e-05 0.000273785
3452.89 0.00034138 0.000198215 0.000289116 0.000268492
3458.16 0.000248137 0.000320922 0.000169209 0.000270902
3463.43 0.000258674 0.000210844 0.000295458 0.00011236
3468.71 0.000240284 0.000172157 0.000368893 0.000146321
3473.98 0.000181726 0.000202974 0.000169359 0.00018173
3479.25 0.000266286 7.97716e-05 0.000132318 0.000176573
3484.52 0.000246439 0.000219721 0.000142013 0.000189787
3489.79 0.000344482 0.00013459 0.000157862 0.000216263
3495.07 0.000211782 0.000143569 0.000144747 0.000203018
3500.34 0.0002986 0.000181545 0.000132287 0.000363688
3505.61 0.000279667 9.41505e-05 0.000122256 0.000262045
3510.88 0.000327342 0.000173361 4.52165e-05 0.000243741
3516.15 0.000233633 0.000130316 0.000119735 0.000278557
3521.43 0.000131701 0.000180369 0.000213661 0.000234037
3526.7 0.000176207 7.50503e-05 0.000253423 0.000155797
3531.97 0.000262085 0.000193364 0.000293568 7.65171e-05
3537.24 0.000159028 0.000190698 0.000132519 9.44852e-05
3542.51 9.30616e-05 0.000174125 0.000129268 0.000183087
3547.79 0.000121153 0.000352048 0.000202623 0.00019688
3553.06 0.000157204 0.000141323 0.000124955 0.000229564
3558.33 0.00021882 0.000125898 0.000200116 0.000124168
3563.6 0.000305405 0.000131451 0.00016366 0.000145218
3568.87 0.000175443 0.00011686 0.000177156 0.000283245
3574.15 0.000160824 0.00011819 0.000150007 0.000195411
3579.42 0.000230999 6.77529e-05 0.000194628 0.000238641
3584.69 0.000168477 4.25667e-05 0.000149151 0.000137688
3589.96 0.000132598 0.000145776 0.000134468 0.000276219
3595.23 8.90555e-05 0.000191286 0.000106587 0.000202411
3600.51 0.000138086 0.000138279 8.91296e-05 8.868e-05
3605.78 0.000229929 0.000170575 0.000134138 0.00010074
3611.05 0.000117282 0.000253649 9.7026e-05 0.00012705
3616.32 0.00012272 0.000148189 9.59416e-05 0.000106467
3621.59 0.000100603 0.000175686 0.000179205 0.000141261
3626.87 0.000214922 0.000230958 0.000107395 0.000225578
3632.14 0.000311076 0.000203239 0.000122668 0.000128554
3637.41 0.000104943 0.000167389 0.000175429 0.000121227
3642.68 0.000148716 0.000116757 0.000116901 0.000123375
3647.95 0.000196148 0.000202283 8.4611e-05 0.0002235
3653.23 0.000178884 7.26111e-05 9.59651e-05 0.000166667
3658.5 0.000136901 0.00018065 0.000137398 0.00010184
3663.77 0.000217127 0.000144848 0.000132296 0.000153806
3669.04 0.000285151 0.000244998 0.000110309 0.000136902
3674.31 0.000172658 0.000192205 0.000129805 0.000172891
3679.59 8.46967e-05 0.000206806 8.61185e-05 0.000228333
3684.86 0.000129937 5.91678e-05 2.53711e-05 0.000171619
3690.13 0.000167924 0.000118557 0.000116954 0.00012532
3695.4 0.000199647 0.000195089 0.000160816 0.000161423
3700.67 0.000138859 0.000306342 8.78988e-05 0.000179838
3705.95 0.000141315 0.000163219 0.000124155 0.000221488
3711.22 0.000177623 9.63658e-05 0.000205791 0.000160105
3716.49 0.000152663 0.00014887 0.000124613 0.000133254
3721.76 0.000165449 0.000172134 9.27592e-05 0.000119261
3727.03 0.00014268 0.000188823 5.54974e-05 0.0002163
3732.31 8.49878e-05 0.000148672 7.67634e-05 0.000175642
3737.58 0.000188541 8.98862e-05 0.000169132 7.35901e-05
3742.85 0.000138421 0.00017768 0.000193916 0.00016868
3748.12 0.000175743 0.000129652 6.92368e-05 0.000193499
3753.4 0.000146074 0.000141029 0.000130539 0.000154146
3758.67 0.000124035 8.7222e-05 0.000140535 0.000176522
3763.94 0.00015669 0.000226304 6.64467e-05 0.00014524
3769.21 0.000150539 0.00010304 0.000114208 0.000132937
3774.48 0.000135663 0.000108628 0.000113226 0.000106635
3779.76 0.000123019 0.000127155 8.54243e-05 0.000119617
3785.03 0.000139401 0.000120644 7.85636e-05 0.000139648
3790.3 0.000126647 0.000118631 5.80178e-05 0.000227696
3795.57 0.000139474 0.000112151 9.42767e-05 0.00013406
3800.84 0.000136583 0.000212948 0.00017612 0.000138564
3806.12 0.00011113 0.000159285 8.64424e-05 0.000166706
3811.39 0.000189302 8.96789e-05 3.97036e-05 6.52218e-05
3816.66 0.000187638 0.000115827 0.000159566 0.000107281
3821.93 0.000132016 0.000162358 0.000166907 0.000124396
3827.2 0.000132835 6.90456e-05 0.000121535 0.000121183
3832.48 0.000175575 7.98467e-05 3.80205e-05 5.8265e-05
3837.75 0.000251087 0.000176982 3.68546e-05 0.000144768
3843.02 0.000106969 0.000181697 0.000140614 5.95551e-05
3848.29 3.50621e-05 0.000172807 7.1887e-05 0.000133836
3853.56 6.34588e-05 0.000147397 7.757e-05 0.000103783
3858.84 6.49999e-05 0.00010172 8.0235e-05 0.000136879
3864.11 9.12385e-05 6.95287e-05 7.05727e-05 0.000135767
3869.38 9.72022e-05 0.000171878 9.24913e-05 8.4822e-05
3874.65 0.000105952 0.000112596 3.36794e-05 0.000107448
3879.92 0.000104701 6.98159e-05 6.41886e-05 0.000129327
3885.2 8.50718e-05 0.000108285 0.000105991 0.000164241
3890.47 0.000128978 9.78765e-05 0.000128135 6.89269e-05
3895.74 0.000167057 0.000169036 4.74076e-05 0.000137613
3901.01 0.000132716 8.68784e-05 0.000145498 0.0001445
3906.28 0.000146842 3.42153e-05 0.000108517 0.000160179
3911.56 0.000136428 0.000108201 0.000143776 8.64468e-05
3916.83 0.000138432 0.000138312 0.000106726 9.76726e-05
3922.1 0.00010616 0.000118829 7.66942e-05 0.000171163
3927.37 8.56502e-05 0.000137853 5.80752e-05 0.000134338
3932.64 0.000105282 0.000108712 6.73964e-05 8.61471e-05
3937.92 0.000199468 6.37811e-05 9.42489e-05 6.08155e-05
3943.19 0.000109988 0.00014185 8.65394e-05 0.000125452
3948.46 0.000184536 0.000212706 8.21924e-05 5.53483e-05
3953.73 9.26634e-05 0.000127652 0.000107501 0.000147731
3959 7.16073e-05 6.02955e-05 0.000144559 8.23827e-05
3964.28 9.82722e-05 0.000160798 3.17666e-05 9.22509e-05
3969.55 5.62068e-05 9.88064e-05 4.34133e-05 0.000107495
3974.82 0.000103247 0.000102963 0.000111006 8.29801e-05
3980.09 0.000101613 3.63196e-05 5.64042e-05 6.24789e-05
3985.36 0.000137849 7.86073e-05 6.42484e-05 8.41813e-05
3990.64 9.38305e-05 0.000108831 6.34192e-05 0.000130193
3995.91 0.000142413 0.000105571 3.4608e-05 8.74462e-05
4001.18 0.000121038 8.85785e-05 5.03274e-05 0.000142132
4006.45 0.00014141 0.000117476 0.000114903 0.000119426
4011.72 0.000119141 0.000215747 5.90899e-05 0.000110899
4017 0.000113372 0.000176023 5.59763e-05 5.9581e-05
4022.27 8.91398e-05 9.85023e-05 5.70915e-05 0.000132308
4027.54 9.46347e-05 0.000125129 7.24382e-05 7.46136e-05
4032.81 8.30486e-05 0.000178842 9.15317e-05 0.000106682
4038.09 0.000120215 8.21624e-05 9.80729e-05 6.47616e-05
4043.36 9.61324e-05 0.000127413 3.5584e-05 0.000133387
4048.63 8.64058e-05 0.000105002 8.20844e-05 5.39022e-05
4053.9 5.6834e-05 6.60617e-05 0.000159638 9.69522e-05
4059.17 8.55967e-05 0.000172032 0.000108769 0.00014986
4064.45 0.000125335 0.000127551 8.93686e-05 0.000140833
4069.72 7.30843e-05 0.000140225 0.000103194 0.0001227
4074.99 7.96944e-05 0.000144521 0.000142573 8.30806e-05
4080.26 6.99239e-05 0.00012266 5.33102e-05 0.000135118
4085.53 0.000159476 0.000120056 6.8471e-05 0.000138388
4090.81 0.000158388 0.000143697 7.45785e-05 7.60039e-05
4096.08 0.000134107 0.00018532 6.55906e-05 0.000142483
4101.35 0.00011333 0.000183492 8.42653e-05 0.000104341
4106.62 0.00012531 9.57642e-05 0.000102561 0.000112293
4111.89 0.000134659 6.46377e-05 6.65484e-05 9.31883e-05
4117.17 0.000138367 0.000124234 8.72524e-05 0.000147006
4122.44 0.000155194 0.000106888 8.58548e-05 0.000172215
4127.71 0.000132295 0.000101133 6.65855e-05 0.000122457
4132.98 0.000130027 0.000110566 0.000119953 0.00012469
4138.25 0.000120372 9.82719e-05 7.08864e-05 0.000107864
4143.53 0.000168388 0.000151371 5.93345e-05 0.000120525
4148.8 0.00010665 0.000144347 0.000152556 0.000104334
4154.07 9.37047e-05 5.82006e-05 0.00010656 6.34263e-05
4159.34 8.50602e-05 0.000145331 0.000210398 5.99343e-05
4164.61 2.98212e-05 0.00013058 0.000105415 4.82859e-05
4169.89 0.000117532 0.000140446 0.000109214 6.72985e-05
4175.16 0.000110046 0.000101915 9.65129e-05 8.90854e-05
4180.43 0.000146617 0.000102588 8.25949e-05 0.000126604
4185.7 8.5213e-05 0.000153606 7.52214e-05 0.000135001
4190.97 9.33875e-05 7.32783e-05 9.52987e-05 9.17392e-05
4196.25 0.00012328 0.000176839 7.52049e-05 0.000139157
4201.52 0.000154917 0.000180122 9.17369e-05 0.000141303
4206.79 6.49683e-05 0.000184751 0.000133599 6.31271e-05
4212.06 0.000138207 0.000272415 3.52085e-05 0.000212439
4217.33 7.58379e-05 9.57098e-05 0.000101917 0.0002584
4222.61 6.52475e-05 9.75405e-05 0.000106824 0.000119538
4227.88 0.000129938 0.000148082 5.1561e-05 0.000102484
4233.15 0.000122815 0.000107275 6.36559e-05 0.000121976
4238.42 9.66833e-05 9.08362e-05 7.19239e-05 0.000100024
4243.69 0.000156938 7.87946e-05 5.56639e-05 5.31498e-05
4248.97 6.43905e-05 0.000101554 3.36756e-05 0.000118274
4254.24 0.000124014 0.000136078 6.57308e-05 7.11016e-05
4259.51 0.000130135 6.47171e-05 9.44995e-05 9.27688e-05
4264.78 0.000128982 0.0001574 5.23602e-05 7.2671e-05
4270.05 0.000127353 8.06021e-05 9.64521e-05 8.54776e-05
4275.33 0.000202268 0.000122019 0.000153604 7.37083e-05
4280.6 8.87768e-05 8.83417e-05 5.5132e-05 0.000144389
4285.87 0.000133968 0.00012485 5.1455e-05 5.82785e-05
4291.14 0.000158605 9.79526e-05 6.80303e-05 9.94698e-05
4296.41 9.91386e-05 4.35577e-05 9.67259e-05 0.000128135
4301.69 0.000128067 0.000127652 6.65565e-05 0.000149073
4306.96 0.000149471 0.000123878 5.62219e-05 7.26987e-05
4312.23 0.000157393 1.47161e-05 0.000123763 8.92707e-05
4317.5 0.0001455 5.65378e-05 6.4522e-05 7.4989e-05
4322.78 0.000134957 0.000118148 3.43193e-05 5.31495e-05
4328.05 0.000177483 0.000118171 0.000102007 0.000102033
4333.32 0.000131225 0.000100334 0.000101867 6.46418e-05
4338.59 0.000233532 6.28231e-05 9.2763e-05 7.55528e-05
4343.86 0.000152951 4.6758e-05 8.08045e-05 0.000101764
4349.14 0.000185011 0.000149086 0.000158164 0.000134199
4354.41 0.000100729 8.38035e-05 6.76777e-05 0.000185946
4359.68 0.000140858 0.00018762 9.9684e-05 0.000160819
4364.95 0.000162704 0.000146178 8.85863e-05 0.000120358
4370.22 0.00011944 0.000117202 5.54076e-05 0.00014994
4375.5 8.4119e-05 0.000100335 0.000120624 7.0316e-05
4380.77 0.000180755 8.03142e-05 0.000110572 0.000150897
4386.04 8.26663e-05 0.000110447 0.000142871 8.08303e-05
4391.31 0.000172984 8.95322e-05 0.000141898 0.000174711
4396.58 8.04397e-05 0.000136995 0.000136014 0.000145428
4401.86 0.00011532 9.91883e-05 5.35226e-05 5.87623e-05
4407.13 0.00015389 9.67455e-05 0.000107651 0.00012051
4412.4 0.000138231 0.000118103 0.00010626 0.000120956
4417.67 0.000122528 8.73001e-05 0.000110886 8.78849e-05
4422.94 0.000128408 3.21347e-05 9.23596e-05 0.000118921
4428.22 0.000179236 0.000105332 0.000151945 0.00012273
4433.49 0.000111616 7.97414e-05 4.69455e-05 7.26349e-05
4438.76 6.34999e-05 9.47021e-05 0.000111697 0.000133655
4444.03 7.93499e-05 0.000100323 8.7936e-05 0.000160183
4449.3 0.000109859 5.10676e-05 0.000190298 0.000139717
4454.58 0.000109684 0.000112668 0.000171133 8.28766e-05
4459.85 0.000121219 9.46672e-05 9.40303e-05 8.55302e-05
4465.12 0.000155922 6.85552e-05 7.99783e-05 0.000143962
4470.39 0.000189118 0.000191244 0.000169162 7.75976e-05
4475.66 0.000148075 0.000108007 0.000126085 0.000110418
4480.94 0.000131038 0.000116442 0.000131275 9.76771e-05
4486.21 9.09166e-05 0.000156434 6.98558e-05 0.000111883
4491.48 9.95382e-05 5.28035e-05 9.1196e-05 8.49584e-05
4496.75 0.000134673 6.5133e-05 0.000127524 9.4414e-05
4502.02 0.000134419 0.00011567 9.79802e-05 0.000149963
4507.3 9.40595e-05 0.000132249 4.74074e-05 0.000137466
4512.57 0.000129425 0.000105232 5.38657e-05 0.000105935
4517.84 0.000117444 0.000158408 0.000138791 7.46247e-05
4523.11 0.000125993 0.000126305 0.000118119 0.000139941
4528.38 0.000126904 0.000162924 0.000108695 0.000110415
4533.66 0.000136951 8.62715e-05 0.000163407 0.000176915
4538.93 7.88233e-05 5.13141e-05 0.000112373 0.000162061
4544.2 9.73337e-05 0.000158831 0.000147464 7.36686e-05
4549.47 0.000155795 0.000118907 8.2873e-05 0.000154533
4554.74 0.000100283 7.9133e-05 0.000147444 0.000163101
4560.02 8.77864e-05 0.000241742 8.51088e-05 0.000220379
4565.29 9.05143e-05 0.000107383 8.63557e-05 0.000136026
4570.56 0.000105372 0.000122508 6.12586e-05 0.000106906
4575.83 0.000109395 0.000144002 8.54419e-05 0.000139298
4581.1 0.000110225 0.0001337 9.82592e-05 0.000101873
4586.38 0.000148678 0.000117012 7.69809e-05 0.000198217
4591.65 0.000170312 0.000166452 6.49167e-05 7.5454e-05
4596.92 0.000104018 0.000135119 7.55507e-05 0.000158516
4602.19 9.42519e-05 6.98143e-05 0.000117182 0.00013189
4607.47 7.99641e-05 0.000129565 8.66896e-05 0.000168524
4612.74 7.34234e-05 4.70945e-05 0.000116939 0.000179907
4618.01 0.000102098 8.75121e-05 0.000125888 0.000279202
4623.28 0.00010993 0.000117005 0.000140544 0.000192071
4628.55 0.000214728 0.000137488 7.61077e-05 0.000210385
4633.83 0.000114024 0.000136893 5.30078e-05 0.00013792
4639.1 0.000111057 7.64299e-05 6.62003e-05 0.000215678
4644.37 0.000105015 0.000121784 9.03806e-05 0.000106179
4649.64 0.000117431 0.000128988 0.000107638 0.000192438
4654.91 0.000160368 0.000122596 0.00010144 0.000225546
4660.19 0.000155105 9.64861e-05 0.000135475 0.000197241
4665.46 0.000137862 9.93522e-05 0.000185737 0.000129705
4670.73 7.94962e-05 5.6717e-05 0.000139977 0.000282163
4676 0.000182399 0.000115129 0.000138852 0.000210153
4681.27 7.42075e-05 0.00012018 7.43901e-05 0.000131774
4686.55 0.000211396 0.000146697 4.93531e-05 0.000240362
4691.82 0.000122371 0.000117336 0.000110786 0.00016235
4697.09 0.000155742 7.43091e-05 0.000112583 0.000215492
4702.36 0.000118396 0.000143044 0.00012624 0.000175149
4707.63 7.10314e-05 6.48608e-05 0.00013596 0.000202325
4712.91 0.000109726 0.000171381 0.000133056 7.4908e-05
4718.18 6.74487e-05 9.20072e-05 0.000193648 0.000198916
4723.45 9.08567e-05 0.000196792 0.000139872 0.000137627
4728.72 0.000168145 0.000160505 0.000116496 9.09758e-05
4733.99 0.00018701 0.00010268 0.000179719 0.00016556
4739.27 0.000122119 0.000183149 0.000115272 0.000117364
4744.54 0.000168978 0.000173364 0.000204271 0.000183201
4749.81 0.000193637 0.000154337 0.000229144 0.000157448
4755.08 0.00012329 0.000144016 0.000136396 0.00011805
4760.35 0.000183699 0.000179445 0.00021939 0.000258691
4765.63 0.000112346 0.000115911 0.000185159 0.000326904
4770.9 0.000141146 0.00016533 0.00012885 0.000404534
4776.17 0.000103529 0.000207486 7.02728e-05 0.00075933
4781.44 0.000154519 0.000187784 0.000106237 0.00102377
4786.71 0.000148797 0.000169913 7.09114e-05 0.00142276
4791.99 6.20892e-05 0.000147093 0.000181657 0.00223462
4797.26 0.000190017 0.000154933 0.000255176 0.00366536
4802.53 0.000176371 0.00025901 0.000214211 0.00540595
4807.8 0.000114502 0.000255194 0.000169448 0.00675586
4813.07 0.000183326 0.000302002 0.000221366 0.00696915
4818.35 0.000187473 0.000176437 0.000142513 0.00530755
4823.62 0.00017389 0.000213509 0.000244594 0.00363183
4828.89 0.000142655 0.000291381 0.000232649 0.00234978
4834.16 0.000191824 0.000197822 0.000286228 0.00145321
4839.43 0.000226757 0.000353162 0.00038639 0.0011414
4844.71 0.000254859 0.000453188 0.000742873 0.000816398
4849.98 0.000342397 0.000670743 0.000886056 0.000757144
4855.25 0.000582092 0.000915608 0.001477 0.000991505
4860.52 0.000638784 0.00124889 0.00210422 0.00130672
4865.79 0.000870892 0.00172541 0.00288119 0.00193425
4871.07 0.00143216 0.00258038 0.00390211 0.0027558
4876.34 0.00175097 0.00384554 0.00509949 0.00367709
4881.61 0.00266595 0.0052751 0.00731629 0.00527388
4886.88 0.0036197 0.00717739 0.0092255 0.00699691
4892.16 0.00468547 0.00923316 0.0118742 0.00923986
4897.43 0.0059106 0.0116172 0.014702 0.0117943
4902.7 0.00785966 0.014955 0.0182588 0.0153223
4907.97 0.00965727 0.0189553 0.0230259 0.0198738
4913.24 0.0128529 0.0234211 0.029946 0.0312548
4918.52 0.0162384 0.0284576 0.0338133 0.0324129
4923.79 0.0203822 0.0336726 0.0385056 0.0351901
4929.06 0.0273444 0.0395674 0.0439691 0.0393211
4934.33 0.0292306 0.0460091 0.0500103 0.0445024
4939.6 0.0322735 0.0528806 0.0565037 0.0506469
4944.88 0.0363727 0.0599878 0.0633393 0.057509
4950.15 0.0413178 0.0674117 0.070421 0.0648265
4955.42 0.0469593 0.0749944 0.0776657 0.0726373
4960.69 0.0530869 0.0826685 0.0850016 0.080729
4965.96 0.0597281 0.0903761 0.0922267 0.0889917
4971.24 0.0667111 0.0980681 0.099559 0.0971846
4976.51 0.0739451 0.105541 0.106826 0.105507
4981.78 0.0812315 0.113072 0.11399 0.113757
4987.05 0.0887283 0.120483 0.121024 0.121694
4992.32 0.0962679 0.127749 0.127902 0.129626
4997.6 0.103799 0.134853 0.134605 0.137344
5002.87 0.111115 0.141562 0.140904 0.144599
5008.14 0.118494 0.148289 0.14721 0.151795
5013.41 0.125753 0.154821 0.153311 0.158708
5018.68 0.132868 0.161152 0.159202 0.165075
5023.96 0.13961 0.167279 0.164882 0.171384
5029.23 0.146365 0.172932 0.170351 0.17739
5034.5 0.152926 0.17864 0.17561 0.182816
5039.77 0.159282 0.184144 0.180383 0.188215
5045.04 0.165181 0.189448 0.185227 0.193325
5050.32 0.171099 0.194556 0.189875 0.197851
5055.59 0.1768 0.199161 0.194333 0.202403
5060.86 0.182009 0.20388 0.198607 0.206695
5066.13 0.187263 0.208417 0.202704 0.210419
5071.4 0.1923 0.212777 0.206307 0.214227
5076.68 0.197124 0.216965 0.210063 0.217482
5081.95 0.201436 0.220639 0.213662 0.220861
5087.22 0.205837 0.224491 0.21711 0.224049
5092.49 0.210038 0.228187 0.220414 0.226711
5097.76 0.213722 0.231731 0.223228 0.229553
5103.04 0.217531 0.235129 0.226257 0.232245
5108.31 0.221156 0.238008 0.229158 0.234436
5113.58 0.224603 0.24112 0.231937 0.236859
5118.85 0.227534 0.244098 0.234599 0.238796
5124.12 0.230636 0.246946 0.237148 0.240995
5129.4 0.233577 0.249272 0.239208 0.243099
5134.67 0.236006 0.251866 0.241539 0.244735
5139.94 0.238637 0.25434 0.243768 0.24667
5145.21 0.241125 0.256699 0.245898 0.248148
5150.48 0.243104 0.258531 0.247932 0.249944
5155.76 0.245314 0.260662 0.249474 0.251681
5161.03 0.247395 0.262684 0.25132 0.25297
5166.3 0.248974 0.264602 0.253079 0.254601
5171.57 0.250808 0.265991 0.254751 0.255787
5176.85 0.252529 0.267703 0.255927 0.257327
5182.12 0.253751 0.269318 0.25743 0.258828
5187.39 0.255253 0.270839 0.258852 0.259883
5192.66 0.256653 0.27183 0.260196 0.261306
5197.93 0.257563 0.273167 0.261463 0.262282
5203.21 0.258771 0.274418 0.262232 0.263633
5208.48 0.259891 0.275586 0.26335 0.26495
5213.75 0.260527 0.276226 0.264398 0.265814
5219.02 0.261482 0.277234 0.265378 0.267061
5224.29 0.26236 0.278169 0.265859 0.267851
5229.57 0.262762 0.279033 0.266708 0.269026
5234.84 0.263499 0.279375 0.267496 0.270167
5240.11 0.263767 0.280107 0.268226 0.270843
5245.38 0.264381 0.280779 0.268461 0.271909
5250.65 0.26494 0.281395 0.269081 0.272506
5255.93 0.265039 0.281499 0.269652 0.273496
5261.2 0.2655 0.282014 0.270177 0.274448
5266.47 0.265919 0.282485 0.270216 0.274925
5271.74 0.265888 0.282453 0.270657 0.275798
5277.01 0.266235 0.282846 0.271062 0.276193
5282.29 0.266138 0.283209 0.270988 0.276988
5287.56 0.26643 0.283544 0.271331 0.277745
5292.83 0.2667 0.283389 0.271649 0.278019
5298.1 0.266538 0.283681 0.271946 0.278699
5303.37 0.267091 0.284206 0.272108 0.278896
5308.65 0.26781 0.28486 0.27289 0.279502
5313.92 0.268101 0.285032 0.273658 0.280074
5319.19 0.268801 0.285665 0.273957 0.280163
5324.46 0.26907 0.286289 0.274694 0.280668
5329.73 0.269751 0.286431 0.275417 0.280692
5335.01 0.270423 0.287039 0.276126 0.281138
5340.28 0.270661 0.287642 0.276359 0.281558
5345.55 0.271315 0.28776 0.277037 0.281499
5350.82 0.271532 0.28835 0.2777 0.281871
5356.09 0.272167 0.288935 0.277883 0.282224
5361.37 0.272362 0.289515 0.278514 0.282101
5366.64 0.272976 0.289604 0.279129 0.28242
5371.91 0.27358 0.290171 0.27926 0.282267
5377.18 0.273741 0.290733 0.279841 0.282561
5382.45 0.274322 0.290799 0.280406 0.282847
5387.73 0.274456 0.291345 0.28048 0.282667
5393 0.275012 0.291883 0.281008 0.282942
5398.27 0.275119 0.292411 0.281518 0.283217
5403.54 0.275647 0.292436 0.281533 0.283029
5408.81 0.276162 0.292942 0.282003 0.283306
5414.09 0.276221 0.293435 0.282453 0.283588
5419.36 0.276704 0.293417 0.282403 0.283411
5424.63 0.27673 0.293879 0.282809 0.283705
5429.9 0.277179 0.294324 0.283194 0.284009
5435.17 0.277167 0.29425 0.283073 0.283856
5440.45 0.277579 0.294654 0.28341 0.284181
5445.72 0.277528 0.295037 0.283723 0.284517
5450.99 0.277901 0.295395 0.283526 0.284396
5456.26 0.278253 0.295223 0.283787 0.284755
5461.54 0.278139 0.295528 0.284022 0.285127
5466.81 0.278448 0.295803 0.283744 0.28504
5472.08 0.278289 0.295541 0.283924 0.285435
5477.35 0.278554 0.295753 0.283588 0.285841
5482.62 0.278349 0.295931 0.283711 0.286257
5487.9 0.278568 0.295565 0.283805 0.286205
5493.17 0.278316 0.295672 0.283381 0.286636
5498.44 0.27849 0.295741 0.283416 0.287072
5503.71 0.278548 0.295547 0.283315 0.287512
5508.98 0.279182 0.295944 0.283831 0.287472
5514.26 0.279338 0.296299 0.284314 0.287912
5519.53 0.279915 0.296608 0.284268 0.288348
5524.8 0.280007 0.296355 0.284673 0.288779
5530.07 0.280518 0.296564 0.284542 0.288717
5535.34 0.280538 0.296721 0.284858 0.289128
5540.62 0.280973 0.296308 0.285127 0.289525
5545.89 0.28137 0.296356 0.284851 0.289906
5551.16 0.281268 0.296347 0.285019 0.289778
5556.43 0.281582 0.295766 0.284639 0.290117
5561.7 0.281395 0.295646 0.284702 0.290431
5566.98 0.281625 0.295471 0.284217 0.290718
5572.25 0.281355 0.295243 0.284176 0.290975
5577.52 0.281505 0.294447 0.284084 0.290705
5582.79 0.281156 0.294119 0.283445 0.290894
5588.06 0.281231 0.293745 0.283257 0.291048
5593.34 0.280812 0.292813 0.282526 0.291163
5598.61 0.280822 0.29236 0.282251 0.291238
5603.88 0.280345 0.291873 0.281442 0.290775
5609.15 0.280304 0.290844 0.281095 0.290767
5614.42 0.279785 0.290308 0.280718 0.290716
5619.7 0.279712 0.289755 0.279823 0.290623
5624.97 0.279169 0.28868 0.279404 0.290487
5630.24 0.279083 0.288116 0.278479 0.290309
5635.51 0.27854 0.287555 0.278041 0.289589
5640.78 0.278464 0.287005 0.277111 0.289329
5646.06 0.277943 0.285964 0.276679 0.28903
5651.33 0.277902 0.285458 0.276261 0.288693
5656.6 0.277428 0.284986 0.275374 0.288322
5661.87 0.277445 0.284044 0.275003 0.287918
5667.14 0.277043 0.283658 0.274177 0.286985
5672.42 0.277143 0.283324 0.27388 0.286525
5677.69 0.276834 0.283049 0.273141 0.286041
5682.96 0.277038 0.282327 0.27294 0.285537
5688.23 0.276841 0.28218 0.272795 0.285016
5693.5 0.277166 0.282103 0.272222 0.284482
5698.78 0.277556 0.281587 0.272198 0.283937
5704.05 0.27755 0.281651 0.271749 0.282889
5709.32 0.278072 0.281784 0.271851 0.282334
5714.59 0.278196 0.281983 0.271526 0.281779
5719.86 0.278847 0.281731 0.271747 0.281224
5725.14 0.27909 0.282043 0.272021 0.280673
5730.41 0.279791 0.282354 0.271807 0.280125
5735.68 0.279344 0.281655 0.271597 0.279581
5740.95 0.279422 0.2815 0.270935 0.279039
5746.23 0.279565 0.281371 0.2708 0.278003
5751.5 0.279307 0.281261 0.270207 0.277459
5756.77 0.279589 0.280643 0.270127 0.276907
5762.04 0.279466 0.280528 0.270056 0.276339
5767.31 0.279869 0.280378 0.269484 0.275747
5772.59 0.280312 0.279651 0.269364 0.275119
5777.86 0.280297 0.279337 0.268685 0.274441
5783.13 0.280742 0.27888 0.268384 0.273698
5788.4 0.280662 0.278229 0.267924 0.272377
5793.67 0.280961 0.276812 0.266763 0.271439
5798.95 0.281113 0.275591 0.265813 0.270367
5804.22 0.280583 0.273977 0.264031 0.269129
5809.49 0.280258 0.271891 0.262306 0.267691
5814.76 0.279112 0.268742 0.260067 0.266014
5820.03 0.278018 0.265442 0.256746 0.264053
5825.31 0.276415 0.261383 0.253189 0.261759
5830.58 0.273655 0.256392 0.248747 0.259077
5835.85 0.269958 0.249433 0.242405 0.255479
5841.12 0.265488 0.241867 0.235473 0.251839
5846.39 0.259719 0.233108 0.22738 0.24761
5851.67 0.253465 0.223043 0.2176 0.242711
5856.94 0.246185 0.211155 0.206831 0.237055
5862.21 0.237788 0.19814 0.194517 0.230545
5867.48 0.227787 0.183454 0.180183 0.223077
5872.75 0.216889 0.166967 0.16438 0.214539
5878.03 0.204589 0.148266 0.146594 0.204429
5883.3 0.190458 0.127815 0.126429 0.193395
5888.57 0.175083 0.105164 0.104235 0.1809
5893.84 0.158011 0.0801768 0.0795703 0.166794
5899.11 0.139147 0.0527173 0.0521634 0.150915
5904.39 0.11819 0.0302065 0.0293202 0.133094
5909.66 0.0954978 0.0228202 0.0223743 0.113146
5914.93 0.0707437 0.0173773 0.0164788 0.0907104
5920.2 0.0438467 0.0129658 0.0126353 0.0659669
5925.47 0.0284447 0.0100935 0.00959462 0.0384885
5930.75 0.0214316 0.00784092 0.00772111 0.0244152
5936.02 0.01665 0.00611889 0.00623678 0.0189971
5941.29 0.0133088 0.00527102 0.00485179 0.0151811
5946.56 0.0104084 0.00429141 0.00398991 0.0118356
5951.83 0.00780403 0.00336089 0.00335697 0.0097083
5957.11 0.00670405 0.00252176 0.00235861 0.00743758
5962.38 0.00526093 0.00205725 0.00205873 0.00598215
5967.65 0.00416752 0.00160519 0.00172301 0.00485663
5972.92 0.00319657 0.00144124 0.00134745 0.00372205
5978.19 0.00276406 0.000927465 0.00107355 0.00310412
5983.47 0.00225987 0.000897264 0.000915292 0.00262047
5988.74 0.00174212 0.000820926 0.000815875 0.0020663
5994.01 0.00148829 0.000658077 0.000707868 0.0016047
5999.28 0.00121642 0.000686909 0.000568804 0.00132931
6004.55 0.00107959 0.000631519 0.000423022 0.0011505
6009.83 0.000844992 0.000455703 0.000388184 0.00111465
6015.1 0.000617885 0.000311222 0.000404532 0.000901502
6020.37 0.000631464 0.000385453 0.000357952 0.000453803
6025.64 0.000543509 0.000351787 0.000307307 0.000643196
6030.92 0.000518182 0.000506056 0.000191319 0.000425995
6036.19 0.000414115 0.000268357 0.000193094 0.000476369
6041.46 0.000330519 0.000281139 0.000190145 0.000488857
6046.73 0.000330986 0.000266992 0.000207455 0.00046132
6052 0.000364337 0.000443621 0.000204339 0.000231016
6057.28 0.000199868 0.00025147 0.000214715 0.000207145
6062.55 0.000316875 0.000212548 0.000294411 0.00029337
6067.82 0.000176244 0.000254008 0.000137304 0.000188193
6073.09 0.000178213 0.000298218 0.000180731 0.000216483
6078.36 0.000295301 0.000274796 0.000313394 0.000148574
6083.64 0.00030468 0.000155975 0.000269672 0.000204524
6088.91 0.000197717 0.000193737 0.000238708 0.000260936
6094.18 0.000164912 0.000189564 0.000333246 0.000283812
6099.45 0.000231209 0.000266484 0.00026045 0.000258626
6104.72 0.000221703 0.000154206 0.000197101 0.000200674
6110 0.000105592 0.000177644 0.000303628 0.000115351
6115.27 0.000283798 0.000304602 0.000449762 0.000157682
6120.54 0.000226575 0.000268654 0.000212819 0.00012358
6125.81 0.000257601 0.000217194 0.00019259 0.000217542
6131.08 0.00036055 0.000274444 0.00021344 0.000231748
6136.36 0.000298198 0.000172373 0.000218592 0.000211145
6141.63 0.000222968 0.000146249 0.000264047 0.000272785
6146.9 0.000144753 0.000228444 0.000135957 0.000108512
6152.17 0.000267335 0.000262097 0.000248295 0.000111721
6157.44 0.000166454 0.000272041 0.00015927 0.000135187
6162.72 0.000210115 0.000385559 0.000155691 0.000170415
6167.99 0.000226303 0.00020348 0.000118786 0.000182874
6173.26 0.000145306 0.000173726 0.000160994 0.000200467
6178.53 0.000348038 0.000372085 0.00025211 0.000244318
6183.8 0.000230192 0.000221839 0.000204321 0.000186137
6189.08 0.000103113 0.000172324 0.000199013 0.000169293
6194.35 0.000206295 0.000152519 0.000214979 0.000157963
6199.62 0.000139561 0.000199366 0.000210969 0.000171067
6204.89 0.000130622 0.000214121 0.000199769 0.00023251
6210.16 0.00021574 0.000314839 0.000212389 0.000131916
6215.44 0.000266965 0.00031712 0.000147393 0.000170833
6220.71 0.00023541 0.000251686 0.000208961 0.000255604
6225.98 0.000202678 0.000153965 0.000130443 0.000229724
6231.25 8.91352e-05 0.000211675 0.000217844 0.000280667
6236.52 0.000168437 0.000186548 0.000309382 0.000192122
6241.8 0.000126898 0.000140095 0.000140651 8.51913e-05
6247.07 0.000217257 0.000217341 0.000190102 8.12896e-05
6252.34 0.000268492 0.000285831 0.000217062 0.00020021
6257.61 0.000216137 0.000230346 0.000101086 0.000147028
6262.88 0.000208889 7.91412e-05 0.000265492 0.000186362
6268.16 0.000127489 0.000187684 0.00042782 0.000182677
6273.43 0.000115537 0.000326462 0.000129528 0.000246892
6278.7 0.000180446 0.000229786 0.000141325 0.000142727
6283.97 0.000201636 0.000270697 0.000255223 0.000149081
6289.24 0.000252811 0.000260615 0.000134209 0.000221936
6294.52 0.000138311 0.000243147 0.000365096 0.00014187
6299.79 0.000375554 0.00037914 0.000215138 7.41757e-05
6305.06 0.000200516 0.000225536 0.000185056 0.000143376
6310.33 0.000219742 0.000248844 0.000364795 0.000265021
6315.61 0.000396722 0.000218902 0.000222701 0.000136239
6320.88 0.000261611 0.000228891 0.000179374 0.000144284
6326.15 0.000213722 0.000341059 0.000279623 0.000210193
6331.42 0.000278815 0.000313247 0.00024884 0.000119056
6336.69 0.000219303 0.000208582 0.000165333 0.000290969
6341.97 0.000274908 0.000229811 0.000124524 0.000177427
6347.24 0.000178819 0.000262212 0.000181465 0.000167356
6352.51 0.000228769 0.000275737 0.000308312 0.000212992
6357.78 0.000332045 0.000141699 0.000124365 0.000154079
6363.05 0.00012928 0.000140814 0.000220174 0.000255623
6368.33 0.000138509 0.000196096 0.000339083 0.000292842
6373.6 0.000129225 0.000323345 0.000148059 0.000292522
6378.87 9.41257e-05 0.000175777 0.000133173 0.000169649
6384.14 0.000132039 0.000389974 0.000261495 0.000154393
6389.41 0.000251973 0.000299303 0.000206895 0.000180747
6394.69 0.000154845 0.000278842 0.000212356 0.000175088
6399.96 0.000193497 0.000372605 0.000127875 0.000285149
6405.23 0.000232334 0.000338652 0.000171549 0.000259346
6410.5 0.000238594 0.000261969 0.000240639 0.000216022
6415.77 0.000228595 0.000360278 0.000252874 0.000229707
6421.05 0.000280385 0.000301795 0.000399127 0.000128737
6426.32 0.000313507 0.000219367 0.000126977 8.91091e-05
6431.59 0.000202146 0.000232372 0.000153825 0.000174615
6436.86 0.000119145 0.000158866 0.000242271 0.000163993
6442.13 7.15752e-05 0.00010125 0.000244942 7.95037e-05
6447.41 0.000246658 0.000136384 0.000275662 6.69317e-05
6452.68 0.000209885 0.000225051 0.00015397 0.000140435
6457.95 0.000248186 0.000274443 0.000110629 0.00014975
6463.22 0.000241919 0.000186034 0.000172998 0.00013374
6468.49 0.000375881 0.000389328 0.000378081 8.47123e-05
6473.77 0.000198658 0.000338732 0.000151925 0.000133761
6479.04 0.000252125 0.00022512 0.000155121 0.000269731
6484.31 0.000197373 0.000134892 0.00015516 0.000208097
6489.58 0.000180935 0.000149232 0.000235342 0.000349271
6494.85 0.000251304 0.000168776 0.000322817 0.000217085
6500.13 0.000222108 0.000269948 0.000220075 0.000216806
6505.4 0.000209173 0.000115607 0.000305238 0.000264664
6510.67 0.000287647 0.000449605 0.00013842 0.000226745
6515.94 0.000181783 0.000386875 0.000124419 0.000265854
6521.21 0.000242231 0.000378444 0.000191358 0.00027886
6526.49 0.000163773 0.000431178 0.000305789 0.000216331
6531.76 0.000210459 0.000316849 0.000193438 0.00015871
6537.03 0.000277513 0.000224867 0.000124762 0.000110734
6542.3 0.000319008 0.000127172 0.000393472 0.000292599
6547.57 0.000213641 0.000267611 0.000173801 0.000189343
6552.85 0.000257293 0.000232124 0.000165688 0.000261046
6558.12 0.000215392 0.000251259 0.000281847 0.000354493
6563.39 0.000237906 0.000295794 0.000264164 0.000309084
6568.66 0.000246967 0.00029157 0.000276142 0.000205372
6573.93 0.000434324 0.000371181 0.000307889 0.000211266
6579.21 0.000277229 0.00057008 0.000142933 0.000269963
6584.48 0.000189543 0.000170669 0.000131536 0.000167218
6589.75 0.000349398 0.000178278 0.000219433 0.000153041
6595.02 0.000307336 0.000277347 0.000148507 0.00022129
6600.3 0.000249507 0.000253708 0.000112495 0.000300402
6605.57 0.000106903 0.000363197 0.000135359 0.000162307
6610.84 0.000315316 0.000262903 0.000185546 4.16254e-05
6616.11 0.00027729 0.000170926 0.000233969 0.000175679
6621.38 0.000206549 0.000206375 0.000262336 0.000220813
6626.66 0.000184209 0.000340465 0.000225604 0.000177208
6631.93 0.00022597 0.000529235 0.000182195 0.000131926
6637.2 0.000207222 0.000277885 0.00011902 9.75988e-05
6642.47 0.000194463 0.000198441 0.000112602 0.000205592
6647.74 0.000208065 0.000361557 0.000151483 0.000173374
6653.02 0.000282815 0.000235863 0.000285168 0.000171129
6658.29 0.000192755 0.000207429 0.000226816 0.000245935
6663.56 0.000259444 0.000267003 0.000154187 0.000352428
6668.83 0.000247451 0.000252936 0.000167687 0.000157216
6674.1 0.000135075 0.000331048 0.000321251 0.000279547
6679.38 0.00014367 0.000195273 0.000304957 0.000408107
6684.65 0.000406002 0.00016265 0.000310099 0.000237204
6689.92 0.000539805 0.000426456 0.000246328 0.000209187
6695.19 0.0002617 0.000367202 0.00016748 0.000506559
6700.46 0.000180917 0.000281079 0.000129114 0.000173053
6705.74 0.000200276 0.000288034 0.000370623 0.000143233
6711.01 0.000187072 0.000271086 0.000207878 0.000142841
6716.28 0.000239363 0.000270038 0.000217722 0.000294949
6721.55 0.000204137 0.000222395 0.000131861 0.00022929
6726.82 0.000305027 0.000234497 0.000148485 0.000262562
6732.1 0.00037425 0.000291644 0.000182482 0.000265292
6737.37 0.000203825 9.96893e-05 0.00011273 0.000113925
6742.64 0.000293327 0.000327693 0.000297459 0.000151002
6747.91 0.000251793 0.000306189 0.000247261 0.000129101
6753.18 0.000213171 0.000173953 0.000211017 0.000158606
6758.46 0.000185489 0.000407085 0.000231724 0.000204427
6763.73 0.000161136 0.000298295 0.000235008 9.42526e-05
6769 0.0003177 0.000428422 0.000147525 0.000114681
6774.27 0.000182027 0.000387051 0.00023181 0.000120244
6779.54 0.000182515 0.000234762 0.000127382 6.6465e-05
6784.82 0.000309579 0.000443043 0.000242829 0.000116402
6790.09 0.000320188 0.000263982 0.000184863 0.000157443
6795.36 0.000147393 0.000319545 0.00014666 0.000257794
6800.63 9.35552e-05 0.000266504 0.000204569 0.000275285
6805.9 0.000345 0.000243429 0.000244405 0.000193708
6811.18 0.0003411 0.000126031 9.39858e-05 0.000250204
6816.45 0.000198078 0.000247191 0.000306099 0.000232426
6821.72 0.000235526 0.00029841 0.00020268 0.000139947
6826.99 0.0002015 0.000282451 6.59737e-05 0.000340344
6832.26 0.000249333 0.000223678 0.000157778 0.000241328
6837.54 0.000163333 0.000233073 0.000153986 0.00021841
6842.81 0.000160161 0.000319675 0.000156951 0.000208547
6848.08 0.000269657 0.000204154 0.000258402 0.000255746
6853.35 0.000264651 0.000454305 0.000179213 0.000138219
6858.62 0.000158545 0.000313522 0.000291266 0.000315237
6863.9 0.00019068 0.000396369 0.000116013 0.000249315
6869.17 0.000367115 0.000318624 0.000224584 0.00018397
6874.44 0.000149914 0.000408792 0.000432031 0.000295964
6879.71 0.000364535 0.000305721 0.000217489 0.000116573
6884.99 0.000294643 0.000354472 0.000406491 0.000142944
6890.26 0.00032002 0.00047196 0.000125718 0.00023015
6895.53 0.000229121 0.000299819 0.000144213 0.000282859
6900.8 0.000446481 0.000314663 0.000177945 0.000132989
6906.07 0.000440808 0.000216842 0.000326022 0.000159698
6911.35 0.000205794 0.000334152 0.000343849 0.000201738
6916.62 0.000436203 0.000283226 0.000318234 0.00016509
6921.89 0.000318438 0.000195576 0.000208933 0.00028397
6927.16 0.00018705 0.000182531 0.000271867 0.00035019
6932.43 0.000230527 0.000182526 0.000255555 0.00024484
6937.71 0.00025989 0.000302552 0.00041313 0.000135976
6942.98 0.00030325 0.000493886 0.000178004 0.000251312
6948.25 0.000197834 0.000258445 0.000163492 0.000152006
6953.52 0.000191819 0.000200134 0.000266773 0.000167219
6958.79 0.000124597 0.000471055 0.000323416 0.000124906
6964.07 0.000375121 0.000314423 0.000183762 0.000421144
6969.34 0.000295574 0.000331117 0.00028404 0.000357663
6974.61 0.000197722 0.000184257 0.00039128 0.000194901
6979.88 0.000392686 0.000294641 0.000258723 0.000225343
6985.15 0.000138435 0.00037516 0.00011814 0.000329593
6990.43 0.00023112 0.000255404 0.000265244 0.0001491
6995.7 0.000152919 9.19326e-05 0.000244849 0.000184971
