 2.53 7.003E-17  348
 2.54 1.522E-16  349
 2.55 1.844E-13  370
 2.56 9.997E-14  370
 2.57 7.625E-15  371
 2.58 3.118E-33 1000
 2.59 1.462E-42 1000
 2.60 5.623E-31  707
 2.61 3.098E-31 1000
 2.62 3.176E-31 1000
 2.63 2.180E-29  707
 2.64 1.787E-31  707
 2.65 2.700E-29  707
 2.66 2.247E-36  707
 2.67 2.359E-15  343
 2.68 3.207E-15  342
 2.69 1.199E-14  341
 2.70 1.202E-14  342
 2.71 8.765E-15  341
 2.72 1.952E-14  341
 2.73 1.035E-13  339
 2.74 7.126E-15  339
 2.75 1.393E-15  338
 2.76 4.985E-25  707
 2.77 5.091E-16  338
 2.78 9.944E-15  336
 2.79 8.070E-16  337
 2.80 1.143E-15  336
 2.81 2.040E-16  337
 2.82 5.719E-15  337
 2.83 5.992E-15  335
 2.84 4.627E-14  335
 2.85 1.741E-14  334
 2.86 5.682E-29  707
 2.87 3.797E-29  707
 2.88 6.839E-32  707
 2.89 2.240E-15  332
 2.90 1.127E-14  332
 2.91 8.233E-14  332
 2.92 1.135E-15  332
 2.93 7.364E-14  330
 2.94 6.407E-14  330
 2.95 9.980E-14  330
 2.96 1.153E-14  330
 2.97 7.823E-15  330
 2.98 7.042E-16  329
 2.99 7.271E-15  328
 3.00 4.592E-14  328
 3.01 1.052E-14  327
 3.02 2.544E-13  327
 3.03 1.169E-13  326
 3.04 1.287E-14  326
 3.05 6.288E-14  325
 3.06 4.588E-34  707
 3.07 7.799E-27  707
 3.08 2.492E-25  707
 3.09 1.711E-25 1000
 3.10 7.617E-30 1000
 3.11 4.472E-28 1000
 3.12 1.129E-29 1000
 3.13 5.430E-37  707
 3.14 1.119E-30  707
 3.15 8.334E-16  321
 3.16 1.481E-14  321
 3.17 3.623E-14  321
 3.18 3.962E-14  320
 3.19 3.184E-15  319
 3.20 4.850E-15  319
 3.21 6.317E-16  318
 3.22 1.508E-13  336
 3.23 1.131E-14  319
 3.24 1.418E-13  335
 3.25 3.207E-13  335
 3.26 1.923E-14  316
 3.27 7.169E-14  316
 3.28 1.065E-14  317
 3.29 1.643E-14  317
 3.30 2.745E-13  332
 3.31 8.683E-15  315
 3.32 1.327E-13  333
 3.33 7.677E-30  707
 3.34 1.092E-34  707
 3.35 2.184E-32  707
 3.36 1.886E-40 1000
 3.37 2.685E-29  707
 3.38 1.030E-36 1000
 3.39 4.031E-38 1000
 3.40 3.135E-35 1000
 3.41 9.475E-33  707
 3.42 3.356E-34  707
 3.43 1.000E-30  707
 3.44 9.762E-16  311
 3.45 3.061E-15  311
 3.46 8.835E-16  310
 3.47 5.740E-16  310
 3.48 5.497E-27  707
 3.49 2.261E-33  707
 3.50 3.028E-28  707
 3.51 5.412E-27  707
 3.52 1.672E-29  707
 3.53 8.001E-24  707
 3.54 1.517E-30  707
 3.55 5.463E-26  707
 3.56 1.279E-32  707
 3.57 1.354E-15  305
 3.58 3.866E-14  305
 3.59 3.600E-15  304
 3.60 1.940E-13  304
 3.61 3.370E-14  303
 3.62 8.353E-14  303
 3.63 4.401E-14  302
 3.64 2.862E-14  302
 3.65 1.129E-13  301
 3.66 3.563E-14  300
 3.67 6.793E-14  300
 3.68 3.571E-13  299
 3.69 6.577E-14  299
 3.70 3.803E-15  298
 3.71 2.195E-14  298
 3.72 8.083E-15  298
 3.73 3.639E-14  296
 3.74 2.004E-14  297
 3.75 7.980E-15  297
 3.76 7.014E-15  296
 3.77 3.612E-14  295
 3.78 1.260E-14  296
 3.79 4.077E-14  294
 3.80 2.721E-13  294
 3.81 9.825E-14  294
 3.82 8.635E-14  292
 3.83 4.495E-15  293
 3.84 1.041E-13  292
 3.85 2.350E-13  292
 3.86 4.299E-14  291
 3.87 9.742E-14  290
 3.88 2.212E-13  290
 3.89 7.684E-14  290
 3.90 1.506E-13  290
 3.91 6.299E-14  289
 3.92 8.508E-14  288
 3.93 8.040E-14  288
 3.94 2.333E-13  287
 3.95 6.671E-14  287
 3.96 1.143E-13  286
 3.97 8.496E-14  286
 3.98 4.521E-14  286
 3.99 1.230E-13  286
 4.00 2.355E-26  707
 4.01 4.851E-33  707
 4.02 6.732E-31  707
 4.03 1.567E-36  707
 4.04 1.869E-25 1000
 4.05 1.062E-36  707
 4.06 3.267E-25  707
 4.07 1.180E-30 1000
 4.08 1.675E-33  707
 4.09 6.418E-30  707
 4.10 9.451E-30  707
 4.11 8.343E-32  707
 4.12 3.188E-13  294
 4.13 2.321E-14  281
 4.14 5.444E-13  292
 4.15 1.374E-14  280
 4.16 3.263E-13  280
 4.17 7.631E-13  291
 4.18 1.428E-12  290
 4.19 1.390E-12  290
 4.20 3.024E-14  278
 4.21 3.258E-14  278
 4.22 5.389E-13  289
 4.23 1.207E-30  707
 4.24 1.867E-33  707
 4.25 1.622E-28 1000
 4.26 6.215E-28  707
 4.27 2.794E-26  707
 4.28 1.467E-30  707
 4.29 1.387E-27  707
 4.30 2.035E-28 1000
 4.31 5.902E-25  707
 4.32 1.200E-27  707
 4.33 2.152E-36  707
 4.34 1.414E-36 1000
 4.35 8.046E-14  285
 4.36 1.822E-13  284
 4.37 5.063E-13  283
 4.38 3.473E-14  272
 4.39 3.065E-13  282
 4.40 3.936E-13  282
 4.41 1.187E-13  270
 4.42 1.034E-12  282
 4.43 5.295E-14  271
 4.44 2.867E-13  270
 4.45 3.803E-13  271
 4.46 1.657E-13  270
 4.47 1.105E-13  269
 4.48 3.283E-14  268
 4.49 6.248E-14  268
 4.50 5.167E-14  268
 4.51 2.985E-14  267
 4.52 6.420E-15  267
 4.53 4.063E-29  707
 4.54 1.163E-32  707
 4.55 1.723E-15  267
 4.56 5.467E-14  266
 4.57 1.951E-13  266
 4.58 2.222E-13  266
 4.59 2.167E-13  266
 4.60 4.682E-13  265
 4.61 4.249E-13  265
 4.62 1.316E-12  264
 4.63 4.466E-13  265
 4.64 1.212E-12  264
 4.65 9.130E-14  263
 4.66 9.380E-15  263
 4.67 9.552E-14  262
 4.68 5.174E-13  262
 4.69 4.066E-13  261
 4.70 5.190E-13  261
 4.71 4.064E-13  261
 4.72 1.709E-13  262
 4.73 1.877E-13  261
 4.74 5.081E-14  261
 4.75 6.988E-14  260
 4.76 3.161E-12  268
 4.77 4.618E-14  260
 4.78 6.916E-14  258
 4.79 8.404E-14  258
 4.80 7.265E-14  258
 4.81 5.175E-14  258
 4.82 1.714E-13  258
 4.83 5.213E-13  266
 4.84 2.211E-14  257
 4.85 3.920E-12  266
 4.86 3.511E-12  266
 4.87 3.284E-12  265
 4.88 5.006E-12  265
 4.89 3.836E-13  255
 4.90 6.567E-14  255
 4.91 1.050E-13  254
 4.92 9.771E-14  255
 4.93 4.556E-13  254
 4.94 2.782E-13  253
 4.95 7.550E-12  261
 4.96 7.499E-13  253
 4.97 2.017E-11  261
 4.98 1.224E-11  260
 4.99 6.818E-12  261
 5.00 1.348E-11  259
 5.01 4.330E-09   76
 5.02 3.090E-09   73
 5.03 5.489E-09   71
 5.04 5.372E-09   71
 5.05 8.352E-09   71
 5.06 1.034E-08   71
 5.07 9.649E-09   71
 5.08 1.205E-08   72
 5.09 1.278E-08   72
 5.10 1.772E-08   72
 5.11 1.840E-08   71
 5.12 1.859E-08   71
 5.13 2.042E-08   71
 5.14 1.622E-08   71
 5.15 2.051E-08   71
 5.16 1.950E-08   71
 5.17 1.429E-08   70
 5.18 1.404E-08   70
 5.19 1.895E-08   70
 5.20 1.777E-08   70
 5.21 1.774E-08   70
 5.22 1.199E-08   70
 5.23 1.490E-08   70
 5.24 1.082E-08   70
 5.25 1.025E-08   69
 5.26 1.041E-08   69
 5.27 9.064E-09   70
 5.28 9.638E-09   70
 5.29 5.348E-09   70
 5.30 5.432E-09   70
 5.31 2.636E-09   70
 5.32 3.687E-09   70
 5.33 5.263E-09   69
 5.34 7.018E-09   69
 5.35 8.591E-09   69
 5.36 7.167E-09   69
 5.37 1.202E-08   69
 5.38 1.064E-08   69
 5.39 1.286E-08   69
 5.40 1.775E-08   70
 5.41 1.987E-08   69
 5.42 2.158E-08   69
 5.43 2.241E-08   69
 5.44 2.758E-08   70
 5.45 2.736E-08   70
 5.46 3.102E-08   70
 5.47 3.642E-08   70
 5.48 3.922E-08   70
 5.49 3.887E-08   70
 5.50 4.014E-08   71
 5.51 3.958E-08   70
 5.52 4.112E-08   71
 5.53 4.177E-08   71
 5.54 4.199E-08   71
 5.55 4.122E-08   71
 5.56 3.950E-08   71
 5.57 3.917E-08   71
 5.58 3.767E-08   72
 5.59 3.560E-08   72
 5.60 3.187E-08   73
 5.61 2.817E-08   74
 5.62 2.427E-08   75
 5.63 2.093E-08   77
 5.64 1.972E-08   79
 5.65 2.134E-08   78
 5.66 2.226E-08   78
 5.67 2.315E-08   77
 5.68 2.367E-08   76
 5.69 3.266E-08   75
 5.70 4.691E-08   74
 5.71 6.091E-08   74
 5.72 7.606E-08   73
 5.73 9.471E-08   72
 5.74 1.113E-07   71
 5.75 1.409E-07   72
 5.76 1.594E-07   71
 5.77 1.880E-07   71
 5.78 2.118E-07   71
 5.79 2.248E-07   71
 5.80 2.449E-07   71
 5.81 2.743E-07   71
 5.82 2.954E-07   71
 5.83 3.119E-07   71
 5.84 3.140E-07   71
 5.85 3.299E-07   71
 5.86 3.289E-07   71
 5.87 3.260E-07   71
 5.88 3.331E-07   71
 5.89 3.572E-07   71
 5.90 3.427E-07   71
 5.91 3.295E-07   72
 5.92 3.129E-07   72
 5.93 3.047E-07   72
 5.94 2.916E-07   72
 5.95 2.823E-07   72
 5.96 2.660E-07   72
 5.97 2.439E-07   72
 5.98 2.227E-07   72
 5.99 2.030E-07   72
 6.00 1.930E-07   71
 6.01 1.748E-07   72
 6.02 1.568E-07   71
 6.03 1.396E-07   71
 6.04 1.205E-07   71
 6.05 1.030E-07   71
 6.06 8.367E-08   71
 6.07 7.468E-08   71
 6.08 6.432E-08   71
 6.09 5.261E-08   72
 6.10 4.281E-08   72
 6.11 3.336E-08   72
 6.12 3.159E-08   72
 6.13 3.527E-08   73
 6.14 4.128E-08   74
 6.15 4.977E-08   76
 6.16 5.969E-08   80
 6.17 7.211E-08   86
 6.18 1.068E-07  102
 6.19 1.557E-07  127
 6.20 2.283E-07  159
 6.21 3.423E-07  214
 6.22 7.282E-07  261
 6.23 6.293E-07  310
 6.24 8.193E-07  291
 6.25 1.099E-06  279
 6.26 9.497E-07  304
 6.27 2.039E-06  321
 6.28 1.783E-06  357
 6.29 9.839E-07  443
 6.30 7.465E-07  544
 6.31 2.597E-07   75
 6.32 2.561E-07   75
 6.33 2.336E-07   75
 6.34 2.242E-07   75
 6.35 1.989E-07   75
 6.36 1.741E-07   75
 6.37 1.449E-07   75
 6.38 1.187E-07   75
 6.39 1.022E-07   76
 6.40 8.034E-08   76
 6.41 6.634E-08   76
 6.42 5.700E-08   77
 6.43 5.779E-08   77
 6.44 7.140E-08   77
 6.45 9.287E-08   76
 6.46 1.178E-07   76
 6.47 1.354E-07   77
 6.48 1.606E-07   77
 6.49 1.868E-07   77
 6.50 2.239E-07   77
 6.51 2.513E-07   77
 6.52 2.861E-07   77
 6.53 3.199E-07   78
 6.54 3.572E-07   78
 6.55 3.985E-07   78
 6.56 4.113E-07   79
 6.57 4.484E-07   80
 6.58 4.876E-07   80
 6.59 5.635E-07   80
 6.60 6.300E-07   81
 6.61 6.942E-07   81
 6.62 7.282E-07   81
 6.63 8.376E-07   82
 6.64 9.090E-07   81
 6.65 9.935E-07   81
 6.66 1.062E-06   82
 6.67 1.132E-06   82
 6.68 1.202E-06   81
 6.69 1.188E-06   81
 6.70 1.196E-06   81
 6.71 1.209E-06   81
 6.72 1.163E-06   82
 6.73 1.091E-06   82
 6.74 1.005E-06   82
 6.75 8.506E-07   83
 6.76 7.316E-07   83
 6.77 6.582E-07   83
 6.78 5.425E-07   83
 6.79 5.197E-07   84
 6.80 5.644E-07   84
 6.81 6.812E-07   83
 6.82 8.074E-07   83
 6.83 9.473E-07   83
 6.84 1.044E-06   83
 6.85 1.200E-06   83
 6.86 1.357E-06   83
 6.87 1.507E-06   83
 6.88 1.681E-06   83
 6.89 1.908E-06   82
 6.90 2.223E-06   82
 6.91 2.399E-06   82
 6.92 2.614E-06   82
 6.93 2.888E-06   81
 6.94 2.918E-06   81
 6.95 3.040E-06   81
 6.96 3.116E-06   81
 6.97 3.177E-06   80
 6.98 3.318E-06   80
 6.99 3.210E-06   80
 7.00 3.231E-06   80
 7.01 3.346E-06   80
 7.02 3.328E-06   80
 7.03 3.247E-06   80
 7.04 3.132E-06   80
 7.05 2.919E-06   80
 7.06 2.793E-06   79
 7.07 2.791E-06   79
 7.08 2.601E-06   79
 7.09 2.611E-06   79
 7.10 2.518E-06   78
 7.11 2.373E-06   78
 7.12 2.358E-06   78
 7.13 2.177E-06   78
 7.14 2.067E-06   78
 7.15 1.945E-06   78
 7.16 1.858E-06   78
 7.17 1.678E-06   78
 7.18 1.599E-06   78
 7.19 1.449E-06   78
 7.20 1.355E-06   78
 7.21 1.242E-06   77
 7.22 1.108E-06   78
 7.23 1.047E-06   77
 7.24 9.309E-07   77
 7.25 8.795E-07   77
 7.26 7.980E-07   76
 7.27 7.143E-07   76
 7.28 6.593E-07   76
 7.29 5.935E-07   76
 7.30 5.389E-07   76
 7.31 4.867E-07   75
 7.32 4.347E-07   75
 7.33 3.788E-07   75
 7.34 3.218E-07   75
 7.35 2.631E-07   75
 7.36 2.105E-07   75
 7.37 1.600E-07   75
 7.38 1.140E-07   74
 7.39 1.117E-07   74
 7.40 1.345E-07   74
 7.41 1.704E-07   73
 7.42 2.138E-07   74
 7.43 2.711E-07   73
 7.44 3.137E-07   74
 7.45 3.571E-07   74
 7.46 3.775E-07   74
 7.47 3.938E-07   74
 7.48 3.904E-07   74
 7.49 3.995E-07   73
 7.50 3.856E-07   73
 7.51 3.602E-07   74
 7.52 3.503E-07   73
 7.53 3.236E-07   73
 7.54 2.978E-07   73
 7.55 2.691E-07   73
 7.56 2.327E-07   73
 7.57 2.077E-07   73
 7.58 1.733E-07   73
 7.59 1.516E-07   73
 7.60 1.204E-07   73
 7.61 1.085E-07   72
 7.62 9.045E-08   73
 7.63 8.352E-08   73
 7.64 8.265E-08   73
 7.65 8.278E-08   73
 7.66 8.139E-08   73
 7.67 8.317E-08   73
 7.68 9.054E-08   73
 7.69 9.450E-08   73
 7.70 1.004E-07   73
 7.71 1.020E-07   73
 7.72 1.085E-07   73
 7.73 1.183E-07   73
 7.74 1.230E-07   73
 7.75 1.307E-07   73
 7.76 1.421E-07   73
 7.77 1.459E-07   73
 7.78 1.579E-07   72
 7.79 1.641E-07   72
 7.80 1.660E-07   73
 7.81 1.727E-07   73
 7.82 1.844E-07   73
 7.83 1.934E-07   73
 7.84 1.911E-07   73
 7.85 1.941E-07   73
 7.86 2.043E-07   73
 7.87 2.003E-07   73
 7.88 2.104E-07   73
 7.89 2.169E-07   73
 7.90 2.168E-07   74
 7.91 2.261E-07   74
 7.92 2.356E-07   74
 7.93 2.462E-07   74
 7.94 2.653E-07   75
 7.95 2.767E-07   74
 7.96 2.806E-07   75
 7.97 3.066E-07   75
 7.98 3.097E-07   75
 7.99 3.236E-07   75
 8.00 3.378E-07   76
 8.01 3.393E-07   76
 8.02 3.399E-07   76
 8.03 3.471E-07   76
 8.04 3.327E-07   76
 8.05 3.321E-07   75
 8.06 3.144E-07   75
 8.07 3.058E-07   75
 8.08 2.943E-07   76
 8.09 2.773E-07   76
 8.10 2.773E-07   76
 8.11 2.733E-07   76
 8.12 2.590E-07   77
 8.13 2.574E-07   77
 8.14 2.732E-07   77
 8.15 2.640E-07   78
 8.16 2.732E-07   79
 8.17 2.861E-07   79
 8.18 3.023E-07   80
 8.19 3.227E-07   81
 8.20 3.462E-07   83
 8.21 3.789E-07   85
 8.22 4.236E-07   88
 8.23 4.805E-07   91
 8.24 5.784E-07   97
 8.25 6.442E-07  105
 8.26 7.581E-07  114
 8.27 9.414E-07  125
 8.28 1.010E-06  138
 8.29 1.199E-06  163
 8.30 1.465E-06  194
 8.31 9.788E-08   87
 8.32 8.156E-08   86
 8.33 7.693E-08   83
 8.34 6.748E-08   82
 8.35 6.590E-08   82
 8.36 6.708E-08   82
 8.37 6.291E-08   82
 8.38 6.179E-08   82
 8.39 6.280E-08   82
 8.40 5.972E-08   81
 8.41 5.438E-08   81
 8.42 5.155E-08   80
 8.43 4.837E-08   80
 8.44 4.732E-08   79
 8.45 4.504E-08   78
 8.46 4.131E-08   78
 8.47 3.957E-08   78
 8.48 3.882E-08   78
 8.49 3.827E-08   78
 8.50 3.783E-08   78
 8.51 3.798E-08   78
 8.52 3.933E-08   78
 8.53 3.842E-08   78
 8.54 4.065E-08   78
 8.55 3.997E-08   78
 8.56 4.201E-08   78
 8.57 4.137E-08   78
 8.58 4.199E-08   79
 8.59 4.281E-08   79
 8.60 4.354E-08   79
 8.61 4.438E-08   79
 8.62 4.647E-08   79
 8.63 4.711E-08   79
 8.64 4.757E-08   79
 8.65 4.705E-08   79
 8.66 4.866E-08   79
 8.67 4.980E-08   79
 8.68 5.080E-08   79
 8.69 5.187E-08   80
 8.70 5.273E-08   79
 8.71 5.314E-08   80
 8.72 5.399E-08   79
 8.73 5.461E-08   79
 8.74 5.296E-08   80
 8.75 5.432E-08   79
 8.76 5.489E-08   79
 8.77 5.433E-08   80
 8.78 5.554E-08   79
 8.79 5.681E-08   79
 8.80 5.856E-08   80
 8.81 6.181E-08   79
 8.82 6.357E-08   80
 8.83 6.380E-08   80
 8.84 6.494E-08   80
 8.85 6.808E-08   79
 8.86 6.811E-08   79
 8.87 6.995E-08   79
 8.88 7.189E-08   79
 8.89 7.434E-08   79
 8.90 7.918E-08   79
 8.91 8.123E-08   79
 8.92 8.514E-08   79
 8.93 8.804E-08   79
 8.94 9.019E-08   79
 8.95 9.390E-08   79
 8.96 9.614E-08   79
 8.97 9.898E-08   79
 8.98 1.010E-07   79
 8.99 1.019E-07   79
 9.00 1.004E-07   79
 9.01 1.043E-07   79
 9.02 1.080E-07   78
 9.03 1.088E-07   79
 9.04 1.077E-07   79
 9.05 1.110E-07   78
 9.06 1.126E-07   79
 9.07 1.141E-07   78
 9.08 1.149E-07   78
 9.09 1.158E-07   78
 9.10 1.162E-07   79
 9.11 1.158E-07   78
 9.12 1.151E-07   78
 9.13 1.162E-07   78
 9.14 1.128E-07   78
 9.15 1.120E-07   78
 9.16 1.122E-07   78
 9.17 1.114E-07   78
 9.18 1.117E-07   78
 9.19 1.095E-07   78
 9.20 1.061E-07   77
 9.21 1.002E-07   77
 9.22 9.912E-08   77
 9.23 9.508E-08   77
 9.24 8.822E-08   77
 9.25 8.416E-08   76
 9.26 8.156E-08   76
 9.27 7.926E-08   76
 9.28 7.475E-08   76
 9.29 7.310E-08   76
 9.30 7.218E-08   75
 9.31 7.035E-08   75
 9.32 6.856E-08   75
 9.33 6.598E-08   75
 9.34 6.600E-08   75
 9.35 6.514E-08   75
 9.36 6.326E-08   75
 9.37 6.190E-08   75
 9.38 6.121E-08   74
 9.39 6.056E-08   74
 9.40 5.991E-08   74
 9.41 5.928E-08   74
 9.42 5.868E-08   74
 9.43 5.809E-08   74
 9.44 5.759E-08   73
 9.45 5.715E-08   73
 9.46 5.633E-08   73
 9.47 5.573E-08   73
 9.48 5.489E-08   73
 9.49 5.421E-08   73
 9.50 5.333E-08   72
 9.51 5.278E-08   72
 9.52 5.212E-08   72
 9.53 5.134E-08   72
 9.54 5.096E-08   72
 9.55 5.050E-08   72
 9.56 5.015E-08   71
 9.57 4.905E-08   71
 9.58 5.007E-08   71
 9.59 4.980E-08   71
 9.60 4.880E-08   71
 9.61 4.853E-08   70
 9.62 4.819E-08   70
 9.63 4.796E-08   70
 9.64 4.816E-08   70
 9.65 4.780E-08   70
 9.66 4.869E-08   70
 9.67 4.902E-08   69
 9.68 4.892E-08   69
 9.69 4.817E-08   69
 9.70 4.787E-08   69
 9.71 4.828E-08   69
 9.72 4.763E-08   69
 9.73 4.694E-08   69
 9.74 4.662E-08   68
 9.75 4.641E-08   68
 9.76 4.703E-08   68
 9.77 4.710E-08   68
 9.78 4.675E-08   68
 9.79 4.675E-08   68
 9.80 4.681E-08   67
 9.81 4.666E-08   67
 9.82 4.657E-08   67
 9.83 4.647E-08   67
 9.84 4.666E-08   67
 9.85 4.681E-08   66
 9.86 4.671E-08   66
 9.87 4.615E-08   66
 9.88 4.608E-08   66
 9.89 4.638E-08   66
 9.90 4.610E-08   66
 9.91 4.573E-08   65
 9.92 4.655E-08   65
 9.93 4.646E-08   65
 9.94 4.645E-08   65
 9.95 4.637E-08   65
 9.96 4.661E-08   64
 9.97 4.669E-08   64
 9.98 4.664E-08   64
 9.99 4.633E-08   64
10.00 4.639E-08   64
10.01 4.647E-08   64
10.02 4.666E-08   64
10.03 4.677E-08   64
10.04 4.698E-08   63
10.05 4.720E-08   63
10.06 4.712E-08   63
10.07 4.712E-08   63
10.08 4.699E-08   63
10.09 4.611E-08   63
10.10 4.696E-08   62
10.11 4.649E-08   62
10.12 4.630E-08   62
10.13 4.605E-08   62
10.14 4.584E-08   62
10.15 4.572E-08   62
10.16 4.537E-08   62
10.17 4.509E-08   62
10.18 4.491E-08   62
10.19 4.482E-08   61
10.20 4.459E-08   61
10.21 4.448E-08   61
10.22 4.427E-08   61
10.23 4.438E-08   61
10.24 4.394E-08   61
10.25 4.382E-08   61
10.26 4.382E-08   61
10.27 4.335E-08   61
10.28 4.318E-08   61
10.29 4.299E-08   61
10.30 4.320E-08   61
10.31 4.349E-08   60
10.32 4.369E-08   60
10.33 4.388E-08   60
10.34 4.408E-08   60
10.35 4.428E-08   60
10.36 4.505E-08   60
10.37 4.555E-08   60
10.38 4.542E-08   60
10.39 4.516E-08   60
10.40 4.465E-08   60
10.41 4.444E-08   60
10.42 4.454E-08   60
10.43 4.438E-08   60
10.44 4.413E-08   60
10.45 4.394E-08   59
10.46 4.404E-08   59
10.47 4.404E-08   60
10.48 4.324E-08   60
10.49 4.386E-08   59
10.50 4.434E-08   59
10.51 4.444E-08   59
10.52 4.466E-08   59
10.53 4.514E-08   59
10.54 4.544E-08   59
10.55 4.568E-08   59
10.56 4.534E-08   59
10.57 4.504E-08   59
10.58 4.506E-08   59
10.59 4.498E-08   59
10.60 4.481E-08   59
10.61 4.474E-08   59
10.62 4.457E-08   59
10.63 4.438E-08   59
10.64 4.472E-08   59
10.65 4.441E-08   59
10.66 4.409E-08   59
10.67 4.385E-08   59
10.68 4.371E-08   58
10.69 4.344E-08   58
10.70 4.325E-08   58
10.71 4.301E-08   58
10.72 4.273E-08   58
10.73 4.267E-08   58
10.74 4.268E-08   58
10.75 4.269E-08   58
10.76 4.229E-08   58
10.77 4.196E-08   58
10.78 4.232E-08   58
10.79 4.232E-08   58
10.80 4.220E-08   58
10.81 4.202E-08   58
10.82 4.192E-08   58
10.83 4.144E-08   58
10.84 4.154E-08   58
10.85 4.181E-08   58
10.86 4.204E-08   58
10.87 4.208E-08   58
10.88 4.197E-08   58
10.89 4.200E-08   58
10.90 4.208E-08   58
10.91 4.277E-08   58
10.92 4.306E-08   58
10.93 4.324E-08   58
10.94 4.362E-08   58
10.95 4.412E-08   58
10.96 4.456E-08   58
10.97 4.503E-08   58
10.98 4.555E-08   58
10.99 4.625E-08   58
11.00 4.730E-08   58
11.01 4.849E-08   58
11.02 4.969E-08   58
11.03 5.088E-08   58
11.04 5.297E-08   58
11.05 5.553E-08   59
11.06 5.827E-08   59
11.07 6.148E-08   59
11.08 6.501E-08   59
11.09 6.963E-08   59
11.10 7.481E-08   60
11.11 4.757E-08   99
11.12 4.302E-08   89
11.13 3.848E-08   80
11.14 3.302E-08   77
11.15 2.952E-08   73
11.16 2.642E-08   69
11.17 2.377E-08   67
11.18 2.112E-08   65
11.19 1.896E-08   64
11.20 1.750E-08   62
11.21 1.614E-08   61
11.22 1.493E-08   60
11.23 1.392E-08   60
11.24 1.321E-08   59
11.25 1.243E-08   59
11.26 1.178E-08   59
11.27 1.103E-08   59
11.28 1.065E-08   59
11.29 1.055E-08   58
11.30 1.027E-08   58
11.31 1.003E-08   58
11.32 9.637E-09   58
11.33 9.575E-09   58
11.34 9.545E-09   58
11.35 9.629E-09   58
11.36 9.669E-09   58
11.37 9.652E-09   58
11.38 9.525E-09   58
11.39 9.730E-09   58
11.40 9.911E-09   58
11.41 9.989E-09   59
11.42 1.017E-08   58
11.43 1.026E-08   59
11.44 1.044E-08   58
11.45 1.052E-08   59
11.46 1.074E-08   58
11.47 1.097E-08   58
11.48 1.107E-08   58
11.49 1.117E-08   59
11.50 1.136E-08   59
11.51 1.161E-08   59
11.52 1.182E-08   59
11.53 1.200E-08   59
11.54 1.209E-08   59
11.55 1.230E-08   59
11.56 1.241E-08   59
11.57 1.251E-08   59
11.58 1.281E-08   59
11.59 1.298E-08   59
11.60 1.316E-08   59
11.61 1.335E-08   59
11.62 1.358E-08   59
11.63 1.386E-08   59
11.64 1.400E-08   59
11.65 1.431E-08   59
11.66 1.468E-08   59
11.67 1.494E-08   59
11.68 1.526E-08   59
11.69 1.554E-08   59
11.70 1.587E-08   59
11.71 1.624E-08   59
11.72 1.662E-08   59
11.73 1.693E-08   59
11.74 1.715E-08   59
11.75 1.753E-08   59
11.76 1.788E-08   59
11.77 1.808E-08   59
11.78 1.838E-08   59
11.79 1.877E-08   59
11.80 1.915E-08   59
11.81 1.971E-08   59
11.82 2.004E-08   60
11.83 2.048E-08   59
11.84 2.090E-08   59
11.85 2.129E-08   60
11.86 2.162E-08   59
11.87 2.182E-08   60
11.88 2.244E-08   60
11.89 2.309E-08   60
11.90 2.345E-08   60
11.91 2.378E-08   60
11.92 2.419E-08   60
11.93 2.443E-08   60
11.94 2.436E-08   60
11.95 2.467E-08   60
11.96 2.499E-08   60
11.97 2.530E-08   60
11.98 2.552E-08   60
11.99 2.584E-08   60
12.00 2.607E-08   60
12.01 2.671E-08   60
12.02 2.687E-08   60
12.03 2.687E-08   60
12.04 2.629E-08   60
12.05 2.642E-08   60
12.06 2.645E-08   60
12.07 2.658E-08   60
12.08 2.670E-08   60
12.09 2.681E-08   60
12.10 2.690E-08   60
12.11 2.698E-08   60
12.12 2.696E-08   60
12.13 2.705E-08   60
12.14 2.714E-08   60
12.15 2.724E-08   60
12.16 2.734E-08   60
12.17 2.815E-08   60
12.18 2.833E-08   60
12.19 2.826E-08   60
12.20 2.776E-08   60
12.21 2.797E-08   60
12.22 2.806E-08   60
12.23 2.861E-08   60
12.24 2.873E-08   60
12.25 2.867E-08   60
12.26 2.857E-08   60
12.27 2.845E-08   61
12.28 2.827E-08   60
12.29 2.798E-08   61
12.30 2.732E-08   61
12.31 2.711E-08   61
12.32 2.700E-08   61
12.33 2.680E-08   61
12.34 2.718E-08   61
12.35 2.703E-08   60
12.36 2.665E-08   60
12.37 2.571E-08   61
12.38 2.543E-08   61
12.39 2.514E-08   61
12.40 2.485E-08   61
12.41 2.490E-08   61
12.42 2.476E-08   60
12.43 2.444E-08   60
12.44 2.390E-08   61
12.45 2.345E-08   61
12.46 2.316E-08   61
12.47 2.316E-08   60
12.48 2.288E-08   61
12.49 2.251E-08   61
12.50 2.219E-08   61
12.51 2.171E-08   61
12.52 2.087E-08   61
12.53 2.055E-08   61
12.54 2.024E-08   61
12.55 2.026E-08   60
12.56 1.997E-08   60
12.57 1.964E-08   60
12.58 1.930E-08   60
12.59 1.893E-08   60
12.60 1.846E-08   61
12.61 1.818E-08   60
12.62 1.801E-08   60
12.63 1.776E-08   60
12.64 1.747E-08   60
12.65 1.716E-08   60
12.66 1.681E-08   60
12.67 1.616E-08   60
12.68 1.586E-08   60
12.69 1.556E-08   60
12.70 1.516E-08   60
12.71 1.497E-08   60
12.72 1.486E-08   60
12.73 1.486E-08   60
12.74 1.476E-08   60
12.75 1.466E-08   60
12.76 1.466E-08   60
12.77 1.456E-08   60
12.78 1.486E-08   60
12.79 1.515E-08   60
12.80 1.555E-08   60
12.81 1.594E-08   60
12.82 1.643E-08   60
12.83 1.692E-08   60
12.84 1.791E-08   60
12.85 1.924E-08   60
12.86 2.085E-08   60
12.87 2.268E-08   60
12.88 2.478E-08   60
12.89 2.728E-08   61
12.90 3.026E-08   61
12.91 3.303E-08   62
12.92 3.618E-08   62
12.93 4.007E-08   63
12.94 4.488E-08   64
12.95 5.096E-08   65
12.96 5.941E-08   67
12.97 6.789E-08   69
12.98 7.598E-08   73
12.99 8.587E-08   78
13.00 9.815E-08   83
13.01 1.149E-07   88
13.02 1.368E-07   94
13.03 1.665E-07  101
13.04 1.820E-07  116
13.05 1.990E-07  132
13.06 2.194E-07  149
13.07 2.435E-07  165
13.08 2.744E-07  183
13.09 3.172E-07  199
13.10 2.930E-07  211
13.11 3.437E-07  234
13.12 3.403E-07  253
13.13 3.385E-07  269
13.14 3.342E-07  286
13.15 3.288E-07  303
13.16 3.222E-07  320
13.17 3.097E-07  331
13.18 2.959E-07  341
13.19 2.829E-07  350
13.20 1.918E-07  339
13.21 5.065E-07   88
13.22 5.094E-07   88
13.23 5.139E-07   88
13.24 5.159E-07   88
13.25 5.180E-07   88
13.26 5.197E-07   87
13.27 5.197E-07   87
13.28 5.189E-07   87
13.29 5.193E-07   87
13.30 5.193E-07   87
13.31 5.195E-07   87
13.32 5.191E-07   86
13.33 5.177E-07   86
13.34 5.149E-07   86
13.35 4.972E-07   86
13.36 5.259E-07   86
13.37 5.249E-07   86
13.38 5.058E-07   85
13.39 5.091E-07   85
13.40 5.060E-07   85
13.41 5.185E-07   85
13.42 5.179E-07   85
13.43 5.161E-07   85
13.44 4.968E-07   84
13.45 4.999E-07   84
13.46 5.179E-07   84
13.47 5.181E-07   84
13.48 5.196E-07   84
13.49 5.199E-07   84
13.50 5.205E-07   84
13.51 5.230E-07   83
13.52 5.246E-07   83
13.53 5.272E-07   83
13.54 5.289E-07   83
13.55 5.317E-07   83
13.56 5.346E-07   82
13.57 5.364E-07   83
13.58 5.225E-07   82
13.59 5.301E-07   82
13.60 5.316E-07   81
13.61 5.298E-07   81
13.62 5.423E-07   81
13.63 5.431E-07   81
13.64 5.428E-07   81
13.65 5.288E-07   80
13.66 5.322E-07   80
13.67 5.333E-07   80
13.68 5.336E-07   80
13.69 5.334E-07   80
13.70 5.327E-07   79
13.71 5.314E-07   79
13.72 5.318E-07   79
13.73 5.346E-07   79
13.74 5.367E-07   79
13.75 5.375E-07   79
13.76 5.374E-07   78
13.77 5.306E-07   78
13.78 5.394E-07   78
13.79 5.390E-07   78
13.80 5.397E-07   78
13.81 5.404E-07   78
13.82 5.422E-07   78
13.83 5.428E-07   78
13.84 5.435E-07   77
13.85 5.450E-07   77
13.86 5.454E-07   77
13.87 5.466E-07   77
13.88 5.476E-07   77
13.89 5.484E-07   77
13.90 5.493E-07   77
13.91 5.501E-07   77
13.92 5.429E-07   76
13.93 5.466E-07   76
13.94 5.470E-07   76
13.95 5.390E-07   76
13.96 5.538E-07   76
13.97 5.538E-07   76
13.98 5.550E-07   76
13.99 5.553E-07   76
14.00 5.557E-07   76
14.01 5.504E-07   76
14.02 5.539E-07   76
14.03 5.529E-07   76
14.04 5.569E-07   76
14.05 5.574E-07   76
14.06 5.583E-07   77
14.07 5.598E-07   77
14.08 5.512E-07   76
14.09 5.537E-07   76
14.10 5.591E-07   77
14.11 5.556E-07   77
14.12 5.525E-07   77
14.13 5.497E-07   77
14.14 5.413E-07   77
14.15 5.423E-07   77
14.16 5.412E-07   77
14.17 5.386E-07   77
14.18 5.300E-07   77
14.19 5.373E-07   77
14.20 5.358E-07   78
14.21 5.259E-07   77
14.22 5.287E-07   78
14.23 5.287E-07   78
14.24 5.282E-07   78
14.25 5.284E-07   78
14.26 5.298E-07   78
14.27 5.307E-07   78
14.28 5.308E-07   78
14.29 5.289E-07   78
14.30 5.273E-07   78
14.31 5.260E-07   78
14.32 5.265E-07   78
14.33 5.283E-07   78
14.34 5.291E-07   78
14.35 5.295E-07   78
14.36 5.264E-07   78
14.37 5.332E-07   78
14.38 5.351E-07   78
14.39 5.359E-07   78
14.40 5.375E-07   78
14.41 5.392E-07   78
14.42 5.407E-07   78
14.43 5.433E-07   78
14.44 5.283E-07   78
14.45 5.397E-07   78
14.46 5.490E-07   78
14.47 5.506E-07   78
14.48 5.532E-07   78
14.49 5.558E-07   78
14.50 5.545E-07   78
14.51 5.617E-07   77
14.52 5.654E-07   78
14.53 5.693E-07   77
14.54 5.718E-07   77
14.55 5.663E-07   77
14.56 5.782E-07   77
14.57 5.820E-07   77
14.58 5.822E-07   77
14.59 5.924E-07   77
14.60 5.989E-07   76
14.61 6.021E-07   76
14.62 6.046E-07   76
14.63 6.041E-07   76
14.64 6.072E-07   76
14.65 6.171E-07   76
14.66 6.228E-07   76
14.67 6.282E-07   76
14.68 6.326E-07   76
14.69 6.339E-07   76
14.70 6.356E-07   76
14.71 6.388E-07   75
14.72 6.430E-07   75
14.73 6.473E-07   75
14.74 6.496E-07   75
14.75 6.520E-07   75
14.76 6.555E-07   75
14.77 6.522E-07   75
14.78 6.604E-07   75
14.79 6.629E-07   74
14.80 6.653E-07   74
14.81 6.676E-07   74
14.82 6.701E-07   74
14.83 6.702E-07   74
14.84 6.714E-07   74
14.85 6.698E-07   74
14.86 6.795E-07   74
14.87 6.820E-07   74
14.88 6.825E-07   74
14.89 6.805E-07   74
14.90 6.773E-07   74
14.91 6.732E-07   74
14.92 6.737E-07   74
14.93 6.733E-07   74
14.94 6.644E-07   74
14.95 6.785E-07   74
14.96 6.804E-07   74
14.97 6.817E-07   74
14.98 6.808E-07   74
14.99 6.801E-07   74
15.00 6.789E-07   74
15.01 6.787E-07   74
15.02 6.800E-07   74
15.03 6.818E-07   74
15.04 6.829E-07   74
15.05 6.837E-07   74
15.06 6.842E-07   74
15.07 6.850E-07   74
15.08 6.844E-07   74
15.09 6.820E-07   74
15.10 6.791E-07   74
15.11 6.700E-07   74
15.12 6.764E-07   74
15.13 6.675E-07   74
15.14 6.744E-07   74
15.15 6.748E-07   74
15.16 6.734E-07   74
15.17 6.717E-07   74
15.18 6.676E-07   74
15.19 6.597E-07   75
15.20 6.679E-07   75
15.21 6.667E-07   75
15.22 6.655E-07   75
15.23 6.652E-07   75
15.24 6.641E-07   75
15.25 6.629E-07   76
15.26 6.627E-07   76
15.27 6.626E-07   76
15.28 6.623E-07   76
15.29 6.622E-07   76
15.30 6.621E-07   76
15.31 6.533E-07   76
15.32 6.555E-07   77
15.33 6.543E-07   77
15.34 6.461E-07   77
15.35 6.623E-07   77
15.36 6.623E-07   77
15.37 6.634E-07   77
15.38 6.514E-07   77
15.39 6.546E-07   77
15.40 6.537E-07   78
15.41 6.512E-07   78
15.42 6.524E-07   78
15.43 6.556E-07   78
15.44 6.598E-07   78
15.45 6.627E-07   78
15.46 6.653E-07   78
15.47 6.652E-07   78
15.48 6.604E-07   78
15.49 6.819E-07   79
15.50 6.843E-07   79
15.51 6.868E-07   79
15.52 6.748E-07   78
15.53 6.822E-07   79
15.54 6.893E-07   79
15.55 6.965E-07   78
15.56 7.014E-07   78
15.57 7.050E-07   78
15.58 7.057E-07   78
15.59 7.272E-07   78
15.60 7.322E-07   78
15.61 7.370E-07   78
15.62 7.427E-07   78
15.63 7.474E-07   78
15.64 7.528E-07   78
15.65 7.458E-07   78
15.66 7.534E-07   78
15.67 7.586E-07   77
15.68 7.630E-07   77
15.69 7.675E-07   77
15.70 7.733E-07   77
15.71 7.798E-07   77
15.72 7.851E-07   77
15.73 7.890E-07   77
15.74 7.923E-07   77
15.75 7.951E-07   77
15.76 7.965E-07   77
15.77 7.933E-07   77
15.78 8.149E-07   77
15.79 8.185E-07   77
15.80 8.218E-07   77
15.81 8.263E-07   77
15.82 8.050E-07   77
15.83 8.152E-07   77
15.84 8.161E-07   77
15.85 8.394E-07   77
15.86 8.428E-07   77
15.87 8.460E-07   77
15.88 8.494E-07   77
15.89 8.526E-07   77
15.90 8.560E-07   77
15.91 8.592E-07   77
15.92 8.437E-07   77
15.93 8.513E-07   77
15.94 8.531E-07   77
15.95 8.487E-07   77
15.96 8.751E-07   78
15.97 8.788E-07   78
15.98 8.823E-07   78
15.99 8.858E-07   78
16.00 8.893E-07   78
16.01 8.943E-07   78
16.02 8.981E-07   78
16.03 9.022E-07   78
16.04 9.061E-07   78
16.05 9.103E-07   78
16.06 9.144E-07   78
16.07 9.186E-07   78
16.08 9.230E-07   78
16.09 9.142E-07   78
16.10 9.249E-07   78
16.11 9.293E-07   78
16.12 9.420E-07   78
16.13 9.431E-07   78
16.14 9.438E-07   78
16.15 9.544E-07   78
16.16 9.539E-07   78
16.17 9.529E-07   79
16.18 9.619E-07   78
16.19 9.605E-07   79
16.20 9.613E-07   79
16.21 9.644E-07   79
16.22 9.785E-07   79
16.23 9.818E-07   79
16.24 9.845E-07   79
16.25 9.862E-07   80
16.26 9.871E-07   80
16.27 9.971E-07   79
16.28 9.959E-07   80
16.29 9.933E-07   80
16.30 9.887E-07   80
16.31 9.758E-07   80
16.32 9.896E-07   81
16.33 9.895E-07   81
16.34 9.894E-07   81
16.35 9.832E-07   81
16.36 9.900E-07   81
16.37 9.914E-07   81
16.38 9.870E-07   81
16.39 9.900E-07   81
16.40 9.905E-07   81
16.41 9.909E-07   81
16.42 9.913E-07   82
16.43 1.002E-06   81
16.44 1.003E-06   81
16.45 1.003E-06   82
16.46 1.004E-06   82
16.47 1.004E-06   82
16.48 1.005E-06   82
16.49 1.005E-06   83
16.50 1.016E-06   82
16.51 1.016E-06   82
16.52 1.016E-06   83
16.53 1.016E-06   83
16.54 1.027E-06   83
16.55 1.027E-06   84
16.56 1.037E-06   83
16.57 1.037E-06   84
16.58 1.036E-06   84
16.59 1.050E-06   84
16.60 1.055E-06   84
16.61 1.064E-06   84
16.62 1.060E-06   85
16.63 1.057E-06   85
16.64 1.072E-06   85
16.65 1.081E-06   85
16.66 1.075E-06   86
16.67 1.088E-06   86
16.68 1.090E-06   86
16.69 1.107E-06   86
16.70 1.116E-06   86
16.71 1.124E-06   86
16.72 1.133E-06   86
16.73 1.142E-06   86
16.74 1.150E-06   87
16.75 1.159E-06   87
16.76 1.168E-06   88
16.77 1.177E-06   88
16.78 1.186E-06   88
16.79 1.194E-06   89
16.80 1.210E-06   88
16.81 1.220E-06   88
16.82 1.217E-06   88
16.83 1.240E-06   89
16.84 1.260E-06   88
16.85 1.269E-06   89
16.86 1.277E-06   89
16.87 1.297E-06   89
16.88 1.305E-06   90
16.89 1.314E-06   90
16.90 1.340E-06   89
16.91 1.358E-06   89
16.92 1.379E-06   90
16.93 1.388E-06   90
16.94 1.396E-06   90
16.95 1.413E-06   91
16.96 1.420E-06   91
16.97 1.441E-06   91
16.98 1.463E-06   91
16.99 1.475E-06   91
17.00 1.497E-06   91
17.01 1.508E-06   92
17.02 1.528E-06   92
17.03 1.547E-06   92
17.04 1.554E-06   92
17.05 1.571E-06   93
17.06 1.586E-06   93
17.07 1.602E-06   93
17.08 1.613E-06   93
17.09 1.639E-06   93
17.10 1.665E-06   93
17.11 1.688E-06   93
17.12 1.705E-06   94
17.13 1.710E-06   94
17.14 1.714E-06   95
17.15 1.724E-06   95
17.16 1.744E-06   95
17.17 1.763E-06   96
17.18 1.822E-06   95
17.19 1.848E-06   95
17.20 1.877E-06   95
17.21 1.891E-06   96
17.22 1.902E-06   97
17.23 1.921E-06   96
17.24 1.922E-06   97
17.25 1.887E-06   97
17.26 1.898E-06   98
17.27 1.908E-06   98
17.28 1.929E-06   98
17.29 1.940E-06   99
17.30 1.951E-06   99
17.31 2.006E-06   98
17.32 2.055E-06   99
17.33 2.073E-06   99
17.34 2.078E-06   99
17.35 2.065E-06   99
17.36 2.038E-06  100
17.37 2.049E-06  100
17.38 2.060E-06  100
17.39 2.081E-06  100
17.40 2.147E-06  100
17.41 2.185E-06  100
17.42 2.201E-06  100
17.43 2.177E-06  100
17.44 2.164E-06  101
17.45 2.185E-06  101
17.46 2.251E-06  101
17.47 2.316E-06  101
17.48 2.353E-06  101
17.49 2.383E-06  101
17.50 2.407E-06  101
17.51 2.426E-06  101
17.52 2.452E-06  101
17.53 2.485E-06  102
17.54 2.511E-06  102
17.55 2.536E-06  102
17.56 2.495E-06  102
17.57 2.533E-06  102
17.58 2.580E-06  102
17.59 2.628E-06  102
17.60 2.702E-06  103
17.61 2.804E-06  102
17.62 2.867E-06  102
17.63 2.929E-06  102
17.64 2.974E-06  103
17.65 3.034E-06  103
17.66 3.088E-06  103
17.67 3.140E-06  103
17.68 3.210E-06  103
17.69 3.275E-06  103
17.70 3.349E-06  103
17.71 3.404E-06  103
17.72 3.433E-06  104
17.73 3.517E-06  104
17.74 3.602E-06  104
17.75 3.695E-06  104
17.76 3.789E-06  104
17.77 3.911E-06  104
17.78 4.110E-06  103
17.79 4.283E-06  103
17.80 4.443E-06  104
17.81 4.588E-06  104
17.82 4.735E-06  103
17.83 4.873E-06  104
17.84 5.029E-06  104
17.85 5.200E-06  104
17.86 5.382E-06  104
17.87 5.589E-06  104
17.88 5.812E-06  104
17.89 6.073E-06  104
17.90 6.358E-06  104
17.91 6.650E-06  104
17.92 6.916E-06  105
17.93 7.275E-06  105
17.94 7.701E-06  106
17.95 8.134E-06  105
17.96 8.779E-06  106
17.97 9.430E-06  106
17.98 1.011E-05  106
17.99 1.095E-05  107
18.00 1.177E-05  108
18.01 1.265E-05  108
18.02 1.338E-05  111
18.03 1.408E-05  113
18.04 1.529E-05  117
18.05 1.649E-05  120
18.06 1.785E-05  123
18.07 1.945E-05  127
18.08 2.127E-05  131
18.09 2.360E-05  135
18.10 2.601E-05  138
18.11 2.983E-05  142
18.12 3.436E-05  146
18.13 4.017E-05  150
18.14 4.016E-05  175
18.15 4.141E-05  207
18.16 4.061E-05  239
18.17 3.966E-05  269
18.18 3.841E-05  300
18.19 3.708E-05  329
18.20 3.547E-05  359
18.21 3.404E-05  388
18.22 2.441E-05  383
18.23 2.955E-05  404
18.24 3.169E-05  423
18.25 3.265E-05  443
18.26 3.249E-05  460
18.27 2.369E-05  485
18.28 1.165E-05  506
18.29 1.430E-05  618
18.30 1.122E-05  646
18.31 8.964E-06  672
18.32 7.249E-06  695
18.33 5.916E-06  718
18.34 4.949E-06  737
18.35 4.201E-06  755
18.36 3.617E-06  771
18.37 3.174E-06  786
18.38 2.233E-06  625
18.39 2.671E-06  662
18.40 1.955E-06  699
18.41 2.225E-06  704
18.42 2.554E-06  705
18.43 2.774E-06  705
18.44 2.849E-06  705
18.45 2.705E-06  705
18.46 2.323E-06  705
18.47 1.770E-06  705
18.48 1.198E-06  705
18.49 1.283E-06  705
18.50 2.265E-06  705
18.51 3.362E-06  705
18.52 4.284E-06  705
18.53 4.884E-06  705
18.54 4.898E-06  705
18.55 4.002E-06  705
18.56 8.544E-07  704
18.57 4.137E-07  992
18.58 4.415E-07  991
18.59 4.735E-07  990
18.60 5.061E-07  989
18.61 5.440E-07  988
18.62 4.724E-06  702
18.63 7.168E-06  702
18.64 8.232E-06  701
18.65 7.953E-06  701
18.66 6.348E-06  700
18.67 2.625E-06  700
18.68 8.805E-07  981
18.69 9.245E-07  981
18.70 9.588E-07  981
18.71 2.220E-06  700
18.72 7.044E-06  707
18.73 1.023E-05  707
18.74 1.267E-05  707
18.75 1.451E-05  707
18.76 1.591E-05  707
18.77 1.695E-05  707
18.78 1.761E-05  707
18.79 1.794E-05  707
18.80 1.795E-05  707
18.81 1.773E-05  707
18.82 1.735E-05  707
18.83 1.695E-05  707
18.84 1.690E-05  707
18.85 1.731E-05  707
18.86 1.810E-05  707
18.87 1.927E-05  707
18.88 2.076E-05  707
18.89 2.221E-05  707
18.90 2.389E-05  707
18.91 2.564E-05  707
18.92 2.752E-05  707
18.93 2.925E-05  707
18.94 3.092E-05  707
18.95 3.242E-05  707
18.96 3.345E-05  707
18.97 3.398E-05  707
18.98 3.323E-05  707
18.99 3.075E-05  707
19.00 2.578E-05  707
19.01 1.673E-05  707
19.02 8.603E-06 1000
19.03 9.360E-06 1000
19.04 1.019E-05 1000
19.05 1.842E-05  699
19.06 3.458E-05  735
19.07 1.154E-04  541
19.08 2.706E-04  311
19.09 5.038E-04  239
19.10 6.935E-04  208
19.11 8.426E-04  202
19.12 8.877E-04  213
19.13 9.056E-04  225
19.14 8.691E-04  226
19.15 8.133E-04  220
19.16 7.175E-04  202
19.17 5.891E-04  185
19.18 4.340E-04  167
19.19 2.360E-04  315
19.20 1.031E-04  424
19.21 5.896E-05  707
19.22 2.267E-05  707
19.23 5.489E-05 1000
19.24 6.015E-05 1000
19.25 5.460E-05  707
19.26 1.003E-04  707
19.27 1.423E-04  707
19.28 1.819E-04  707
19.29 2.180E-04  707
19.30 5.022E-05  361
19.31 2.479E-04  654
19.32 2.711E-04  580
19.33 3.065E-04  453
19.34 3.496E-04  371
19.35 4.070E-04  334
19.36 4.653E-04  324
19.37 5.888E-04  301
19.38 7.319E-04  274
19.39 9.816E-04  221
19.40 1.280E-03  166
19.41 1.585E-03  120
19.42 1.863E-03   84
19.43 2.095E-03   59
19.44 2.263E-03   49
19.45 2.415E-03   46
19.46 2.524E-03   49
19.47 2.631E-03   55
19.48 2.714E-03   52
19.49 2.796E-03   50
19.50 2.916E-03   54
19.51 3.063E-03   60
19.52 3.287E-03   72
19.53 3.589E-03   84
19.54 3.970E-03   94
19.55 4.483E-03   97
19.56 5.060E-03   95
19.57 5.869E-03   87
19.58 6.723E-03   77
19.59 7.881E-03   71
19.60 9.100E-03   65
19.61 1.064E-02   63
19.62 1.223E-02   62
19.63 1.402E-02   61
19.64 1.601E-02   60
19.65 1.830E-02   58
19.66 2.079E-02   56
19.67 2.348E-02   54
19.68 2.657E-02   53
19.69 2.986E-02   52
19.70 3.394E-02   51
19.71 3.812E-02   51
19.72 4.318E-02   52
19.73 4.845E-02   53
19.74 5.460E-02   54
19.75 6.084E-02   55
19.76 6.778E-02   57
19.77 7.513E-02   57
19.78 8.297E-02   58
19.79 9.151E-02   58
19.80 1.003E-01   59
19.81 1.113E-01   58
19.82 1.222E-01   58
19.83 1.342E-01   57
19.84 1.461E-01   57
19.85 1.581E-01   56
19.86 1.701E-01   55
19.87 1.801E-01   54
19.88 1.901E-01   53
19.89 1.992E-01   50
19.90 2.073E-01   48
19.91 2.144E-01   45
19.92 2.215E-01   43
19.93 2.275E-01   41
19.94 2.336E-01   39
19.95 2.386E-01   38
19.96 2.427E-01   37
19.97 2.447E-01   37
19.98 2.468E-01   37
19.99 2.468E-01   37
20.00 2.469E-01   37
20.01 2.459E-01   37
20.02 2.459E-01   37
20.03 2.460E-01   36
20.04 2.460E-01   36
20.05 2.470E-01   35
20.06 2.481E-01   35
20.07 2.491E-01   35
20.08 2.501E-01   36
20.09 2.511E-01   37
20.10 2.511E-01   38
20.11 2.512E-01   38
20.12 2.522E-01   39
20.13 2.542E-01   39
20.14 2.572E-01   38
20.15 2.602E-01   38
20.16 2.642E-01   37
20.17 2.672E-01   36
20.18 2.701E-01   35
20.19 2.721E-01   34
20.20 2.721E-01   33
20.21 2.731E-01   33
20.22 2.721E-01   32
20.23 2.721E-01   32
20.24 2.711E-01   34
20.25 2.701E-01   36
20.26 2.692E-01   38
20.27 2.692E-01   40
20.28 2.672E-01   41
20.29 2.652E-01   42
20.30 2.632E-01   42
20.31 2.612E-01   41
20.32 2.592E-01   40
20.33 2.582E-01   39
20.34 2.582E-01   37
20.35 2.582E-01   36
20.36 2.601E-01   35
20.37 2.621E-01   35
20.38 2.651E-01   35
20.39 2.671E-01   35
20.40 2.691E-01   35
20.41 2.701E-01   35
20.42 2.711E-01   35
20.43 2.721E-01   34
20.44 2.731E-01   33
20.45 2.751E-01   33
20.46 2.771E-01   32
20.47 2.801E-01   31
20.48 2.821E-01   31
20.49 2.851E-01   31
20.50 2.851E-01   32
20.51 2.861E-01   32
20.52 2.851E-01   33
20.53 2.841E-01   34
20.54 2.821E-01   35
20.55 2.811E-01   35
20.56 2.801E-01   36
20.57 2.791E-01   37
20.58 2.791E-01   37
20.59 2.791E-01   38
20.60 2.781E-01   38
20.61 2.771E-01   39
20.62 2.761E-01   38
20.63 2.741E-01   38
20.64 2.731E-01   37
20.65 2.711E-01   37
20.66 2.711E-01   36
20.67 2.721E-01   35
20.68 2.741E-01   35
20.69 2.771E-01   34
20.70 2.791E-01   34
20.71 2.811E-01   33
20.72 2.821E-01   33
20.73 2.821E-01   33
20.74 2.811E-01   32
20.75 2.791E-01   33
20.76 2.771E-01   33
20.77 2.751E-01   33
20.78 2.731E-01   33
20.79 2.731E-01   34
20.80 2.731E-01   34
20.81 2.741E-01   34
20.82 2.741E-01   34
20.83 2.751E-01   34
20.84 2.761E-01   33
20.85 2.761E-01   33
20.86 2.751E-01   33
20.87 2.751E-01   33
20.88 2.751E-01   33
20.89 2.751E-01   34
20.90 2.761E-01   34
20.91 2.761E-01   35
20.92 2.771E-01   36
20.93 2.771E-01   36
20.94 2.771E-01   36
20.95 2.751E-01   37
20.96 2.731E-01   37
20.97 2.711E-01   36
20.98 2.681E-01   36
20.99 2.651E-01   35
21.00 2.641E-01   34
21.01 2.621E-01   33
21.02 2.631E-01   31
21.03 2.631E-01   30
21.04 2.651E-01   30
21.05 2.671E-01   30
21.06 2.681E-01   32
21.07 2.701E-01   34
21.08 2.721E-01   36
21.09 2.731E-01   39
21.10 2.751E-01   41
21.11 2.771E-01   43
21.12 2.791E-01   44
21.13 2.821E-01   45
21.14 2.851E-01   45
21.15 2.880E-01   43
21.16 2.910E-01   42
21.17 2.930E-01   39
21.18 2.950E-01   37
21.19 2.950E-01   34
21.20 2.950E-01   32
21.21 2.950E-01   31
21.22 2.950E-01   30
21.23 2.960E-01   30
21.24 2.960E-01   32
21.25 2.970E-01   34
21.26 2.990E-01   37
21.27 3.000E-01   40
21.28 3.000E-01   42
21.29 3.000E-01   44
21.30 2.980E-01   46
21.31 2.960E-01   47
21.32 2.930E-01   48
21.33 2.890E-01   49
21.34 2.870E-01   48
21.35 2.840E-01   47
21.36 2.820E-01   46
21.37 2.810E-01   43
21.38 2.800E-01   40
21.39 2.790E-01   37
21.40 2.780E-01   34
21.41 2.770E-01   32
21.42 2.760E-01   31
21.43 2.740E-01   30
21.44 2.730E-01   29
21.45 2.720E-01   28
21.46 2.720E-01   27
21.47 2.740E-01   27
21.48 2.760E-01   26
21.49 2.790E-01   26
21.50 2.830E-01   25
21.51 2.870E-01   25
21.52 2.900E-01   26
21.53 2.930E-01   27
21.54 2.950E-01   28
21.55 2.960E-01   30
21.56 2.970E-01   31
21.57 2.970E-01   32
21.58 2.970E-01   32
21.59 2.970E-01   32
21.60 2.970E-01   32
21.61 2.970E-01   32
21.62 2.970E-01   32
21.63 2.950E-01   31
21.64 2.940E-01   31
21.65 2.910E-01   31
21.66 2.870E-01   30
21.67 2.830E-01   30
21.68 2.780E-01   29
21.69 2.730E-01   29
21.70 2.690E-01   28
21.71 2.660E-01   27
21.72 2.640E-01   27
21.73 2.620E-01   28
21.74 2.620E-01   29
21.75 2.620E-01   30
21.76 2.620E-01   32
21.77 2.630E-01   33
21.78 2.630E-01   35
21.79 2.630E-01   36
21.80 2.630E-01   38
21.81 2.640E-01   38
21.82 2.660E-01   38
21.83 2.680E-01   37
21.84 2.720E-01   36
21.85 2.750E-01   35
21.86 2.799E-01   33
21.87 2.849E-01   32
21.88 2.879E-01   31
21.89 2.909E-01   31
21.90 2.929E-01   31
21.91 2.919E-01   31
21.92 2.909E-01   31
21.93 2.889E-01   32
21.94 2.859E-01   33
21.95 2.839E-01   34
21.96 2.819E-01   35
21.97 2.799E-01   37
21.98 2.789E-01   38
21.99 2.779E-01   39
22.00 2.769E-01   39
22.01 2.769E-01   39
22.02 2.759E-01   38
22.03 2.749E-01   37
22.04 2.729E-01   36
22.05 2.719E-01   34
22.06 2.699E-01   32
22.07 2.679E-01   30
22.08 2.670E-01   28
22.09 2.660E-01   26
22.10 2.650E-01   25
22.11 2.650E-01   23
22.12 2.640E-01   22
22.13 2.640E-01   21
22.14 2.630E-01   20
22.15 2.610E-01   20
22.16 2.600E-01   20
22.17 2.580E-01   20
22.18 2.560E-01   20
22.19 2.550E-01   21
22.20 2.530E-01   23
22.21 2.520E-01   24
22.22 2.520E-01   25
22.23 2.520E-01   26
22.24 2.520E-01   26
22.25 2.520E-01   26
22.26 2.510E-01   25
22.27 2.500E-01   24
22.28 2.490E-01   23
22.29 2.470E-01   23
22.30 2.450E-01   22
22.31 2.430E-01   22
22.32 2.400E-01   22
22.33 2.390E-01   23
22.34 2.370E-01   25
22.35 2.360E-01   26
22.36 2.360E-01   27
22.37 2.350E-01   29
22.38 2.340E-01   30
22.39 2.330E-01   31
22.40 2.310E-01   31
22.41 2.290E-01   30
22.42 2.260E-01   30
22.43 2.220E-01   29
22.44 2.180E-01   28
22.45 2.140E-01   27
22.46 2.100E-01   26
22.47 2.070E-01   25
22.48 2.050E-01   24
22.49 2.030E-01   24
22.50 2.020E-01   24
22.51 2.020E-01   24
22.52 2.010E-01   25
22.53 2.000E-01   25
22.54 1.990E-01   26
22.55 1.980E-01   27
22.56 1.960E-01   27
22.57 1.950E-01   28
22.58 1.940E-01   28
22.59 1.930E-01   28
22.60 1.930E-01   28
22.61 1.930E-01   28
22.62 1.950E-01   28
22.63 1.960E-01   28
22.64 1.980E-01   28
22.65 1.990E-01   28
22.66 2.010E-01   29
22.67 2.010E-01   29
22.68 2.010E-01   29
22.69 2.010E-01   29
22.70 2.000E-01   28
22.71 1.990E-01   28
22.72 1.990E-01   26
22.73 1.990E-01   24
22.74 1.990E-01   22
22.75 2.000E-01   21
22.76 2.010E-01   19
22.77 2.020E-01   19
22.78 2.030E-01   18
22.79 2.030E-01   19
22.80 2.020E-01   19
22.81 2.020E-01   19
22.82 2.000E-01   20
22.83 1.980E-01   21
22.84 1.950E-01   23
22.85 1.930E-01   24
22.86 1.910E-01   26
22.87 1.900E-01   27
22.88 1.890E-01   28
22.89 1.890E-01   28
22.90 1.890E-01   28
22.91 1.900E-01   28
22.92 1.900E-01   29
22.93 1.910E-01   30
22.94 1.920E-01   31
22.95 1.919E-01   33
22.96 1.919E-01   35
22.97 1.919E-01   37
22.98 1.929E-01   38
22.99 1.929E-01   39
23.00 1.949E-01   39
23.01 1.959E-01   38
23.02 1.979E-01   37
23.03 1.999E-01   36
23.04 2.019E-01   34
23.05 2.029E-01   34
23.06 2.039E-01   34
23.07 2.039E-01   33
23.08 2.029E-01   33
23.09 2.029E-01   33
23.10 2.019E-01   31
23.11 1.999E-01   29
23.12 1.989E-01   27
23.13 1.979E-01   25
23.14 1.970E-01   23
23.15 1.960E-01   22
23.16 1.960E-01   20
23.17 1.950E-01   20
23.18 1.930E-01   19
23.19 1.920E-01   18
23.20 1.900E-01   18
23.21 1.870E-01   18
23.22 1.850E-01   18
23.23 1.810E-01   18
23.24 1.770E-01   18
23.25 1.740E-01   18
23.26 1.700E-01   18
23.27 1.670E-01   19
23.28 1.640E-01   19
23.29 1.620E-01   20
23.30 1.600E-01   20
23.31 1.590E-01   21
23.32 1.570E-01   23
23.33 1.550E-01   24
23.34 1.540E-01   25
23.35 1.520E-01   27
23.36 1.500E-01   27
23.37 1.480E-01   28
23.38 1.460E-01   28
23.39 1.440E-01   27
23.40 1.420E-01   27
23.41 1.410E-01   26
23.42 1.400E-01   25
23.43 1.390E-01   25
23.44 1.380E-01   24
23.45 1.380E-01   24
23.46 1.370E-01   24
23.47 1.360E-01   23
23.48 1.350E-01   23
23.49 1.330E-01   23
23.50 1.310E-01   24
23.51 1.290E-01   24
23.52 1.270E-01   25
23.53 1.240E-01   26
23.54 1.220E-01   27
23.55 1.210E-01   27
23.56 1.190E-01   28
23.57 1.180E-01   29
23.58 1.180E-01   29
23.59 1.170E-01   30
23.60 1.170E-01   30
23.61 1.180E-01   29
23.62 1.180E-01   29
23.63 1.180E-01   29
23.64 1.180E-01   28
23.65 1.180E-01   28
23.66 1.180E-01   29
23.67 1.180E-01   29
23.68 1.180E-01   29
23.69 1.180E-01   30
23.70 1.190E-01   31
23.71 1.190E-01   32
23.72 1.200E-01   32
23.73 1.210E-01   32
23.74 1.220E-01   32
23.75 1.220E-01   32
23.76 1.220E-01   32
23.77 1.220E-01   32
23.78 1.220E-01   31
23.79 1.210E-01   32
23.80 1.210E-01   32
23.81 1.200E-01   32
23.82 1.200E-01   33
23.83 1.190E-01   33
23.84 1.190E-01   35
23.85 1.200E-01   36
23.86 1.200E-01   38
23.87 1.210E-01   41
23.88 1.230E-01   43
23.89 1.240E-01   46
23.90 1.260E-01   49
23.91 1.270E-01   51
23.92 1.280E-01   53
23.93 1.290E-01   54
23.94 1.300E-01   55
23.95 1.310E-01   55
23.96 1.320E-01   54
23.97 1.320E-01   53
23.98 1.330E-01   52
23.99 1.340E-01   51
24.00 1.350E-01   50
24.01 1.360E-01   49
24.02 1.380E-01   48
24.03 1.390E-01   47
24.04 1.410E-01   45
24.05 1.430E-01   44
24.06 1.440E-01   43
24.07 1.450E-01   41
24.08 1.450E-01   39
24.09 1.460E-01   37
24.10 1.460E-01   36
24.11 1.460E-01   34
24.12 1.460E-01   34
24.13 1.460E-01   34
24.14 1.460E-01   34
24.15 1.460E-01   35
24.16 1.470E-01   37
24.17 1.480E-01   38
24.18 1.490E-01   40
24.19 1.500E-01   42
24.20 1.510E-01   43
24.21 1.510E-01   44
24.22 1.510E-01   45
24.23 1.510E-01   45
24.24 1.500E-01   44
24.25 1.500E-01   43
24.26 1.490E-01   42
24.27 1.480E-01   40
24.28 1.470E-01   39
24.29 1.470E-01   38
24.30 1.460E-01   37
24.31 1.460E-01   36
24.32 1.470E-01   36
24.33 1.480E-01   36
24.34 1.480E-01   36
24.35 1.490E-01   37
24.36 1.490E-01   37
24.37 1.500E-01   37
24.38 1.500E-01   38
24.39 1.500E-01   38
24.40 1.500E-01   38
24.41 1.490E-01   38
24.42 1.490E-01   39
24.43 1.480E-01   39
24.44 1.480E-01   39
24.45 1.480E-01   39
24.46 1.470E-01   39
24.47 1.470E-01   39
24.48 1.470E-01   40
24.49 1.460E-01   41
24.50 1.460E-01   42
24.51 1.450E-01   43
24.52 1.440E-01   44
24.53 1.421E-01   46
24.54 1.411E-01   47
24.55 1.391E-01   47
24.56 1.371E-01   47
24.57 1.351E-01   46
24.58 1.331E-01   45
24.59 1.311E-01   43
24.60 1.291E-01   42
24.61 1.281E-01   40
24.62 1.271E-01   39
24.63 1.261E-01   38
24.64 1.261E-01   38
24.65 1.261E-01   38
24.66 1.251E-01   38
24.67 1.251E-01   39
24.68 1.251E-01   39
24.69 1.241E-01   40
24.70 1.231E-01   41
24.71 1.231E-01   41
24.72 1.221E-01   42
24.73 1.201E-01   43
24.74 1.191E-01   43
24.75 1.181E-01   43
24.76 1.171E-01   44
24.77 1.171E-01   43
24.78 1.161E-01   43
24.79 1.161E-01   43
24.80 1.161E-01   42
24.81 1.161E-01   42
24.82 1.161E-01   41
24.83 1.151E-01   41
24.84 1.151E-01   41
24.85 1.141E-01   41
24.86 1.131E-01   41
24.87 1.121E-01   41
24.88 1.101E-01   42
24.89 1.091E-01   42
24.90 1.081E-01   42
24.91 1.071E-01   41
24.92 1.061E-01   41
24.93 1.051E-01   41
24.94 1.051E-01   42
24.95 1.041E-01   43
24.96 1.031E-01   44
24.97 1.031E-01   45
24.98 1.021E-01   47
24.99 1.011E-01   48
25.00 1.000E-01   49
25.01 9.892E-02   50
25.02 9.732E-02   50
25.03 9.563E-02   50
25.04 9.393E-02   50
25.05 9.214E-02   51
25.06 9.035E-02   51
25.07 8.855E-02   51
25.08 8.706E-02   52
25.09 8.577E-02   54
25.10 8.448E-02   55
25.11 8.348E-02   55
25.12 8.268E-02   55
25.13 8.188E-02   55
25.14 8.117E-02   54
25.15 8.056E-02   52
25.16 7.995E-02   51
25.17 7.934E-02   50
25.18 7.884E-02   50
25.19 7.824E-02   50
25.20 7.774E-02   50
25.21 7.725E-02   52
25.22 7.686E-02   54
25.23 7.647E-02   56
25.24 7.628E-02   59
25.25 7.609E-02   61
25.26 7.600E-02   63
25.27 7.610E-02   64
25.28 7.620E-02   65
25.29 7.620E-02   66
25.30 7.620E-02   66
25.31 7.620E-02   66
25.32 7.610E-02   66
25.33 7.560E-02   65
25.34 7.519E-02   65
25.35 7.459E-02   64
25.36 7.379E-02   63
25.37 7.298E-02   62
25.38 7.218E-02   61
25.39 7.138E-02   60
25.40 7.057E-02   59
25.41 6.987E-02   58
25.42 6.927E-02   58
25.43 6.867E-02   58
25.44 6.807E-02   58
25.45 6.747E-02   58
25.46 6.668E-02   59
25.47 6.598E-02   59
25.48 6.489E-02   60
25.49 6.360E-02   61
25.50 6.240E-02   61
25.51 6.091E-02   62
25.52 5.922E-02   62
25.53 5.763E-02   63
25.54 5.604E-02   64
25.55 5.465E-02   65
25.56 5.326E-02   66
25.57 5.206E-02   67
25.58 5.127E-02   68
25.59 5.057E-02   68
25.60 4.988E-02   69
25.61 4.938E-02   69
25.62 4.888E-02   70
25.63 4.839E-02   70
25.64 4.759E-02   71
25.65 4.660E-02   72
25.66 4.571E-02   73
25.67 4.442E-02   74
25.68 4.294E-02   75
25.69 4.136E-02   77
25.70 3.977E-02   78
25.71 3.808E-02   79
25.72 3.640E-02   81
25.73 3.481E-02   82
25.74 3.361E-02   82
25.75 3.231E-02   83
25.76 3.121E-02   83
25.77 3.073E-02   85
25.78 3.024E-02   86
25.79 2.976E-02   88
25.80 2.978E-02   90
25.81 2.981E-02   93
25.82 2.993E-02   95
25.83 3.015E-02   98
25.84 3.046E-02   99
25.85 3.088E-02  101
25.86 3.119E-02  102
25.87 3.168E-02  102
25.88 3.208E-02  102
25.89 3.257E-02  102
25.90 3.305E-02  101
25.91 3.353E-02  100
25.92 3.402E-02   99
25.93 3.431E-02   99
25.94 3.470E-02   98
25.95 3.500E-02   99
25.96 3.510E-02   99
25.97 3.519E-02  100
25.98 3.520E-02  100
25.99 3.510E-02  101
26.00 3.481E-02  103
26.01 3.442E-02  104
26.02 3.404E-02  106
26.03 3.345E-02  108
26.04 3.287E-02  110
26.05 3.229E-02  112
26.06 3.162E-02  114
26.07 3.094E-02  117
26.08 3.027E-02  119
26.09 2.970E-02  122
26.10 2.913E-02  125
26.11 2.857E-02  129
26.12 2.801E-02  132
26.13 2.746E-02  136
26.14 2.699E-02  139
26.15 2.642E-02  142
26.16 2.585E-02  144
26.17 2.527E-02  146
26.18 2.461E-02  149
26.19 2.383E-02  151
26.20 2.303E-02  152
26.21 2.225E-02  153
26.22 2.145E-02  154
26.23 2.073E-02  153
26.24 2.001E-02  153
26.25 1.938E-02  151
26.26 1.904E-02  148
26.27 1.878E-02  144
26.28 1.844E-02  141
26.29 1.860E-02  139
26.30 1.868E-02  137
26.31 1.885E-02  135
26.32 1.905E-02  135
26.33 1.926E-02  136
26.34 1.947E-02  138
26.35 1.958E-02  140
26.36 1.968E-02  140
26.37 1.969E-02  142
26.38 1.970E-02  143
26.39 1.970E-02  144
26.40 1.961E-02  145
26.41 1.951E-02  146
26.42 1.952E-02  147
26.43 1.952E-02  148
26.44 1.952E-02  149
26.45 1.953E-02  150
26.46 1.955E-02  152
26.47 1.957E-02  154
26.48 1.958E-02  156
26.49 1.931E-02  160
26.50 1.905E-02  164
26.51 1.878E-02  168
26.52 1.834E-02  173
26.53 1.769E-02  178
26.54 1.704E-02  184
26.55 1.640E-02  190
26.56 1.574E-02  194
26.57 1.499E-02  199
26.58 1.432E-02  203
26.59 1.356E-02  208
26.60 1.295E-02  210
26.61 1.227E-02  213
26.62 1.160E-02  218
26.63 1.092E-02  228
26.64 1.025E-02  236
26.65 9.570E-03  246
26.66 8.922E-03  264
26.67 8.275E-03  284
26.68 7.610E-03  304
26.69 7.119E-03  333
26.70 7.046E-03  378
26.71 6.893E-03  418
26.72 6.626E-03  453
26.73 2.397E-02  680
26.74 2.668E-02  699
26.75 2.662E-02  703
26.76 2.690E-02  707
26.77 2.601E-02  707
26.78 2.512E-02  707
26.79 2.432E-02  707
26.80 2.352E-02  707
26.81 2.272E-02  707
26.82 2.194E-02  707
26.83 2.105E-02  707
26.84 2.012E-02  707
26.85 1.923E-02  707
26.86 1.838E-02  707
26.87 1.756E-02  707
26.88 1.680E-02  707
26.89 1.606E-02  707
26.90 1.535E-02  707
26.91 1.469E-02  707
26.92 1.405E-02  707
26.93 1.344E-02  707
26.94 1.286E-02  707
26.95 1.228E-02  707
26.96 1.173E-02  707
26.97 1.121E-02  707
26.98 1.070E-02  707
26.99 1.020E-02  707
27.00 9.597E-03  706
27.01 8.902E-03  706
27.02 8.212E-03  704
27.03 7.197E-03  683
27.04 4.399E-03  416
27.05 4.714E-03  385
27.06 5.076E-03  350
27.07 5.503E-03  313
27.08 5.816E-03  305
27.09 6.134E-03  296
27.10 6.456E-03  288
27.11 6.676E-03  283
27.12 6.791E-03  281
27.13 6.884E-03  280
27.14 6.983E-03  278
27.15 6.949E-03  278
27.16 6.919E-03  276
27.17 6.884E-03  274
27.18 6.815E-03  271
27.19 6.726E-03  267
27.20 6.648E-03  263
27.21 6.575E-03  258
27.22 6.435E-03  255
27.23 6.261E-03  253
27.24 6.106E-03  251
27.25 5.894E-03  250
27.26 5.476E-03  255
27.27 5.061E-03  260
27.28 4.671E-03  265
27.29 4.110E-03  278
27.30 3.495E-03  295
27.31 2.938E-03  311
27.32 2.394E-03  331
27.33 1.428E-03  412
27.34 8.487E-04  477
27.35 5.143E-04  526
27.36 3.977E-04  500
27.37 6.263E-05  321
27.38 1.042E-04  707
27.39 8.780E-05  707
27.40 7.378E-05  707
27.41 6.233E-05  707
27.42 5.235E-05  707
27.43 4.419E-05  707
27.44 3.732E-05  707
27.45 3.132E-05  707
27.46 2.633E-05  707
27.47 2.214E-05  707
27.48 1.861E-05  707
27.49 1.562E-05  707
27.50 1.315E-05  707
27.51 1.105E-05  707
27.52 9.278E-06  707
27.53 7.795E-06  707
27.54 7.077E-06  707
27.55 6.625E-06  707
27.56 6.192E-06  707
27.57 5.796E-06  707
27.58 5.401E-06  707
27.59 5.060E-06  707
27.60 4.737E-06  707
27.61 4.432E-06  707
27.62 4.146E-06  707
27.63 3.878E-06  707
27.64 3.628E-06  707
27.65 3.378E-06  707
27.66 3.159E-06  707
27.67 2.953E-06  707
27.68 2.763E-06  707
27.69 2.577E-06  707
27.70 2.404E-06  707
27.71 2.249E-06  707
27.72 4.774E-06  658
27.73 7.185E-06  642
27.74 1.730E-05  597
27.75 8.755E-05  502
27.76 8.030E-04  332
27.77 1.069E-03  314
27.78 1.401E-03  295
27.79 1.799E-03  276
27.80 2.105E-03  265
27.81 2.185E-03  265
27.82 2.243E-03  267
27.83 2.323E-03  267
27.84 2.347E-03  269
27.85 2.352E-03  272
27.86 2.359E-03  275
27.87 2.369E-03  278
27.88 2.355E-03  281
27.89 2.352E-03  284
27.90 2.351E-03  286
27.91 2.314E-03  290
27.92 2.129E-03  298
27.93 1.970E-03  306
27.94 1.816E-03  313
27.95 1.518E-03  329
27.96 1.113E-03  354
27.97 8.091E-04  379
27.98 5.917E-04  402
27.99 1.311E-04  519
28.00 3.660E-05  604
28.05 8.797E-06  707
28.10 1.064E-05  707
28.15 1.148E-05  707
28.20 1.242E-05  707
28.25 1.351E-05  707
28.30 1.417E-05  707
28.35 1.390E-05  707
28.40 1.378E-05  707
28.45 1.371E-05  707
28.50 1.266E-05  707
28.55 1.089E-05  707
