# FLAMINGOS BARR J-Band Filter MAN-240A	
# Filter Measured at Room Temperature	
# Peak Transmission (%)         82.72E+00
# Cut-on Wavelength (nm)        1172.00
# Cut-off Wavelength (nm)       1326.00
# Wavelength (nm)             Transmission (%)
    1600.00                        49.67E-04
    1599.50                        38.30E-04
    1599.00                        51.61E-04
    1598.50                        55.88E-04
    1598.00                        51.97E-04
    1597.50                        52.76E-04
    1597.00                        52.62E-04
    1596.50                        51.63E-04
    1596.00                        55.61E-04
    1595.50                        48.79E-04
    1595.00                        48.53E-04
    1594.50                        52.50E-04
    1594.00                        44.32E-04
    1593.50                        44.52E-04
    1593.00                        57.59E-04
    1592.50                        53.61E-04
    1592.00                        48.29E-04
    1591.50                        52.48E-04
    1591.00                        51.24E-04
    1590.50                        54.60E-04
    1590.00                        46.28E-04
    1589.50                        46.34E-04
    1589.00                        41.91E-04
    1588.50                        46.56E-04
    1588.00                        52.02E-04
    1587.50                        53.66E-04
    1587.00                        49.90E-04
    1586.50                        50.52E-04
    1586.00                        53.61E-04
    1585.50                        51.95E-04
    1585.00                        49.84E-04
    1584.50                        50.33E-04
    1584.00                        48.13E-04
    1583.50                        52.95E-04
    1583.00                        54.74E-04
    1582.50                        43.45E-04
    1582.00                        51.31E-04
    1581.50                        52.16E-04
    1581.00                        51.22E-04
    1580.50                        50.09E-04
    1580.00                        42.90E-04
    1579.50                        54.53E-04
    1579.00                        55.39E-04
    1578.50                        51.31E-04
    1578.00                        47.12E-04
    1577.50                        41.01E-04
    1577.00                        47.45E-04
    1576.50                        53.26E-04
    1576.00                        51.18E-04
    1575.50                        49.30E-04
    1575.00                        46.06E-04
    1574.50                        47.44E-04
    1574.00                        44.07E-04
    1573.50                        42.97E-04
    1573.00                        50.38E-04
    1572.50                        52.27E-04
    1572.00                        51.27E-04
    1571.50                        46.23E-04
    1571.00                        52.04E-04
    1570.50                        48.48E-04
    1570.00                        52.97E-04
    1569.50                        43.19E-04
    1569.00                        49.27E-04
    1568.50                        52.31E-04
    1568.00                        53.41E-04
    1567.50                        51.83E-04
    1567.00                        47.72E-04
    1566.50                        44.18E-04
    1566.00                        53.28E-04
    1565.50                        53.17E-04
    1565.00                        51.10E-04
    1564.50                        53.54E-04
    1564.00                        52.53E-04
    1563.50                        48.91E-04
    1563.00                        54.01E-04
    1562.50                        56.69E-04
    1562.00                        55.25E-04
    1561.50                        45.24E-04
    1561.00                        49.27E-04
    1560.50                        42.08E-04
    1560.00                        47.18E-04
    1559.50                        48.30E-04
    1559.00                        51.33E-04
    1558.50                        46.23E-04
    1558.00                        54.53E-04
    1557.50                        45.33E-04
    1557.00                        48.39E-04
    1556.50                        45.25E-04
    1556.00                        49.27E-04
    1555.50                        46.32E-04
    1555.00                        52.77E-04
    1554.50                        49.90E-04
    1554.00                        51.57E-04
    1553.50                        50.34E-04
    1553.00                        52.47E-04
    1552.50                        42.39E-04
    1552.00                        52.56E-04
    1551.50                        52.43E-04
    1551.00                        50.63E-04
    1550.50                        57.80E-04
    1550.00                        49.59E-04
    1549.50                        47.51E-04
    1549.00                        52.37E-04
    1548.50                        53.81E-04
    1548.00                        59.40E-04
    1547.50                        56.81E-04
    1547.00                        51.30E-04
    1546.50                        51.48E-04
    1546.00                        55.67E-04
    1545.50                        54.74E-04
    1545.00                        54.80E-04
    1544.50                        50.70E-04
    1544.00                        50.07E-04
    1543.50                        56.98E-04
    1543.00                        49.50E-04
    1542.50                        61.74E-04
    1542.00                        52.46E-04
    1541.50                        51.43E-04
    1541.00                        52.74E-04
    1540.50                        49.25E-04
    1540.00                        51.36E-04
    1539.50                        51.83E-04
    1539.00                        50.41E-04
    1538.50                        47.80E-04
    1538.00                        47.24E-04
    1537.50                        48.66E-04
    1537.00                        52.75E-04
    1536.50                        51.77E-04
    1536.00                        47.64E-04
    1535.50                        45.56E-04
    1535.00                        52.89E-04
    1534.50                        56.88E-04
    1534.00                        55.69E-04
    1533.50                        51.87E-04
    1533.00                        52.76E-04
    1532.50                        48.79E-04
    1532.00                        53.91E-04
    1531.50                        49.71E-04
    1531.00                        52.84E-04
    1530.50                        51.02E-04
    1530.00                        46.53E-04
    1529.50                        46.78E-04
    1529.00                        56.69E-04
    1528.50                        49.66E-04
    1528.00                        53.07E-04
    1527.50                        41.41E-04
    1527.00                        51.25E-04
    1526.50                        50.48E-04
    1526.00                        53.43E-04
    1525.50                        50.90E-04
    1525.00                        46.53E-04
    1524.50                        57.75E-04
    1524.00                        53.41E-04
    1523.50                        49.59E-04
    1523.00                        52.25E-04
    1522.50                        48.16E-04
    1522.00                        54.16E-04
    1521.50                        51.47E-04
    1521.00                        48.63E-04
    1520.50                        49.40E-04
    1520.00                        49.42E-04
    1519.50                        50.79E-04
    1519.00                        56.13E-04
    1518.50                        51.31E-04
    1518.00                        46.10E-04
    1517.50                        57.35E-04
    1517.00                        50.44E-04
    1516.50                        50.91E-04
    1516.00                        57.11E-04
    1515.50                        49.70E-04
    1515.00                        56.97E-04
    1514.50                        52.87E-04
    1514.00                        51.75E-04
    1513.50                        41.65E-04
    1513.00                        54.94E-04
    1512.50                        53.86E-04
    1512.00                        54.83E-04
    1511.50                        62.26E-04
    1511.00                        55.93E-04
    1510.50                        52.75E-04
    1510.00                        52.07E-04
    1509.50                        53.89E-04
    1509.00                        52.68E-04
    1508.50                        54.96E-04
    1508.00                        54.80E-04
    1507.50                        51.65E-04
    1507.00                        54.89E-04
    1506.50                        52.96E-04
    1506.00                        49.58E-04
    1505.50                        49.78E-04
    1505.00                        55.54E-04
    1504.50                        54.90E-04
    1504.00                        54.55E-04
    1503.50                        52.69E-04
    1503.00                        46.37E-04
    1502.50                        47.77E-04
    1502.00                        51.38E-04
    1501.50                        45.74E-04
    1501.00                        47.00E-04
    1500.50                        46.81E-04
    1500.00                        46.72E-04
    1499.50                        49.04E-04
    1499.00                        47.01E-04
    1498.50                        51.93E-04
    1498.00                        45.96E-04
    1497.50                        45.06E-04
    1497.00                        44.94E-04
    1496.50                        46.87E-04
    1496.00                        44.84E-04
    1495.50                        44.82E-04
    1495.00                        42.28E-04
    1494.50                        41.54E-04
    1494.00                        41.25E-04
    1493.50                        42.76E-04
    1493.00                        48.32E-04
    1492.50                        43.41E-04
    1492.00                        44.53E-04
    1491.50                        40.88E-04
    1491.00                        41.52E-04
    1490.50                        44.91E-04
    1490.00                        42.05E-04
    1489.50                        41.38E-04
    1489.00                        42.15E-04
    1488.50                        39.24E-04
    1488.00                        42.39E-04
    1487.50                        49.64E-04
    1487.00                        44.32E-04
    1486.50                        47.53E-04
    1486.00                        43.47E-04
    1485.50                        48.55E-04
    1485.00                        47.49E-04
    1484.50                        45.45E-04
    1484.00                        49.87E-04
    1483.50                        46.37E-04
    1483.00                        48.46E-04
    1482.50                        50.46E-04
    1482.00                        50.54E-04
    1481.50                        53.90E-04
    1481.00                        52.26E-04
    1480.50                        45.15E-04
    1480.00                        55.15E-04
    1479.50                        51.35E-04
    1479.00                        48.51E-04
    1478.50                        41.27E-04
    1478.00                        51.35E-04
    1477.50                        51.96E-04
    1477.00                        47.78E-04
    1476.50                        45.13E-04
    1476.00                        48.15E-04
    1475.50                        50.61E-04
    1475.00                        48.42E-04
    1474.50                        50.54E-04
    1474.00                        49.43E-04
    1473.50                        43.18E-04
    1473.00                        46.25E-04
    1472.50                        48.70E-04
    1472.00                        45.50E-04
    1471.50                        43.28E-04
    1471.00                        44.00E-04
    1470.50                        48.05E-04
    1470.00                        48.36E-04
    1469.50                        44.23E-04
    1469.00                        46.76E-04
    1468.50                        47.35E-04
    1468.00                        41.96E-04
    1467.50                        47.62E-04
    1467.00                        49.71E-04
    1466.50                        45.18E-04
    1466.00                        36.93E-04
    1465.50                        46.43E-04
    1465.00                        42.61E-04
    1464.50                        46.19E-04
    1464.00                        38.70E-04
    1463.50                        37.42E-04
    1463.00                        36.09E-04
    1462.50                        40.41E-04
    1462.00                        46.25E-04
    1461.50                        49.71E-04
    1461.00                        44.49E-04
    1460.50                        44.53E-04
    1460.00                        43.64E-04
    1459.50                        49.60E-04
    1459.00                        44.34E-04
    1458.50                        49.63E-04
    1458.00                        48.65E-04
    1457.50                        47.90E-04
    1457.00                        45.42E-04
    1456.50                        43.39E-04
    1456.00                        43.64E-04
    1455.50                        43.57E-04
    1455.00                        43.78E-04
    1454.50                        44.60E-04
    1454.00                        51.46E-04
    1453.50                        49.69E-04
    1453.00                        50.93E-04
    1452.50                        43.57E-04
    1452.00                        51.58E-04
    1451.50                        54.33E-04
    1451.00                        52.84E-04
    1450.50                        48.91E-04
    1450.00                        54.42E-04
    1449.50                        49.83E-04
    1449.00                        49.48E-04
    1448.50                        54.34E-04
    1448.00                        47.80E-04
    1447.50                        55.80E-04
    1447.00                        55.19E-04
    1446.50                        46.54E-04
    1446.00                        54.13E-04
    1445.50                        49.07E-04
    1445.00                        57.52E-04
    1444.50                        52.70E-04
    1444.00                        61.34E-04
    1443.50                        58.35E-04
    1443.00                        54.96E-04
    1442.50                        54.69E-04
    1442.00                        54.32E-04
    1441.50                        55.11E-04
    1441.00                        53.24E-04
    1440.50                        53.07E-04
    1440.00                        50.28E-04
    1439.50                        53.77E-04
    1439.00                        53.50E-04
    1438.50                        47.67E-04
    1438.00                        53.53E-04
    1437.50                        49.61E-04
    1437.00                        58.24E-04
    1436.50                        54.41E-04
    1436.00                        51.55E-04
    1435.50                        43.94E-04
    1435.00                        53.53E-04
    1434.50                        53.11E-04
    1434.00                        53.06E-04
    1433.50                        51.35E-04
    1433.00                        50.55E-04
    1432.50                        52.30E-04
    1432.00                        53.32E-04
    1431.50                        46.96E-04
    1431.00                        56.36E-04
    1430.50                        52.98E-04
    1430.00                        46.89E-04
    1429.50                        54.42E-04
    1429.00                        52.70E-04
    1428.50                        51.15E-04
    1428.00                        51.87E-04
    1427.50                        50.79E-04
    1427.00                        43.49E-04
    1426.50                        49.45E-04
    1426.00                        50.43E-04
    1425.50                        53.14E-04
    1425.00                        53.06E-04
    1424.50                        39.37E-04
    1424.00                        44.54E-04
    1423.50                        55.23E-04
    1423.00                        53.79E-04
    1422.50                        53.23E-04
    1422.00                        53.52E-04
    1421.50                        46.55E-04
    1421.00                        55.50E-04
    1420.50                        52.03E-04
    1420.00                        51.30E-04
    1419.50                        53.89E-04
    1419.00                        59.81E-04
    1418.50                        52.34E-04
    1418.00                        52.19E-04
    1417.50                        52.03E-04
    1417.00                        51.97E-04
    1416.50                        48.42E-04
    1416.00                        52.56E-04
    1415.50                        53.11E-04
    1415.00                        58.54E-04
    1414.50                        54.23E-04
    1414.00                        54.31E-04
    1413.50                        54.24E-04
    1413.00                        55.16E-04
    1412.50                        53.78E-04
    1412.00                        49.55E-04
    1411.50                        60.72E-04
    1411.00                        51.16E-04
    1410.50                        45.77E-04
    1410.00                        56.15E-04
    1409.50                        57.35E-04
    1409.00                        60.79E-04
    1408.50                        54.49E-04
    1408.00                        54.46E-04
    1407.50                        58.49E-04
    1407.00                        57.03E-04
    1406.50                        56.36E-04
    1406.00                        52.25E-04
    1405.50                        53.03E-04
    1405.00                        51.45E-04
    1404.50                        57.97E-04
    1404.00                        47.68E-04
    1403.50                        56.28E-04
    1403.00                        56.99E-04
    1402.50                        53.10E-04
    1402.00                        53.52E-04
    1401.50                        59.63E-04
    1401.00                        58.20E-04
    1400.50                        56.89E-04
    1400.00                        60.56E-04
    1399.50                        57.26E-04
    1399.00                        60.95E-04
    1398.50                        61.85E-04
    1398.00                        58.36E-04
    1397.50                        58.51E-04
    1397.00                        55.46E-04
    1396.50                        48.13E-04
    1396.00                        61.67E-04
    1395.50                        55.74E-04
    1395.00                        64.09E-04
    1394.50                        61.42E-04
    1394.00                        52.32E-04
    1393.50                        63.76E-04
    1393.00                        64.10E-04
    1392.50                        58.37E-04
    1392.00                        72.49E-04
    1391.50                        59.24E-04
    1391.00                        61.46E-04
    1390.50                        67.35E-04
    1390.00                        63.46E-04
    1389.50                        63.81E-04
    1389.00                        65.78E-04
    1388.50                        56.59E-04
    1388.00                        67.34E-04
    1387.50                        70.21E-04
    1387.00                        68.44E-04
    1386.50                        75.35E-04
    1386.00                        72.83E-04
    1385.50                        72.74E-04
    1385.00                        73.77E-04
    1384.50                        77.73E-04
    1384.00                        83.44E-04
    1383.50                        75.47E-04
    1383.00                        87.70E-04
    1382.50                        85.64E-04
    1382.00                        97.69E-04
    1381.50                        85.73E-04
    1381.00                        94.79E-04
    1380.50                        97.32E-04
    1380.00                        01.03E-02
    1379.50                        98.51E-04
    1379.00                        01.01E-02
    1378.50                        01.02E-02
    1378.00                        01.16E-02
    1377.50                        01.02E-02
    1377.00                        01.12E-02
    1376.50                        01.28E-02
    1376.00                        01.23E-02
    1375.50                        01.29E-02
    1375.00                        01.35E-02
    1374.50                        01.38E-02
    1374.00                        01.45E-02
    1373.50                        01.49E-02
    1373.00                        01.59E-02
    1372.50                        01.67E-02
    1372.00                        01.68E-02
    1371.50                        01.68E-02
    1371.00                        01.82E-02
    1370.50                        01.97E-02
    1370.00                        01.94E-02
    1369.50                        02.12E-02
    1369.00                        02.19E-02
    1368.50                        02.27E-02
    1368.00                        02.48E-02
    1367.50                        02.50E-02
    1367.00                        02.68E-02
    1366.50                        02.64E-02
    1366.00                        02.94E-02
    1365.50                        03.06E-02
    1365.00                        03.21E-02
    1364.50                        03.36E-02
    1364.00                        03.60E-02
    1363.50                        03.80E-02
    1363.00                        04.03E-02
    1362.50                        04.31E-02
    1362.00                        04.63E-02
    1361.50                        04.88E-02
    1361.00                        05.18E-02
    1360.50                        05.48E-02
    1360.00                        05.87E-02
    1359.50                        06.28E-02
    1359.00                        06.75E-02
    1358.50                        07.18E-02
    1358.00                        07.79E-02
    1357.50                        08.26E-02
    1357.00                        08.87E-02
    1356.50                        09.55E-02
    1356.00                        10.20E-02
    1355.50                        11.03E-02
    1355.00                        11.81E-02
    1354.50                        12.78E-02
    1354.00                        13.86E-02
    1353.50                        14.95E-02
    1353.00                        16.18E-02
    1352.50                        17.35E-02
    1352.00                        19.01E-02
    1351.50                        20.59E-02
    1351.00                        22.44E-02
    1350.50                        24.42E-02
    1350.00                        26.52E-02
    1349.50                        28.93E-02
    1349.00                        31.54E-02
    1348.50                        34.39E-02
    1348.00                        37.78E-02
    1347.50                        41.37E-02
    1347.00                        45.24E-02
    1346.50                        49.48E-02
    1346.00                        54.36E-02
    1345.50                        59.73E-02
    1345.00                        65.93E-02
    1344.50                        72.55E-02
    1344.00                        79.89E-02
    1343.50                        87.70E-02
    1343.00                        97.27E-02
    1342.50                        01.08E+00
    1342.00                        01.19E+00
    1341.50                        01.32E+00
    1341.00                        01.46E+00
    1340.50                        01.62E+00
    1340.00                        01.80E+00
    1339.50                        02.00E+00
    1339.00                        02.23E+00
    1338.50                        02.48E+00
    1338.00                        02.79E+00
    1337.50                        03.10E+00
    1337.00                        03.44E+00
    1336.50                        03.87E+00
    1336.00                        04.33E+00
    1335.50                        04.87E+00
    1335.00                        05.47E+00
    1334.50                        06.10E+00
    1334.00                        06.85E+00
    1333.50                        07.68E+00
    1333.00                        08.63E+00
    1332.50                        09.77E+00
    1332.00                        10.98E+00
    1331.50                        12.33E+00
    1331.00                        13.84E+00
    1330.50                        15.50E+00
    1330.00                        17.52E+00
    1329.50                        19.60E+00
    1329.00                        22.09E+00
    1328.50                        24.80E+00
    1328.00                        27.48E+00
    1327.50                        30.56E+00
    1327.00                        34.05E+00
    1326.50                        37.49E+00
    1326.00                        41.41E+00
    1325.50                        45.31E+00
    1325.00                        49.24E+00
    1324.50                        53.05E+00
    1324.00                        56.65E+00
    1323.50                        60.54E+00
    1323.00                        63.81E+00
    1322.50                        66.74E+00
    1322.00                        69.58E+00
    1321.50                        71.65E+00
    1321.00                        73.45E+00
    1320.50                        75.08E+00
    1320.00                        75.87E+00
    1319.50                        76.85E+00
    1319.00                        77.18E+00
    1318.50                        77.26E+00
    1318.00                        77.41E+00
    1317.50                        77.09E+00
    1317.00                        76.80E+00
    1316.50                        76.47E+00
    1316.00                        75.95E+00
    1315.50                        75.59E+00
    1315.00                        75.14E+00
    1314.50                        74.61E+00
    1314.00                        74.41E+00
    1313.50                        73.92E+00
    1313.00                        73.68E+00
    1312.50                        73.49E+00
    1312.00                        73.16E+00
    1311.50                        73.12E+00
    1311.00                        72.93E+00
    1310.50                        72.87E+00
    1310.00                        72.90E+00
    1309.50                        72.95E+00
    1309.00                        72.99E+00
    1308.50                        73.22E+00
    1308.00                        73.36E+00
    1307.50                        73.76E+00
    1307.00                        73.89E+00
    1306.50                        74.02E+00
    1306.00                        74.31E+00
    1305.50                        74.41E+00
    1305.00                        74.84E+00
    1304.50                        75.12E+00
    1304.00                        75.41E+00
    1303.50                        75.82E+00
    1303.00                        76.06E+00
    1302.50                        76.32E+00
    1302.00                        76.63E+00
    1301.50                        76.78E+00
    1301.00                        77.06E+00
    1300.50                        77.28E+00
    1300.00                        77.39E+00
    1299.50                        77.60E+00
    1299.00                        77.72E+00
    1298.50                        77.82E+00
    1298.00                        77.97E+00
    1297.50                        77.97E+00
    1297.00                        78.04E+00
    1296.50                        78.16E+00
    1296.00                        78.01E+00
    1295.50                        78.18E+00
    1295.00                        78.09E+00
    1294.50                        78.09E+00
    1294.00                        78.03E+00
    1293.50                        78.02E+00
    1293.00                        77.94E+00
    1292.50                        77.97E+00
    1292.00                        77.98E+00
    1291.50                        77.93E+00
    1291.00                        78.04E+00
    1290.50                        77.94E+00
    1290.00                        77.99E+00
    1289.50                        77.98E+00
    1289.00                        78.08E+00
    1288.50                        78.09E+00
    1288.00                        78.21E+00
    1287.50                        78.25E+00
    1287.00                        78.34E+00
    1286.50                        78.44E+00
    1286.00                        78.49E+00
    1285.50                        78.76E+00
    1285.00                        78.74E+00
    1284.50                        78.98E+00
    1284.00                        79.14E+00
    1283.50                        79.15E+00
    1283.00                        79.44E+00
    1282.50                        79.57E+00
    1282.00                        79.66E+00
    1281.50                        79.89E+00
    1281.00                        79.91E+00
    1280.50                        80.11E+00
    1280.00                        80.21E+00
    1279.50                        80.25E+00
    1279.00                        80.32E+00
    1278.50                        80.45E+00
    1278.00                        80.56E+00
    1277.50                        80.54E+00
    1277.00                        80.60E+00
    1276.50                        80.55E+00
    1276.00                        80.56E+00
    1275.50                        80.48E+00
    1275.00                        80.46E+00
    1274.50                        80.37E+00
    1274.00                        80.27E+00
    1273.50                        80.22E+00
    1273.00                        80.16E+00
    1272.50                        79.88E+00
    1272.00                        79.84E+00
    1271.50                        79.68E+00
    1271.00                        79.56E+00
    1270.50                        79.43E+00
    1270.00                        79.22E+00
    1269.50                        79.09E+00
    1269.00                        78.94E+00
    1268.50                        78.87E+00
    1268.00                        78.56E+00
    1267.50                        78.56E+00
    1267.00                        78.34E+00
    1266.50                        78.10E+00
    1266.00                        78.04E+00
    1265.50                        77.79E+00
    1265.00                        77.63E+00
    1264.50                        77.66E+00
    1264.00                        77.26E+00
    1263.50                        77.29E+00
    1263.00                        77.10E+00
    1262.50                        76.79E+00
    1262.00                        76.87E+00
    1261.50                        76.41E+00
    1261.00                        76.57E+00
    1260.50                        76.33E+00
    1260.00                        76.10E+00
    1259.50                        76.20E+00
    1259.00                        75.83E+00
    1258.50                        75.81E+00
    1258.00                        75.80E+00
    1257.50                        75.34E+00
    1257.00                        75.53E+00
    1256.50                        75.23E+00
    1256.00                        75.20E+00
    1255.50                        75.22E+00
    1255.00                        74.95E+00
    1254.50                        75.08E+00
    1254.00                        74.90E+00
    1253.50                        74.76E+00
    1253.00                        74.91E+00
    1252.50                        74.69E+00
    1252.00                        74.82E+00
    1251.50                        74.80E+00
    1251.00                        74.75E+00
    1250.50                        74.94E+00
    1250.00                        74.86E+00
    1249.50                        75.01E+00
    1249.00                        75.05E+00
    1248.50                        75.09E+00
    1248.00                        75.23E+00
    1247.50                        75.25E+00
    1247.00                        75.36E+00
    1246.50                        75.55E+00
    1246.00                        75.46E+00
    1245.50                        75.81E+00
    1245.00                        75.70E+00
    1244.50                        76.01E+00
    1244.00                        76.12E+00
    1243.50                        76.09E+00
    1243.00                        76.39E+00
    1242.50                        76.30E+00
    1242.00                        76.39E+00
    1241.50                        76.57E+00
    1241.00                        76.41E+00
    1240.50                        76.71E+00
    1240.00                        76.58E+00
    1239.50                        76.55E+00
    1239.00                        76.76E+00
    1238.50                        76.40E+00
    1238.00                        76.68E+00
    1237.50                        76.55E+00
    1237.00                        76.38E+00
    1236.50                        76.54E+00
    1236.00                        76.27E+00
    1235.50                        76.20E+00
    1235.00                        76.32E+00
    1234.50                        76.01E+00
    1234.00                        76.14E+00
    1233.50                        76.04E+00
    1233.00                        75.89E+00
    1232.50                        76.07E+00
    1232.00                        75.86E+00
    1231.50                        75.97E+00
    1231.00                        76.01E+00
    1230.50                        75.98E+00
    1230.00                        76.26E+00
    1229.50                        76.26E+00
    1229.00                        76.38E+00
    1228.50                        76.60E+00
    1228.00                        76.60E+00
    1227.50                        76.97E+00
    1227.00                        77.11E+00
    1226.50                        77.30E+00
    1226.00                        77.68E+00
    1225.50                        77.82E+00
    1225.00                        78.09E+00
    1224.50                        78.41E+00
    1224.00                        78.53E+00
    1223.50                        78.89E+00
    1223.00                        79.03E+00
    1222.50                        79.22E+00
    1222.00                        79.55E+00
    1221.50                        79.45E+00
    1221.00                        79.73E+00
    1220.50                        79.70E+00
    1220.00                        79.65E+00
    1219.50                        79.71E+00
    1219.00                        79.41E+00
    1218.50                        79.41E+00
    1218.00                        79.17E+00
    1217.50                        78.76E+00
    1217.00                        78.71E+00
    1216.50                        78.13E+00
    1216.00                        77.80E+00
    1215.50                        77.41E+00
    1215.00                        76.72E+00
    1214.50                        76.41E+00
    1214.00                        75.88E+00
    1213.50                        75.16E+00
    1213.00                        74.93E+00
    1212.50                        74.25E+00
    1212.00                        73.79E+00
    1211.50                        73.51E+00
    1211.00                        72.78E+00
    1210.50                        72.66E+00
    1210.00                        72.31E+00
    1209.50                        71.88E+00
    1209.00                        71.81E+00
    1208.50                        71.54E+00
    1208.00                        71.34E+00
    1207.50                        71.56E+00
    1207.00                        71.37E+00
    1206.50                        71.68E+00
    1206.00                        72.04E+00
    1205.50                        72.08E+00
    1205.00                        72.69E+00
    1204.50                        73.00E+00
    1204.00                        73.31E+00
    1203.50                        74.20E+00
    1203.00                        74.57E+00
    1202.50                        75.40E+00
    1202.00                        76.24E+00
    1201.50                        76.68E+00
    1201.00                        77.70E+00
    1200.50                        78.28E+00
    1200.00                        78.95E+00
    1199.50                        79.89E+00
    1199.00                        80.30E+00
    1198.50                        81.21E+00
    1198.00                        81.43E+00
    1197.50                        82.11E+00
    1197.00                        82.31E+00
    1196.50                        82.39E+00
    1196.00                        82.72E+00
    1195.50                        82.42E+00
    1195.00                        82.33E+00
    1194.50                        82.08E+00
    1194.00                        81.48E+00
    1193.50                        81.23E+00
    1193.00                        80.60E+00
    1192.50                        79.96E+00
    1192.00                        79.53E+00
    1191.50                        78.57E+00
    1191.00                        78.14E+00
    1190.50                        77.36E+00
    1190.00                        76.75E+00
    1189.50                        76.41E+00
    1189.00                        75.86E+00
    1188.50                        75.55E+00
    1188.00                        75.42E+00
    1187.50                        75.10E+00
    1187.00                        75.24E+00
    1186.50                        75.26E+00
    1186.00                        75.30E+00
    1185.50                        75.82E+00
    1185.00                        75.87E+00
    1184.50                        76.49E+00
    1184.00                        76.96E+00
    1183.50                        77.32E+00
    1183.00                        78.06E+00
    1182.50                        78.26E+00
    1182.00                        78.46E+00
    1181.50                        78.79E+00
    1181.00                        78.33E+00
    1180.50                        78.23E+00
    1180.00                        77.52E+00
    1179.50                        76.33E+00
    1179.00                        75.31E+00
    1178.50                        73.33E+00
    1178.00                        71.52E+00
    1177.50                        69.16E+00
    1177.00                        66.43E+00
    1176.50                        63.97E+00
    1176.00                        61.10E+00
    1175.50                        58.32E+00
    1175.00                        55.67E+00
    1174.50                        52.80E+00
    1174.00                        50.30E+00
    1173.50                        47.56E+00
    1173.00                        45.40E+00
    1172.50                        43.33E+00
    1172.00                        41.22E+00
    1171.50                        39.47E+00
    1171.00                        37.71E+00
    1170.50                        36.02E+00
    1170.00                        34.65E+00
    1169.50                        33.17E+00
    1169.00                        31.90E+00
    1168.50                        30.46E+00
    1168.00                        29.03E+00
    1167.50                        27.67E+00
    1167.00                        26.01E+00
    1166.50                        24.53E+00
    1166.00                        22.88E+00
    1165.50                        21.06E+00
    1165.00                        19.25E+00
    1164.50                        17.28E+00
    1164.00                        15.49E+00
    1163.50                        13.77E+00
    1163.00                        12.08E+00
    1162.50                        10.63E+00
    1162.00                        09.18E+00
    1161.50                        07.91E+00
    1161.00                        06.80E+00
    1160.50                        05.89E+00
    1160.00                        05.11E+00
    1159.50                        04.39E+00
    1159.00                        03.79E+00
    1158.50                        03.29E+00
    1158.00                        02.83E+00
    1157.50                        02.48E+00
    1157.00                        02.18E+00
    1156.50                        01.92E+00
    1156.00                        01.69E+00
    1155.50                        01.49E+00
    1155.00                        01.32E+00
    1154.50                        01.17E+00
    1154.00                        01.06E+00
    1153.50                        95.78E-02
    1153.00                        86.22E-02
    1152.50                        78.30E-02
    1152.00                        71.11E-02
    1151.50                        65.03E-02
    1151.00                        60.06E-02
    1150.50                        55.34E-02
    1150.00                        51.41E-02
    1149.50                        47.53E-02
    1149.00                        44.43E-02
    1148.50                        41.60E-02
    1148.00                        39.05E-02
    1147.50                        36.94E-02
    1147.00                        34.89E-02
    1146.50                        32.85E-02
    1146.00                        31.35E-02
    1145.50                        29.60E-02
    1145.00                        28.27E-02
    1144.50                        26.98E-02
    1144.00                        25.61E-02
    1143.50                        24.56E-02
    1143.00                        23.22E-02
    1142.50                        22.01E-02
    1142.00                        20.93E-02
    1141.50                        19.70E-02
    1141.00                        18.63E-02
    1140.50                        17.52E-02
    1140.00                        16.30E-02
    1139.50                        15.16E-02
    1139.00                        13.98E-02
    1138.50                        12.97E-02
    1138.00                        11.92E-02
    1137.50                        10.82E-02
    1137.00                        09.97E-02
    1136.50                        09.01E-02
    1136.00                        08.15E-02
    1135.50                        07.32E-02
    1135.00                        06.70E-02
    1134.50                        06.10E-02
    1134.00                        05.43E-02
    1133.50                        04.94E-02
    1133.00                        04.50E-02
    1132.50                        04.01E-02
    1132.00                        03.72E-02
    1131.50                        03.40E-02
    1131.00                        03.05E-02
    1130.50                        02.77E-02
    1130.00                        02.54E-02
    1129.50                        02.41E-02
    1129.00                        02.20E-02
    1128.50                        02.04E-02
    1128.00                        01.96E-02
    1127.50                        01.69E-02
    1127.00                        01.67E-02
    1126.50                        01.56E-02
    1126.00                        01.46E-02
    1125.50                        01.37E-02
    1125.00                        01.25E-02
    1124.50                        01.26E-02
    1124.00                        01.15E-02
    1123.50                        01.13E-02
    1123.00                        01.07E-02
    1122.50                        01.06E-02
    1122.00                        01.04E-02
    1121.50                        97.56E-04
    1121.00                        93.83E-04
    1120.50                        91.43E-04
    1120.00                        90.14E-04
    1119.50                        86.67E-04
    1119.00                        79.61E-04
    1118.50                        87.63E-04
    1118.00                        87.13E-04
    1117.50                        82.10E-04
    1117.00                        76.12E-04
    1116.50                        69.45E-04
    1116.00                        77.95E-04
    1115.50                        76.59E-04
    1115.00                        73.82E-04
    1114.50                        67.82E-04
    1114.00                        66.81E-04
    1113.50                        61.32E-04
    1113.00                        67.60E-04
    1112.50                        71.53E-04
    1112.00                        65.25E-04
    1111.50                        62.27E-04
    1111.00                        62.64E-04
    1110.50                        55.18E-04
    1110.00                        63.50E-04
    1109.50                        56.08E-04
    1109.00                        60.12E-04
    1108.50                        63.49E-04
    1108.00                        58.48E-04
    1107.50                        57.94E-04
    1107.00                        51.90E-04
    1106.50                        53.10E-04
    1106.00                        56.21E-04
    1105.50                        49.88E-04
    1105.00                        55.01E-04
    1104.50                        48.62E-04
    1104.00                        47.73E-04
    1103.50                        50.82E-04
    1103.00                        54.16E-04
    1102.50                        55.71E-04
    1102.00                        49.57E-04
    1101.50                        51.34E-04
    1101.00                        48.98E-04
    1100.50                        46.34E-04
    1100.00                        53.70E-04
    1099.50                        47.94E-04
    1099.00                        49.19E-04
    1098.50                        53.72E-04
    1098.00                        51.41E-04
    1097.50                        56.09E-04
    1097.00                        52.90E-04
    1096.50                        49.74E-04
    1096.00                        51.86E-04
    1095.50                        50.95E-04
    1095.00                        53.28E-04
    1094.50                        50.69E-04
    1094.00                        54.79E-04
    1093.50                        51.17E-04
    1093.00                        51.81E-04
    1092.50                        46.99E-04
    1092.00                        47.75E-04
    1091.50                        50.00E-04
    1091.00                        54.08E-04
    1090.50                        41.72E-04
    1090.00                        50.93E-04
    1089.50                        53.17E-04
    1089.00                        52.21E-04
    1088.50                        45.78E-04
    1088.00                        51.20E-04
    1087.50                        50.88E-04
    1087.00                        54.21E-04
    1086.50                        54.32E-04
    1086.00                        46.73E-04
    1085.50                        43.75E-04
    1085.00                        51.02E-04
    1084.50                        58.39E-04
    1084.00                        53.39E-04
    1083.50                        50.06E-04
    1083.00                        56.59E-04
    1082.50                        54.91E-04
    1082.00                        59.37E-04
    1081.50                        58.45E-04
    1081.00                        55.05E-04
    1080.50                        52.17E-04
    1080.00                        50.11E-04
    1079.50                        49.72E-04
    1079.00                        50.92E-04
    1078.50                        46.98E-04
    1078.00                        54.89E-04
    1077.50                        43.81E-04
    1077.00                        50.00E-04
    1076.50                        47.75E-04
    1076.00                        49.96E-04
    1075.50                        47.87E-04
    1075.00                        43.91E-04
    1074.50                        50.73E-04
    1074.00                        48.69E-04
    1073.50                        47.09E-04
    1073.00                        50.34E-04
    1072.50                        47.43E-04
    1072.00                        49.76E-04
    1071.50                        51.20E-04
    1071.00                        46.23E-04
    1070.50                        43.26E-04
    1070.00                        54.96E-04
    1069.50                        49.31E-04
    1069.00                        42.67E-04
    1068.50                        55.07E-04
    1068.00                        49.91E-04
    1067.50                        53.13E-04
    1067.00                        47.13E-04
    1066.50                        44.51E-04
    1066.00                        43.96E-04
    1065.50                        48.90E-04
    1065.00                        48.94E-04
    1064.50                        47.14E-04
    1064.00                        42.77E-04
    1063.50                        43.78E-04
    1063.00                        46.86E-04
    1062.50                        49.12E-04
    1062.00                        52.40E-04
    1061.50                        48.77E-04
    1061.00                        44.80E-04
    1060.50                        48.17E-04
    1060.00                        50.10E-04
    1059.50                        55.12E-04
    1059.00                        60.46E-04
    1058.50                        48.87E-04
    1058.00                        56.65E-04
    1057.50                        52.85E-04
    1057.00                        51.17E-04
    1056.50                        44.60E-04
    1056.00                        50.88E-04
    1055.50                        44.88E-04
    1055.00                        45.92E-04
    1054.50                        47.51E-04
    1054.00                        50.32E-04
    1053.50                        45.64E-04
    1053.00                        49.84E-04
    1052.50                        46.94E-04
    1052.00                        44.90E-04
    1051.50                        43.55E-04
    1051.00                        44.56E-04
    1050.50                        47.09E-04
    1050.00                        43.78E-04
    1049.50                        45.93E-04
    1049.00                        40.72E-04
    1048.50                        46.82E-04
    1048.00                        47.73E-04
    1047.50                        38.63E-04
    1047.00                        49.16E-04
    1046.50                        48.98E-04
    1046.00                        45.46E-04
    1045.50                        45.14E-04
    1045.00                        45.07E-04
    1044.50                        39.29E-04
    1044.00                        46.08E-04
    1043.50                        41.75E-04
    1043.00                        40.32E-04
    1042.50                        41.65E-04
    1042.00                        40.65E-04
    1041.50                        33.19E-04
    1041.00                        32.38E-04
    1040.50                        38.39E-04
    1040.00                        40.95E-04
    1039.50                        39.17E-04
    1039.00                        39.35E-04
    1038.50                        36.69E-04
    1038.00                        33.33E-04
    1037.50                        31.06E-04
    1037.00                        36.22E-04
    1036.50                        34.31E-04
    1036.00                        39.66E-04
    1035.50                        35.28E-04
    1035.00                        40.83E-04
    1034.50                        33.30E-04
    1034.00                        35.51E-04
    1033.50                        36.58E-04
    1033.00                        28.00E-04
    1032.50                        34.42E-04
    1032.00                        38.64E-04
    1031.50                        37.65E-04
    1031.00                        34.47E-04
    1030.50                        34.05E-04
    1030.00                        38.42E-04
    1029.50                        38.38E-04
    1029.00                        40.70E-04
    1028.50                        40.57E-04
    1028.00                        34.51E-04
    1027.50                        32.09E-04
    1027.00                        36.02E-04
    1026.50                        39.01E-04
    1026.00                        42.26E-04
    1025.50                        38.22E-04
    1025.00                        30.09E-04
    1024.50                        42.75E-04
    1024.00                        39.47E-04
    1023.50                        39.70E-04
    1023.00                        40.45E-04
    1022.50                        41.75E-04
    1022.00                        36.51E-04
    1021.50                        35.39E-04
    1021.00                        39.45E-04
    1020.50                        45.76E-04
    1020.00                        36.55E-04
    1019.50                        36.52E-04
    1019.00                        32.20E-04
    1018.50                        34.30E-04
    1018.00                        40.68E-04
    1017.50                        32.96E-04
    1017.00                        39.31E-04
    1016.50                        34.28E-04
    1016.00                        40.98E-04
    1015.50                        32.93E-04
    1015.00                        39.30E-04
    1014.50                        42.71E-04
    1014.00                        29.12E-04
    1013.50                        32.10E-04
    1013.00                        42.82E-04
    1012.50                        34.29E-04
    1012.00                        38.60E-04
    1011.50                        37.11E-04
    1011.00                        31.18E-04
    1010.50                        34.26E-04
    1010.00                        38.43E-04
    1009.50                        29.01E-04
    1009.00                        31.34E-04
    1008.50                        35.12E-04
    1008.00                        36.27E-04
    1007.50                        32.11E-04
    1007.00                        28.02E-04
    1006.50                        34.98E-04
    1006.00                        37.52E-04
    1005.50                        25.78E-04
    1005.00                        23.95E-04
    1004.50                        27.96E-04
    1004.00                        40.56E-04
    1003.50                        27.94E-04
    1003.00                        31.15E-04
    1002.50                        35.25E-04
    1002.00                        36.06E-04
    1001.50                        39.32E-04
    1001.00                        41.50E-04
    1000.50                        39.94E-04
    1000.00                        31.91E-04
