 2.53 7.881E-16  342
 2.54 2.569E-15  343
 2.55 4.239E-14  344
 2.56 4.248E-15  342
 2.57 2.295E-15  343
 2.58 1.714E-14  342
 2.59 2.360E-18  343
 2.60 6.839E-15  341
 2.61 1.051E-14  340
 2.62 2.846E-14  340
 2.63 1.439E-14  339
 2.64 3.569E-15  339
 2.65 6.334E-15  340
 2.66 3.919E-16  339
 2.67 1.584E-14  337
 2.68 1.230E-14  337
 2.69 1.676E-14  337
 2.70 9.608E-15  336
 2.71 4.714E-15  336
 2.72 7.747E-15  336
 2.73 8.743E-14  336
 2.74 1.754E-14  335
 2.75 1.335E-14  334
 2.76 2.017E-13  334
 2.77 1.213E-14  334
 2.78 1.575E-14  333
 2.79 6.245E-16  333
 2.80 3.361E-16  333
 2.81 6.194E-17  332
 2.82 1.819E-15  332
 2.83 2.308E-15  331
 2.84 2.080E-14  331
 2.85 8.315E-15  330
 2.86 3.115E-15  330
 2.87 2.756E-15  329
 2.88 2.809E-15  329
 2.89 3.048E-14  328
 2.90 3.320E-14  329
 2.91 1.475E-13  327
 2.92 9.895E-16  327
 2.93 2.820E-14  327
 2.94 2.226E-14  326
 2.95 2.071E-14  325
 2.96 3.718E-15  326
 2.97 2.146E-15  325
 2.98 3.079E-16  324
 2.99 1.568E-13  342
 3.00 3.864E-13  341
 3.01 1.768E-15  322
 3.02 3.508E-14  322
 3.03 1.697E-14  322
 3.04 2.113E-15  321
 3.05 2.988E-14  321
 3.06 3.922E-16  320
 3.07 1.305E-14  320
 3.08 1.667E-12  337
 3.09 1.655E-12  337
 3.10 1.020E-14  319
 3.11 4.239E-14  318
 3.12 2.522E-14  318
 3.13 6.590E-16  317
 3.14 1.006E-14  317
 3.15 4.248E-15  317
 3.16 6.499E-15  316
 3.17 4.209E-14  316
 3.18 8.015E-14  316
 3.19 9.559E-15  315
 3.20 2.432E-14  315
 3.21 4.385E-15  315
 3.22 3.762E-14  313
 3.23 7.531E-14  313
 3.24 1.204E-14  312
 3.25 7.082E-15  312
 3.26 2.600E-14  312
 3.27 1.120E-13  312
 3.28 2.380E-14  311
 3.29 4.367E-14  311
 3.30 2.468E-14  309
 3.31 6.965E-14  309
 3.32 2.205E-13  309
 3.33 2.034E-13  309
 3.34 2.752E-14  309
 3.35 5.893E-14  308
 3.36 7.243E-15  308
 3.37 1.854E-13  306
 3.38 3.233E-14  306
 3.39 1.662E-14  307
 3.40 4.203E-14  306
 3.41 3.925E-14  306
 3.42 1.900E-14  306
 3.43 3.699E-17  305
 3.44 1.960E-14  305
 3.45 3.648E-14  304
 3.46 1.093E-14  304
 3.47 1.496E-14  302
 3.48 2.542E-13  302
 3.49 1.543E-14  302
 3.50 1.305E-13  301
 3.51 1.778E-13  300
 3.52 4.180E-14  301
 3.53 4.653E-13  302
 3.54 2.543E-14  301
 3.55 1.553E-13  299
 3.56 6.269E-13  313
 3.57 5.781E-15  298
 3.58 5.123E-14  298
 3.59 3.433E-15  297
 3.60 7.908E-14  298
 3.61 1.911E-14  297
 3.62 8.563E-14  296
 3.63 1.502E-12  309
 3.64 3.744E-14  294
 3.65 2.618E-12  307
 3.66 1.334E-12  309
 3.67 2.019E-12  306
 3.68 4.074E-12  306
 3.69 1.370E-12  306
 3.70 2.669E-15  293
 3.71 1.756E-14  292
 3.72 9.076E-15  291
 3.73 7.329E-14  290
 3.74 1.165E-12  303
 3.75 2.875E-14  290
 3.76 1.550E-14  290
 3.77 7.578E-14  289
 3.78 8.766E-13  301
 3.79 7.586E-14  288
 3.80 2.743E-13  287
 3.81 2.055E-12  299
 3.82 5.524E-14  287
 3.83 3.387E-15  287
 3.84 1.749E-12  297
 3.85 1.163E-13  285
 3.86 9.348E-13  297
 3.87 4.598E-14  284
 3.88 1.163E-12  296
 3.89 2.358E-14  284
 3.90 3.281E-14  283
 3.91 1.635E-14  283
 3.92 2.442E-14  282
 3.93 9.823E-13  294
 3.94 1.558E-13  282
 3.95 1.340E-12  293
 3.96 1.856E-12  293
 3.97 1.027E-13  281
 3.98 8.941E-14  280
 3.99 4.391E-13  280
 4.00 1.324E-13  280
 4.01 5.650E-13  291
 4.02 2.837E-14  280
 4.03 2.561E-13  290
 4.04 1.681E-12  290
 4.05 2.498E-15  278
 4.06 1.014E-13  279
 4.07 1.699E-14  277
 4.08 1.824E-13  289
 4.09 4.371E-13  288
 4.10 5.179E-13  288
 4.11 1.594E-14  276
 4.12 2.314E-13  276
 4.13 2.656E-14  276
 4.14 1.570E-14  276
 4.15 3.399E-13  287
 4.16 1.939E-13  275
 4.17 1.544E-14  275
 4.18 5.167E-14  273
 4.19 7.325E-14  272
 4.20 3.341E-14  273
 4.21 7.784E-13  284
 4.22 8.746E-14  272
 4.23 6.948E-13  283
 4.24 1.384E-14  272
 4.25 8.174E-13  283
 4.26 5.000E-13  283
 4.27 6.165E-13  281
 4.28 2.025E-13  281
 4.29 2.248E-13  281
 4.30 2.233E-14  269
 4.31 9.104E-13  280
 4.32 8.079E-13  280
 4.33 6.019E-15  269
 4.34 4.916E-13  279
 4.35 1.016E-12  278
 4.36 6.785E-14  268
 4.37 2.168E-13  267
 4.38 1.159E-13  268
 4.39 3.107E-14  267
 4.40 8.764E-13  277
 4.41 2.337E-12  275
 4.42 8.609E-14  265
 4.43 1.381E-12  276
 4.44 3.351E-12  275
 4.45 4.077E-13  264
 4.46 2.250E-13  264
 4.47 1.447E-13  264
 4.48 5.122E-14  263
 4.49 1.469E-13  264
 4.50 1.213E-13  262
 4.51 1.456E-13  263
 4.52 1.822E-13  262
 4.53 2.083E-12  272
 4.54 1.237E-12  271
 4.55 3.622E-14  261
 4.56 3.862E-12  269
 4.57 2.748E-13  260
 4.58 2.075E-13  260
 4.59 1.405E-13  260
 4.60 2.944E-12  269
 4.61 2.392E-12  268
 4.62 2.962E-13  258
 4.63 2.420E-12  268
 4.64 4.177E-12  267
 4.65 3.011E-14  258
 4.66 3.443E-15  258
 4.67 2.757E-14  258
 4.68 2.291E-12  265
 4.69 1.163E-13  257
 4.70 1.381E-13  255
 4.71 9.779E-14  256
 4.72 4.176E-14  255
 4.73 4.826E-14  255
 4.74 2.152E-14  255
 4.75 9.154E-13  263
 4.76 1.865E-13  253
 4.77 5.911E-14  253
 4.78 1.742E-12  262
 4.79 1.350E-13  253
 4.80 1.242E-13  253
 4.81 1.021E-13  252
 4.82 4.280E-12  261
 4.83 1.574E-14  251
 4.84 1.514E-12  260
 4.85 5.620E-12  258
 4.86 4.841E-12  259
 4.87 2.116E-13  251
 4.88 3.672E-13  249
 4.89 4.443E-13  250
 4.90 8.335E-14  249
 4.91 9.692E-14  249
 4.92 1.004E-13  248
 4.93 7.430E-12  256
 4.94 5.981E-12  256
 4.95 5.799E-12  255
 4.96 1.227E-11  255
 4.97 1.786E-11  254
 4.98 1.151E-11  254
 4.99 2.274E-13  246
 5.00 1.781E-11  253
 5.01 1.094E-11  253
 5.02 7.100E-12  251
 5.03 2.239E-12  244
 5.04 5.988E-12  244
 5.05 1.045E-10  251
 5.06 1.881E-10  251
 5.07 1.288E-11  243
 5.08 2.693E-11  243
 5.09 1.131E-11  243
 5.10 1.081E-10  249
 5.11 5.374E-08   79
 5.12 5.282E-08   78
 5.13 5.672E-08   77
 5.14 4.036E-08   76
 5.15 4.115E-08   76
 5.16 3.799E-08   75
 5.17 3.526E-08   75
 5.18 3.261E-08   76
 5.19 4.859E-08   76
 5.20 4.647E-08   77
 5.21 3.574E-08   77
 5.22 3.056E-08   78
 5.23 3.124E-08   78
 5.24 3.269E-08   79
 5.25 4.826E-08   79
 5.26 3.990E-08   79
 5.27 4.060E-08   78
 5.28 4.437E-08   78
 5.29 5.022E-08   77
 5.30 4.027E-08   76
 5.31 5.383E-08   75
 5.32 5.773E-08   74
 5.33 6.049E-08   73
 5.34 5.459E-08   72
 5.35 5.656E-08   72
 5.36 3.697E-08   71
 5.37 4.265E-08   70
 5.38 5.231E-08   70
 5.39 5.364E-08   70
 5.40 5.302E-08   71
 5.41 5.353E-08   71
 5.42 4.134E-08   71
 5.43 3.768E-08   71
 5.44 5.099E-08   70
 5.45 6.304E-08   70
 5.46 6.161E-08   69
 5.47 6.960E-08   69
 5.48 7.167E-08   68
 5.49 6.998E-08   67
 5.50 7.024E-08   66
 5.51 7.112E-08   66
 5.52 7.209E-08   66
 5.53 7.247E-08   65
 5.54 7.191E-08   66
 5.55 7.223E-08   66
 5.56 7.243E-08   67
 5.57 7.253E-08   68
 5.58 7.268E-08   69
 5.59 7.172E-08   70
 5.60 7.139E-08   70
 5.61 7.079E-08   72
 5.62 7.244E-08   73
 5.63 7.253E-08   75
 5.64 7.072E-08   76
 5.65 6.998E-08   76
 5.66 6.911E-08   74
 5.67 6.902E-08   73
 5.68 6.760E-08   71
 5.69 6.554E-08   70
 5.70 6.512E-08   68
 5.71 6.710E-08   67
 5.72 6.579E-08   66
 5.73 6.570E-08   65
 5.74 6.797E-08   64
 5.75 7.022E-08   65
 5.76 7.159E-08   66
 5.77 7.197E-08   66
 5.78 7.066E-08   65
 5.79 7.329E-08   64
 5.80 7.403E-08   65
 5.81 7.552E-08   65
 5.82 7.891E-08   66
 5.83 7.952E-08   66
 5.84 7.898E-08   65
 5.85 8.060E-08   64
 5.86 7.883E-08   64
 5.87 7.931E-08   65
 5.88 8.019E-08   66
 5.89 8.298E-08   66
 5.90 8.105E-08   65
 5.91 8.085E-08   64
 5.92 8.087E-08   64
 5.93 8.390E-08   65
 5.94 8.450E-08   65
 5.95 8.642E-08   65
 5.96 8.803E-08   64
 5.97 9.060E-08   65
 5.98 8.867E-08   66
 5.99 9.125E-08   66
 6.00 8.951E-08   67
 6.01 9.021E-08   68
 6.02 9.268E-08   68
 6.03 9.340E-08   69
 6.04 9.762E-08   72
 6.05 9.764E-08   73
 6.06 9.402E-08   73
 6.07 9.818E-08   72
 6.08 9.727E-08   71
 6.09 1.032E-07   71
 6.10 1.071E-07   70
 6.11 1.126E-07   71
 6.12 1.211E-07   72
 6.13 1.414E-07   71
 6.14 1.653E-07   74
 6.15 2.071E-07   78
 6.16 2.557E-07   84
 6.17 3.350E-07   95
 6.18 4.488E-07  114
 6.19 6.240E-07  140
 6.20 8.665E-07  170
 6.21 1.090E-06  219
 6.22 1.231E-06  267
 6.23 1.654E-06  301
 6.24 1.282E-06  308
 6.25 1.848E-06  282
 6.26 1.569E-06  306
 6.27 1.588E-06  339
 6.28 1.982E-06  357
 6.29 1.164E-06  444
 6.30 1.417E-06  478
 6.31 1.082E-06  523
 6.32 6.288E-07  527
 6.33 8.237E-07  485
 6.34 1.566E-06  429
 6.35 9.639E-07  465
 6.36 6.260E-09  907
 6.37 2.109E-07  701
 6.38 5.801E-09  919
 6.39 1.450E-06  405
 6.40 1.747E-06  380
 6.41 1.298E-06  444
 6.42 1.127E-06  492
 6.43 1.954E-06  496
 6.44 1.302E-08  931
 6.45 3.667E-07  700
 6.46 4.162E-09  910
 6.47 5.823E-07  515
 6.48 3.356E-07  566
 6.49 1.845E-07  614
 6.50 1.266E-07  641
 6.51 1.428E-06  680
 6.52 4.058E-06  562
 6.53 3.138E-06  562
 6.54 5.837E-07  680
 6.55 2.648E-07  680
 6.56 4.808E-08  707
 6.57 5.740E-11 1000
 6.58 4.531E-11 1000
 6.59 3.605E-11 1000
 6.60 2.984E-11 1000
 6.61 2.776E-11 1000
 6.62 2.961E-11 1000
 6.63 6.492E-08  707
 6.64 3.980E-08  707
 6.65 5.087E-11 1000
 6.66 6.100E-11 1000
 6.67 6.807E-11 1000
 6.68 7.298E-11 1000
 6.69 7.628E-11 1000
 6.70 1.473E-07  707
 6.71 6.826E-11 1000
 6.72 5.746E-11 1000
 6.73 1.222E-07  562
 6.74 3.187E-06  562
 6.75 3.900E-07  679
 6.76 2.938E-06  563
 6.77 2.840E-06  563
 6.78 7.780E-07  680
 6.79 4.565E-06  562
 6.80 1.190E-06  680
 6.81 6.164E-06  562
 6.82 1.169E-05  563
 6.83 8.813E-06  562
 6.84 1.111E-05  562
 6.85 8.323E-06  562
 6.86 2.384E-06  680
 6.87 2.573E-06  680
 6.88 9.819E-06  562
 6.89 1.291E-05  562
 6.90 1.749E-05  563
 6.91 3.118E-06  680
 6.92 1.694E-05  562
 6.93 3.068E-06  681
 6.94 3.033E-06  680
 6.95 3.025E-06  680
 6.96 3.058E-06  680
 6.97 3.277E-06  680
 6.98 1.139E-05  562
 6.99 3.415E-06  680
 7.00 3.014E-06  681
 7.01 1.098E-05  562
 7.02 6.252E-09 1000
 7.03 8.193E-09 1000
 7.04 5.188E-07  707
 7.05 1.380E-08 1000
 7.06 2.341E-06  707
 7.07 2.337E-08 1000
 7.08 3.016E-08 1000
 7.09 3.896E-08 1000
 7.10 4.282E-06  707
 7.11 6.511E-08 1000
 7.12 8.520E-08 1000
 7.13 1.120E-07 1000
 7.14 1.478E-07 1000
 7.15 1.992E-07 1000
 7.16 9.977E-06  707
 7.17 3.732E-07 1000
 7.18 5.211E-07 1000
 7.19 7.329E-07 1000
 7.20 2.367E-05  707
 7.21 1.449E-03  245
 7.22 1.426E-03  241
 7.23 1.781E-03  194
 7.24 1.871E-03  211
 7.25 1.722E-03  236
 7.26 1.807E-03  202
 7.27 1.602E-03  223
 7.28 9.638E-04  300
 7.29 1.370E-03  277
 7.30 2.237E-03  157
 7.31 2.801E-03  106
 7.32 2.980E-03  154
 7.33 2.918E-03  157
 7.34 3.123E-03  138
 7.35 3.044E-03  123
 7.36 2.752E-03  128
 7.37 2.747E-03  152
 7.38 2.611E-03  143
 7.39 2.777E-03  119
 7.40 3.004E-03  152
 7.41 3.507E-03  198
 7.42 4.445E-03  185
 7.43 5.815E-03  131
 7.44 7.552E-03   83
 7.45 9.546E-03   58
 7.46 1.174E-02   54
 7.47 1.417E-02   62
 7.48 1.724E-02   72
 7.49 2.125E-02   84
 7.50 2.693E-02   95
 7.51 3.488E-02  105
 7.52 4.599E-02  113
 7.53 6.104E-02  118
 7.54 8.063E-02  118
 7.55 1.044E-01  112
 7.56 1.320E-01  103
 7.57 1.605E-01   90
 7.58 1.851E-01   75
 7.59 2.039E-01   58
 7.60 2.149E-01   42
 7.61 2.179E-01   29
 7.62 2.140E-01   20
 7.63 2.060E-01   15
 7.64 1.960E-01   13
 7.65 1.870E-01   13
 7.66 1.790E-01   12
 7.67 1.730E-01   13
 7.68 1.680E-01   15
 7.69 1.650E-01   14
 7.70 1.640E-01   14
 7.71 1.640E-01   14
 7.72 1.640E-01   13
 7.73 1.650E-01   13
 7.74 1.660E-01   13
 7.75 1.660E-01   15
 7.76 1.670E-01   15
 7.77 1.680E-01   14
 7.78 1.700E-01   12
 7.79 1.730E-01   12
 7.80 1.760E-01   12
 7.81 1.790E-01   11
 7.82 1.820E-01   10
 7.83 1.850E-01   10
 7.84 1.880E-01   11
 7.85 1.900E-01   12
 7.86 1.920E-01   13
 7.87 1.930E-01   13
 7.88 1.940E-01   13
 7.89 1.950E-01   13
 7.90 1.970E-01   14
 7.91 1.980E-01   15
 7.92 2.000E-01   17
 7.93 2.040E-01   18
 7.94 2.070E-01   18
 7.95 2.110E-01   16
 7.96 2.160E-01   15
 7.97 2.220E-01   13
 7.98 2.280E-01   13
 7.99 2.330E-01   15
 8.00 2.370E-01   15
 8.01 2.400E-01   16
 8.02 2.430E-01   17
 8.03 2.450E-01   18
 8.04 2.470E-01   17
 8.05 2.480E-01   15
 8.06 2.480E-01   13
 8.07 2.490E-01   12
 8.08 2.490E-01   13
 8.09 2.510E-01   13
 8.10 2.520E-01   15
 8.11 2.520E-01   15
 8.12 2.520E-01   16
 8.13 2.510E-01   16
 8.14 2.490E-01   16
 8.15 2.470E-01   18
 8.16 2.440E-01   20
 8.17 2.410E-01   19
 8.18 2.390E-01   16
 8.19 2.380E-01   15
 8.20 2.360E-01   15
 8.21 2.350E-01   16
 8.22 2.330E-01   17
 8.23 2.320E-01   18
 8.24 2.310E-01   18
 8.25 2.290E-01   19
 8.26 2.260E-01   21
 8.27 2.220E-01   22
 8.28 2.180E-01   21
 8.29 2.140E-01   19
 8.30 2.130E-01   18
 8.31 2.130E-01   19
 8.32 2.130E-01   19
 8.33 2.140E-01   18
 8.34 2.140E-01   17
 8.35 2.130E-01   17
 8.36 2.120E-01   18
 8.37 2.120E-01   19
 8.38 2.130E-01   19
 8.39 2.150E-01   18
 8.40 2.170E-01   18
 8.41 2.180E-01   18
 8.42 2.200E-01   17
 8.43 2.220E-01   17
 8.44 2.240E-01   18
 8.45 2.260E-01   18
 8.46 2.290E-01   18
 8.47 2.320E-01   19
 8.48 2.350E-01   19
 8.49 2.380E-01   19
 8.50 2.410E-01   19
 8.51 2.440E-01   20
 8.52 2.460E-01   21
 8.53 2.480E-01   21
 8.54 2.500E-01   21
 8.55 2.520E-01   21
 8.56 2.540E-01   21
 8.57 2.550E-01   21
 8.58 2.560E-01   21
 8.59 2.560E-01   21
 8.60 2.550E-01   22
 8.61 2.540E-01   23
 8.62 2.530E-01   25
 8.63 2.520E-01   26
 8.64 2.500E-01   27
 8.65 2.490E-01   26
 8.66 2.480E-01   25
 8.67 2.470E-01   24
 8.68 2.460E-01   25
 8.69 2.440E-01   26
 8.70 2.430E-01   26
 8.71 2.410E-01   24
 8.72 2.400E-01   23
 8.73 2.390E-01   23
 8.74 2.360E-01   24
 8.75 2.310E-01   23
 8.76 2.200E-01   23
 8.77 2.010E-01   22
 8.78 1.750E-01   22
 8.79 1.500E-01   22
 8.80 1.360E-01   22
 8.81 1.400E-01   22
 8.82 1.570E-01   22
 8.83 1.800E-01   21
 8.84 2.000E-01   22
 8.85 2.140E-01   22
 8.86 2.220E-01   23
 8.87 2.270E-01   23
 8.88 2.300E-01   24
 8.89 2.330E-01   23
 8.90 2.360E-01   23
 8.91 2.390E-01   24
 8.92 2.410E-01   23
 8.93 2.430E-01   23
 8.94 2.440E-01   22
 8.95 2.440E-01   21
 8.96 2.450E-01   21
 8.97 2.460E-01   21
 8.98 2.460E-01   22
 8.99 2.470E-01   22
 9.00 2.470E-01   23
 9.01 2.460E-01   23
 9.02 2.450E-01   23
 9.03 2.440E-01   22
 9.04 2.430E-01   22
 9.05 2.420E-01   22
 9.06 2.420E-01   22
 9.07 2.430E-01   22
 9.08 2.430E-01   21
 9.09 2.440E-01   21
 9.10 2.450E-01   21
 9.11 2.470E-01   22
 9.12 2.470E-01   22
 9.13 2.480E-01   21
 9.14 2.480E-01   21
 9.15 2.470E-01   20
 9.16 2.460E-01   20
 9.17 2.440E-01   20
 9.18 2.430E-01   21
 9.19 2.410E-01   23
 9.20 2.400E-01   24
 9.21 2.400E-01   24
 9.22 2.390E-01   24
 9.23 2.390E-01   22
 9.24 2.380E-01   20
 9.25 2.380E-01   19
 9.26 2.360E-01   18
 9.27 2.360E-01   18
 9.28 2.350E-01   18
 9.29 2.350E-01   18
 9.30 2.360E-01   18
 9.31 2.360E-01   18
 9.32 2.370E-01   18
 9.33 2.370E-01   18
 9.34 2.370E-01   18
 9.35 2.380E-01   18
 9.36 2.380E-01   17
 9.37 2.370E-01   17
 9.38 2.370E-01   16
 9.39 2.370E-01   16
 9.40 2.380E-01   16
 9.41 2.380E-01   17
 9.42 2.390E-01   17
 9.43 2.390E-01   17
 9.44 2.400E-01   16
 9.45 2.410E-01   16
 9.46 2.420E-01   16
 9.47 2.430E-01   16
 9.48 2.450E-01   15
 9.49 2.470E-01   15
 9.50 2.490E-01   15
 9.51 2.510E-01   15
 9.52 2.520E-01   16
 9.53 2.520E-01   16
 9.54 2.520E-01   17
 9.55 2.510E-01   17
 9.56 2.490E-01   18
 9.57 2.480E-01   18
 9.58 2.460E-01   18
 9.59 2.440E-01   18
 9.60 2.420E-01   16
 9.61 2.400E-01   14
 9.62 2.390E-01   13
 9.63 2.380E-01   13
 9.64 2.380E-01   14
 9.65 2.390E-01   15
 9.66 2.400E-01   16
 9.67 2.420E-01   17
 9.68 2.430E-01   17
 9.69 2.450E-01   16
 9.70 2.460E-01   16
 9.71 2.460E-01   15
 9.72 2.460E-01   13
 9.73 2.460E-01   11
 9.74 2.450E-01   10
 9.75 2.440E-01    9
 9.76 2.440E-01    9
 9.77 2.440E-01   10
 9.78 2.440E-01   11
 9.79 2.450E-01   12
 9.80 2.460E-01   12
 9.81 2.470E-01   13
 9.82 2.480E-01   14
 9.83 2.490E-01   14
 9.84 2.500E-01   14
 9.85 2.510E-01   14
 9.86 2.520E-01   14
 9.87 2.530E-01   15
 9.88 2.540E-01   15
 9.89 2.550E-01   15
 9.90 2.570E-01   13
 9.91 2.590E-01   11
 9.92 2.620E-01    8
 9.93 2.640E-01    6
 9.94 2.670E-01    6
 9.95 2.690E-01    6
 9.96 2.710E-01    5
 9.97 2.730E-01    6
 9.98 2.740E-01    8
 9.99 2.760E-01   10
10.00 2.770E-01   12
10.01 2.790E-01   13
10.02 2.820E-01   13
10.03 2.840E-01   13
10.04 2.870E-01   12
10.05 2.910E-01   12
10.06 2.950E-01   11
10.07 2.990E-01   11
10.08 3.020E-01   11
10.09 3.060E-01   11
10.10 3.100E-01   11
10.11 3.130E-01   13
10.12 3.160E-01   14
10.13 3.190E-01   15
10.14 3.210E-01   16
10.15 3.230E-01   16
10.16 3.250E-01   16
10.17 3.270E-01   15
10.18 3.270E-01   13
10.19 3.270E-01   12
10.20 3.260E-01   11
10.21 3.240E-01   11
10.22 3.220E-01   12
10.23 3.200E-01   12
10.24 3.180E-01   12
10.25 3.170E-01   11
10.26 3.150E-01   10
10.27 3.120E-01   10
10.28 3.100E-01   11
10.29 3.070E-01   12
10.30 3.050E-01   13
10.31 3.020E-01   13
10.32 3.010E-01   13
10.33 3.000E-01   12
10.34 2.990E-01   11
10.35 2.990E-01   10
10.36 2.990E-01    9
10.37 2.990E-01    9
10.38 2.990E-01    9
10.39 2.980E-01    9
10.40 2.970E-01    9
10.41 2.960E-01   10
10.42 2.950E-01   12
10.43 2.940E-01   13
10.44 2.920E-01   14
10.45 2.920E-01   15
10.46 2.910E-01   15
10.47 2.910E-01   15
10.48 2.910E-01   15
10.49 2.920E-01   14
10.50 2.930E-01   13
10.51 2.940E-01   13
10.52 2.950E-01   12
10.53 2.950E-01   12
10.54 2.960E-01   12
10.55 2.970E-01   12
10.56 2.980E-01   12
10.57 2.990E-01   12
10.58 3.010E-01   11
10.59 3.020E-01   11
10.60 3.040E-01   10
10.61 3.050E-01    9
10.62 3.060E-01    9
10.63 3.070E-01    9
10.64 3.080E-01    9
10.65 3.090E-01   10
10.66 3.100E-01   10
10.67 3.110E-01   10
10.68 3.130E-01   10
10.69 3.140E-01   11
10.70 3.140E-01   13
10.71 3.150E-01   14
10.72 3.150E-01   16
10.73 3.140E-01   17
10.74 3.130E-01   18
10.75 3.120E-01   18
10.76 3.110E-01   19
10.77 3.100E-01   19
10.78 3.090E-01   19
10.79 3.080E-01   17
10.80 3.080E-01   15
10.81 3.080E-01   13
10.82 3.090E-01   11
10.83 3.100E-01   10
10.84 3.110E-01   10
10.85 3.120E-01   10
10.86 3.130E-01   12
10.87 3.130E-01   13
10.88 3.120E-01   14
10.89 3.110E-01   14
10.90 3.100E-01   13
10.91 3.080E-01   13
10.92 3.060E-01   13
10.93 3.050E-01   13
10.94 3.030E-01   13
10.95 3.010E-01   14
10.96 3.000E-01   14
10.97 2.990E-01   15
10.98 2.980E-01   15
10.99 2.980E-01   17
11.00 2.980E-01   18
11.01 2.980E-01   20
11.02 2.990E-01   21
11.03 3.000E-01   22
11.04 3.010E-01   22
11.05 3.010E-01   21
11.06 3.010E-01   21
11.07 3.000E-01   19
11.08 2.990E-01   18
11.09 2.990E-01   17
11.10 2.980E-01   17
11.11 2.980E-01   16
11.12 2.970E-01   15
11.13 2.970E-01   15
11.14 2.970E-01   15
11.15 2.960E-01   16
11.16 2.960E-01   16
11.17 2.940E-01   17
11.18 2.930E-01   17
11.19 2.910E-01   18
11.20 2.890E-01   17
11.21 2.870E-01   17
11.22 2.850E-01   17
11.23 2.830E-01   16
11.24 2.820E-01   15
11.25 2.810E-01   15
11.26 2.800E-01   15
11.27 2.800E-01   15
11.28 2.810E-01   16
11.29 2.810E-01   16
11.30 2.820E-01   16
11.31 2.830E-01   16
11.32 2.850E-01   17
11.33 2.860E-01   17
11.34 2.870E-01   18
11.35 2.880E-01   18
11.36 2.890E-01   17
11.37 2.890E-01   17
11.38 2.900E-01   16
11.39 2.900E-01   15
11.40 2.910E-01   14
11.41 2.910E-01   14
11.42 2.920E-01   14
11.43 2.930E-01   14
11.44 2.940E-01   14
11.45 2.950E-01   14
11.46 2.960E-01   14
11.47 2.980E-01   14
11.48 2.990E-01   13
11.49 3.010E-01   13
11.50 3.020E-01   14
11.51 3.040E-01   15
11.52 3.060E-01   16
11.53 3.080E-01   17
11.54 3.100E-01   17
11.55 3.120E-01   18
11.56 3.140E-01   18
11.57 3.150E-01   18
11.58 3.160E-01   19
11.59 3.170E-01   19
11.60 3.170E-01   18
11.61 3.180E-01   18
11.62 3.180E-01   17
11.63 3.190E-01   15
11.64 3.190E-01   14
11.65 3.200E-01   14
11.66 3.200E-01   14
11.67 3.210E-01   14
11.68 3.210E-01   15
11.69 3.210E-01   16
11.70 3.210E-01   16
11.71 3.200E-01   16
11.72 3.190E-01   16
11.73 3.170E-01   16
11.74 3.150E-01   17
11.75 3.140E-01   17
11.76 3.120E-01   18
11.77 3.100E-01   19
11.78 3.090E-01   20
11.79 3.080E-01   21
11.80 3.070E-01   22
11.81 3.070E-01   22
11.82 3.060E-01   22
11.83 3.060E-01   21
11.84 3.060E-01   20
11.85 3.050E-01   20
11.86 3.040E-01   19
11.87 3.030E-01   18
11.88 3.020E-01   16
11.89 3.010E-01   15
11.90 2.990E-01   15
11.91 2.980E-01   14
11.92 2.970E-01   14
11.93 2.960E-01   15
11.94 2.950E-01   16
11.95 2.950E-01   16
11.96 2.940E-01   17
11.97 2.940E-01   18
11.98 2.940E-01   19
11.99 2.930E-01   21
12.00 2.930E-01   22
12.01 2.920E-01   22
12.02 2.910E-01   23
12.03 2.900E-01   23
12.04 2.890E-01   23
12.05 2.880E-01   22
12.06 2.860E-01   21
12.07 2.850E-01   20
12.08 2.830E-01   19
12.09 2.830E-01   18
12.10 2.820E-01   17
12.11 2.820E-01   17
12.12 2.820E-01   18
12.13 2.830E-01   18
12.14 2.840E-01   19
12.15 2.850E-01   20
12.16 2.860E-01   20
12.17 2.870E-01   21
12.18 2.880E-01   21
12.19 2.890E-01   21
12.20 2.910E-01   20
12.21 2.910E-01   19
12.22 2.920E-01   18
12.23 2.930E-01   17
12.24 2.930E-01   16
12.25 2.940E-01   16
12.26 2.940E-01   17
12.27 2.940E-01   18
12.28 2.950E-01   18
12.29 2.950E-01   18
12.30 2.960E-01   19
12.31 2.970E-01   18
12.32 2.990E-01   18
12.33 3.010E-01   18
12.34 3.030E-01   19
12.35 3.050E-01   19
12.36 3.070E-01   20
12.37 3.090E-01   21
12.38 3.110E-01   22
12.39 3.140E-01   23
12.40 3.160E-01   23
12.41 3.190E-01   23
12.42 3.220E-01   22
12.43 3.240E-01   22
12.44 3.270E-01   21
12.45 3.290E-01   20
12.46 3.320E-01   20
12.47 3.340E-01   19
12.48 3.360E-01   19
12.49 3.370E-01   19
12.50 3.380E-01   19
12.51 3.390E-01   20
12.52 3.400E-01   20
12.53 3.390E-01   20
12.54 3.390E-01   21
12.55 3.380E-01   22
12.56 3.370E-01   22
12.57 3.360E-01   23
12.58 3.350E-01   24
12.59 3.340E-01   24
12.60 3.340E-01   24
12.61 3.340E-01   24
12.62 3.340E-01   24
12.63 3.350E-01   24
12.64 3.360E-01   24
12.65 3.370E-01   25
12.66 3.380E-01   26
12.67 3.379E-01   26
12.68 3.389E-01   26
12.69 3.389E-01   26
12.70 3.389E-01   25
12.71 3.389E-01   24
12.72 3.389E-01   23
12.73 3.390E-01   21
12.74 3.390E-01   20
12.75 3.390E-01   19
12.76 3.400E-01   19
12.77 3.400E-01   19
12.78 3.410E-01   20
12.79 3.420E-01   21
12.80 3.430E-01   22
12.81 3.440E-01   23
12.82 3.460E-01   23
12.83 3.480E-01   23
12.84 3.500E-01   22
12.85 3.520E-01   22
12.86 3.550E-01   21
12.87 3.570E-01   20
12.88 3.590E-01   20
12.89 3.620E-01   20
12.90 3.630E-01   20
12.91 3.650E-01   19
12.92 3.660E-01   19
12.93 3.670E-01   19
12.94 3.670E-01   19
12.95 3.680E-01   19
12.96 3.680E-01   19
12.97 3.670E-01   20
12.98 3.670E-01   20
12.99 3.670E-01   20
13.00 3.670E-01   20
13.01 3.670E-01   21
13.02 3.670E-01   21
13.03 3.680E-01   22
13.04 3.690E-01   22
13.05 3.700E-01   23
13.06 3.710E-01   23
13.07 3.730E-01   23
13.08 3.760E-01   23
13.09 3.780E-01   23
13.10 3.810E-01   23
13.11 3.840E-01   22
13.12 3.870E-01   22
13.13 3.900E-01   22
13.14 3.920E-01   22
13.15 3.950E-01   22
13.16 3.980E-01   22
13.17 4.000E-01   22
13.18 4.020E-01   23
13.19 4.040E-01   23
13.20 4.060E-01   23
13.21 4.080E-01   24
13.22 4.090E-01   24
13.23 4.100E-01   24
13.24 4.110E-01   24
13.25 4.120E-01   24
13.26 4.130E-01   24
13.27 4.140E-01   24
13.28 4.140E-01   24
13.29 4.140E-01   24
13.30 4.140E-01   24
13.31 4.140E-01   24
13.32 4.130E-01   24
13.33 4.120E-01   24
13.34 4.100E-01   24
13.35 4.090E-01   24
13.36 4.080E-01   24
13.37 4.060E-01   25
13.38 4.050E-01   25
13.39 4.040E-01   25
13.40 4.030E-01   25
13.41 4.030E-01   25
13.42 4.030E-01   25
13.43 4.030E-01   24
13.44 4.030E-01   24
13.45 4.040E-01   24
13.46 4.040E-01   24
13.47 4.050E-01   24
13.48 4.050E-01   24
13.49 4.060E-01   24
13.50 4.060E-01   24
13.51 4.060E-01   25
13.52 4.060E-01   25
13.53 4.060E-01   25
13.54 4.060E-01   26
13.55 4.060E-01   26
13.56 4.060E-01   26
13.57 4.070E-01   26
13.58 4.070E-01   26
13.59 4.080E-01   25
13.60 4.080E-01   25
13.61 4.090E-01   24
13.62 4.090E-01   24
13.63 4.100E-01   24
13.64 4.100E-01   24
13.65 4.100E-01   24
13.66 4.090E-01   24
13.67 4.090E-01   24
13.68 4.080E-01   25
13.69 4.070E-01   25
13.70 4.060E-01   25
13.71 4.050E-01   26
13.72 4.040E-01   26
13.73 4.030E-01   26
13.74 4.020E-01   26
13.75 4.010E-01   26
13.76 4.010E-01   26
13.77 4.010E-01   26
13.78 4.010E-01   27
13.79 4.010E-01   27
13.80 4.020E-01   28
13.81 4.020E-01   28
13.82 4.030E-01   29
13.83 4.040E-01   28
13.84 4.040E-01   28
13.85 4.040E-01   28
13.86 4.050E-01   28
13.87 4.050E-01   28
13.88 4.050E-01   28
13.89 4.050E-01   28
13.90 4.050E-01   29
13.91 4.060E-01   29
13.92 4.060E-01   30
13.93 4.060E-01   31
13.94 4.070E-01   31
13.95 4.080E-01   32
13.96 4.090E-01   32
13.97 4.100E-01   32
13.98 4.110E-01   32
13.99 4.120E-01   32
14.00 4.140E-01   33
14.01 4.150E-01   33
14.02 4.160E-01   33
14.03 4.170E-01   34
14.04 4.180E-01   34
14.05 4.180E-01   35
14.06 4.190E-01   35
14.07 4.190E-01   35
14.08 4.180E-01   35
14.09 4.180E-01   35
14.10 4.170E-01   34
14.11 4.170E-01   34
14.12 4.160E-01   32
14.13 4.150E-01   31
14.14 4.150E-01   30
14.15 4.150E-01   29
14.16 4.140E-01   28
14.17 4.150E-01   27
14.18 4.150E-01   27
14.19 4.160E-01   26
14.20 4.160E-01   26
14.21 4.170E-01   26
14.22 4.180E-01   26
14.23 4.180E-01   26
14.24 4.190E-01   26
14.25 4.190E-01   26
14.26 4.190E-01   27
14.27 4.180E-01   27
14.28 4.170E-01   28
14.29 4.170E-01   29
14.30 4.160E-01   29
14.31 4.150E-01   30
14.32 4.150E-01   30
14.33 4.140E-01   30
14.34 4.140E-01   30
14.35 4.140E-01   30
14.36 4.150E-01   30
14.37 4.150E-01   29
14.38 4.160E-01   29
14.39 4.170E-01   28
14.40 4.180E-01   28
14.41 4.180E-01   27
14.42 4.190E-01   27
14.43 4.200E-01   27
14.44 4.200E-01   27
14.45 4.200E-01   27
14.46 4.200E-01   27
14.47 4.190E-01   27
14.48 4.180E-01   28
14.49 4.170E-01   28
14.50 4.160E-01   29
14.51 4.150E-01   29
14.52 4.140E-01   29
14.53 4.130E-01   29
14.54 4.120E-01   29
14.55 4.110E-01   28
14.56 4.100E-01   28
14.57 4.090E-01   28
14.58 4.080E-01   27
14.59 4.070E-01   27
14.60 4.060E-01   27
14.61 4.050E-01   26
14.62 4.040E-01   26
14.63 4.030E-01   26
14.64 4.020E-01   26
14.65 4.010E-01   25
14.66 4.000E-01   25
14.67 3.990E-01   26
14.68 3.980E-01   26
14.69 3.980E-01   26
14.70 3.970E-01   26
14.71 3.970E-01   27
14.72 3.960E-01   28
14.73 3.960E-01   28
14.74 3.950E-01   29
14.75 3.950E-01   29
14.76 3.950E-01   30
14.77 3.940E-01   30
14.78 3.930E-01   29
14.79 3.920E-01   29
14.80 3.910E-01   29
14.81 3.910E-01   28
14.82 3.890E-01   28
14.83 3.880E-01   28
14.84 3.870E-01   27
14.85 3.860E-01   27
14.86 3.850E-01   27
14.87 3.840E-01   27
14.88 3.830E-01   27
14.89 3.820E-01   27
14.90 3.810E-01   27
14.91 3.800E-01   27
14.92 3.790E-01   27
14.93 3.770E-01   27
14.94 3.760E-01   27
14.95 3.750E-01   27
14.96 3.730E-01   28
14.97 3.720E-01   28
14.98 3.710E-01   29
14.99 3.690E-01   30
15.00 3.680E-01   30
15.01 3.670E-01   30
15.02 3.660E-01   30
15.03 3.650E-01   30
15.04 3.640E-01   30
15.05 3.630E-01   30
15.06 3.620E-01   30
15.07 3.610E-01   29
15.08 3.600E-01   29
15.09 3.590E-01   28
15.10 3.570E-01   28
15.11 3.560E-01   28
15.12 3.550E-01   28
15.13 3.530E-01   28
15.14 3.510E-01   28
15.15 3.490E-01   28
15.16 3.470E-01   27
15.17 3.440E-01   27
15.18 3.410E-01   27
15.19 3.380E-01   28
15.20 3.350E-01   28
15.21 3.320E-01   28
15.22 3.280E-01   29
15.23 3.250E-01   29
15.24 3.210E-01   30
15.25 3.180E-01   31
15.26 3.150E-01   31
15.27 3.110E-01   31
15.28 3.080E-01   32
15.29 3.050E-01   32
15.30 3.020E-01   32
15.31 2.990E-01   31
15.32 2.970E-01   31
15.33 2.940E-01   31
15.34 2.910E-01   30
15.35 2.880E-01   30
15.36 2.850E-01   30
15.37 2.820E-01   30
15.38 2.791E-01   29
15.39 2.761E-01   29
15.40 2.731E-01   29
15.41 2.701E-01   28
15.42 2.671E-01   28
15.43 2.650E-01   28
15.44 2.620E-01   28
15.45 2.600E-01   27
15.46 2.590E-01   27
15.47 2.570E-01   27
15.48 2.560E-01   27
15.49 2.550E-01   27
15.50 2.540E-01   28
15.51 2.540E-01   28
15.52 2.540E-01   28
15.53 2.530E-01   28
15.54 2.530E-01   28
15.55 2.530E-01   28
15.56 2.530E-01   27
15.57 2.530E-01   27
15.58 2.540E-01   27
15.59 2.540E-01   27
15.60 2.540E-01   28
15.61 2.540E-01   28
15.62 2.550E-01   28
15.63 2.550E-01   29
15.64 2.560E-01   30
15.65 2.560E-01   30
15.66 2.570E-01   31
15.67 2.570E-01   32
15.68 2.580E-01   32
15.69 2.580E-01   33
15.70 2.580E-01   33
15.71 2.590E-01   33
15.72 2.590E-01   32
15.73 2.590E-01   32
15.74 2.590E-01   31
15.75 2.580E-01   31
15.76 2.580E-01   30
15.77 2.580E-01   30
15.78 2.570E-01   29
15.79 2.570E-01   29
15.80 2.560E-01   29
15.81 2.550E-01   29
15.82 2.550E-01   29
15.83 2.540E-01   29
15.84 2.530E-01   29
15.85 2.520E-01   29
15.86 2.500E-01   29
15.87 2.490E-01   29
15.88 2.480E-01   29
15.89 2.460E-01   29
15.90 2.450E-01   30
15.91 2.430E-01   30
15.92 2.410E-01   31
15.93 2.400E-01   31
15.94 2.380E-01   32
15.95 2.360E-01   32
15.96 2.350E-01   32
15.97 2.330E-01   32
15.98 2.320E-01   32
15.99 2.310E-01   32
16.00 2.300E-01   32
16.01 2.290E-01   31
16.02 2.280E-01   31
16.03 2.270E-01   30
16.04 2.270E-01   30
16.05 2.260E-01   29
16.06 2.260E-01   29
16.07 2.260E-01   29
16.08 2.260E-01   29
16.09 2.260E-01   29
16.10 2.250E-01   29
16.11 2.250E-01   30
16.12 2.250E-01   30
16.13 2.240E-01   30
16.14 2.240E-01   30
16.15 2.240E-01   30
16.16 2.230E-01   30
16.17 2.220E-01   30
16.18 2.220E-01   30
16.19 2.210E-01   31
16.20 2.200E-01   31
16.21 2.190E-01   31
16.22 2.180E-01   32
16.23 2.170E-01   32
16.24 2.150E-01   33
16.25 2.140E-01   34
16.26 2.120E-01   35
16.27 2.100E-01   36
16.28 2.080E-01   38
16.29 2.060E-01   39
16.30 2.030E-01   41
16.31 2.000E-01   42
16.32 1.971E-01   44
16.33 1.941E-01   45
16.34 1.911E-01   46
16.35 1.871E-01   47
16.36 1.831E-01   48
16.37 1.791E-01   48
16.38 1.751E-01   49
16.39 1.711E-01   49
16.40 1.671E-01   49
16.41 1.621E-01   49
16.42 1.581E-01   49
16.43 1.531E-01   49
16.44 1.491E-01   49
16.45 1.441E-01   49
16.46 1.391E-01   50
16.47 1.351E-01   50
16.48 1.301E-01   50
16.49 1.251E-01   51
16.50 1.211E-01   51
16.51 1.161E-01   52
16.52 1.121E-01   52
16.53 1.071E-01   52
16.54 1.031E-01   52
16.55 9.826E-02   53
16.56 9.395E-02   53
16.57 8.975E-02   53
16.58 8.574E-02   53
16.59 8.164E-02   53
16.60 7.784E-02   53
16.61 7.415E-02   53
16.62 7.055E-02   53
16.63 6.705E-02   53
16.64 6.366E-02   53
16.65 6.056E-02   54
16.66 5.746E-02   54
16.67 5.446E-02   54
16.68 5.175E-02   54
16.69 4.915E-02   54
16.70 4.664E-02   55
16.71 4.433E-02   55
16.72 4.203E-02   55
16.73 3.992E-02   56
16.74 3.802E-02   57
16.75 3.602E-02   57
16.76 3.432E-02   59
16.77 3.272E-02   60
16.78 3.112E-02   62
16.79 2.972E-02   63
16.80 2.833E-02   65
16.81 2.702E-02   66
16.82 2.582E-02   68
16.83 2.462E-02   69
16.84 2.362E-02   69
16.85 2.261E-02   70
16.86 2.161E-02   70
16.87 2.071E-02   69
16.88 1.980E-02   69
16.89 1.900E-02   68
16.90 1.829E-02   66
16.91 1.749E-02   65
16.92 1.688E-02   62
16.93 1.618E-02   61
16.94 1.558E-02   59
16.95 1.508E-02   57
16.96 1.448E-02   56
16.97 1.398E-02   54
16.98 1.348E-02   53
16.99 1.308E-02   51
17.00 1.268E-02   50
17.01 1.228E-02   50
17.02 1.188E-02   49
17.03 1.148E-02   50
17.04 1.117E-02   50
17.05 1.078E-02   51
17.06 1.047E-02   52
17.07 1.017E-02   53
17.08 9.841E-03   54
17.09 9.527E-03   56
17.10 9.220E-03   58
17.11 8.904E-03   59
17.12 8.581E-03   60
17.13 8.264E-03   62
17.14 7.939E-03   63
17.15 7.596E-03   63
17.16 7.261E-03   63
17.17 6.905E-03   62
17.18 6.539E-03   61
17.19 6.171E-03   60
17.20 5.805E-03   59
17.21 5.428E-03   58
17.22 5.052E-03   56
17.23 4.674E-03   55
17.24 4.306E-03   55
17.25 3.927E-03   55
17.26 3.567E-03   56
17.27 3.206E-03   59
17.28 2.844E-03   62
17.29 2.495E-03   71
17.30 2.175E-03   80
17.31 1.847E-03   93
17.32 1.553E-03  120
17.33 1.250E-03  149
17.34 9.764E-04  217
17.35 6.603E-04  361
17.36 7.003E-04  464
17.37 4.424E-04  467
17.38 2.304E-03  707
17.39 2.469E-03  707
17.40 2.486E-03  707
17.41 2.345E-03  707
17.42 2.029E-03  707
17.43 1.590E-03  707
17.44 1.059E-03  707
17.45 4.373E-04  707
17.46 1.136E-03 1000
17.47 2.343E-04  707
17.48 6.431E-04  707
17.49 8.803E-04  707
17.50 1.010E-03  707
17.51 1.365E-03  594
17.52 1.328E-03  582
17.53 1.098E-03  568
17.54 9.208E-04  552
17.55 7.691E-04  533
17.56 6.316E-04  512
17.57 5.031E-04  487
17.58 3.633E-04  460
17.59 4.194E-04  475
17.60 3.795E-04  432
17.61 3.458E-04  388
17.62 3.171E-04  348
17.63 2.936E-04  313
17.64 2.648E-04  295
17.65 2.184E-04  281
17.66 2.046E-04  280
17.67 1.870E-04  279
17.68 1.695E-04  277
17.69 1.526E-04  277
17.70 1.367E-04  276
17.71 1.189E-04  276
17.72 1.110E-04  285
17.73 1.035E-04  285
17.74 9.726E-05  284
17.75 9.178E-05  284
17.76 8.668E-05  284
17.77 8.116E-05  284
17.78 7.646E-05  283
17.79 7.226E-05  283
17.80 6.856E-05  282
17.81 6.541E-05  283
17.82 6.241E-05  282
17.83 5.972E-05  281
17.84 5.727E-05  281
17.85 5.509E-05  282
17.86 5.301E-05  281
17.87 5.116E-05  282
17.88 4.928E-05  280
17.89 4.837E-05  281
17.90 4.743E-05  280
17.91 4.658E-05  281
17.92 4.571E-05  278
17.93 4.494E-05  279
17.94 4.415E-05  279
17.95 4.336E-05  279
17.96 4.870E-05  268
17.97 5.029E-05  268
17.98 5.067E-05  267
17.99 5.043E-05  267
18.00 5.011E-05  268
18.01 4.952E-05  267
18.02 4.927E-05  268
18.03 4.815E-05  266
18.04 4.608E-05  267
18.05 3.995E-05  276
18.06 4.016E-05  276
18.07 4.031E-05  277
18.08 4.037E-05  276
18.09 4.056E-05  276
18.10 4.064E-05  275
18.11 4.085E-05  275
18.12 4.095E-05  276
18.13 4.110E-05  274
18.14 4.113E-05  276
18.15 4.110E-05  275
18.16 4.116E-05  274
18.17 4.121E-05  273
18.18 4.119E-05  272
18.19 4.729E-05  263
18.20 4.957E-05  263
18.21 5.051E-05  262
18.22 5.058E-05  261
18.23 5.021E-05  260
18.24 4.962E-05  261
18.25 4.851E-05  260
18.26 4.705E-05  260
18.27 4.502E-05  258
18.28 4.280E-05  259
18.29 3.950E-05  259
18.30 3.908E-05  266
18.31 3.856E-05  266
18.32 3.794E-05  267
18.33 3.743E-05  265
18.34 3.692E-05  265
18.35 3.642E-05  264
18.36 3.591E-05  264
18.37 3.541E-05  263
18.38 3.491E-05  263
18.39 3.432E-05  263
18.40 3.355E-05  262
18.41 3.278E-05  262
18.42 3.202E-05  262
18.43 3.135E-05  261
18.44 3.058E-05  262
18.45 2.853E-05  253
18.46 3.188E-05  253
18.47 3.262E-05  253
18.48 3.274E-05  252
18.49 3.255E-05  252
18.50 3.219E-05  252
18.51 3.169E-05  251
18.52 3.100E-05  252
18.53 3.038E-05  251
18.54 2.965E-05  251
18.55 2.873E-05  252
18.56 2.778E-05  252
18.57 2.674E-05  252
18.58 2.569E-05  252
18.59 2.490E-05  252
18.60 2.453E-05  252
18.61 2.441E-05  251
18.62 2.411E-05  251
18.63 2.353E-05  251
18.64 2.226E-05  252
18.65 1.990E-05  260
18.66 1.968E-05  260
18.67 1.946E-05  260
18.68 1.934E-05  260
18.69 1.914E-05  260
18.70 1.893E-05  261
18.71 1.884E-05  261
18.72 1.865E-05  262
18.73 1.857E-05  261
18.74 2.076E-05  253
18.75 2.129E-05  254
18.76 2.143E-05  253
18.77 2.123E-05  254
18.78 2.074E-05  254
18.79 1.971E-05  254
18.80 1.758E-05  263
18.81 1.742E-05  263
18.82 1.736E-05  262
18.83 1.719E-05  263
18.84 1.703E-05  263
18.85 1.687E-05  263
18.86 1.680E-05  263
18.87 1.664E-05  263
18.88 1.647E-05  263
18.89 1.630E-05  263
18.90 1.622E-05  262
18.91 1.594E-05  254
18.92 1.723E-05  255
18.93 1.776E-05  255
18.94 1.810E-05  255
18.95 1.830E-05  255
18.96 1.832E-05  255
18.97 1.816E-05  256
18.98 1.782E-05  255
18.99 1.681E-05  255
19.00 1.450E-05  264
19.01 1.431E-05  265
19.02 1.412E-05  265
19.03 1.393E-05  265
19.04 1.374E-05  265
19.05 1.355E-05  266
19.06 1.345E-05  265
19.07 1.325E-05  266
19.08 1.336E-05  257
19.09 1.511E-05  257
19.10 1.523E-05  258
19.11 1.513E-05  257
19.12 1.485E-05  257
19.13 1.437E-05  258
19.14 1.389E-05  258
19.15 1.343E-05  258
19.16 1.300E-05  257
19.17 1.259E-05  259
19.18 1.239E-05  259
19.19 1.229E-05  258
19.20 1.228E-05  258
19.21 1.238E-05  258
19.22 1.255E-05  258
19.23 1.277E-05  259
19.24 1.297E-05  259
19.25 1.323E-05  258
19.26 1.334E-05  258
19.27 1.338E-05  259
19.28 1.336E-05  259
19.29 1.334E-05  257
19.30 1.319E-05  258
19.31 1.298E-05  258
19.32 1.272E-05  259
19.33 1.244E-05  259
19.34 1.223E-05  257
19.35 1.197E-05  259
19.36 1.185E-05  258
19.37 1.167E-05  259
19.38 1.159E-05  259
19.39 1.141E-05  260
19.40 1.128E-05  260
19.41 1.103E-05  262
19.42 1.083E-05  261
19.43 1.050E-05  262
19.44 1.025E-05  262
19.45 1.006E-05  261
19.46 9.896E-06  263
19.47 9.964E-06  262
19.48 1.003E-05  264
19.49 1.021E-05  263
19.50 1.030E-05  264
19.51 1.045E-05  263
19.52 1.047E-05  264
19.53 1.053E-05  263
19.54 1.045E-05  264
19.55 1.040E-05  262
19.56 1.019E-05  264
19.57 1.000E-05  262
19.58 9.653E-06  263
19.59 9.313E-06  262
19.60 8.792E-06  263
19.61 8.328E-06  261
19.62 8.081E-06  263
19.63 8.307E-06  262
19.64 8.549E-06  262
19.65 8.709E-06  262
19.66 8.808E-06  261
19.67 8.835E-06  261
19.68 8.828E-06  260
19.69 8.788E-06  260
19.70 8.735E-06  260
19.71 8.691E-06  259
19.72 8.632E-06  258
19.73 8.579E-06  258
19.74 8.528E-06  258
19.75 8.486E-06  257
19.76 8.429E-06  257
19.77 8.366E-06  257
19.78 8.291E-06  256
19.79 8.215E-06  256
19.80 8.125E-06  255
19.81 8.015E-06  256
19.82 7.920E-06  255
19.83 7.832E-06  255
19.84 7.765E-06  255
19.85 7.728E-06  255
19.86 7.710E-06  255
19.87 7.712E-06  255
19.88 7.706E-06  255
19.89 7.717E-06  255
19.90 7.702E-06  255
19.91 7.683E-06  255
19.92 7.634E-06  254
19.93 7.521E-06  255
19.94 7.333E-06  254
19.95 6.956E-06  255
19.96 6.484E-06  254
19.97 6.841E-06  254
19.98 7.396E-06  254
19.99 7.799E-06  254
20.00 7.974E-06  254
20.01 7.561E-06  254
20.02 6.909E-06  254
20.03 6.520E-06  262
20.04 6.468E-06  262
20.05 6.425E-06  261
20.06 6.372E-06  261
20.07 6.319E-06  262
20.08 6.265E-06  262
20.09 6.221E-06  262
20.10 6.177E-06  261
20.11 6.131E-06  261
20.12 6.414E-06  253
20.13 6.862E-06  252
20.14 7.053E-06  252
20.15 7.147E-06  252
20.16 7.161E-06  251
20.17 7.143E-06  252
20.18 7.109E-06  251
20.19 7.074E-06  251
20.20 7.004E-06  251
20.21 6.901E-06  251
20.22 6.787E-06  250
20.23 6.679E-06  250
20.24 6.546E-06  250
20.25 6.381E-06  249
20.26 6.189E-06  250
20.27 5.892E-06  249
20.28 5.606E-06  249
20.29 5.986E-06  249
20.30 6.187E-06  248
20.31 6.274E-06  248
20.32 6.314E-06  248
20.33 6.304E-06  248
20.34 6.276E-06  248
20.35 6.251E-06  247
20.36 6.183E-06  247
20.37 5.994E-06  247
20.38 5.283E-06  247
20.39 5.051E-06  254
20.40 5.023E-06  254
20.41 4.995E-06  253
20.42 4.968E-06  254
20.43 4.963E-06  254
20.44 5.602E-06  246
20.45 5.740E-06  246
20.46 5.773E-06  247
20.47 5.793E-06  247
20.48 5.814E-06  247
20.49 5.833E-06  247
20.50 5.844E-06  247
20.51 5.847E-06  247
20.52 5.869E-06  247
20.53 5.860E-06  247
20.54 5.783E-06  248
20.55 5.698E-06  249
20.56 5.604E-06  249
20.57 5.476E-06  249
20.58 5.265E-06  249
20.59 4.602E-06  249
20.60 4.824E-06  259
20.61 4.820E-06  259
20.62 4.827E-06  258
20.63 4.814E-06  260
20.64 4.812E-06  260
20.65 4.810E-06  260
20.66 4.809E-06  261
20.67 4.808E-06  261
20.68 5.591E-06  254
20.69 5.855E-06  254
20.70 5.952E-06  254
20.71 5.970E-06  255
20.72 5.928E-06  255
20.73 5.881E-06  255
20.74 5.845E-06  256
20.75 5.807E-06  257
20.76 5.776E-06  256
20.77 5.734E-06  256
20.78 5.687E-06  257
20.79 5.713E-06  256
20.80 5.762E-06  256
20.81 5.803E-06  257
20.82 5.859E-06  256
20.83 5.857E-06  257
20.84 5.784E-06  256
20.85 5.695E-06  256
20.86 5.573E-06  257
20.87 5.433E-06  256
20.88 5.443E-06  257
20.89 5.546E-06  257
20.90 5.597E-06  256
20.91 5.640E-06  257
20.92 5.640E-06  256
20.93 5.576E-06  257
20.94 5.487E-06  257
20.95 5.402E-06  256
20.96 5.249E-06  257
20.97 4.847E-06  256
20.98 4.589E-06  265
20.99 4.573E-06  266
21.00 4.568E-06  265
21.01 4.562E-06  264
21.02 4.547E-06  265
21.03 4.999E-06  256
21.04 5.350E-06  255
21.05 5.500E-06  256
21.06 5.582E-06  255
21.07 5.636E-06  255
21.08 5.704E-06  255
21.09 5.719E-06  255
21.10 5.654E-06  256
21.11 5.531E-06  255
21.12 5.372E-06  255
21.13 5.079E-06  255
21.14 4.419E-06  264
21.15 4.412E-06  263
21.16 4.406E-06  264
21.17 4.397E-06  263
21.18 4.380E-06  264
21.19 4.371E-06  263
21.20 4.363E-06  264
21.21 4.345E-06  265
21.22 4.336E-06  264
21.23 4.328E-06  264
21.24 4.319E-06  264
21.25 4.300E-06  265
21.26 4.303E-06  265
21.27 4.306E-06  265
21.28 4.260E-06  257
21.29 4.779E-06  258
21.30 4.994E-06  258
21.31 5.106E-06  260
21.32 5.134E-06  260
21.33 5.096E-06  260
21.34 4.978E-06  262
21.35 4.780E-06  262
21.36 4.745E-06  262
21.37 4.987E-06  263
21.38 5.196E-06  263
21.39 5.359E-06  264
21.40 5.487E-06  264
21.41 5.501E-06  265
21.42 5.400E-06  265
21.43 5.228E-06  266
21.44 4.808E-06  267
21.45 4.260E-06  279
21.46 4.265E-06  280
21.47 4.744E-06  271
21.48 5.124E-06  271
21.49 5.362E-06  273
21.50 5.470E-06  274
21.51 5.347E-06  275
21.52 4.879E-06  275
21.53 4.255E-06  288
21.54 4.259E-06  289
21.55 4.251E-06  291
21.56 4.250E-06  291
21.57 5.252E-06  281
21.58 5.566E-06  282
21.59 5.724E-06  284
21.60 5.765E-06  283
21.61 5.685E-06  285
21.62 5.550E-06  286
21.63 5.400E-06  287
21.64 5.255E-06  288
21.65 5.154E-06  290
21.66 5.155E-06  291
21.67 5.132E-06  293
21.68 5.133E-06  294
21.69 5.272E-06  295
21.70 5.456E-06  296
21.71 5.619E-06  297
21.72 5.774E-06  299
21.73 5.871E-06  300
21.74 5.841E-06  301
21.75 5.735E-06  303
21.76 5.570E-06  304
21.77 5.254E-06  305
21.78 4.760E-06  307
21.79 4.875E-06  308
21.80 5.154E-06  309
21.81 5.300E-06  310
21.82 5.470E-06  313
21.83 5.514E-06  314
21.84 5.264E-06  315
21.85 4.364E-06  318
21.86 4.113E-06  337
21.87 4.113E-06  338
21.88 4.095E-06  341
21.89 4.096E-06  342
21.90 4.097E-06  343
21.91 4.087E-06  345
21.92 4.079E-06  347
21.93 4.068E-06  349
21.94 4.069E-06  350
21.95 4.050E-06  353
21.96 4.051E-06  354
21.97 4.033E-06  357
21.98 4.928E-06  337
21.99 5.337E-06  338
22.00 5.583E-06  340
22.01 5.774E-06  341
22.02 5.853E-06  342
22.03 5.843E-06  343
22.04 5.786E-06  346
22.05 5.682E-06  347
22.06 5.565E-06  348
22.07 5.517E-06  349
22.08 5.560E-06  350
22.09 5.625E-06  352
22.10 5.695E-06  353
22.11 5.787E-06  355
22.12 5.772E-06  356
22.13 5.606E-06  357
22.14 5.359E-06  359
22.15 5.033E-06  360
22.16 4.437E-06  361
22.17 3.644E-06  388
22.18 3.626E-06  390
22.19 3.601E-06  393
22.20 3.584E-06  394
22.21 3.567E-06  396
22.22 3.549E-06  397
22.23 3.532E-06  398
22.24 3.508E-06  402
22.25 3.491E-06  403
22.26 3.484E-06  404
22.27 3.469E-06  405
22.28 3.454E-06  407
22.29 3.438E-06  408
22.30 3.720E-06  380
22.31 4.893E-06  382
22.32 5.341E-06  382
22.33 5.607E-06  383
22.34 5.815E-06  385
22.35 6.025E-06  386
22.36 6.177E-06  388
22.37 6.143E-06  389
22.38 5.950E-06  390
22.39 5.564E-06  391
22.40 4.639E-06  393
22.41 3.357E-06  429
22.42 3.354E-06  430
22.43 3.360E-06  431
22.44 3.362E-06  434
22.45 3.941E-06  399
22.46 4.811E-06  400
22.47 4.878E-06  402
22.48 4.278E-06  403
22.49 3.373E-06  441
22.50 3.381E-06  442
22.51 3.367E-06  445
22.52 3.376E-06  446
22.53 3.375E-06  447
22.54 3.377E-06  450
22.55 3.389E-06  451
22.56 3.402E-06  453
22.57 3.423E-06  454
22.58 3.434E-06  457
22.59 3.448E-06  459
22.60 3.462E-06  461
22.61 3.476E-06  464
22.62 3.496E-06  466
22.63 3.510E-06  468
22.64 3.540E-06  469
22.65 3.548E-06  472
22.66 3.562E-06  474
22.67 3.576E-06  476
22.68 3.591E-06  478
22.69 3.614E-06  479
22.70 3.622E-06  482
22.71 3.637E-06  484
22.72 3.660E-06  487
22.73 3.675E-06  488
22.74 3.692E-06  491
22.75 3.707E-06  492
22.76 3.706E-06  496
22.77 3.721E-06  499
22.78 3.730E-06  501
22.79 3.738E-06  504
22.80 3.747E-06  507
22.81 3.755E-06  510
22.82 3.771E-06  512
22.83 3.780E-06  515
22.84 3.790E-06  518
22.85 3.799E-06  521
22.86 3.815E-06  523
22.87 3.824E-06  526
22.88 3.844E-06  528
22.89 3.860E-06  531
22.90 3.864E-06  534
22.91 3.881E-06  536
22.92 3.900E-06  539
22.93 3.917E-06  541
22.94 3.929E-06  544
22.95 3.932E-06  548
22.96 3.934E-06  551
22.97 3.941E-06  554
22.98 3.937E-06  558
22.99 3.933E-06  563
23.00 3.950E-06  565
23.01 3.946E-06  569
23.02 4.705E-06  497
23.03 6.258E-06  499
23.04 5.918E-06  501
23.05 3.961E-06  583
23.06 3.959E-06  586
23.07 3.969E-06  589
23.08 3.968E-06  592
23.09 3.974E-06  596
23.10 3.981E-06  599
23.11 3.999E-06  602
23.12 4.006E-06  605
23.13 4.013E-06  609
23.14 4.028E-06  612
23.15 4.042E-06  615
23.16 6.853E-06  526
23.17 9.277E-06  528
23.18 1.098E-05  530
23.19 1.226E-05  533
23.20 1.270E-05  535
23.21 1.250E-05  537
23.22 1.209E-05  539
23.23 1.169E-05  541
23.24 1.118E-05  543
23.25 1.057E-05  545
23.26 1.008E-05  547
23.27 9.675E-06  549
23.28 9.119E-06  551
23.29 8.343E-06  553
23.30 7.323E-06  555
23.31 6.214E-06  556
23.32 5.297E-06  558
23.33 4.094E-06  560
23.34 4.410E-06  679
23.35 4.440E-06  682
23.36 4.467E-06  684
23.37 4.498E-06  685
23.38 4.518E-06  685
23.39 3.340E-06  566
23.40 5.078E-06  566
23.41 5.902E-06  566
23.42 6.329E-06  567
23.43 6.342E-06  567
23.44 6.252E-06  567
23.45 6.465E-06  567
23.46 6.289E-06  568
23.47 3.584E-06  568
23.48 4.790E-06  691
23.49 4.823E-06  692
23.50 4.849E-06  693
23.51 4.880E-06  693
23.52 4.912E-06  694
23.53 4.948E-06  694
23.54 4.984E-06  695
23.55 5.021E-06  695
23.56 5.051E-06  696
23.57 5.084E-06  697
23.58 5.120E-06  697
23.59 5.165E-06  697
23.60 5.209E-06  697
23.61 5.253E-06  697
23.62 5.297E-06  697
23.63 5.334E-06  697
23.64 5.381E-06  697
23.65 5.423E-06  697
23.66 5.469E-06  697
23.67 5.510E-06  698
23.68 5.560E-06  698
23.69 6.718E-06  572
23.70 9.059E-06  572
23.71 1.063E-05  572
23.72 1.193E-05  572
23.73 1.301E-05  573
23.74 1.373E-05  573
23.75 1.379E-05  572
23.76 1.245E-05  572
23.77 8.287E-06  572
23.78 6.062E-06  698
23.79 6.122E-06  698
23.80 6.189E-06  699
23.81 6.255E-06  700
23.82 6.326E-06  700
23.83 6.402E-06  700
23.84 1.106E-05  574
23.85 1.448E-05  574
23.86 1.614E-05  575
23.87 1.681E-05  575
23.88 1.680E-05  575
23.89 1.637E-05  575
23.90 1.605E-05  576
23.91 1.571E-05  576
23.92 1.469E-05  576
23.93 1.272E-05  576
23.94 9.466E-06  577
23.95 7.316E-06  707
23.96 7.397E-06  707
23.97 7.477E-06  708
23.98 7.557E-06  708
23.99 7.642E-06  709
24.00 4.201E-06  578
24.01 1.293E-05  579
24.02 1.673E-05  578
24.03 1.916E-05  579
24.04 1.979E-05  578
24.05 1.911E-05  578
24.06 1.840E-05  578
24.07 1.796E-05  578
24.08 1.747E-05  578
24.09 1.691E-05  578
24.10 1.654E-05  578
24.11 1.648E-05  578
24.12 1.635E-05  578
24.13 1.622E-05  578
24.14 1.606E-05  577
24.15 1.612E-05  577
24.16 1.638E-05  577
24.17 1.694E-05  577
24.18 1.760E-05  577
24.19 1.822E-05  577
24.20 1.832E-05  577
24.21 1.773E-05  577
24.22 1.592E-05  577
24.23 1.155E-05  577
24.24 9.692E-06  707
24.25 9.833E-06  708
24.26 9.940E-06  709
24.27 1.008E-05  711
24.28 1.018E-05  712
24.29 1.033E-05  713
24.30 1.047E-05  714
24.31 1.532E-05  582
24.32 1.872E-05  582
24.33 1.996E-05  583
24.34 2.002E-05  583
24.35 1.959E-05  584
24.36 1.889E-05  585
24.37 1.796E-05  585
24.38 1.719E-05  586
24.39 1.700E-05  587
24.40 1.739E-05  587
24.41 1.796E-05  588
24.42 1.840E-05  588
24.43 1.863E-05  589
24.44 1.899E-05  589
24.45 2.014E-05  590
24.46 2.185E-05  591
24.47 2.346E-05  592
24.48 2.486E-05  593
24.49 2.629E-05  594
24.50 2.759E-05  595
24.51 2.801E-05  595
24.52 2.723E-05  597
24.53 2.578E-05  597
24.54 2.439E-05  598
24.55 2.299E-05  599
24.56 2.123E-05  600
24.57 1.898E-05  601
24.58 1.631E-05  602
24.59 1.215E-05  603
24.60 1.657E-05  757
24.61 1.694E-05  759
24.62 1.726E-05  760
24.63 1.763E-05  762
24.64 8.451E-06  607
24.65 2.111E-05  608
24.66 2.795E-05  608
24.67 3.268E-05  609
24.68 3.568E-05  610
24.69 3.696E-05  611
24.70 3.688E-05  612
24.71 3.547E-05  614
24.72 3.307E-05  617
24.73 2.971E-05  617
24.74 2.624E-05  620
24.75 2.325E-05  621
24.76 2.144E-05  623
24.77 2.046E-05  624
24.78 1.979E-05  626
24.79 1.838E-05  627
24.80 1.663E-05  629
24.81 1.695E-05  630
24.82 2.002E-05  631
24.83 2.329E-05  632
24.84 2.621E-05  634
24.85 2.937E-05  635
24.86 3.313E-05  636
24.87 3.510E-05  637
24.88 3.362E-05  639
24.89 2.864E-05  639
24.90 2.149E-05  641
24.91 3.611E-06  642
24.92 4.674E-05  839
24.93 4.906E-05  843
24.94 5.196E-05  847
24.95 5.518E-05  852
24.96 5.883E-05  857
24.97 6.215E-05  860
24.98 6.592E-05  865
24.99 7.010E-05  869
25.00 7.440E-05  872
25.01 7.997E-05  877
25.02 8.519E-05  880
25.03 9.091E-05  883
25.04 9.713E-05  887
25.05 1.046E-04  891
25.06 1.103E-04  892
25.07 1.180E-04  895
25.08 1.258E-04  899
25.09 1.347E-04  902
25.10 1.432E-04  904
25.11 1.532E-04  907
25.12 2.696E-05  672
25.13 3.648E-05  674
25.14 4.109E-05  674
25.15 4.286E-05  675
25.16 4.228E-05  676
25.17 4.239E-05  677
25.18 4.968E-05  678
25.19 6.479E-05  678
25.20 8.182E-05  678
25.21 9.825E-05  679
25.22 1.148E-04  679
25.23 1.320E-04  680
25.24 1.466E-04  680
25.25 1.558E-04  680
25.26 1.599E-04  681
25.27 1.612E-04  681
25.28 1.625E-04  682
25.29 1.642E-04  682
25.30 1.661E-04  682
25.31 1.666E-04  683
25.32 1.621E-04  683
25.33 1.532E-04  684
25.34 1.433E-04  684
25.35 1.326E-04  684
25.36 1.181E-04  685
25.37 1.012E-04  685
25.38 9.522E-05  685
25.39 1.098E-04  686
25.40 1.297E-04  686
25.41 1.443E-04  686
25.42 1.541E-04  686
25.43 1.624E-04  686
25.44 1.712E-04  686
25.45 1.811E-04  686
25.46 1.915E-04  686
25.47 2.009E-04  686
25.48 2.085E-04  686
25.49 2.145E-04  686
25.50 2.198E-04  686
25.51 2.252E-04  686
25.52 2.287E-04  686
25.53 2.323E-04  686
25.54 2.354E-04  686
25.55 2.373E-04  686
25.56 2.390E-04  686
25.57 2.385E-04  686
25.58 2.370E-04  686
25.59 2.341E-04  686
25.60 2.301E-04  686
25.61 2.263E-04  686
25.62 2.230E-04  686
25.63 2.201E-04  686
25.64 2.173E-04  686
25.65 2.145E-04  686
25.66 2.121E-04  686
25.67 2.095E-04  686
25.68 2.083E-04  686
25.69 2.068E-04  686
25.70 2.039E-04  686
25.71 1.978E-04  686
25.72 1.900E-04  686
25.73 1.823E-04  686
25.74 1.745E-04  686
25.75 1.664E-04  686
25.76 1.577E-04  686
25.77 1.526E-04  686
25.78 1.534E-04  686
25.79 1.566E-04  686
25.80 1.590E-04  686
25.81 1.603E-04  686
25.82 1.622E-04  686
25.83 1.640E-04  686
25.84 1.649E-04  686
25.85 1.641E-04  686
25.86 1.624E-04  686
25.87 1.612E-04  686
25.88 1.603E-04  686
25.89 1.590E-04  686
25.90 1.580E-04  686
25.91 1.561E-04  686
25.92 1.532E-04  686
25.93 1.499E-04  686
25.94 1.468E-04  687
25.95 1.434E-04  686
25.96 1.405E-04  686
25.97 1.384E-04  686
25.98 1.368E-04  686
25.99 1.363E-04  686
26.00 1.359E-04  686
26.01 1.351E-04  686
26.02 1.348E-04  687
26.03 1.352E-04  686
26.04 1.360E-04  686
26.05 1.376E-04  686
26.06 1.395E-04  686
26.07 1.421E-04  686
26.08 1.459E-04  686
26.09 1.487E-04  686
26.10 1.499E-04  686
26.11 1.483E-04  686
26.12 1.448E-04  686
26.13 1.404E-04  686
26.14 1.350E-04  686
26.15 1.293E-04  686
26.16 1.234E-04  686
26.17 1.176E-04  686
26.18 1.124E-04  686
26.19 1.079E-04  686
26.20 1.035E-04  686
26.21 9.912E-05  687
26.22 9.294E-05  687
26.23 8.551E-05  686
26.24 8.050E-05  686
26.25 8.171E-05  687
26.26 8.775E-05  686
26.27 9.408E-05  686
26.28 9.870E-05  686
26.29 1.033E-04  686
26.30 1.083E-04  687
26.31 1.126E-04  686
26.32 1.146E-04  686
26.33 1.145E-04  686
26.34 1.144E-04  686
26.35 1.143E-04  686
26.36 1.147E-04  687
26.37 1.151E-04  686
26.38 1.146E-04  686
26.39 1.159E-04  686
26.40 1.174E-04  686
26.41 1.198E-04  687
26.42 1.213E-04  686
26.43 1.227E-04  686
26.44 1.240E-04  687
26.45 1.234E-04  686
26.46 1.210E-04  687
26.47 1.159E-04  686
26.48 1.084E-04  686
26.49 9.937E-05  687
26.50 9.015E-05  687
26.51 7.990E-05  686
26.52 6.808E-05  686
26.53 5.401E-05  687
26.54 3.567E-05  686
26.55 1.431E-04  944
26.56 1.440E-04  944
26.57 1.454E-04  944
26.58 1.470E-04  944
26.59 1.486E-04  944
26.60 1.493E-04  944
26.61 1.501E-04  944
26.62 1.517E-04  944
26.63 1.531E-04  944
26.64 1.539E-04  944
26.65 1.555E-04  944
26.66 3.130E-05  686
26.67 3.961E-05  687
26.68 4.305E-05  687
26.69 4.503E-05  686
26.70 4.688E-05  687
26.71 4.966E-05  687
26.72 5.281E-05  686
26.73 5.381E-05  687
26.74 5.032E-05  686
26.75 4.215E-05  686
26.76 3.085E-05  687
26.77 1.481E-05  686
26.78 1.502E-04  944
26.79 1.495E-04  944
26.80 1.496E-04  944
26.81 1.489E-04  944
26.82 1.482E-04  944
26.83 1.469E-04  944
26.84 1.447E-04  944
26.85 1.432E-04  944
26.86 1.410E-04  944
26.87 1.395E-04  944
26.88 1.375E-04  944
26.89 2.087E-05  687
26.90 3.136E-05  687
26.91 3.879E-05  687
26.92 4.424E-05  687
26.93 4.863E-05  686
26.94 5.280E-05  686
26.95 5.690E-05  686
26.96 6.116E-05  686
26.97 6.552E-05  687
26.98 6.965E-05  686
26.99 7.350E-05  686
27.00 7.636E-05  686
27.01 7.695E-05  686
27.02 7.712E-05  686
27.03 7.623E-05  687
27.04 7.465E-05  686
27.05 7.274E-05  687
27.06 7.062E-05  686
27.07 6.857E-05  686
27.08 6.658E-05  686
27.09 6.454E-05  687
27.10 6.243E-05  686
27.11 6.038E-05  686
27.12 5.827E-05  686
27.13 5.620E-05  686
27.14 5.419E-05  686
27.15 5.214E-05  687
27.16 5.009E-05  687
27.17 4.802E-05  687
27.18 4.407E-05  687
27.19 3.938E-05  686
27.20 3.517E-05  687
27.21 3.140E-05  687
27.22 2.789E-05  687
27.23 2.474E-05  687
27.24 2.207E-05  687
27.25 1.993E-05  686
27.26 1.815E-05  686
27.27 1.660E-05  687
27.28 1.512E-05  686
27.29 1.373E-05  686
27.30 1.241E-05  687
27.31 1.122E-05  687
27.32 1.018E-05  687
27.33 9.200E-06  686
27.34 8.292E-06  687
27.35 7.485E-06  687
27.36 6.693E-06  687
27.37 5.949E-06  686
27.38 5.282E-06  686
27.39 4.687E-06  687
27.40 4.167E-06  687
27.41 3.730E-06  686
27.42 3.331E-06  687
27.43 2.974E-06  687
27.44 2.652E-06  686
27.45 2.354E-06  686
27.46 2.083E-06  687
27.47 1.843E-06  686
27.48 1.616E-06  687
27.49 1.416E-06  687
27.50 1.236E-06  686
27.51 1.077E-06  686
27.52 9.399E-07  686
27.53 8.220E-07  686
27.54 7.742E-07  686
27.55 7.511E-07  686
27.56 7.277E-07  687
27.57 7.104E-07  687
27.58 6.943E-07  686
27.59 6.761E-07  687
27.60 6.616E-07  686
27.61 6.404E-07  687
27.62 6.202E-07  687
27.63 6.004E-07  687
27.64 5.793E-07  687
27.65 5.556E-07  687
27.66 5.336E-07  686
27.67 5.129E-07  687
27.68 4.934E-07  686
27.69 4.740E-07  686
27.70 4.536E-07  687
27.71 4.350E-07  687
27.72 4.351E-07  686
27.73 4.617E-07  687
27.74 4.902E-07  687
27.75 5.211E-07  687
27.76 5.515E-07  687
27.77 5.863E-07  687
27.78 6.224E-07  687
27.79 6.602E-07  687
27.80 7.013E-07  687
27.81 7.463E-07  686
27.82 7.895E-07  687
27.83 8.383E-07  687
27.84 8.922E-07  687
27.85 9.469E-07  686
27.86 1.006E-06  687
27.87 1.075E-06  687
27.88 1.148E-06  687
27.89 1.234E-06  686
27.90 1.312E-06  687
27.91 1.410E-06  687
27.92 1.516E-06  687
27.93 1.629E-06  687
27.94 1.741E-06  687
27.95 1.864E-06  686
27.96 1.989E-06  686
27.97 2.116E-06  687
27.98 2.268E-06  686
27.99 2.420E-06  687
28.00 2.563E-06  687
28.05 2.807E-06  703
28.10 3.637E-06  703
28.15 4.272E-06  703
28.20 5.019E-06  703
28.25 5.905E-06  703
28.30 6.525E-06  703
28.35 6.691E-06  703
28.40 6.822E-06  703
28.45 7.801E-06  703
28.50 8.414E-06  703
28.55 8.628E-06  703
