# FLAMINGOS BARR Ks Filter MAN-306A-W
# Witness Sample at 77 K	
# Wavelength (nm)	Transmission (%)
    2500.00                15.50E-02
    2499.50                04.50E-02
    2499.00                03.00E-02
    2498.50                02.20E-02
    2498.00                05.40E-02
    2497.50                04.50E-02
    2497.00                07.70E-02
    2496.50                10.50E-02
    2496.00                07.30E-02
    2495.50                09.30E-02
    2495.00                10.60E-02
    2494.50                06.60E-02
    2494.00                08.20E-02
    2493.50                06.60E-02
    2493.00                07.90E-02
    2492.50                07.70E-02
    2492.00                03.40E-02
    2491.50                09.00E-02
    2491.00                05.20E-02
    2490.50                07.00E-02
    2490.00                05.70E-02
    2489.50                03.30E-02
    2489.00                08.10E-02
    2488.50                06.80E-02
    2488.00                02.50E-02
    2487.50                04.20E-02
    2487.00                02.50E-02
    2486.50                04.50E-02
    2486.00                05.20E-02
    2485.50                05.20E-02
    2485.00                09.40E-02
    2484.50                08.60E-02
    2484.00                03.50E-02
    2483.50                09.00E-02
    2483.00                03.40E-02
    2482.50                03.90E-02
    2482.00                05.20E-02
    2481.50                03.90E-02
    2481.00                10.30E-02
    2480.50                04.20E-02
    2480.00                10.10E-02
    2479.50                07.70E-02
    2479.00                10.40E-02
    2478.50                03.50E-02
    2478.00                09.30E-02
    2477.50                06.90E-02
    2477.00                08.70E-02
    2476.50                10.80E-02
    2476.00                07.00E-02
    2475.50                05.70E-02
    2475.00                09.70E-02
    2474.50                06.50E-02
    2474.00                12.10E-02
    2473.50                08.30E-02
    2473.00                09.40E-02
    2472.50                05.80E-02
    2472.00                08.50E-02
    2471.50                03.90E-02
    2471.00                11.50E-02
    2470.50                09.20E-02
    2470.00                05.90E-02
    2469.50                04.50E-02
    2469.00                09.50E-02
    2468.50                08.50E-02
    2468.00                08.90E-02
    2467.50                09.00E-02
    2467.00                11.70E-02
    2466.50                06.50E-02
    2466.00                09.40E-02
    2465.50                08.30E-02
    2465.00                08.20E-02
    2464.50                10.20E-02
    2464.00                10.30E-02
    2463.50                06.70E-02
    2463.00                06.00E-02
    2462.50                08.70E-02
    2462.00                12.90E-02
    2461.50                12.70E-02
    2461.00                07.70E-02
    2460.50                01.20E-02
    2460.00                11.70E-02
    2459.50                08.00E-02
    2459.00                11.80E-02
    2458.50                11.00E-02
    2458.00                11.50E-02
    2457.50                11.90E-02
    2457.00                06.50E-02
    2456.50                10.30E-02
    2456.00                07.60E-02
    2455.50                06.40E-02
    2455.00                11.20E-02
    2454.50                14.60E-02
    2454.00                07.90E-02
    2453.50                15.80E-02
    2453.00                11.00E-02
    2452.50                09.00E-02
    2452.00                08.30E-02
    2451.50                15.30E-02
    2451.00                12.10E-02
    2450.50                15.30E-02
    2450.00                13.30E-02
    2449.50                12.70E-02
    2449.00                08.30E-02
    2448.50                11.40E-02
    2448.00                15.70E-02
    2447.50                17.00E-02
    2447.00                09.00E-02
    2446.50                11.80E-02
    2446.00                10.00E-02
    2445.50                10.40E-02
    2445.00                09.00E-02
    2444.50                09.50E-02
    2444.00                11.90E-02
    2443.50                15.40E-02
    2443.00                13.50E-02
    2442.50                13.70E-02
    2442.00                13.90E-02
    2441.50                14.20E-02
    2441.00                16.10E-02
    2440.50                15.50E-02
    2440.00                11.00E-02
    2439.50                12.00E-02
    2439.00                16.90E-02
    2438.50                13.20E-02
    2438.00                18.50E-02
    2437.50                15.50E-02
    2437.00                12.80E-02
    2436.50                13.40E-02
    2436.00                14.70E-02
    2435.50                11.40E-02
    2435.00                12.90E-02
    2434.50                12.10E-02
    2434.00                17.00E-02
    2433.50                09.20E-02
    2433.00                12.50E-02
    2432.50                14.10E-02
    2432.00                15.80E-02
    2431.50                16.50E-02
    2431.00                12.60E-02
    2430.50                10.20E-02
    2430.00                10.10E-02
    2429.50                13.90E-02
    2429.00                13.40E-02
    2428.50                14.40E-02
    2428.00                11.00E-02
    2427.50                11.80E-02
    2427.00                11.00E-02
    2426.50                16.50E-02
    2426.00                10.20E-02
    2425.50                12.60E-02
    2425.00                12.10E-02
    2424.50                12.80E-02
    2424.00                09.50E-02
    2423.50                13.70E-02
    2423.00                08.20E-02
    2422.50                11.60E-02
    2422.00                16.70E-02
    2421.50                12.00E-02
    2421.00                11.80E-02
    2420.50                13.70E-02
    2420.00                16.50E-02
    2419.50                15.40E-02
    2419.00                10.70E-02
    2418.50                14.40E-02
    2418.00                13.90E-02
    2417.50                10.90E-02
    2417.00                11.80E-02
    2416.50                12.90E-02
    2416.00                10.90E-02
    2415.50                17.20E-02
    2415.00                17.10E-02
    2414.50                11.00E-02
    2414.00                11.10E-02
    2413.50                09.20E-02
    2413.00                14.10E-02
    2412.50                12.70E-02
    2412.00                11.20E-02
    2411.50                14.00E-02
    2411.00                16.60E-02
    2410.50                11.20E-02
    2410.00                14.90E-02
    2409.50                11.20E-02
    2409.00                13.10E-02
    2408.50                08.10E-02
    2408.00                10.10E-02
    2407.50                12.40E-02
    2407.00                07.20E-02
    2406.50                08.90E-02
    2406.00                11.40E-02
    2405.50                13.50E-02
    2405.00                09.00E-02
    2404.50                12.10E-02
    2404.00                11.00E-02
    2403.50                12.90E-02
    2403.00                12.90E-02
    2402.50                10.00E-02
    2402.00                11.10E-02
    2401.50                09.80E-02
    2401.00                10.70E-02
    2400.50                09.90E-02
    2400.00                11.40E-02
    2399.50                12.50E-02
    2399.00                11.10E-02
    2398.50                09.20E-02
    2398.00                09.70E-02
    2397.50                07.00E-02
    2397.00                11.70E-02
    2396.50                10.80E-02
    2396.00                14.60E-02
    2395.50                09.80E-02
    2395.00                08.00E-02
    2394.50                07.50E-02
    2394.00                11.60E-02
    2393.50                02.50E-02
    2393.00                14.10E-02
    2392.50                09.30E-02
    2392.00                02.30E-02
    2391.50                10.20E-02
    2391.00                04.20E-02
    2390.50                04.50E-02
    2390.00                09.30E-02
    2389.50                02.00E-02
    2389.00                09.00E-02
    2388.50                12.00E-02
    2388.00                07.70E-02
    2387.50                10.10E-02
    2387.00                10.70E-02
    2386.50                12.40E-02
    2386.00                04.00E-02
    2385.50                08.90E-02
    2385.00                12.90E-02
    2384.50                10.70E-02
    2384.00                09.00E-02
    2383.50                10.50E-02
    2383.00                04.00E-02
    2382.50                02.50E-02
    2382.00                09.90E-02
    2381.50                12.60E-02
    2381.00                10.70E-02
    2380.50                07.80E-02
    2380.00                10.60E-02
    2379.50                06.20E-02
    2379.00                04.20E-02
    2378.50                06.40E-02
    2378.00                06.30E-02
    2377.50                06.80E-02
    2377.00                11.00E-02
    2376.50                07.20E-02
    2376.00                11.40E-02
    2375.50                13.70E-02
    2375.00                07.70E-02
    2374.50                06.50E-02
    2374.00                12.60E-02
    2373.50                06.50E-02
    2373.00                04.50E-02
    2372.50                11.60E-02
    2372.00                12.20E-02
    2371.50                09.10E-02
    2371.00                12.30E-02
    2370.50                12.00E-02
    2370.00                07.70E-02
    2369.50                13.20E-02
    2369.00                09.90E-02
    2368.50                15.30E-02
    2368.00                11.00E-02
    2367.50                12.60E-02
    2367.00                11.30E-02
    2366.50                12.80E-02
    2366.00                15.40E-02
    2365.50                15.10E-02
    2365.00                14.40E-02
    2364.50                22.30E-02
    2364.00                15.20E-02
    2363.50                23.40E-02
    2363.00                13.90E-02
    2362.50                18.40E-02
    2362.00                16.90E-02
    2361.50                12.00E-02
    2361.00                16.90E-02
    2360.50                17.50E-02
    2360.00                14.20E-02
    2359.50                17.40E-02
    2359.00                20.20E-02
    2358.50                18.50E-02
    2358.00                20.50E-02
    2357.50                21.60E-02
    2357.00                19.30E-02
    2356.50                25.80E-02
    2356.00                28.30E-02
    2355.50                26.70E-02
    2355.00                25.10E-02
    2354.50                26.40E-02
    2354.00                23.50E-02
    2353.50                26.70E-02
    2353.00                27.20E-02
    2352.50                31.90E-02
    2352.00                35.60E-02
    2351.50                36.20E-02
    2351.00                36.20E-02
    2350.50                34.80E-02
    2350.00                36.70E-02
    2349.50                39.30E-02
    2349.00                39.80E-02
    2348.50                40.70E-02
    2348.00                41.20E-02
    2347.50                47.70E-02
    2347.00                54.90E-02
    2346.50                47.50E-02
    2346.00                53.80E-02
    2345.50                49.60E-02
    2345.00                57.60E-02
    2344.50                57.90E-02
    2344.00                62.40E-02
    2343.50                64.50E-02
    2343.00                70.20E-02
    2342.50                71.80E-02
    2342.00                70.70E-02
    2341.50                75.30E-02
    2341.00                81.90E-02
    2340.50                86.90E-02
    2340.00                92.30E-02
    2339.50                99.00E-02
    2339.00                01.02E+00
    2338.50                01.05E+00
    2338.00                01.12E+00
    2337.50                01.23E+00
    2337.00                01.31E+00
    2336.50                01.35E+00
    2336.00                01.39E+00
    2335.50                01.48E+00
    2335.00                01.56E+00
    2334.50                01.69E+00
    2334.00                01.75E+00
    2333.50                01.89E+00
    2333.00                01.95E+00
    2332.50                02.10E+00
    2332.00                02.26E+00
    2331.50                02.39E+00
    2331.00                02.53E+00
    2330.50                02.73E+00
    2330.00                02.88E+00
    2329.50                03.04E+00
    2329.00                03.26E+00
    2328.50                03.48E+00
    2328.00                03.75E+00
    2327.50                04.00E+00
    2327.00                04.22E+00
    2326.50                04.45E+00
    2326.00                04.78E+00
    2325.50                05.15E+00
    2325.00                05.44E+00
    2324.50                05.84E+00
    2324.00                06.16E+00
    2323.50                06.61E+00
    2323.00                07.04E+00
    2322.50                07.52E+00
    2322.00                08.02E+00
    2321.50                08.52E+00
    2321.00                09.05E+00
    2320.50                09.62E+00
    2320.00                10.29E+00
    2319.50                10.96E+00
    2319.00                11.66E+00
    2318.50                12.25E+00
    2318.00                13.05E+00
    2317.50                13.90E+00
    2317.00                14.75E+00
    2316.50                15.62E+00
    2316.00                16.43E+00
    2315.50                17.35E+00
    2315.00                18.31E+00
    2314.50                19.45E+00
    2314.00                20.55E+00
    2313.50                21.59E+00
    2313.00                22.63E+00
    2312.50                23.58E+00
    2312.00                24.72E+00
    2311.50                26.02E+00
    2311.00                27.37E+00
    2310.50                28.74E+00
    2310.00                29.84E+00
    2309.50                31.10E+00
    2309.00                32.43E+00
    2308.50                34.11E+00
    2308.00                35.48E+00
    2307.50                36.72E+00
    2307.00                37.94E+00
    2306.50                39.26E+00
    2306.00                40.95E+00
    2305.50                42.70E+00
    2305.00                44.35E+00
    2304.50                45.58E+00
    2304.00                46.74E+00
    2303.50                48.04E+00
    2303.00                49.81E+00
    2302.50                51.75E+00
    2302.00                53.28E+00
    2301.50                54.42E+00
    2301.00                55.57E+00
    2300.50                56.92E+00
    2300.00                58.68E+00
    2299.50                60.56E+00
    2299.00                62.00E+00
    2298.50                63.05E+00
    2298.00                64.06E+00
    2297.50                65.46E+00
    2297.00                67.17E+00
    2296.50                68.80E+00
    2296.00                69.91E+00
    2295.50                70.86E+00
    2295.00                71.85E+00
    2294.50                73.20E+00
    2294.00                74.65E+00
    2293.50                75.84E+00
    2293.00                76.70E+00
    2292.50                77.35E+00
    2292.00                78.26E+00
    2291.50                79.36E+00
    2291.00                80.41E+00
    2290.50                81.21E+00
    2290.00                81.60E+00
    2289.50                81.96E+00
    2289.00                82.69E+00
    2288.50                83.51E+00
    2288.00                84.18E+00
    2287.50                84.57E+00
    2287.00                84.68E+00
    2286.50                84.83E+00
    2286.00                85.26E+00
    2285.50                85.83E+00
    2285.00                86.12E+00
    2284.50                86.21E+00
    2284.00                86.05E+00
    2283.50                86.15E+00
    2283.00                86.41E+00
    2282.50                86.63E+00
    2282.00                86.77E+00
    2281.50                86.55E+00
    2281.00                86.33E+00
    2280.50                86.25E+00
    2280.00                86.50E+00
    2279.50                86.50E+00
    2279.00                86.46E+00
    2278.50                86.16E+00
    2278.00                85.92E+00
    2277.50                85.95E+00
    2277.00                86.03E+00
    2276.50                86.07E+00
    2276.00                85.87E+00
    2275.50                85.67E+00
    2275.00                85.47E+00
    2274.50                85.51E+00
    2274.00                85.57E+00
    2273.50                85.51E+00
    2273.00                85.34E+00
    2272.50                85.21E+00
    2272.00                85.16E+00
    2271.50                85.22E+00
    2271.00                85.37E+00
    2270.50                85.22E+00
    2270.00                85.11E+00
    2269.50                85.03E+00
    2269.00                85.02E+00
    2268.50                85.13E+00
    2268.00                85.20E+00
    2267.50                85.12E+00
    2267.00                85.12E+00
    2266.50                85.13E+00
    2266.00                85.23E+00
    2265.50                85.39E+00
    2265.00                85.36E+00
    2264.50                85.36E+00
    2264.00                85.29E+00
    2263.50                85.39E+00
    2263.00                85.59E+00
    2262.50                85.62E+00
    2262.00                85.59E+00
    2261.50                85.65E+00
    2261.00                85.70E+00
    2260.50                85.86E+00
    2260.00                85.99E+00
    2259.50                85.97E+00
    2259.00                85.96E+00
    2258.50                85.95E+00
    2258.00                86.06E+00
    2257.50                86.24E+00
    2257.00                86.31E+00
    2256.50                86.23E+00
    2256.00                86.17E+00
    2255.50                86.22E+00
    2255.00                86.44E+00
    2254.50                86.53E+00
    2254.00                86.50E+00
    2253.50                86.35E+00
    2253.00                86.33E+00
    2252.50                86.38E+00
    2252.00                86.57E+00
    2251.50                86.59E+00
    2251.00                86.49E+00
    2250.50                86.37E+00
    2250.00                86.31E+00
    2249.50                86.46E+00
    2249.00                86.58E+00
    2248.50                86.48E+00
    2248.00                86.31E+00
    2247.50                86.20E+00
    2247.00                86.23E+00
    2246.50                86.45E+00
    2246.00                86.47E+00
    2245.50                86.28E+00
    2245.00                86.12E+00
    2244.50                86.09E+00
    2244.00                86.23E+00
    2243.50                86.35E+00
    2243.00                86.27E+00
    2242.50                85.99E+00
    2242.00                85.90E+00
    2241.50                85.93E+00
    2241.00                86.15E+00
    2240.50                86.21E+00
    2240.00                85.99E+00
    2239.50                85.81E+00
    2239.00                85.72E+00
    2238.50                85.89E+00
    2238.00                86.03E+00
    2237.50                86.03E+00
    2237.00                85.74E+00
    2236.50                85.56E+00
    2236.00                85.67E+00
    2235.50                85.86E+00
    2235.00                85.90E+00
    2234.50                85.70E+00
    2234.00                85.49E+00
    2233.50                85.39E+00
    2233.00                85.52E+00
    2232.50                85.72E+00
    2232.00                85.55E+00
    2231.50                85.36E+00
    2231.00                85.23E+00
    2230.50                85.34E+00
    2230.00                85.58E+00
    2229.50                85.60E+00
    2229.00                85.30E+00
    2228.50                85.13E+00
    2228.00                85.12E+00
    2227.50                85.37E+00
    2227.00                85.50E+00
    2226.50                84.42E+00
    2226.00                84.83E+00
    2225.50                84.90E+00
    2225.00                85.03E+00
    2224.50                85.15E+00
    2224.00                85.11E+00
    2223.50                84.04E+00
    2223.00                83.26E+00
    2222.50                84.86E+00
    2222.00                85.11E+00
    2221.50                85.20E+00
    2221.00                84.94E+00
    2220.50                84.65E+00
    2220.00                84.60E+00
    2219.50                84.87E+00
    2219.00                85.01E+00
    2218.50                84.84E+00
    2218.00                84.47E+00
    2217.50                84.47E+00
    2217.00                84.71E+00
    2216.50                84.98E+00
    2216.00                84.87E+00
    2215.50                84.59E+00
    2215.00                84.38E+00
    2214.50                84.58E+00
    2214.00                84.90E+00
    2213.50                84.91E+00
    2213.00                84.66E+00
    2212.50                84.37E+00
    2212.00                84.45E+00
    2211.50                84.86E+00
    2211.00                85.09E+00
    2210.50                84.91E+00
    2210.00                84.58E+00
    2209.50                84.57E+00
    2209.00                84.92E+00
    2208.50                85.15E+00
    2208.00                84.87E+00
    2207.50                84.83E+00
    2207.00                84.79E+00
    2206.50                84.92E+00
    2206.00                84.80E+00
    2205.50                85.58E+00
    2205.00                85.34E+00
    2204.50                85.21E+00
    2204.00                85.36E+00
    2203.50                85.80E+00
    2203.00                86.04E+00
    2202.50                85.97E+00
    2202.00                85.73E+00
    2201.50                85.68E+00
    2201.00                86.12E+00
    2200.50                85.66E+00
    2200.00                86.28E+00
    2199.50                86.27E+00
    2199.00                86.14E+00
    2198.50                86.50E+00
    2198.00                87.04E+00
    2197.50                87.12E+00
    2197.00                86.86E+00
    2196.50                86.69E+00
    2196.00                86.91E+00
    2195.50                87.46E+00
    2195.00                87.71E+00
    2194.50                87.60E+00
    2194.00                87.23E+00
    2193.50                87.40E+00
    2193.00                87.78E+00
    2192.50                88.18E+00
    2192.00                88.18E+00
    2191.50                87.85E+00
    2191.00                87.86E+00
    2190.50                88.22E+00
    2190.00                88.65E+00
    2189.50                88.63E+00
    2189.00                88.35E+00
    2188.50                88.25E+00
    2188.00                88.57E+00
    2187.50                89.02E+00
    2187.00                89.16E+00
    2186.50                88.90E+00
    2186.00                88.61E+00
    2185.50                88.80E+00
    2185.00                89.23E+00
    2184.50                89.31E+00
    2184.00                89.23E+00
    2183.50                88.84E+00
    2183.00                88.92E+00
    2182.50                89.24E+00
    2182.00                89.54E+00
    2181.50                89.44E+00
    2181.00                89.17E+00
    2180.50                89.18E+00
    2180.00                89.43E+00
    2179.50                89.67E+00
    2179.00                89.54E+00
    2178.50                89.26E+00
    2178.00                89.30E+00
    2177.50                89.44E+00
    2177.00                89.73E+00
    2176.50                89.70E+00
    2176.00                89.44E+00
    2175.50                89.40E+00
    2175.00                89.54E+00
    2174.50                89.81E+00
    2174.00                89.80E+00
    2173.50                89.66E+00
    2173.00                89.51E+00
    2172.50                89.64E+00
    2172.00                89.94E+00
    2171.50                89.94E+00
    2171.00                89.75E+00
    2170.50                89.56E+00
    2170.00                89.74E+00
    2169.50                90.03E+00
    2169.00                90.08E+00
    2168.50                89.97E+00
    2168.00                89.77E+00
    2167.50                89.75E+00
    2167.00                90.19E+00
    2166.50                90.34E+00
    2166.00                90.09E+00
    2165.50                90.00E+00
    2165.00                90.02E+00
    2164.50                90.22E+00
    2164.00                90.46E+00
    2163.50                90.38E+00
    2163.00                90.16E+00
    2162.50                90.23E+00
    2162.00                90.35E+00
    2161.50                90.58E+00
    2161.00                90.61E+00
    2160.50                90.35E+00
    2160.00                90.38E+00
    2159.50                90.61E+00
    2159.00                90.86E+00
    2158.50                90.78E+00
    2158.00                90.51E+00
    2157.50                90.49E+00
    2157.00                90.76E+00
    2156.50                90.92E+00
    2156.00                90.82E+00
    2155.50                90.68E+00
    2155.00                90.57E+00
    2154.50                90.80E+00
    2154.00                91.01E+00
    2153.50                90.97E+00
    2153.00                90.75E+00
    2152.50                90.51E+00
    2152.00                90.64E+00
    2151.50                90.94E+00
    2151.00                90.87E+00
    2150.50                90.51E+00
    2150.00                89.99E+00
    2149.50                90.52E+00
    2149.00                90.81E+00
    2148.50                90.75E+00
    2148.00                90.48E+00
    2147.50                90.32E+00
    2147.00                90.35E+00
    2146.50                90.53E+00
    2146.00                90.53E+00
    2145.50                90.23E+00
    2145.00                90.04E+00
    2144.50                90.06E+00
    2144.00                90.23E+00
    2143.50                90.15E+00
    2143.00                89.85E+00
    2142.50                89.65E+00
    2142.00                89.65E+00
    2141.50                89.83E+00
    2141.00                89.83E+00
    2140.50                89.46E+00
    2140.00                89.16E+00
    2139.50                89.25E+00
    2139.00                89.43E+00
    2138.50                89.35E+00
    2138.00                89.01E+00
    2137.50                88.81E+00
    2137.00                88.83E+00
    2136.50                89.02E+00
    2136.00                88.94E+00
    2135.50                88.56E+00
    2135.00                88.33E+00
    2134.50                88.48E+00
    2134.00                88.58E+00
    2133.50                88.54E+00
    2133.00                88.20E+00
    2132.50                88.04E+00
    2132.00                88.19E+00
    2131.50                88.32E+00
    2131.00                88.29E+00
    2130.50                87.96E+00
    2130.00                87.84E+00
    2129.50                88.02E+00
    2129.00                88.19E+00
    2128.50                88.11E+00
    2128.00                87.83E+00
    2127.50                87.67E+00
    2127.00                87.96E+00
    2126.50                88.19E+00
    2126.00                88.04E+00
    2125.50                87.77E+00
    2125.00                87.66E+00
    2124.50                87.91E+00
    2124.00                88.22E+00
    2123.50                87.71E+00
    2123.00                87.81E+00
    2122.50                87.80E+00
    2122.00                88.09E+00
    2121.50                88.16E+00
    2121.00                87.78E+00
    2120.50                87.87E+00
    2120.00                88.03E+00
    2119.50                88.40E+00
    2119.00                88.54E+00
    2118.50                88.47E+00
    2118.00                88.25E+00
    2117.50                88.27E+00
    2117.00                87.96E+00
    2116.50                88.64E+00
    2116.00                88.63E+00
    2115.50                88.49E+00
    2115.00                88.54E+00
    2114.50                88.97E+00
    2114.00                89.08E+00
    2113.50                88.82E+00
    2113.00                88.75E+00
    2112.50                88.96E+00
    2112.00                89.28E+00
    2111.50                89.40E+00
    2111.00                89.17E+00
    2110.50                89.06E+00
    2110.00                89.29E+00
    2109.50                89.58E+00
    2109.00                89.62E+00
    2108.50                89.39E+00
    2108.00                89.25E+00
    2107.50                89.43E+00
    2107.00                89.82E+00
    2106.50                89.72E+00
    2106.00                89.49E+00
    2105.50                89.41E+00
    2105.00                89.60E+00
    2104.50                90.02E+00
    2104.00                89.98E+00
    2103.50                89.62E+00
    2103.00                89.57E+00
    2102.50                89.89E+00
    2102.00                90.22E+00
    2101.50                90.07E+00
    2101.00                89.75E+00
    2100.50                89.80E+00
    2100.00                90.13E+00
    2099.50                90.36E+00
    2099.00                90.11E+00
    2098.50                89.89E+00
    2098.00                90.00E+00
    2097.50                90.39E+00
    2097.00                90.58E+00
    2096.50                90.25E+00
    2096.00                90.02E+00
    2095.50                90.21E+00
    2095.00                90.60E+00
    2094.50                90.62E+00
    2094.00                90.39E+00
    2093.50                90.23E+00
    2093.00                90.59E+00
    2092.50                90.96E+00
    2092.00                90.84E+00
    2091.50                90.55E+00
    2091.00                90.54E+00
    2090.50                91.04E+00
    2090.00                91.27E+00
    2089.50                91.03E+00
    2089.00                90.77E+00
    2088.50                90.94E+00
    2088.00                91.44E+00
    2087.50                91.58E+00
    2087.00                91.27E+00
    2086.50                91.05E+00
    2086.00                91.29E+00
    2085.50                91.81E+00
    2085.00                91.84E+00
    2084.50                91.48E+00
    2084.00                91.37E+00
    2083.50                91.73E+00
    2083.00                92.03E+00
    2082.50                92.03E+00
    2082.00                91.59E+00
    2081.50                91.55E+00
    2081.00                92.01E+00
    2080.50                92.32E+00
    2080.00                92.05E+00
    2079.50                91.59E+00
    2079.00                91.74E+00
    2078.50                92.17E+00
    2078.00                92.21E+00
    2077.50                91.79E+00
    2077.00                91.51E+00
    2076.50                91.76E+00
    2076.00                92.11E+00
    2075.50                91.90E+00
    2075.00                91.41E+00
    2074.50                91.22E+00
    2074.00                91.62E+00
    2073.50                91.83E+00
    2073.00                91.30E+00
    2072.50                90.85E+00
    2072.00                90.79E+00
    2071.50                91.22E+00
    2071.00                91.20E+00
    2070.50                90.66E+00
    2070.00                90.35E+00
    2069.50                90.50E+00
    2069.00                90.75E+00
    2068.50                90.53E+00
    2068.00                89.90E+00
    2067.50                89.63E+00
    2067.00                89.91E+00
    2066.50                90.13E+00
    2066.00                89.79E+00
    2065.50                89.25E+00
    2065.00                89.22E+00
    2064.50                89.50E+00
    2064.00                89.57E+00
    2063.50                89.15E+00
    2063.00                88.66E+00
    2062.50                88.98E+00
    2062.00                89.26E+00
    2061.50                89.13E+00
    2061.00                88.66E+00
    2060.50                88.44E+00
    2060.00                88.82E+00
    2059.50                89.07E+00
    2059.00                88.71E+00
    2058.50                88.38E+00
    2058.00                88.57E+00
    2057.50                89.02E+00
    2057.00                89.16E+00
    2056.50                88.71E+00
    2056.00                88.56E+00
    2055.50                89.04E+00
    2055.00                89.41E+00
    2054.50                89.34E+00
    2054.00                88.97E+00
    2053.50                89.04E+00
    2053.00                89.72E+00
    2052.50                89.94E+00
    2052.00                89.56E+00
    2051.50                89.40E+00
    2051.00                89.83E+00
    2050.50                90.34E+00
    2050.00                90.42E+00
    2049.50                90.04E+00
    2049.00                90.17E+00
    2048.50                90.69E+00
    2048.00                91.07E+00
    2047.50                90.90E+00
    2047.00                90.57E+00
    2046.50                90.93E+00
    2046.00                91.57E+00
    2045.50                91.64E+00
    2045.00                91.22E+00
    2044.50                91.12E+00
    2044.00                91.57E+00
    2043.50                92.06E+00
    2043.00                91.78E+00
    2042.50                91.43E+00
    2042.00                91.66E+00
    2041.50                92.18E+00
    2041.00                92.31E+00
    2040.50                91.82E+00
    2040.00                91.64E+00
    2039.50                92.07E+00
    2039.00                92.43E+00
    2038.50                92.10E+00
    2038.00                91.66E+00
    2037.50                91.74E+00
    2037.00                92.24E+00
    2036.50                92.20E+00
    2036.00                91.73E+00
    2035.50                91.50E+00
    2035.00                91.82E+00
    2034.50                92.23E+00
    2034.00                91.85E+00
    2033.50                91.44E+00
    2033.00                91.49E+00
    2032.50                91.92E+00
    2032.00                92.01E+00
    2031.50                91.45E+00
    2031.00                91.24E+00
    2030.50                91.61E+00
    2030.00                91.98E+00
    2029.50                91.68E+00
    2029.00                91.30E+00
    2028.50                91.34E+00
    2028.00                91.85E+00
    2027.50                91.94E+00
    2027.00                91.51E+00
    2026.50                91.32E+00
    2026.00                91.60E+00
    2025.50                91.99E+00
    2025.00                91.94E+00
    2024.50                91.43E+00
    2024.00                91.60E+00
    2023.50                92.03E+00
    2023.00                92.17E+00
    2022.50                91.84E+00
    2022.00                91.57E+00
    2021.50                91.98E+00
    2021.00                92.45E+00
    2020.50                92.23E+00
    2020.00                91.84E+00
    2019.50                91.84E+00
    2019.00                92.31E+00
    2018.50                92.48E+00
    2018.00                91.97E+00
    2017.50                91.84E+00
    2017.00                92.14E+00
    2016.50                92.48E+00
    2016.00                92.25E+00
    2015.50                91.74E+00
    2015.00                91.96E+00
    2014.50                92.37E+00
    2014.00                92.38E+00
    2013.50                91.88E+00
    2013.00                91.73E+00
    2012.50                92.10E+00
    2012.00                92.40E+00
    2011.50                91.99E+00
    2011.00                91.59E+00
    2010.50                91.69E+00
    2010.00                92.29E+00
    2009.50                92.17E+00
    2009.00                91.72E+00
    2008.50                91.67E+00
    2008.00                92.18E+00
    2007.50                92.34E+00
    2007.00                92.00E+00
    2006.50                91.71E+00
    2006.00                91.92E+00
    2005.50                92.33E+00
    2005.00                92.00E+00
    2004.50                91.52E+00
    2004.00                91.44E+00
    2003.50                91.67E+00
    2003.00                91.39E+00
    2002.50                90.55E+00
    2002.00                90.00E+00
    2001.50                89.86E+00
    2001.00                89.40E+00
    2000.50                88.33E+00
    2000.00                87.00E+00
    1999.50                86.01E+00
    1999.00                84.93E+00
    1998.50                83.09E+00
    1998.00                81.22E+00
    1997.50                79.49E+00
    1997.00                77.75E+00
    1996.50                75.50E+00
    1996.00                72.83E+00
    1995.50                70.22E+00
    1995.00                67.98E+00
    1994.50                65.79E+00
    1994.00                62.99E+00
    1993.50                59.65E+00
    1993.00                56.78E+00
    1992.50                54.27E+00
    1992.00                51.35E+00
    1991.50                48.66E+00
    1991.00                45.88E+00
    1990.50                43.25E+00
    1990.00                40.65E+00
    1989.50                38.01E+00
    1989.00                35.56E+00
    1988.50                33.48E+00
    1988.00                31.54E+00
    1987.50                29.38E+00
    1987.00                27.13E+00
    1986.50                25.19E+00
    1986.00                23.53E+00
    1985.50                21.99E+00
    1985.00                20.39E+00
    1984.50                19.03E+00
    1984.00                17.64E+00
    1983.50                16.38E+00
    1983.00                15.09E+00
    1982.50                14.07E+00
    1982.00                13.18E+00
    1981.50                12.35E+00
    1981.00                11.38E+00
    1980.50                10.48E+00
    1980.00                09.74E+00
    1979.50                09.06E+00
    1979.00                08.45E+00
    1978.50                07.83E+00
    1978.00                07.30E+00
    1977.50                06.78E+00
    1977.00                06.31E+00
    1976.50                05.78E+00
    1976.00                05.40E+00
    1975.50                05.03E+00
    1975.00                04.73E+00
    1974.50                04.33E+00
    1974.00                04.01E+00
    1973.50                03.75E+00
    1973.00                03.51E+00
    1972.50                03.31E+00
    1972.00                03.08E+00
    1971.50                02.85E+00
    1971.00                02.64E+00
    1970.50                02.43E+00
    1970.00                02.26E+00
    1969.50                02.14E+00
    1969.00                02.00E+00
    1968.50                01.85E+00
    1968.00                01.70E+00
    1967.50                01.61E+00
    1967.00                01.49E+00
    1966.50                01.37E+00
    1966.00                01.29E+00
    1965.50                01.27E+00
    1965.00                01.11E+00
    1964.50                01.05E+00
    1964.00                01.00E+00
    1963.50                92.30E-02
    1963.00                87.90E-02
    1962.50                81.90E-02
    1962.00                78.30E-02
    1961.50                71.00E-02
    1961.00                68.60E-02
    1960.50                62.90E-02
    1960.00                60.40E-02
    1959.50                58.50E-02
    1959.00                53.70E-02
    1958.50                53.60E-02
    1958.00                47.90E-02
    1957.50                46.70E-02
    1957.00                45.80E-02
    1956.50                39.60E-02
    1956.00                42.20E-02
    1955.50                39.00E-02
    1955.00                37.90E-02
    1954.50                40.90E-02
    1954.00                34.60E-02
    1953.50                35.40E-02
    1953.00                30.80E-02
    1952.50                30.50E-02
    1952.00                30.30E-02
    1951.50                30.00E-02
    1951.00                23.30E-02
    1950.50                26.00E-02
    1950.00                30.20E-02
    1949.50                25.50E-02
    1949.00                27.00E-02
    1948.50                22.40E-02
    1948.00                25.80E-02
    1947.50                23.80E-02
    1947.00                26.10E-02
    1946.50                18.00E-02
    1946.00                21.20E-02
    1945.50                22.70E-02
    1945.00                22.60E-02
    1944.50                23.10E-02
    1944.00                22.00E-02
    1943.50                25.30E-02
    1943.00                19.50E-02
    1942.50                19.00E-02
    1942.00                20.40E-02
    1941.50                20.50E-02
    1941.00                20.30E-02
    1940.50                14.70E-02
    1940.00                16.10E-02
    1939.50                14.90E-02
    1939.00                16.10E-02
    1938.50                13.20E-02
    1938.00                16.10E-02
    1937.50                14.20E-02
    1937.00                19.60E-02
    1936.50                16.00E-02
    1936.00                14.40E-02
    1935.50                16.00E-02
    1935.00                10.30E-02
    1934.50                13.10E-02
    1934.00                15.90E-02
    1933.50                16.50E-02
    1933.00                13.30E-02
    1932.50                15.00E-02
    1932.00                14.60E-02
    1931.50                11.30E-02
    1931.00                12.30E-02
    1930.50                09.70E-02
    1930.00                13.90E-02
    1929.50                11.70E-02
    1929.00                13.00E-02
    1928.50                12.00E-02
    1928.00                14.20E-02
    1927.50                11.70E-02
    1927.00                15.90E-02
    1926.50                10.90E-02
    1926.00                10.60E-02
    1925.50                12.90E-02
    1925.00                13.30E-02
    1924.50                14.00E-02
    1924.00                11.50E-02
    1923.50                11.60E-02
    1923.00                13.90E-02
    1922.50                09.60E-02
    1922.00                14.40E-02
    1921.50                12.00E-02
    1921.00                13.40E-02
    1920.50                17.80E-02
    1920.00                15.10E-02
    1919.50                07.00E-02
    1919.00                10.50E-02
    1918.50                08.10E-02
    1918.00                13.10E-02
    1917.50                11.80E-02
    1917.00                11.00E-02
    1916.50                14.90E-02
    1916.00                16.70E-02
    1915.50                15.00E-02
    1915.00                13.20E-02
    1914.50                18.60E-02
    1914.00                12.70E-02
    1913.50                09.60E-02
    1913.00                10.70E-02
    1912.50                12.20E-02
    1912.00                06.50E-02
    1911.50                10.10E-02
    1911.00                11.00E-02
    1910.50                08.10E-02
    1910.00                07.40E-02
    1909.50                10.60E-02
    1909.00                10.80E-02
    1908.50                08.30E-02
    1908.00                08.60E-02
    1907.50                09.30E-02
    1907.00                12.50E-02
    1906.50                07.20E-02
    1906.00                09.80E-02
    1905.50                15.40E-02
    1905.00                09.30E-02
    1904.50                09.20E-02
    1904.00                07.00E-02
    1903.50                10.40E-02
    1903.00                10.10E-02
    1902.50                12.20E-02
    1902.00                07.80E-02
    1901.50                05.70E-02
    1901.00                14.10E-02
    1900.50                19.10E-02
    1900.00                04.90E-02
    1899.50                15.50E-02
    1899.00                05.40E-02
    1898.50                15.60E-02
    1898.00                14.70E-02
    1897.50                08.60E-02
    1897.00                10.90E-02
    1896.50                06.60E-02
    1896.00                08.30E-02
    1895.50                09.40E-02
    1895.00                14.10E-02
    1894.50                08.20E-02
    1894.00                06.80E-02
    1893.50                08.20E-02
    1893.00                04.70E-02
    1892.50                09.50E-02
    1892.00                11.00E-02
    1891.50                07.50E-02
    1891.00                08.60E-02
    1890.50                05.00E-02
    1890.00                06.20E-02
    1889.50                07.10E-02
    1889.00                05.30E-02
    1888.50                03.70E-02
    1888.00                09.00E-02
    1887.50                08.70E-02
    1887.00                08.20E-02
    1886.50                08.80E-02
    1886.00                05.50E-02
    1885.50                11.80E-02
    1885.00                09.30E-02
    1884.50                07.90E-02
    1884.00                11.10E-02
    1883.50                08.90E-02
    1883.00                05.80E-02
    1882.50                08.80E-02
    1882.00                09.90E-02
    1881.50                07.40E-02
    1881.00                05.70E-02
    1880.50                04.10E-02
    1880.00                07.60E-02
    1879.50                05.40E-02
    1879.00                06.90E-02
    1878.50                15.00E-02
    1878.00                04.50E-02
    1877.50                08.90E-02
    1877.00                11.10E-02
    1876.50                05.20E-02
    1876.00                08.30E-02
    1875.50                07.30E-02
    1875.00                09.60E-02
    1874.50                08.50E-02
    1874.00                05.60E-02
    1873.50                01.30E-02
    1873.00                09.00E-02
    1872.50                06.50E-02
    1872.00                04.80E-02
    1871.50                09.60E-02
    1871.00                09.90E-02
    1870.50                12.90E-02
    1870.00                06.80E-02
    1869.50                04.60E-02
    1869.00                02.30E-02
    1868.50                10.00E-02
    1868.00                05.40E-02
    1867.50                04.10E-02
    1867.00                05.50E-02
    1866.50                04.10E-02
    1866.00                09.40E-02
    1865.50                07.60E-02
    1865.00                08.50E-02
    1864.50                04.80E-02
    1864.00                03.80E-02
    1863.50                10.50E-02
    1863.00                09.70E-02
    1862.50                03.30E-02
    1862.00                05.60E-02
    1861.50                06.00E-02
    1861.00                09.30E-02
    1860.50                10.50E-02
    1860.00                -30.00E-04
    1859.50                03.20E-02
    1859.00                06.30E-02
    1858.50                05.20E-02
    1858.00                09.40E-02
    1857.50                09.70E-02
    1857.00                06.60E-02
    1856.50                13.80E-02
    1856.00                09.30E-02
    1855.50                20.00E-04
    1855.00                07.10E-02
    1854.50                11.10E-02
    1854.00                11.30E-02
    1853.50                14.60E-02
    1853.00                08.10E-02
    1852.50                11.10E-02
    1852.00                05.60E-02
    1851.50                05.40E-02
    1851.00                04.00E-02
    1850.50                14.80E-02
    1850.00                02.00E-02
    1849.50                08.60E-02
    1849.00                05.70E-02
    1848.50                18.30E-02
    1848.00                09.40E-02
    1847.50                07.80E-02
    1847.00                05.40E-02
    1846.50                02.90E-02
    1846.00                01.50E-02
    1845.50                06.00E-02
    1845.00                09.50E-02
    1844.50                06.50E-02
    1844.00                08.50E-02
    1843.50                06.70E-02
    1843.00                10.30E-02
    1842.50                07.50E-02
    1842.00                11.40E-02
    1841.50                10.00E-02
    1841.00                05.20E-02
    1840.50                13.20E-02
    1840.00                03.80E-02
    1839.50                06.20E-02
    1839.00                03.40E-02
    1838.50                08.60E-02
    1838.00                12.50E-02
    1837.50                06.00E-02
    1837.00                04.30E-02
    1836.50                06.30E-02
    1836.00                09.70E-02
    1835.50                07.10E-02
    1835.00                03.20E-02
    1834.50                10.70E-02
    1834.00                06.30E-02
    1833.50                05.60E-02
    1833.00                11.60E-02
    1832.50                07.60E-02
    1832.00                06.80E-02
    1831.50                06.80E-02
    1831.00                11.20E-02
    1830.50                06.20E-02
    1830.00                10.70E-02
    1829.50                03.80E-02
    1829.00                07.90E-02
    1828.50                05.10E-02
    1828.00                03.10E-02
    1827.50                07.10E-02
    1827.00                06.90E-02
    1826.50                08.70E-02
    1826.00                06.90E-02
    1825.50                08.20E-02
    1825.00                07.40E-02
    1824.50                09.70E-02
    1824.00                08.20E-02
    1823.50                06.60E-02
    1823.00                07.10E-02
    1822.50                07.10E-02
    1822.00                04.30E-02
    1821.50                13.60E-02
    1821.00                10.60E-02
    1820.50                07.70E-02
    1820.00                06.40E-02
    1819.50                05.00E-02
    1819.00                04.60E-02
    1818.50                07.70E-02
    1818.00                13.30E-02
    1817.50                08.20E-02
    1817.00                10.30E-02
    1816.50                10.00E-02
    1816.00                08.90E-02
    1815.50                10.10E-02
    1815.00                05.70E-02
    1814.50                08.50E-02
    1814.00                10.40E-02
    1813.50                05.20E-02
    1813.00                08.90E-02
    1812.50                11.40E-02
    1812.00                14.80E-02
    1811.50                10.80E-02
    1811.00                09.10E-02
    1810.50                07.30E-02
    1810.00                03.20E-02
    1809.50                05.30E-02
    1809.00                09.30E-02
    1808.50                09.30E-02
    1808.00                12.00E-02
    1807.50                11.00E-02
    1807.00                14.20E-02
    1806.50                10.00E-02
    1806.00                11.70E-02
    1805.50                09.80E-02
    1805.00                10.90E-02
    1804.50                12.40E-02
    1804.00                07.30E-02
    1803.50                11.00E-02
    1803.00                08.50E-02
    1802.50                11.30E-02
    1802.00                08.60E-02
    1801.50                10.20E-02
    1801.00                12.60E-02
    1800.50                09.50E-02
    1800.00                15.00E-02
    1799.50                13.40E-02
    1799.00                10.40E-02
    1798.50                09.20E-02
    1798.00                10.30E-02
    1797.50                08.20E-02
    1797.00                10.40E-02
    1796.50                10.70E-02
    1796.00                07.30E-02
    1795.50                07.90E-02
    1795.00                13.10E-02
    1794.50                11.50E-02
    1794.00                11.80E-02
    1793.50                08.70E-02
    1793.00                10.50E-02
    1792.50                05.10E-02
    1792.00                07.10E-02
    1791.50                07.70E-02
    1791.00                09.80E-02
    1790.50                09.50E-02
    1790.00                08.90E-02
    1789.50                05.90E-02
    1789.00                03.30E-02
    1788.50                -50.00E-04
    1788.00                05.10E-02
    1787.50                09.30E-02
    1787.00                07.20E-02
    1786.50                05.60E-02
    1786.00                07.40E-02
    1785.50                06.40E-02
    1785.00                08.80E-02
    1784.50                08.20E-02
    1784.00                10.10E-02
    1783.50                07.60E-02
    1783.00                06.80E-02
    1782.50                06.80E-02
    1782.00                03.80E-02
    1781.50                14.80E-02
    1781.00                06.90E-02
    1780.50                80.00E-04
    1780.00                06.80E-02
    1779.50                05.40E-02
    1779.00                10.30E-02
    1778.50                02.80E-02
    1778.00                05.80E-02
    1777.50                05.70E-02
    1777.00                05.10E-02
    1776.50                03.10E-02
    1776.00                03.60E-02
    1775.50                06.70E-02
    1775.00                03.60E-02
    1774.50                03.80E-02
    1774.00                01.80E-02
    1773.50                02.30E-02
    1773.00                02.00E-02
    1772.50                06.40E-02
    1772.00                04.10E-02
    1771.50                11.80E-02
    1771.00                12.40E-02
    1770.50                05.10E-02
    1770.00                07.40E-02
    1769.50                06.10E-02
    1769.00                06.90E-02
    1768.50                04.60E-02
    1768.00                07.10E-02
    1767.50                03.10E-02
    1767.00                06.20E-02
    1766.50                07.20E-02
    1766.00                04.60E-02
    1765.50                07.70E-02
    1765.00                08.70E-02
    1764.50                06.10E-02
    1764.00                06.10E-02
    1763.50                30.00E-04
    1763.00                -30.00E-04
    1762.50                02.10E-02
    1762.00                11.00E-02
    1761.50                04.90E-02
    1761.00                02.50E-02
    1760.50                06.20E-02
    1760.00                06.70E-02
    1759.50                02.80E-02
    1759.00                02.60E-02
    1758.50                08.70E-02
    1758.00                06.70E-02
    1757.50                05.60E-02
    1757.00                08.70E-02
    1756.50                03.80E-02
    1756.00                06.10E-02
    1755.50                09.50E-02
    1755.00                06.40E-02
    1754.50                10.60E-02
    1754.00                07.10E-02
    1753.50                04.90E-02
    1753.00                03.60E-02
    1752.50                11.50E-02
    1752.00                06.40E-02
    1751.50                06.50E-02
    1751.00                07.70E-02
    1750.50                08.60E-02
    1750.00                05.10E-02
    1749.50                04.30E-02
    1749.00                08.20E-02
    1748.50                11.30E-02
    1748.00                02.80E-02
    1747.50                05.30E-02
    1747.00                05.60E-02
    1746.50                06.40E-02
    1746.00                02.80E-02
    1745.50                02.60E-02
    1745.00                09.20E-02
    1744.50                06.70E-02
    1744.00                03.30E-02
    1743.50                11.60E-02
    1743.00                07.40E-02
    1742.50                06.40E-02
    1742.00                10.00E-02
    1741.50                80.00E-04
    1741.00                08.40E-02
    1740.50                07.70E-02
    1740.00                -07.80E-02
    1739.50                04.30E-02
    1739.00                05.30E-02
    1738.50                08.90E-02
    1738.00                04.40E-02
    1737.50                05.10E-02
    1737.00                01.70E-02
    1736.50                08.70E-02
    1736.00                13.80E-02
    1735.50                -04.30E-02
    1735.00                08.70E-02
    1734.50                09.20E-02
    1734.00                30.00E-04
    1733.50                22.70E-02
    1733.00                11.30E-02
    1732.50                -12.20E-02
    1732.00                09.70E-02
    1731.50                25.40E-02
    1731.00                29.00E-02
    1730.50                16.60E-02
    1730.00                05.10E-02
    1729.50                04.10E-02
    1729.00                05.20E-02
    1728.50                01.40E-02
    1728.00                -07.30E-02
    1727.50                03.10E-02
    1727.00                07.70E-02
    1726.50                03.60E-02
    1726.00                15.70E-02
    1725.50                11.80E-02
    1725.00                16.00E-02
    1724.50                19.90E-02
    1724.00                09.80E-02
    1723.50                08.50E-02
    1723.00                13.10E-02
    1722.50                08.50E-02
    1722.00                07.00E-02
    1721.50                11.80E-02
    1721.00                19.90E-02
    1720.50                12.80E-02
    1720.00                13.50E-02
    1719.50                11.70E-02
    1719.00                11.90E-02
    1718.50                12.30E-02
    1718.00                17.20E-02
    1717.50                27.00E-02
    1717.00                50.00E-04
    1716.50                -14.70E-02
    1716.00                44.60E-02
    1715.50                04.90E-02
    1715.00                -55.20E-02
    1714.50                28.20E-02
    1714.00                01.14E+00
    1713.50                24.70E-02
    1713.00                03.70E-02
    1712.50                92.80E-02
    1712.00                -68.70E-02
    1711.50                -43.70E-02
    1711.00                29.40E-02
    1710.50                43.50E-02
    1710.00                25.40E-02
    1709.50                -16.10E-02
    1709.00                21.30E-02
    1708.50                18.30E-02
    1708.00                02.10E-02
    1707.50                -01.30E-02
    1707.00                04.10E-02
    1706.50                06.20E-02
    1706.00                06.70E-02
    1705.50                25.90E-02
    1705.00                17.80E-02
    1704.50                12.30E-02
    1704.00                23.40E-02
    1703.50                25.10E-02
    1703.00                09.30E-02
    1702.50                17.80E-02
    1702.00                28.40E-02
    1701.50                02.40E-02
    1701.00                -52.10E-02
    1700.50                01.75E+00
    1700.00                -47.70E-02
    1699.50                -25.80E-02
