# FLAMINGOS BARR Ks Filter MAN 311A
# Filter measured at room temperature
# Wavelength (nm)    Transmission (%)
    2500.00              72.93E-04
    2499.50              01.11E-02
    2499.00              84.20E-04
    2498.50              53.47E-04
    2498.00              58.98E-04
    2497.50              01.32E-02
    2497.00              66.88E-04
    2496.50              80.59E-04
    2496.00              01.18E-02
    2495.50              86.82E-04
    2495.00              21.27E-04
    2494.50              50.36E-04
    2494.00              96.04E-04
    2493.50              90.59E-04
    2493.00              84.64E-04
    2492.50              58.40E-04
    2492.00              01.17E-02
    2491.50              71.45E-04
    2491.00              72.36E-04
    2490.50              54.91E-04
    2490.00              68.10E-04
    2489.50              90.51E-04
    2489.00              90.67E-04
    2488.50              68.60E-04
    2488.00              85.92E-04
    2487.50              01.31E-02
    2487.00              50.05E-04
    2486.50              86.23E-04
    2486.00              63.79E-04
    2485.50              01.06E-02
    2485.00              01.13E-02
    2484.50              70.15E-04
    2484.00              95.63E-04
    2483.50              92.66E-04
    2483.00              62.56E-04
    2482.50              76.79E-04
    2482.00              59.12E-04
    2481.50              01.14E-02
    2481.00              01.09E-02
    2480.50              01.64E-02
    2480.00              81.53E-04
    2479.50              81.30E-04
    2479.00              01.12E-02
    2478.50              96.71E-04
    2478.00              66.91E-04
    2477.50              01.10E-02
    2477.00              80.34E-04
    2476.50              01.06E-02
    2476.00              51.04E-04
    2475.50              51.28E-04
    2475.00              74.44E-04
    2474.50              01.06E-02
    2474.00              59.12E-04
    2473.50              49.95E-04
    2473.00              88.30E-04
    2472.50              74.26E-04
    2472.00              98.20E-04
    2471.50              01.10E-02
    2471.00              01.03E-02
    2470.50              72.92E-04
    2470.00              76.88E-04
    2469.50              66.98E-04
    2469.00              71.94E-04
    2468.50              69.26E-04
    2468.00              57.48E-04
    2467.50              97.18E-04
    2467.00              94.55E-04
    2466.50              01.11E-02
    2466.00              27.66E-04
    2465.50              01.01E-02
    2465.00              23.43E-04
    2464.50              90.37E-04
    2464.00              58.75E-04
    2463.50              72.48E-04
    2463.00              77.13E-04
    2462.50              01.09E-02
    2462.00              99.38E-04
    2461.50              99.22E-04
    2461.00              01.08E-02
    2460.50              76.17E-04
    2460.00              01.21E-02
    2459.50              01.36E-02
    2459.00              01.04E-02
    2458.50              95.02E-04
    2458.00              56.52E-04
    2457.50              01.17E-02
    2457.00              01.28E-02
    2456.50              63.32E-04
    2456.00              01.15E-02
    2455.50              54.49E-04
    2455.00              76.15E-04
    2454.50              99.08E-04
    2454.00              01.46E-02
    2453.50              98.52E-04
    2453.00              93.85E-04
    2452.50              62.91E-04
    2452.00              01.03E-02
    2451.50              01.07E-02
    2451.00              01.11E-02
    2450.50              66.98E-04
    2450.00              01.19E-02
    2449.50              96.96E-04
    2449.00              01.15E-02
    2448.50              27.16E-04
    2448.00              01.24E-02
    2447.50              86.67E-04
    2447.00              01.23E-02
    2446.50              81.21E-04
    2446.00              93.20E-04
    2445.50              01.34E-02
    2445.00              65.58E-04
    2444.50              01.32E-02
    2444.00              01.32E-02
    2443.50              96.85E-04
    2443.00              74.94E-04
    2442.50              89.24E-04
    2442.00              88.87E-04
    2441.50              69.61E-04
    2441.00              57.75E-04
    2440.50              01.06E-02
    2440.00              82.24E-04
    2439.50              69.98E-04
    2439.00              01.36E-02
    2438.50              01.73E-02
    2438.00              69.83E-04
    2437.50              01.05E-02
    2437.00              84.05E-04
    2436.50              67.07E-04
    2436.00              48.02E-04
    2435.50              91.68E-04
    2435.00              80.32E-04
    2434.50              01.02E-02
    2434.00              01.37E-02
    2433.50              92.17E-04
    2433.00              01.19E-02
    2432.50              01.28E-02
    2432.00              89.04E-04
    2431.50              01.47E-02
    2431.00              01.57E-02
    2430.50              01.07E-02
    2430.00              75.39E-04
    2429.50              84.45E-04
    2429.00              01.33E-02
    2428.50              01.07E-02
    2428.00              01.38E-02
    2427.50              89.51E-04
    2427.00              01.65E-02
    2426.50              88.07E-04
    2426.00              01.07E-02
    2425.50              01.41E-02
    2425.00              01.14E-02
    2424.50              01.52E-02
    2424.00              01.41E-02
    2423.50              01.45E-02
    2423.00              01.28E-02
    2422.50              01.50E-02
    2422.00              01.16E-02
    2421.50              01.21E-02
    2421.00              01.43E-02
    2420.50              01.83E-02
    2420.00              01.34E-02
    2419.50              01.47E-02
    2419.00              01.44E-02
    2418.50              01.22E-02
    2418.00              01.71E-02
    2417.50              01.44E-02
    2417.00              01.75E-02
    2416.50              01.93E-02
    2416.00              01.74E-02
    2415.50              01.75E-02
    2415.00              01.56E-02
    2414.50              01.68E-02
    2414.00              01.74E-02
    2413.50              02.01E-02
    2413.00              01.68E-02
    2412.50              02.11E-02
    2412.00              01.79E-02
    2411.50              01.84E-02
    2411.00              01.75E-02
    2410.50              01.71E-02
    2410.00              01.62E-02
    2409.50              02.35E-02
    2409.00              02.29E-02
    2408.50              01.74E-02
    2408.00              01.78E-02
    2407.50              01.87E-02
    2407.00              01.87E-02
    2406.50              02.03E-02
    2406.00              01.82E-02
    2405.50              02.10E-02
    2405.00              01.71E-02
    2404.50              02.17E-02
    2404.00              02.02E-02
    2403.50              02.69E-02
    2403.00              02.33E-02
    2402.50              02.81E-02
    2402.00              02.61E-02
    2401.50              02.69E-02
    2401.00              02.36E-02
    2400.50              02.69E-02
    2400.00              02.89E-02
    2399.50              02.22E-02
    2399.00              02.58E-02
    2398.50              03.03E-02
    2398.00              03.10E-02
    2397.50              03.28E-02
    2397.00              03.31E-02
    2396.50              03.27E-02
    2396.00              03.67E-02
    2395.50              03.94E-02
    2395.00              03.22E-02
    2394.50              03.49E-02
    2394.00              03.64E-02
    2393.50              03.97E-02
    2393.00              04.31E-02
    2392.50              03.67E-02
    2392.00              04.14E-02
    2391.50              03.88E-02
    2391.00              03.91E-02
    2390.50              04.60E-02
    2390.00              04.71E-02
    2389.50              04.40E-02
    2389.00              04.38E-02
    2388.50              04.56E-02
    2388.00              04.88E-02
    2387.50              05.51E-02
    2387.00              05.08E-02
    2386.50              05.36E-02
    2386.00              05.36E-02
    2385.50              05.58E-02
    2385.00              06.04E-02
    2384.50              06.27E-02
    2384.00              06.47E-02
    2383.50              06.40E-02
    2383.00              06.87E-02
    2382.50              07.06E-02
    2382.00              07.14E-02
    2381.50              07.56E-02
    2381.00              07.70E-02
    2380.50              08.12E-02
    2380.00              07.89E-02
    2379.50              08.44E-02
    2379.00              08.70E-02
    2378.50              09.06E-02
    2378.00              08.98E-02
    2377.50              09.22E-02
    2377.00              10.23E-02
    2376.50              10.71E-02
    2376.00              10.63E-02
    2375.50              11.13E-02
    2375.00              11.37E-02
    2374.50              11.75E-02
    2374.00              11.99E-02
    2373.50              12.41E-02
    2373.00              13.48E-02
    2372.50              13.75E-02
    2372.00              14.49E-02
    2371.50              14.86E-02
    2371.00              15.33E-02
    2370.50              15.64E-02
    2370.00              15.90E-02
    2369.50              16.62E-02
    2369.00              16.93E-02
    2368.50              17.69E-02
    2368.00              18.29E-02
    2367.50              19.31E-02
    2367.00              20.22E-02
    2366.50              20.49E-02
    2366.00              21.39E-02
    2365.50              21.91E-02
    2365.00              23.16E-02
    2364.50              23.90E-02
    2364.00              24.57E-02
    2363.50              26.05E-02
    2363.00              26.88E-02
    2362.50              27.73E-02
    2362.00              28.75E-02
    2361.50              30.50E-02
    2361.00              31.40E-02
    2360.50              32.53E-02
    2360.00              34.49E-02
    2359.50              34.70E-02
    2359.00              36.67E-02
    2358.50              38.31E-02
    2358.00              39.82E-02
    2357.50              40.69E-02
    2357.00              42.94E-02
    2356.50              44.79E-02
    2356.00              46.05E-02
    2355.50              48.32E-02
    2355.00              50.11E-02
    2354.50              52.22E-02
    2354.00              54.70E-02
    2353.50              57.02E-02
    2353.00              59.54E-02
    2352.50              62.26E-02
    2352.00              64.39E-02
    2351.50              67.28E-02
    2351.00              69.95E-02
    2350.50              73.07E-02
    2350.00              76.42E-02
    2349.50              80.04E-02
    2349.00              83.24E-02
    2348.50              87.01E-02
    2348.00              91.03E-02
    2347.50              95.09E-02
    2347.00              99.93E-02
    2346.50              01.04E+00
    2346.00              01.09E+00
    2345.50              01.13E+00
    2345.00              01.19E+00
    2344.50              01.25E+00
    2344.00              01.31E+00
    2343.50              01.37E+00
    2343.00              01.43E+00
    2342.50              01.50E+00
    2342.00              01.57E+00
    2341.50              01.65E+00
    2341.00              01.74E+00
    2340.50              01.82E+00
    2340.00              01.92E+00
    2339.50              02.01E+00
    2339.00              02.10E+00
    2338.50              02.21E+00
    2338.00              02.33E+00
    2337.50              02.46E+00
    2337.00              02.58E+00
    2336.50              02.70E+00
    2336.00              02.84E+00
    2335.50              02.99E+00
    2335.00              03.15E+00
    2334.50              03.33E+00
    2334.00              03.52E+00
    2333.50              03.70E+00
    2333.00              03.89E+00
    2332.50              04.09E+00
    2332.00              04.31E+00
    2331.50              04.58E+00
    2331.00              04.85E+00
    2330.50              05.10E+00
    2330.00              05.39E+00
    2329.50              05.68E+00
    2329.00              06.01E+00
    2328.50              06.36E+00
    2328.00              06.77E+00
    2327.50              07.17E+00
    2327.00              07.57E+00
    2326.50              07.98E+00
    2326.00              08.42E+00
    2325.50              08.98E+00
    2325.00              09.50E+00
    2324.50              10.10E+00
    2324.00              10.71E+00
    2323.50              11.30E+00
    2323.00              11.93E+00
    2322.50              12.65E+00
    2322.00              13.52E+00
    2321.50              14.34E+00
    2321.00              15.18E+00
    2320.50              16.07E+00
    2320.00              17.00E+00
    2319.50              17.99E+00
    2319.00              19.12E+00
    2318.50              20.36E+00
    2318.00              21.56E+00
    2317.50              22.78E+00
    2317.00              24.03E+00
    2316.50              25.36E+00
    2316.00              26.93E+00
    2315.50              28.58E+00
    2315.00              30.18E+00
    2314.50              31.78E+00
    2314.00              33.39E+00
    2313.50              35.20E+00
    2313.00              37.03E+00
    2312.50              39.16E+00
    2312.00              41.21E+00
    2311.50              43.06E+00
    2311.00              45.02E+00
    2310.50              47.02E+00
    2310.00              49.22E+00
    2309.50              51.42E+00
    2309.00              53.79E+00
    2308.50              55.92E+00
    2308.00              57.91E+00
    2307.50              59.93E+00
    2307.00              62.02E+00
    2306.50              64.36E+00
    2306.00              66.35E+00
    2305.50              68.42E+00
    2305.00              70.35E+00
    2304.50              72.06E+00
    2304.00              73.90E+00
    2303.50              75.55E+00
    2303.00              77.43E+00
    2302.50              78.95E+00
    2302.00              80.47E+00
    2301.50              81.76E+00
    2301.00              83.03E+00
    2300.50              84.23E+00
    2300.00              85.38E+00
    2299.50              86.51E+00
    2299.00              87.39E+00
    2298.50              88.22E+00
    2298.00              88.99E+00
    2297.50              89.64E+00
    2297.00              90.31E+00
    2296.50              90.87E+00
    2296.00              91.37E+00
    2295.50              91.76E+00
    2295.00              92.08E+00
    2294.50              92.42E+00
    2294.00              92.68E+00
    2293.50              92.89E+00
    2293.00              93.09E+00
    2292.50              93.20E+00
    2292.00              93.29E+00
    2291.50              93.35E+00
    2291.00              93.36E+00
    2290.50              93.37E+00
    2290.00              93.38E+00
    2289.50              93.33E+00
    2289.00              93.30E+00
    2288.50              93.24E+00
    2288.00              93.14E+00
    2287.50              93.07E+00
    2287.00              93.00E+00
    2286.50              92.86E+00
    2286.00              92.81E+00
    2285.50              92.73E+00
    2285.00              92.58E+00
    2284.50              92.47E+00
    2284.00              92.34E+00
    2283.50              92.27E+00
    2283.00              92.16E+00
    2282.50              92.04E+00
    2282.00              91.94E+00
    2281.50              91.88E+00
    2281.00              91.76E+00
    2280.50              91.69E+00
    2280.00              91.55E+00
    2279.50              91.51E+00
    2279.00              91.48E+00
    2278.50              91.37E+00
    2278.00              91.29E+00
    2277.50              91.23E+00
    2277.00              91.17E+00
    2276.50              91.17E+00
    2276.00              91.07E+00
    2275.50              91.02E+00
    2275.00              90.98E+00
    2274.50              90.99E+00
    2274.00              90.91E+00
    2273.50              90.91E+00
    2273.00              90.92E+00
    2272.50              90.88E+00
    2272.00              90.88E+00
    2271.50              90.88E+00
    2271.00              90.88E+00
    2270.50              90.87E+00
    2270.00              90.88E+00
    2269.50              90.92E+00
    2269.00              90.88E+00
    2268.50              90.93E+00
    2268.00              90.92E+00
    2267.50              90.97E+00
    2267.00              91.00E+00
    2266.50              90.99E+00
    2266.00              91.01E+00
    2265.50              91.09E+00
    2265.00              91.10E+00
    2264.50              91.12E+00
    2264.00              91.16E+00
    2263.50              91.18E+00
    2263.00              91.23E+00
    2262.50              91.27E+00
    2262.00              91.25E+00
    2261.50              91.29E+00
    2261.00              91.36E+00
    2260.50              91.37E+00
    2260.00              91.39E+00
    2259.50              91.37E+00
    2259.00              91.41E+00
    2258.50              91.45E+00
    2258.00              91.46E+00
    2257.50              91.49E+00
    2257.00              91.48E+00
    2256.50              91.50E+00
    2256.00              91.53E+00
    2255.50              91.49E+00
    2255.00              91.50E+00
    2254.50              91.50E+00
    2254.00              91.51E+00
    2253.50              91.52E+00
    2253.00              91.48E+00
    2252.50              91.47E+00
    2252.00              91.48E+00
    2251.50              91.49E+00
    2251.00              91.40E+00
    2250.50              91.42E+00
    2250.00              91.40E+00
    2249.50              91.40E+00
    2249.00              91.39E+00
    2248.50              91.35E+00
    2248.00              91.31E+00
    2247.50              91.32E+00
    2247.00              91.30E+00
    2246.50              91.26E+00
    2246.00              91.21E+00
    2245.50              91.18E+00
    2245.00              91.19E+00
    2244.50              91.12E+00
    2244.00              91.09E+00
    2243.50              91.07E+00
    2243.00              91.04E+00
    2242.50              91.03E+00
    2242.00              90.98E+00
    2241.50              90.93E+00
    2241.00              90.94E+00
    2240.50              90.94E+00
    2240.00              90.90E+00
    2239.50              90.85E+00
    2239.00              90.81E+00
    2238.50              90.81E+00
    2238.00              90.83E+00
    2237.50              90.78E+00
    2237.00              90.73E+00
    2236.50              90.76E+00
    2236.00              90.77E+00
    2235.50              90.73E+00
    2235.00              90.69E+00
    2234.50              90.68E+00
    2234.00              90.73E+00
    2233.50              90.70E+00
    2233.00              90.69E+00
    2232.50              90.72E+00
    2232.00              90.70E+00
    2231.50              90.71E+00
    2231.00              90.72E+00
    2230.50              90.70E+00
    2230.00              90.71E+00
    2229.50              90.72E+00
    2229.00              90.74E+00
    2228.50              90.76E+00
    2228.00              90.72E+00
    2227.50              90.78E+00
    2227.00              90.89E+00
    2226.50              90.78E+00
    2226.00              90.80E+00
    2225.50              90.81E+00
    2225.00              90.89E+00
    2224.50              90.90E+00
    2224.00              90.89E+00
    2223.50              90.88E+00
    2223.00              90.95E+00
    2222.50              90.98E+00
    2222.00              90.96E+00
    2221.50              90.98E+00
    2221.00              90.98E+00
    2220.50              91.07E+00
    2220.00              91.08E+00
    2219.50              91.07E+00
    2219.00              91.08E+00
    2218.50              91.11E+00
    2218.00              91.15E+00
    2217.50              91.16E+00
    2217.00              91.14E+00
    2216.50              91.16E+00
    2216.00              91.23E+00
    2215.50              91.22E+00
    2215.00              91.23E+00
    2214.50              91.22E+00
    2214.00              91.25E+00
    2213.50              91.29E+00
    2213.00              91.29E+00
    2212.50              91.28E+00
    2212.00              91.31E+00
    2211.50              91.33E+00
    2211.00              91.35E+00
    2210.50              91.35E+00
    2210.00              91.31E+00
    2209.50              91.36E+00
    2209.00              91.41E+00
    2208.50              91.39E+00
    2208.00              91.38E+00
    2207.50              91.38E+00
    2207.00              91.42E+00
    2206.50              91.41E+00
    2206.00              91.42E+00
    2205.50              91.43E+00
    2205.00              91.42E+00
    2204.50              91.45E+00
    2204.00              91.49E+00
    2203.50              91.47E+00
    2203.00              91.43E+00
    2202.50              91.47E+00
    2202.00              91.50E+00
    2201.50              91.47E+00
    2201.00              91.45E+00
    2200.50              91.47E+00
    2200.00              91.49E+00
    2199.50              91.50E+00
    2199.00              91.45E+00
    2198.50              91.46E+00
    2198.00              91.51E+00
    2197.50              91.49E+00
    2197.00              91.51E+00
    2196.50              91.47E+00
    2196.00              91.46E+00
    2195.50              91.49E+00
    2195.00              91.44E+00
    2194.50              91.43E+00
    2194.00              91.41E+00
    2193.50              91.41E+00
    2193.00              91.40E+00
    2192.50              91.37E+00
    2192.00              91.34E+00
    2191.50              91.34E+00
    2191.00              91.31E+00
    2190.50              91.32E+00
    2190.00              91.24E+00
    2189.50              91.20E+00
    2189.00              91.23E+00
    2188.50              91.20E+00
    2188.00              91.13E+00
    2187.50              91.10E+00
    2187.00              91.07E+00
    2186.50              91.04E+00
    2186.00              90.99E+00
    2185.50              90.90E+00
    2185.00              90.85E+00
    2184.50              90.87E+00
    2184.00              90.81E+00
    2183.50              90.78E+00
    2183.00              90.69E+00
    2182.50              90.61E+00
    2182.00              90.66E+00
    2181.50              90.56E+00
    2181.00              90.46E+00
    2180.50              90.43E+00
    2180.00              90.37E+00
    2179.50              90.30E+00
    2179.00              90.24E+00
    2178.50              90.14E+00
    2178.00              90.12E+00
    2177.50              90.09E+00
    2177.00              89.98E+00
    2176.50              89.90E+00
    2176.00              89.84E+00
    2175.50              89.82E+00
    2175.00              89.73E+00
    2174.50              89.64E+00
    2174.00              89.59E+00
    2173.50              89.54E+00
    2173.00              89.48E+00
    2172.50              89.41E+00
    2172.00              89.32E+00
    2171.50              89.26E+00
    2171.00              89.26E+00
    2170.50              89.16E+00
    2170.00              89.08E+00
    2169.50              89.03E+00
    2169.00              88.96E+00
    2168.50              88.94E+00
    2168.00              88.89E+00
    2167.50              88.82E+00
    2167.00              88.76E+00
    2166.50              88.70E+00
    2166.00              88.67E+00
    2165.50              88.62E+00
    2165.00              88.54E+00
    2164.50              88.49E+00
    2164.00              88.46E+00
    2163.50              88.41E+00
    2163.00              88.35E+00
    2162.50              88.31E+00
    2162.00              88.28E+00
    2161.50              88.24E+00
    2161.00              88.20E+00
    2160.50              88.17E+00
    2160.00              88.15E+00
    2159.50              88.11E+00
    2159.00              88.08E+00
    2158.50              88.06E+00
    2158.00              88.01E+00
    2157.50              88.02E+00
    2157.00              87.99E+00
    2156.50              87.96E+00
    2156.00              87.92E+00
    2155.50              87.93E+00
    2155.00              87.93E+00
    2154.50              87.93E+00
    2154.00              87.91E+00
    2153.50              87.89E+00
    2153.00              87.92E+00
    2152.50              87.90E+00
    2152.00              87.89E+00
    2151.50              87.89E+00
    2151.00              87.92E+00
    2150.50              87.93E+00
    2150.00              87.96E+00
    2149.50              87.94E+00
    2149.00              87.97E+00
    2148.50              87.98E+00
    2148.00              88.01E+00
    2147.50              88.02E+00
    2147.00              88.03E+00
    2146.50              88.10E+00
    2146.00              88.09E+00
    2145.50              88.13E+00
    2145.00              88.21E+00
    2144.50              88.20E+00
    2144.00              88.20E+00
    2143.50              88.30E+00
    2143.00              88.28E+00
    2142.50              88.36E+00
    2142.00              88.36E+00
    2141.50              88.42E+00
    2141.00              88.43E+00
    2140.50              88.51E+00
    2140.00              88.54E+00
    2139.50              88.59E+00
    2139.00              88.66E+00
    2138.50              88.69E+00
    2138.00              88.74E+00
    2137.50              88.77E+00
    2137.00              88.83E+00
    2136.50              88.86E+00
    2136.00              88.93E+00
    2135.50              88.96E+00
    2135.00              89.02E+00
    2134.50              89.12E+00
    2134.00              89.13E+00
    2133.50              89.14E+00
    2133.00              89.25E+00
    2132.50              89.31E+00
    2132.00              89.32E+00
    2131.50              89.35E+00
    2131.00              89.45E+00
    2130.50              89.50E+00
    2130.00              89.49E+00
    2129.50              89.56E+00
    2129.00              89.66E+00
    2128.50              89.72E+00
    2128.00              89.71E+00
    2127.50              89.76E+00
    2127.00              89.86E+00
    2126.50              89.89E+00
    2126.00              89.88E+00
    2125.50              89.94E+00
    2125.00              90.01E+00
    2124.50              90.03E+00
    2124.00              90.05E+00
    2123.50              90.09E+00
    2123.00              90.15E+00
    2122.50              90.20E+00
    2122.00              90.24E+00
    2121.50              90.22E+00
    2121.00              90.26E+00
    2120.50              90.31E+00
    2120.00              90.34E+00
    2119.50              90.34E+00
    2119.00              90.34E+00
    2118.50              90.39E+00
    2118.00              90.41E+00
    2117.50              90.42E+00
    2117.00              90.43E+00
    2116.50              90.43E+00
    2116.00              90.47E+00
    2115.50              90.46E+00
    2115.00              90.45E+00
    2114.50              90.45E+00
    2114.00              90.47E+00
    2113.50              90.48E+00
    2113.00              90.49E+00
    2112.50              90.45E+00
    2112.00              90.44E+00
    2111.50              90.48E+00
    2111.00              90.45E+00
    2110.50              90.39E+00
    2110.00              90.38E+00
    2109.50              90.40E+00
    2109.00              90.37E+00
    2108.50              90.31E+00
    2108.00              90.31E+00
    2107.50              90.27E+00
    2107.00              90.30E+00
    2106.50              90.28E+00
    2106.00              90.20E+00
    2105.50              90.18E+00
    2105.00              90.18E+00
    2104.50              90.13E+00
    2104.00              90.06E+00
    2103.50              90.05E+00
    2103.00              89.97E+00
    2102.50              89.99E+00
    2102.00              89.97E+00
    2101.50              89.85E+00
    2101.00              89.86E+00
    2100.50              89.89E+00
    2100.00              89.76E+00
    2099.50              89.71E+00
    2099.00              89.73E+00
    2098.50              89.70E+00
    2098.00              89.65E+00
    2097.50              89.58E+00
    2097.00              89.55E+00
    2096.50              89.55E+00
    2096.00              89.53E+00
    2095.50              89.47E+00
    2095.00              89.46E+00
    2094.50              89.45E+00
    2094.00              89.41E+00
    2093.50              89.39E+00
    2093.00              89.40E+00
    2092.50              89.33E+00
    2092.00              89.30E+00
    2091.50              89.38E+00
    2091.00              89.36E+00
    2090.50              89.29E+00
    2090.00              89.31E+00
    2089.50              89.32E+00
    2089.00              89.33E+00
    2088.50              89.37E+00
    2088.00              89.30E+00
    2087.50              89.30E+00
    2087.00              89.40E+00
    2086.50              89.42E+00
    2086.00              89.38E+00
    2085.50              89.45E+00
    2085.00              89.49E+00
    2084.50              89.55E+00
    2084.00              89.58E+00
    2083.50              89.55E+00
    2083.00              89.60E+00
    2082.50              89.68E+00
    2082.00              89.75E+00
    2081.50              89.75E+00
    2081.00              89.78E+00
    2080.50              89.89E+00
    2080.00              89.96E+00
    2079.50              90.00E+00
    2079.00              90.09E+00
    2078.50              90.12E+00
    2078.00              90.20E+00
    2077.50              90.32E+00
    2077.00              90.32E+00
    2076.50              90.40E+00
    2076.00              90.52E+00
    2075.50              90.58E+00
    2075.00              90.68E+00
    2074.50              90.72E+00
    2074.00              90.79E+00
    2073.50              90.93E+00
    2073.00              90.97E+00
    2072.50              91.02E+00
    2072.00              91.11E+00
    2071.50              91.22E+00
    2071.00              91.32E+00
    2070.50              91.35E+00
    2070.00              91.42E+00
    2069.50              91.55E+00
    2069.00              91.59E+00
    2068.50              91.74E+00
    2068.00              91.78E+00
    2067.50              91.77E+00
    2067.00              91.92E+00
    2066.50              92.03E+00
    2066.00              92.03E+00
    2065.50              92.10E+00
    2065.00              92.17E+00
    2064.50              92.25E+00
    2064.00              92.35E+00
    2063.50              92.39E+00
    2063.00              92.44E+00
    2062.50              92.54E+00
    2062.00              92.60E+00
    2061.50              92.60E+00
    2061.00              92.68E+00
    2060.50              92.73E+00
    2060.00              92.77E+00
    2059.50              92.87E+00
    2059.00              92.89E+00
    2058.50              92.94E+00
    2058.00              93.02E+00
    2057.50              93.09E+00
    2057.00              93.09E+00
    2056.50              93.10E+00
    2056.00              93.19E+00
    2055.50              93.21E+00
    2055.00              93.23E+00
    2054.50              93.28E+00
    2054.00              93.27E+00
    2053.50              93.35E+00
    2053.00              93.44E+00
    2052.50              93.40E+00
    2052.00              93.42E+00
    2051.50              93.50E+00
    2051.00              93.52E+00
    2050.50              93.54E+00
    2050.00              93.58E+00
    2049.50              93.56E+00
    2049.00              93.62E+00
    2048.50              93.70E+00
    2048.00              93.64E+00
    2047.50              93.65E+00
    2047.00              93.73E+00
    2046.50              93.75E+00
    2046.00              93.78E+00
    2045.50              93.80E+00
    2045.00              93.81E+00
    2044.50              93.80E+00
    2044.00              93.88E+00
    2043.50              93.87E+00
    2043.00              93.88E+00
    2042.50              93.94E+00
    2042.00              93.98E+00
    2041.50              93.94E+00
    2041.00              93.99E+00
    2040.50              94.00E+00
    2040.00              94.00E+00
    2039.50              94.08E+00
    2039.00              94.06E+00
    2038.50              94.05E+00
    2038.00              94.14E+00
    2037.50              94.18E+00
    2037.00              94.18E+00
    2036.50              94.15E+00
    2036.00              94.26E+00
    2035.50              94.25E+00
    2035.00              94.29E+00
    2034.50              94.31E+00
    2034.00              94.30E+00
    2033.50              94.37E+00
    2033.00              94.41E+00
    2032.50              94.38E+00
    2032.00              94.42E+00
    2031.50              94.47E+00
    2031.00              94.45E+00
    2030.50              94.43E+00
    2030.00              94.52E+00
    2029.50              94.52E+00
    2029.00              94.50E+00
    2028.50              94.56E+00
    2028.00              94.58E+00
    2027.50              94.62E+00
    2027.00              94.60E+00
    2026.50              94.60E+00
    2026.00              94.65E+00
    2025.50              94.67E+00
    2025.00              94.58E+00
    2024.50              94.61E+00
    2024.00              94.69E+00
    2023.50              94.63E+00
    2023.00              94.60E+00
    2022.50              94.63E+00
    2022.00              94.61E+00
    2021.50              94.59E+00
    2021.00              94.60E+00
    2020.50              94.63E+00
    2020.00              94.57E+00
    2019.50              94.60E+00
    2019.00              94.62E+00
    2018.50              94.52E+00
    2018.00              94.57E+00
    2017.50              94.56E+00
    2017.00              94.52E+00
    2016.50              94.54E+00
    2016.00              94.58E+00
    2015.50              94.52E+00
    2015.00              94.52E+00
    2014.50              94.53E+00
    2014.00              94.43E+00
    2013.50              94.44E+00
    2013.00              94.43E+00
    2012.50              94.33E+00
    2012.00              94.35E+00
    2011.50              94.21E+00
    2011.00              94.08E+00
    2010.50              94.04E+00
    2010.00              93.96E+00
    2009.50              93.68E+00
    2009.00              93.54E+00
    2008.50              93.35E+00
    2008.00              93.05E+00
    2007.50              92.79E+00
    2007.00              92.43E+00
    2006.50              92.01E+00
    2006.00              91.53E+00
    2005.50              90.99E+00
    2005.00              90.37E+00
    2004.50              89.76E+00
    2004.00              89.09E+00
    2003.50              88.20E+00
    2003.00              87.28E+00
    2002.50              86.27E+00
    2002.00              85.11E+00
    2001.50              83.99E+00
    2001.00              82.79E+00
    2000.50              81.51E+00
    2000.00              79.95E+00
    1999.50              78.40E+00
    1999.00              76.82E+00
    1998.50              75.13E+00
    1998.00              73.53E+00
    1997.50              71.75E+00
    1997.00              69.95E+00
    1996.50              67.84E+00
    1996.00              65.84E+00
    1995.50              63.96E+00
    1995.00              61.99E+00
    1994.50              60.11E+00
    1994.00              58.12E+00
    1993.50              56.14E+00
    1993.00              53.91E+00
    1992.50              51.94E+00
    1992.00              50.15E+00
    1991.50              48.31E+00
    1991.00              46.53E+00
    1990.50              44.56E+00
    1990.00              42.75E+00
    1989.50              40.93E+00
    1989.00              39.27E+00
    1988.50              37.74E+00
    1988.00              36.23E+00
    1987.50              34.68E+00
    1987.00              33.06E+00
    1986.50              31.60E+00
    1986.00              30.27E+00
    1985.50              28.97E+00
    1985.00              27.72E+00
    1984.50              26.54E+00
    1984.00              25.27E+00
    1983.50              24.06E+00
    1983.00              22.97E+00
    1982.50              21.94E+00
    1982.00              20.94E+00
    1981.50              20.05E+00
    1981.00              19.00E+00
    1980.50              18.02E+00
    1980.00              17.13E+00
    1979.50              16.32E+00
    1979.00              15.51E+00
    1978.50              14.73E+00
    1978.00              14.01E+00
    1977.50              13.15E+00
    1977.00              12.43E+00
    1976.50              11.79E+00
    1976.00              11.16E+00
    1975.50              10.55E+00
    1975.00              09.93E+00
    1974.50              09.34E+00
    1974.00              08.72E+00
    1973.50              08.20E+00
    1973.00              07.73E+00
    1972.50              07.26E+00
    1972.00              06.83E+00
    1971.50              06.32E+00
    1971.00              05.91E+00
    1970.50              05.52E+00
    1970.00              05.15E+00
    1969.50              04.82E+00
    1969.00              04.50E+00
    1968.50              04.19E+00
    1968.00              03.87E+00
    1967.50              03.61E+00
    1967.00              03.36E+00
    1966.50              03.15E+00
    1966.00              02.94E+00
    1965.50              02.73E+00
    1965.00              02.53E+00
    1964.50              02.35E+00
    1964.00              02.20E+00
    1963.50              02.05E+00
    1963.00              01.92E+00
    1962.50              01.78E+00
    1962.00              01.66E+00
    1961.50              01.55E+00
    1961.00              01.44E+00
    1960.50              01.35E+00
    1960.00              01.27E+00
    1959.50              01.18E+00
    1959.00              01.12E+00
    1958.50              01.04E+00
    1958.00              97.38E-02
    1957.50              91.26E-02
    1957.00              85.65E-02
    1956.50              81.54E-02
    1956.00              76.89E-02
    1955.50              72.51E-02
    1955.00              67.99E-02
    1954.50              63.20E-02
    1954.00              60.84E-02
    1953.50              57.65E-02
    1953.00              54.83E-02
    1952.50              51.59E-02
    1952.00              49.06E-02
    1951.50              46.47E-02
    1951.00              44.25E-02
    1950.50              41.92E-02
    1950.00              39.87E-02
    1949.50              38.18E-02
    1949.00              36.24E-02
    1948.50              34.64E-02
    1948.00              33.13E-02
    1947.50              31.64E-02
    1947.00              30.19E-02
    1946.50              29.04E-02
    1946.00              27.59E-02
    1945.50              26.36E-02
    1945.00              25.34E-02
    1944.50              24.28E-02
    1944.00              23.42E-02
    1943.50              22.37E-02
    1943.00              21.21E-02
    1942.50              20.19E-02
    1942.00              19.73E-02
    1941.50              18.97E-02
    1941.00              18.12E-02
    1940.50              17.09E-02
    1940.00              17.04E-02
    1939.50              15.52E-02
    1939.00              15.34E-02
    1938.50              14.53E-02
    1938.00              13.60E-02
    1937.50              12.96E-02
    1937.00              12.42E-02
    1936.50              11.96E-02
    1936.00              11.55E-02
    1935.50              11.07E-02
    1935.00              10.52E-02
    1934.50              10.11E-02
    1934.00              09.63E-02
    1933.50              09.49E-02
    1933.00              08.44E-02
    1932.50              08.23E-02
    1932.00              08.20E-02
    1931.50              07.28E-02
    1931.00              07.17E-02
    1930.50              06.55E-02
    1930.00              06.38E-02
    1929.50              05.59E-02
    1929.00              06.03E-02
    1928.50              05.98E-02
    1928.00              05.90E-02
    1927.50              05.00E-02
    1927.00              04.95E-02
    1926.50              04.46E-02
    1926.00              04.13E-02
    1925.50              04.17E-02
    1925.00              03.72E-02
    1924.50              03.55E-02
    1924.00              03.66E-02
    1923.50              03.77E-02
    1923.00              03.41E-02
    1922.50              03.23E-02
    1922.00              02.81E-02
    1921.50              02.40E-02
    1921.00              03.14E-02
    1920.50              02.02E-02
    1920.00              02.23E-02
    1919.50              02.26E-02
    1919.00              01.73E-02
    1918.50              02.09E-02
    1918.00              02.08E-02
    1917.50              02.23E-02
    1917.00              02.03E-02
    1916.50              02.30E-02
    1916.00              01.82E-02
    1915.50              01.54E-02
    1915.00              02.23E-02
    1914.50              01.84E-02
    1914.00              01.37E-02
    1913.50              01.92E-02
    1913.00              01.84E-02
    1912.50              01.39E-02
    1912.00              01.60E-02
    1911.50              01.91E-02
    1911.00              02.08E-02
    1910.50              01.19E-02
    1910.00              01.22E-02
    1909.50              01.03E-02
    1909.00              01.40E-02
    1908.50              01.71E-02
    1908.00              01.20E-02
    1907.50              01.60E-02
    1907.00              01.35E-02
    1906.50              01.07E-02
    1906.00              01.08E-02
    1905.50              01.33E-02
    1905.00              01.01E-02
    1904.50              01.60E-02
    1904.00              01.57E-02
    1903.50              01.71E-02
    1903.00              01.18E-02
    1902.50              01.40E-02
    1902.00              01.70E-02
    1901.50              01.12E-02
    1901.00              97.23E-04
    1900.50              81.34E-04
    1900.00              01.43E-02
    1899.50              82.89E-04
    1899.00              91.26E-04
    1898.50              91.71E-04
    1898.00              84.26E-04
    1897.50              01.37E-02
    1897.00              01.19E-02
    1896.50              01.01E-02
    1896.00              01.02E-02
    1895.50              01.33E-02
    1895.00              97.57E-04
    1894.50              01.29E-02
    1894.00              01.30E-02
    1893.50              73.51E-04
    1893.00              01.32E-02
    1892.50              01.02E-02
    1892.00              98.15E-04
    1891.50              83.49E-04
    1891.00              79.80E-04
    1890.50              93.85E-04
    1890.00              01.48E-02
    1889.50              01.08E-02
    1889.00              98.14E-04
    1888.50              01.26E-02
    1888.00              01.22E-02
    1887.50              01.02E-02
    1887.00              87.59E-04
    1886.50              01.12E-02
    1886.00              01.49E-02
    1885.50              60.29E-04
    1885.00              85.65E-04
    1884.50              83.99E-04
    1884.00              01.31E-02
    1883.50              85.70E-04
    1883.00              01.04E-02
    1882.50              01.19E-02
    1882.00              77.80E-04
    1881.50              01.08E-02
    1881.00              49.92E-04
    1880.50              83.39E-04
    1880.00              71.29E-04
    1879.50              95.23E-04
    1879.00              01.37E-02
    1878.50              67.28E-04
    1878.00              01.10E-02
    1877.50              98.54E-04
    1877.00              01.13E-02
    1876.50              01.05E-02
    1876.00              01.06E-02
    1875.50              01.09E-02
    1875.00              82.54E-04
    1874.50              98.27E-04
    1874.00              01.42E-02
    1873.50              01.14E-02
    1873.00              01.10E-02
    1872.50              01.16E-02
    1872.00              01.03E-02
    1871.50              77.56E-04
    1871.00              01.18E-02
    1870.50              78.64E-04
    1870.00              76.53E-04
    1869.50              01.31E-02
    1869.00              76.56E-04
    1868.50              01.25E-02
    1868.00              60.04E-04
    1867.50              65.88E-04
    1867.00              93.86E-04
    1866.50              65.92E-04
    1866.00              94.70E-04
    1865.50              01.07E-02
    1865.00              01.29E-02
    1864.50              01.02E-02
    1864.00              97.45E-04
    1863.50              01.36E-02
    1863.00              77.31E-04
    1862.50              65.35E-04
    1862.00              71.07E-04
    1861.50              01.00E-02
    1861.00              68.85E-04
    1860.50              01.28E-02
    1860.00              67.97E-04
    1859.50              79.04E-04
    1859.00              85.91E-04
    1858.50              01.03E-02
    1858.00              01.12E-02
    1857.50              84.15E-04
    1857.00              01.02E-02
    1856.50              91.99E-04
    1856.00              80.54E-04
    1855.50              01.17E-02
    1855.00              83.79E-04
    1854.50              01.01E-02
    1854.00              55.84E-04
    1853.50              28.87E-04
    1853.00              53.06E-04
    1852.50              57.51E-04
    1852.00              35.52E-04
    1851.50              97.16E-04
    1851.00              49.00E-04
    1850.50              77.14E-04
    1850.00              37.08E-04
    1849.50              80.14E-04
    1849.00              88.30E-04
    1848.50              71.54E-04
    1848.00              01.35E-02
    1847.50              30.74E-04
    1847.00              91.61E-04
    1846.50              39.96E-04
    1846.00              77.11E-04
    1845.50              85.14E-04
    1845.00              89.94E-04
    1844.50              95.07E-04
    1844.00              96.44E-04
    1843.50              49.39E-04
    1843.00              01.04E-02
    1842.50              01.20E-02
    1842.00              51.75E-04
    1841.50              01.19E-02
    1841.00              01.14E-02
    1840.50              90.75E-04
    1840.00              01.36E-02
    1839.50              94.75E-04
    1839.00              01.18E-02
    1838.50              87.52E-04
    1838.00              77.45E-04
    1837.50              70.30E-04
    1837.00              01.34E-02
    1836.50              61.50E-04
    1836.00              91.50E-04
    1835.50              95.68E-04
    1835.00              89.50E-04
    1834.50              01.22E-02
    1834.00              73.64E-04
    1833.50              01.02E-02
    1833.00              01.01E-02
    1832.50              71.86E-04
    1832.00              01.03E-02
    1831.50              01.07E-02
    1831.00              76.98E-04
    1830.50              31.35E-04
    1830.00              01.29E-02
    1829.50              76.08E-04
    1829.00              01.12E-02
    1828.50              96.20E-04
    1828.00              74.61E-04
    1827.50              71.97E-04
    1827.00              32.69E-04
    1826.50              81.09E-04
    1826.00              01.24E-02
    1825.50              85.16E-04
    1825.00              49.28E-04
    1824.50              01.09E-02
    1824.00              92.32E-04
    1823.50              01.22E-02
    1823.00              99.09E-04
    1822.50              96.85E-04
    1822.00              76.64E-04
    1821.50              90.81E-04
    1821.00              01.24E-02
    1820.50              01.20E-02
    1820.00              73.21E-04
    1819.50              88.36E-04
    1819.00              89.49E-04
    1818.50              56.41E-04
    1818.00              01.01E-02
    1817.50              60.85E-04
    1817.00              01.31E-02
    1816.50              84.09E-04
    1816.00              01.21E-02
    1815.50              60.21E-04
    1815.00              01.21E-02
    1814.50              93.46E-04
    1814.00              79.59E-04
    1813.50              67.34E-04
    1813.00              93.98E-04
    1812.50              88.55E-04
    1812.00              72.35E-04
    1811.50              01.00E-02
    1811.00              01.03E-02
    1810.50              01.10E-02
    1810.00              01.08E-02
    1809.50              26.18E-04
    1809.00              74.60E-04
    1808.50              62.96E-04
    1808.00              98.37E-04
    1807.50              01.12E-02
    1807.00              01.39E-02
    1806.50              94.72E-04
    1806.00              87.09E-04
    1805.50              77.00E-04
    1805.00              63.04E-04
    1804.50              01.12E-02
    1804.00              76.10E-04
    1803.50              01.08E-02
    1803.00              01.07E-02
    1802.50              62.67E-04
    1802.00              01.09E-02
    1801.50              39.92E-04
    1801.00              71.06E-04
    1800.50              96.44E-04
    1800.00              54.38E-04
    1799.50              72.02E-04
    1799.00              96.06E-04
    1798.50              75.53E-04
    1798.00              41.40E-04
    1797.50              88.94E-04
    1797.00              01.09E-02
    1796.50              98.58E-04
    1796.00              77.19E-04
    1795.50              86.64E-04
    1795.00              84.69E-04
    1794.50              01.21E-02
    1794.00              50.15E-04
    1793.50              76.52E-04
    1793.00              54.97E-04
    1792.50              56.62E-04
    1792.00              93.52E-04
    1791.50              01.05E-02
    1791.00              98.41E-04
    1790.50              01.04E-02
    1790.00              01.19E-02
    1789.50              65.52E-04
    1789.00              01.30E-02
    1788.50              89.83E-04
    1788.00              61.40E-04
    1787.50              94.69E-04
    1787.00              01.09E-02
    1786.50              01.20E-02
    1786.00              81.50E-04
    1785.50              01.25E-02
    1785.00              85.67E-04
    1784.50              80.99E-04
    1784.00              88.98E-04
    1783.50              89.48E-04
    1783.00              01.02E-02
    1782.50              59.31E-04
    1782.00              80.66E-04
    1781.50              42.10E-04
    1781.00              37.80E-04
    1780.50              93.93E-04
    1780.00              84.99E-04
    1779.50              55.12E-04
    1779.00              85.23E-04
    1778.50              01.11E-02
    1778.00              89.16E-04
    1777.50              84.17E-04
    1777.00              41.66E-04
    1776.50              46.52E-04
    1776.00              01.33E-02
    1775.50              63.51E-04
    1775.00              85.55E-04
    1774.50              88.58E-04
    1774.00              54.68E-04
    1773.50              85.27E-04
    1773.00              55.08E-04
    1772.50              85.37E-04
    1772.00              01.24E-02
    1771.50              66.90E-04
    1771.00              80.38E-04
    1770.50              01.12E-02
    1770.00              01.07E-02
    1769.50              53.38E-04
    1769.00              33.36E-04
    1768.50              90.02E-04
    1768.00              61.90E-04
    1767.50              74.28E-04
    1767.00              01.02E-02
    1766.50              01.43E-02
    1766.00              75.49E-04
    1765.50              45.12E-04
    1765.00              01.28E-02
    1764.50              90.54E-04
    1764.00              01.06E-02
    1763.50              81.19E-04
    1763.00              72.83E-04
    1762.50              69.15E-04
    1762.00              01.07E-02
    1761.50              01.24E-02
    1761.00              72.24E-04
    1760.50              90.14E-04
    1760.00              33.60E-04
    1759.50              77.82E-04
    1759.00              01.02E-02
    1758.50              86.44E-04
    1758.00              64.60E-04
    1757.50              33.66E-04
    1757.00              64.18E-04
    1756.50              73.42E-04
    1756.00              01.17E-02
    1755.50              99.50E-04
    1755.00              73.29E-04
    1754.50              95.56E-04
    1754.00              81.88E-04
    1753.50              86.76E-04
    1753.00              77.83E-04
    1752.50              59.97E-04
    1752.00              59.75E-04
    1751.50              01.22E-02
    1751.00              01.26E-02
    1750.50              90.77E-04
    1750.00              01.25E-02
    1749.50              86.65E-04
    1749.00              01.42E-02
    1748.50              73.21E-04
    1748.00              55.76E-04
    1747.50              86.23E-04
    1747.00              99.12E-04
    1746.50              95.86E-04
    1746.00              49.36E-04
    1745.50              47.37E-04
    1745.00              01.07E-02
    1744.50              71.07E-04
    1744.00              46.44E-04
    1743.50              01.69E-02
    1743.00              01.32E-02
    1742.50              87.65E-04
    1742.00              41.37E-04
    1741.50              39.03E-04
    1741.00              58.00E-04
    1740.50              39.63E-04
    1740.00              93.54E-04
    1739.50              81.68E-04
    1739.00              01.24E-02
    1738.50              57.56E-04
    1738.00              68.29E-04
    1737.50              64.77E-04
    1737.00              72.07E-04
    1736.50              81.70E-04
    1736.00              56.27E-04
    1735.50              01.08E-02
    1735.00              80.54E-04
    1734.50              71.14E-04
    1734.00              58.89E-04
    1733.50              63.57E-04
    1733.00              01.25E-02
    1732.50              81.20E-04
    1732.00              89.69E-04
    1731.50              77.15E-04
    1731.00              94.47E-04
    1730.50              46.34E-04
    1730.00              67.94E-04
    1729.50              84.92E-04
    1729.00              89.93E-04
    1728.50              01.07E-02
    1728.00              99.07E-04
    1727.50              42.19E-04
    1727.00              85.41E-04
    1726.50              59.70E-04
    1726.00              94.66E-04
    1725.50              11.55E-04
    1725.00              01.11E-02
    1724.50              81.74E-04
    1724.00              64.24E-04
    1723.50              50.87E-04
    1723.00              68.07E-04
    1722.50              01.08E-02
    1722.00              97.52E-04
    1721.50              55.49E-04
    1721.00              86.18E-04
    1720.50              55.51E-04
    1720.00              99.46E-04
    1719.50              01.12E-02
    1719.00              20.57E-04
    1718.50              01.16E-02
    1718.00              93.93E-04
    1717.50              69.50E-04
    1717.00              01.16E-02
    1716.50              75.38E-04
    1716.00              85.64E-04
    1715.50              86.37E-04
    1715.00              63.08E-04
    1714.50              70.80E-04
    1714.00              86.00E-04
    1713.50              34.25E-04
    1713.00              35.98E-04
    1712.50              53.40E-04
    1712.00              95.17E-04
    1711.50              43.21E-04
    1711.00              97.90E-04
    1710.50              01.26E-02
    1710.00              01.32E-02
    1709.50              64.74E-04
    1709.00              72.23E-04
    1708.50              01.00E-02
    1708.00              77.03E-04
    1707.50              72.33E-04
    1707.00              81.43E-04
    1706.50              01.30E-02
    1706.00              91.21E-04
    1705.50              86.39E-04
    1705.00              01.26E-02
    1704.50              90.08E-04
    1704.00              91.01E-04
    1703.50              01.13E-02
    1703.00              68.85E-04
    1702.50              01.26E-02
    1702.00              77.50E-04
    1701.50              01.30E-02
    1701.00              90.47E-04
    1700.50              54.82E-04
    1700.00              01.04E-02
