           1        5001
  1.2500000e+03
  1.2564166e+03
  1.2628333e+03
  1.2692498e+03
  1.2756664e+03
  1.2820830e+03
  1.2884996e+03
  1.2949163e+03
  1.3013328e+03
  1.3077494e+03
  1.3141660e+03
  1.3205826e+03
  1.3269991e+03
  1.3334158e+03
  1.3398324e+03
  1.3462490e+03
  1.3526656e+03
  1.3590822e+03
  1.3654988e+03
  1.3719154e+03
  1.3783320e+03
  1.3847485e+03
  1.3911652e+03
  1.3975818e+03
  1.4039984e+03
  1.4104150e+03
  1.4168315e+03
  1.4232482e+03
  1.4296648e+03
  1.4360814e+03
  1.4424980e+03
  1.4489146e+03
  1.4553312e+03
  1.4617478e+03
  1.4681644e+03
  1.4745811e+03
  1.4809976e+03
  1.4874142e+03
  1.4938308e+03
  1.5002474e+03
  1.5066641e+03
  1.5130806e+03
  1.5194972e+03
  1.5259138e+03
  1.5323304e+03
  1.5387471e+03
  1.5451636e+03
  1.5515802e+03
  1.5579968e+03
  1.5644133e+03
  1.5708300e+03
  1.5772466e+03
  1.5836632e+03
  1.5900798e+03
  1.5964963e+03
  1.6029130e+03
  1.6093296e+03
  1.6157462e+03
  1.6221628e+03
  1.6285793e+03
  1.6349960e+03
  1.6414126e+03
  1.6478292e+03
  1.6542458e+03
  1.6606624e+03
  1.6670790e+03
  1.6734956e+03
  1.6799122e+03
  1.6863289e+03
  1.6927454e+03
  1.6991620e+03
  1.7055786e+03
  1.7119952e+03
  1.7184119e+03
  1.7248284e+03
  1.7312450e+03
  1.7376616e+03
  1.7440781e+03
  1.7504949e+03
  1.7569114e+03
  1.7633280e+03
  1.7697446e+03
  1.7761611e+03
  1.7825779e+03
  1.7889944e+03
  1.7954110e+03
  1.8018276e+03
  1.8082441e+03
  1.8146609e+03
  1.8210774e+03
  1.8274940e+03
  1.8339106e+03
  1.8403271e+03
  1.8467438e+03
  1.8531604e+03
  1.8595770e+03
  1.8659937e+03
  1.8724102e+03
  1.8788268e+03
  1.8852434e+03
  1.8916599e+03
  1.8980767e+03
  1.9044932e+03
  1.9109098e+03
  1.9173264e+03
  1.9237429e+03
  1.9301597e+03
  1.9365762e+03
  1.9429928e+03
  1.9494094e+03
  1.9558259e+03
  1.9622427e+03
  1.9686592e+03
  1.9750758e+03
  1.9814924e+03
  1.9879089e+03
  1.9943257e+03
  2.0007422e+03
  2.0071588e+03
  2.0135754e+03
  2.0199919e+03
  2.0264087e+03
  2.0328252e+03
  2.0392418e+03
  2.0456584e+03
  2.0520750e+03
  2.0584917e+03
  2.0649082e+03
  2.0713247e+03
  2.0777415e+03
  2.0841580e+03
  2.0905747e+03
  2.0969912e+03
  2.1034077e+03
  2.1098245e+03
  2.1162410e+03
  2.1226577e+03
  2.1290742e+03
  2.1354907e+03
  2.1419075e+03
  2.1483240e+03
  2.1547407e+03
  2.1611572e+03
  2.1675737e+03
  2.1739905e+03
  2.1804070e+03
  2.1868237e+03
  2.1932402e+03
  2.1996567e+03
  2.2060735e+03
  2.2124900e+03
  2.2189067e+03
  2.2253232e+03
  2.2317397e+03
  2.2381562e+03
  2.2445730e+03
  2.2509897e+03
  2.2574062e+03
  2.2638228e+03
  2.2702393e+03
  2.2766560e+03
  2.2830728e+03
  2.2894893e+03
  2.2959058e+03
  2.3023223e+03
  2.3087390e+03
  2.3151558e+03
  2.3215723e+03
  2.3279888e+03
  2.3344053e+03
  2.3408220e+03
  2.3472388e+03
  2.3536553e+03
  2.3600718e+03
  2.3664883e+03
  2.3729050e+03
  2.3793218e+03
  2.3857383e+03
  2.3921548e+03
  2.3985713e+03
  2.4049880e+03
  2.4114045e+03
  2.4178213e+03
  2.4242378e+03
  2.4306543e+03
  2.4370710e+03
  2.4434875e+03
  2.4499043e+03
  2.4563208e+03
  2.4627373e+03
  2.4691541e+03
  2.4755706e+03
  2.4819873e+03
  2.4884038e+03
  2.4948203e+03
  2.5012371e+03
  2.5076536e+03
  2.5140703e+03
  2.5204868e+03
  2.5269033e+03
  2.5333198e+03
  2.5397366e+03
  2.5461533e+03
  2.5525698e+03
  2.5589863e+03
  2.5654028e+03
  2.5718196e+03
  2.5782363e+03
  2.5846528e+03
  2.5910693e+03
  2.5974858e+03
  2.6039026e+03
  2.6103193e+03
  2.6167358e+03
  2.6231523e+03
  2.6295688e+03
  2.6359856e+03
  2.6424023e+03
  2.6488188e+03
  2.6552354e+03
  2.6616519e+03
  2.6680686e+03
  2.6744854e+03
  2.6809019e+03
  2.6873184e+03
  2.6937349e+03
  2.7001516e+03
  2.7065684e+03
  2.7129849e+03
  2.7194014e+03
  2.7258179e+03
  2.7322346e+03
  2.7386514e+03
  2.7450679e+03
  2.7514844e+03
  2.7579009e+03
  2.7643176e+03
  2.7707344e+03
  2.7771509e+03
  2.7835674e+03
  2.7899839e+03
  2.7964006e+03
  2.8028174e+03
  2.8092339e+03
  2.8156504e+03
  2.8220669e+03
  2.8284836e+03
  2.8349001e+03
  2.8413169e+03
  2.8477334e+03
  2.8541499e+03
  2.8605667e+03
  2.8669832e+03
  2.8733999e+03
  2.8798164e+03
  2.8862329e+03
  2.8926497e+03
  2.8990662e+03
  2.9054829e+03
  2.9118994e+03
  2.9183159e+03
  2.9247324e+03
  2.9311492e+03
  2.9375659e+03
  2.9439824e+03
  2.9503989e+03
  2.9568154e+03
  2.9632322e+03
  2.9696489e+03
  2.9760654e+03
  2.9824819e+03
  2.9888984e+03
  2.9953152e+03
  3.0017319e+03
  3.0081484e+03
  3.0145649e+03
  3.0209814e+03
  3.0273982e+03
  3.0338149e+03
  3.0402314e+03
  3.0466479e+03
  3.0530645e+03
  3.0594812e+03
  3.0658979e+03
  3.0723145e+03
  3.0787310e+03
  3.0851475e+03
  3.0915642e+03
  3.0979810e+03
  3.1043975e+03
  3.1108140e+03
  3.1172305e+03
  3.1236472e+03
  3.1300640e+03
  3.1364805e+03
  3.1428970e+03
  3.1493135e+03
  3.1557302e+03
  3.1621470e+03
  3.1685635e+03
  3.1749800e+03
  3.1813965e+03
  3.1878132e+03
  3.1942300e+03
  3.2006465e+03
  3.2070630e+03
  3.2134795e+03
  3.2198962e+03
  3.2263127e+03
  3.2327295e+03
  3.2391460e+03
  3.2455625e+03
  3.2519792e+03
  3.2583958e+03
  3.2648125e+03
  3.2712290e+03
  3.2776455e+03
  3.2840623e+03
  3.2904788e+03
  3.2968955e+03
  3.3033120e+03
  3.3097285e+03
  3.3161453e+03
  3.3225618e+03
  3.3289785e+03
  3.3353950e+03
  3.3418115e+03
  3.3482283e+03
  3.3546448e+03
  3.3610613e+03
  3.3674780e+03
  3.3738945e+03
  3.3803113e+03
  3.3867278e+03
  3.3931443e+03
  3.3995610e+03
  3.4059775e+03
  3.4123943e+03
  3.4188108e+03
  3.4252273e+03
  3.4316440e+03
  3.4380605e+03
  3.4444773e+03
  3.4508938e+03
  3.4573103e+03
  3.4637271e+03
  3.4701436e+03
  3.4765603e+03
  3.4829768e+03
  3.4893933e+03
  3.4958101e+03
  3.5022266e+03
  3.5086433e+03
  3.5150598e+03
  3.5214763e+03
  3.5278931e+03
  3.5343096e+03
  3.5407263e+03
  3.5471428e+03
  3.5535593e+03
  3.5599761e+03
  3.5663926e+03
  3.5728091e+03
  3.5792258e+03
  3.5856423e+03
  3.5920591e+03
  3.5984756e+03
  3.6048921e+03
  3.6113088e+03
  3.6177253e+03
  3.6241421e+03
  3.6305586e+03
  3.6369751e+03
  3.6433918e+03
  3.6498083e+03
  3.6562251e+03
  3.6626416e+03
  3.6690581e+03
  3.6754749e+03
  3.6818914e+03
  3.6883081e+03
  3.6947246e+03
  3.7011411e+03
  3.7075579e+03
  3.7139744e+03
  3.7203911e+03
  3.7268076e+03
  3.7332241e+03
  3.7396409e+03
  3.7460574e+03
  3.7524741e+03
  3.7588906e+03
  3.7653071e+03
  3.7717239e+03
  3.7781404e+03
  3.7845569e+03
  3.7909736e+03
  3.7973901e+03
  3.8038069e+03
  3.8102234e+03
  3.8166399e+03
  3.8230566e+03
  3.8294731e+03
  3.8358899e+03
  3.8423064e+03
  3.8487229e+03
  3.8551396e+03
  3.8615562e+03
  3.8679729e+03
  3.8743894e+03
  3.8808059e+03
  3.8872227e+03
  3.8936392e+03
  3.9000559e+03
  3.9064724e+03
  3.9128889e+03
  3.9193057e+03
  3.9257222e+03
  3.9321389e+03
  3.9385554e+03
  3.9449719e+03
  3.9513887e+03
  3.9578052e+03
  3.9642217e+03
  3.9706384e+03
  3.9770549e+03
  3.9834717e+03
  3.9898882e+03
  3.9963047e+03
  4.0027214e+03
  4.0091379e+03
  4.0155547e+03
  4.0219712e+03
  4.0283877e+03
  4.0348044e+03
  4.0412209e+03
  4.0476377e+03
  4.0540542e+03
  4.0604707e+03
  4.0668875e+03
  4.0733040e+03
  4.0797207e+03
  4.0861372e+03
  4.0925537e+03
  4.0989707e+03
  4.1053867e+03
  4.1118037e+03
  4.1182202e+03
  4.1246367e+03
  4.1310537e+03
  4.1374697e+03
  4.1438867e+03
  4.1503032e+03
  4.1567197e+03
  4.1631367e+03
  4.1695527e+03
  4.1759697e+03
  4.1823862e+03
  4.1888027e+03
  4.1952197e+03
  4.2016357e+03
  4.2080527e+03
  4.2144692e+03
  4.2208857e+03
  4.2273027e+03
  4.2337188e+03
  4.2401357e+03
  4.2465522e+03
  4.2529688e+03
  4.2593857e+03
  4.2658018e+03
  4.2722188e+03
  4.2786353e+03
  4.2850518e+03
  4.2914688e+03
  4.2978848e+03
  4.3043018e+03
  4.3107183e+03
  4.3171348e+03
  4.3235518e+03
  4.3299678e+03
  4.3363848e+03
  4.3428013e+03
  4.3492178e+03
  4.3556348e+03
  4.3620508e+03
  4.3684678e+03
  4.3748843e+03
  4.3813008e+03
  4.3877173e+03
  4.3941338e+03
  4.4005508e+03
  4.4069673e+03
  4.4133838e+03
  4.4198003e+03
  4.4262168e+03
  4.4326338e+03
  4.4390503e+03
  4.4454668e+03
  4.4518833e+03
  4.4582998e+03
  4.4647168e+03
  4.4711333e+03
  4.4775498e+03
  4.4839663e+03
  4.4903828e+03
  4.4967998e+03
  4.5032163e+03
  4.5096328e+03
  4.5160493e+03
  4.5224658e+03
  4.5288828e+03
  4.5352993e+03
  4.5417158e+03
  4.5481323e+03
  4.5545488e+03
  4.5609658e+03
  4.5673818e+03
  4.5737988e+03
  4.5802153e+03
  4.5866318e+03
  4.5930488e+03
  4.5994648e+03
  4.6058818e+03
  4.6122983e+03
  4.6187148e+03
  4.6251318e+03
  4.6315479e+03
  4.6379648e+03
  4.6443818e+03
  4.6507979e+03
  4.6572144e+03
  4.6636309e+03
  4.6700479e+03
  4.6764644e+03
  4.6828809e+03
  4.6892979e+03
  4.6957144e+03
  4.7021309e+03
  4.7085469e+03
  4.7149639e+03
  4.7213809e+03
  4.7277969e+03
  4.7342139e+03
  4.7406304e+03
  4.7470469e+03
  4.7534639e+03
  4.7598799e+03
  4.7662969e+03
  4.7727139e+03
  4.7791299e+03
  4.7855464e+03
  4.7919629e+03
  4.7983799e+03
  4.8047964e+03
  4.8112129e+03
  4.8176299e+03
  4.8240464e+03
  4.8304629e+03
  4.8368789e+03
  4.8432959e+03
  4.8497129e+03
  4.8561289e+03
  4.8625459e+03
  4.8689624e+03
  4.8753789e+03
  4.8817959e+03
  4.8882119e+03
  4.8946289e+03
  4.9010459e+03
  4.9074619e+03
  4.9138784e+03
  4.9202949e+03
  4.9267119e+03
  4.9331284e+03
  4.9395449e+03
  4.9459619e+03
  4.9523784e+03
  4.9587949e+03
  4.9652109e+03
  4.9716279e+03
  4.9780449e+03
  4.9844609e+03
  4.9908779e+03
  4.9972944e+03
  5.0037109e+03
  5.0101279e+03
  5.0165439e+03
  5.0229609e+03
  5.0293779e+03
  5.0357939e+03
  5.0422104e+03
  5.0486270e+03
  5.0550439e+03
  5.0614604e+03
  5.0678770e+03
  5.0742939e+03
  5.0807104e+03
  5.0871270e+03
  5.0935430e+03
  5.0999600e+03
  5.1063770e+03
  5.1127930e+03
  5.1192100e+03
  5.1256265e+03
  5.1320430e+03
  5.1384600e+03
  5.1448760e+03
  5.1512930e+03
  5.1577100e+03
  5.1641260e+03
  5.1705425e+03
  5.1769590e+03
  5.1833760e+03
  5.1897925e+03
  5.1962090e+03
  5.2026255e+03
  5.2090425e+03
  5.2154590e+03
  5.2218750e+03
  5.2282920e+03
  5.2347090e+03
  5.2411250e+03
  5.2475415e+03
  5.2539585e+03
  5.2603750e+03
  5.2667915e+03
  5.2732080e+03
  5.2796250e+03
  5.2860415e+03
  5.2924580e+03
  5.2988745e+03
  5.3052910e+03
  5.3117080e+03
  5.3181245e+03
  5.3245410e+03
  5.3309575e+03
  5.3373745e+03
  5.3437910e+03
  5.3502070e+03
  5.3566240e+03
  5.3630410e+03
  5.3694570e+03
  5.3758735e+03
  5.3822905e+03
  5.3887070e+03
  5.3951235e+03
  5.4015400e+03
  5.4079570e+03
  5.4143735e+03
  5.4207900e+03
  5.4272065e+03
  5.4336230e+03
  5.4400400e+03
  5.4464565e+03
  5.4528726e+03
  5.4592896e+03
  5.4657065e+03
  5.4721226e+03
  5.4785391e+03
  5.4849561e+03
  5.4913726e+03
  5.4977891e+03
  5.5042056e+03
  5.5106226e+03
  5.5170391e+03
  5.5234556e+03
  5.5298721e+03
  5.5362886e+03
  5.5427056e+03
  5.5491221e+03
  5.5555386e+03
  5.5619551e+03
  5.5683721e+03
  5.5747886e+03
  5.5812046e+03
  5.5876216e+03
  5.5940386e+03
  5.6004546e+03
  5.6068711e+03
  5.6132881e+03
  5.6197046e+03
  5.6261211e+03
  5.6325376e+03
  5.6389546e+03
  5.6453711e+03
  5.6517876e+03
  5.6582041e+03
  5.6646206e+03
  5.6710376e+03
  5.6774541e+03
  5.6838706e+03
  5.6902871e+03
  5.6967041e+03
  5.7031206e+03
  5.7095366e+03
  5.7159536e+03
  5.7223706e+03
  5.7287866e+03
  5.7352031e+03
  5.7416201e+03
  5.7480366e+03
  5.7544531e+03
  5.7608696e+03
  5.7672866e+03
  5.7737031e+03
  5.7801196e+03
  5.7865361e+03
  5.7929526e+03
  5.7993696e+03
  5.8057861e+03
  5.8122026e+03
  5.8186191e+03
  5.8250361e+03
  5.8314526e+03
  5.8378687e+03
  5.8442856e+03
  5.8507026e+03
  5.8571187e+03
  5.8635352e+03
  5.8699521e+03
  5.8763687e+03
  5.8827852e+03
  5.8892017e+03
  5.8956182e+03
  5.9020352e+03
  5.9084517e+03
  5.9148682e+03
  5.9212847e+03
  5.9277017e+03
  5.9341182e+03
  5.9405342e+03
  5.9469512e+03
  5.9533682e+03
  5.9597842e+03
  5.9662007e+03
  5.9726177e+03
  5.9790342e+03
  5.9854507e+03
  5.9918672e+03
  5.9982842e+03
  6.0047007e+03
  6.0111172e+03
  6.0175337e+03
  6.0239502e+03
  6.0303672e+03
  6.0367837e+03
  6.0432002e+03
  6.0496167e+03
  6.0560337e+03
  6.0624502e+03
  6.0688662e+03
  6.0752832e+03
  6.0817002e+03
  6.0881162e+03
  6.0945327e+03
  6.1009497e+03
  6.1073662e+03
  6.1137827e+03
  6.1201992e+03
  6.1266162e+03
  6.1330327e+03
  6.1394492e+03
  6.1458657e+03
  6.1522822e+03
  6.1586992e+03
  6.1651157e+03
  6.1715322e+03
  6.1779487e+03
  6.1843657e+03
  6.1907822e+03
  6.1971982e+03
  6.2036152e+03
  6.2100322e+03
  6.2164482e+03
  6.2228647e+03
  6.2292817e+03
  6.2356982e+03
  6.2421147e+03
  6.2485312e+03
  6.2549482e+03
  6.2613647e+03
  6.2677812e+03
  6.2741978e+03
  6.2806143e+03
  6.2870312e+03
  6.2934478e+03
  6.2998638e+03
  6.3062808e+03
  6.3126978e+03
  6.3191138e+03
  6.3255303e+03
  6.3319473e+03
  6.3383638e+03
  6.3447803e+03
  6.3511968e+03
  6.3576138e+03
  6.3640303e+03
  6.3704468e+03
  6.3768633e+03
  6.3832798e+03
  6.3896968e+03
  6.3961133e+03
  6.4025298e+03
  6.4089463e+03
  6.4153633e+03
  6.4217798e+03
  6.4281958e+03
  6.4346128e+03
  6.4410298e+03
  6.4474458e+03
  6.4538623e+03
  6.4602793e+03
  6.4666958e+03
  6.4731123e+03
  6.4795288e+03
  6.4859458e+03
  6.4923623e+03
  6.4987788e+03
  6.5051953e+03
  6.5116118e+03
  6.5180288e+03
  6.5244453e+03
  6.5308618e+03
  6.5372783e+03
  6.5436953e+03
  6.5501118e+03
  6.5565278e+03
  6.5629448e+03
  6.5693618e+03
  6.5757778e+03
  6.5821943e+03
  6.5886113e+03
  6.5950278e+03
  6.6014443e+03
  6.6078608e+03
  6.6142778e+03
  6.6206943e+03
  6.6271108e+03
  6.6335273e+03
  6.6399438e+03
  6.6463608e+03
  6.6527773e+03
  6.6591934e+03
  6.6656104e+03
  6.6720273e+03
  6.6784434e+03
  6.6848599e+03
  6.6912769e+03
  6.6976934e+03
  6.7041099e+03
  6.7105264e+03
  6.7169434e+03
  6.7233599e+03
  6.7297764e+03
  6.7361929e+03
  6.7426094e+03
  6.7490264e+03
  6.7554429e+03
  6.7618594e+03
  6.7682759e+03
  6.7746929e+03
  6.7811094e+03
  6.7875254e+03
  6.7939424e+03
  6.8003594e+03
  6.8067754e+03
  6.8131919e+03
  6.8196089e+03
  6.8260254e+03
  6.8324419e+03
  6.8388584e+03
  6.8452754e+03
  6.8516919e+03
  6.8581084e+03
  6.8645249e+03
  6.8709414e+03
  6.8773584e+03
  6.8837749e+03
  6.8901914e+03
  6.8966079e+03
  6.9030249e+03
  6.9094414e+03
  6.9158574e+03
  6.9222744e+03
  6.9286914e+03
  6.9351074e+03
  6.9415239e+03
  6.9479409e+03
  6.9543574e+03
  6.9607739e+03
  6.9671904e+03
  6.9736074e+03
  6.9800239e+03
  6.9864404e+03
  6.9928569e+03
  6.9992734e+03
  7.0056904e+03
  7.0121069e+03
  7.0185234e+03
  7.0249399e+03
  7.0313569e+03
  7.0377734e+03
  7.0441895e+03
  7.0506064e+03
  7.0570234e+03
  7.0634395e+03
  7.0698560e+03
  7.0762729e+03
  7.0826895e+03
  7.0891060e+03
  7.0955225e+03
  7.1019390e+03
  7.1083560e+03
  7.1147725e+03
  7.1211890e+03
  7.1276055e+03
  7.1340225e+03
  7.1404390e+03
  7.1468550e+03
  7.1532720e+03
  7.1596890e+03
  7.1661050e+03
  7.1725215e+03
  7.1789385e+03
  7.1853550e+03
  7.1917715e+03
  7.1981880e+03
  7.2046050e+03
  7.2110215e+03
  7.2174380e+03
  7.2238545e+03
  7.2302710e+03
  7.2366880e+03
  7.2431045e+03
  7.2495210e+03
  7.2559375e+03
  7.2623545e+03
  7.2687710e+03
  7.2751870e+03
  7.2816040e+03
  7.2880210e+03
  7.2944370e+03
  7.3008535e+03
  7.3072705e+03
  7.3136870e+03
  7.3201035e+03
  7.3265200e+03
  7.3329370e+03
  7.3393535e+03
  7.3457700e+03
  7.3521865e+03
  7.3586030e+03
  7.3650200e+03
  7.3714365e+03
  7.3778530e+03
  7.3842695e+03
  7.3906865e+03
  7.3971030e+03
  7.4035190e+03
  7.4099360e+03
  7.4163530e+03
  7.4227690e+03
  7.4291855e+03
  7.4356025e+03
  7.4420190e+03
  7.4484355e+03
  7.4548521e+03
  7.4612690e+03
  7.4676855e+03
  7.4741021e+03
  7.4805186e+03
  7.4869351e+03
  7.4933521e+03
  7.4997686e+03
  7.5061846e+03
  7.5126016e+03
  7.5190186e+03
  7.5254346e+03
  7.5318511e+03
  7.5382681e+03
  7.5446846e+03
  7.5511011e+03
  7.5575176e+03
  7.5639346e+03
  7.5703511e+03
  7.5767676e+03
  7.5831841e+03
  7.5896006e+03
  7.5960176e+03
  7.6024341e+03
  7.6088506e+03
  7.6152671e+03
  7.6216841e+03
  7.6281006e+03
  7.6345166e+03
  7.6409336e+03
  7.6473506e+03
  7.6537666e+03
  7.6601831e+03
  7.6666001e+03
  7.6730166e+03
  7.6794331e+03
  7.6858496e+03
  7.6922666e+03
  7.6986831e+03
  7.7050996e+03
  7.7115161e+03
  7.7179326e+03
  7.7243496e+03
  7.7307661e+03
  7.7371826e+03
  7.7435991e+03
  7.7500161e+03
  7.7564326e+03
  7.7628486e+03
  7.7692656e+03
  7.7756826e+03
  7.7820986e+03
  7.7885151e+03
  7.7949321e+03
  7.8013486e+03
  7.8077651e+03
  7.8141816e+03
  7.8205986e+03
  7.8270151e+03
  7.8334316e+03
  7.8398481e+03
  7.8462646e+03
  7.8526816e+03
  7.8590981e+03
  7.8655142e+03
  7.8719312e+03
  7.8783481e+03
  7.8847642e+03
  7.8911807e+03
  7.8975977e+03
  7.9040142e+03
  7.9104307e+03
  7.9168472e+03
  7.9232642e+03
  7.9296807e+03
  7.9360972e+03
  7.9425137e+03
  7.9489302e+03
  7.9553472e+03
  7.9617632e+03
  7.9681802e+03
  7.9745967e+03
  7.9810137e+03
  7.9874302e+03
  7.9938462e+03
  8.0002632e+03
  8.0066802e+03
  8.0130962e+03
  8.0195127e+03
  8.0259297e+03
  8.0323462e+03
  8.0387632e+03
  8.0451792e+03
  8.0515962e+03
  8.0580127e+03
  8.0644287e+03
  8.0708457e+03
  8.0772622e+03
  8.0836792e+03
  8.0900962e+03
  8.0965122e+03
  8.1029287e+03
  8.1093457e+03
  8.1157617e+03
  8.1221782e+03
  8.1285952e+03
  8.1350122e+03
  8.1414287e+03
  8.1478447e+03
  8.1542617e+03
  8.1606782e+03
  8.1670942e+03
  8.1735112e+03
  8.1799282e+03
  8.1863447e+03
  8.1927617e+03
  8.1991777e+03
  8.2055938e+03
  8.2120117e+03
  8.2184277e+03
  8.2248438e+03
  8.2312607e+03
  8.2376777e+03
  8.2440938e+03
  8.2505098e+03
  8.2569277e+03
  8.2633438e+03
  8.2697598e+03
  8.2761768e+03
  8.2825938e+03
  8.2890098e+03
  8.2954277e+03
  8.3018438e+03
  8.3082598e+03
  8.3146768e+03
  8.3210928e+03
  8.3275098e+03
  8.3339258e+03
  8.3403438e+03
  8.3467598e+03
  8.3531758e+03
  8.3595928e+03
  8.3660098e+03
  8.3724258e+03
  8.3788418e+03
  8.3852598e+03
  8.3916758e+03
  8.3980928e+03
  8.4045088e+03
  8.4109258e+03
  8.4173418e+03
  8.4237578e+03
  8.4301758e+03
  8.4365918e+03
  8.4430088e+03
  8.4494258e+03
  8.4558418e+03
  8.4622578e+03
  8.4686758e+03
  8.4750918e+03
  8.4815078e+03
  8.4879248e+03
  8.4943418e+03
  8.5007578e+03
  8.5071738e+03
  8.5135918e+03
  8.5200078e+03
  8.5264238e+03
  8.5328408e+03
  8.5392578e+03
  8.5456738e+03
  8.5520918e+03
  8.5585078e+03
  8.5649238e+03
  8.5713408e+03
  8.5777568e+03
  8.5841738e+03
  8.5905898e+03
  8.5970078e+03
  8.6034238e+03
  8.6098398e+03
  8.6162568e+03
  8.6226738e+03
  8.6290898e+03
  8.6355059e+03
  8.6419238e+03
  8.6483398e+03
  8.6547568e+03
  8.6611729e+03
  8.6675898e+03
  8.6740059e+03
  8.6804219e+03
  8.6868398e+03
  8.6932559e+03
  8.6996729e+03
  8.7060898e+03
  8.7125059e+03
  8.7189219e+03
  8.7253398e+03
  8.7317559e+03
  8.7381719e+03
  8.7445889e+03
  8.7510059e+03
  8.7574219e+03
  8.7638379e+03
  8.7702559e+03
  8.7766719e+03
  8.7830879e+03
  8.7895049e+03
  8.7959219e+03
  8.8023379e+03
  8.8087559e+03
  8.8151719e+03
  8.8215879e+03
  8.8280049e+03
  8.8344209e+03
  8.8408379e+03
  8.8472539e+03
  8.8536719e+03
  8.8600879e+03
  8.8665039e+03
  8.8729209e+03
  8.8793379e+03
  8.8857539e+03
  8.8921699e+03
  8.8985879e+03
  8.9050039e+03
  8.9114209e+03
  8.9178369e+03
  8.9242539e+03
  8.9306699e+03
  8.9370859e+03
  8.9435039e+03
  8.9499199e+03
  8.9563369e+03
  8.9627539e+03
  8.9691699e+03
  8.9755859e+03
  8.9820039e+03
  8.9884199e+03
  8.9948359e+03
  9.0012529e+03
  9.0076699e+03
  9.0140859e+03
  9.0205020e+03
  9.0269199e+03
  9.0333359e+03
  9.0397520e+03
  9.0461689e+03
  9.0525859e+03
  9.0590020e+03
  9.0654199e+03
  9.0718350e+03
  9.0782520e+03
  9.0846689e+03
  9.0910850e+03
  9.0975020e+03
  9.1039180e+03
  9.1103350e+03
  9.1167520e+03
  9.1231680e+03
  9.1295850e+03
  9.1360020e+03
  9.1424180e+03
  9.1488340e+03
  9.1552510e+03
  9.1616680e+03
  9.1680850e+03
  9.1745010e+03
  9.1809180e+03
  9.1873340e+03
  9.1937500e+03
  9.2001670e+03
  9.2065840e+03
  9.2130010e+03
  9.2194180e+03
  9.2258340e+03
  9.2322500e+03
  9.2386670e+03
  9.2450830e+03
  9.2515000e+03
  9.2579170e+03
  9.2643340e+03
  9.2707500e+03
  9.2771660e+03
  9.2835830e+03
  9.2900000e+03
  9.2964160e+03
  9.3028330e+03
  9.3092500e+03
  9.3156660e+03
  9.3220830e+03
  9.3284990e+03
  9.3349160e+03
  9.3413330e+03
  9.3477490e+03
  9.3541660e+03
  9.3605820e+03
  9.3669990e+03
  9.3734160e+03
  9.3798320e+03
  9.3862490e+03
  9.3926660e+03
  9.3990820e+03
  9.4054980e+03
  9.4119150e+03
  9.4183320e+03
  9.4247490e+03
  9.4311650e+03
  9.4375820e+03
  9.4439980e+03
  9.4504141e+03
  9.4568311e+03
  9.4632480e+03
  9.4696650e+03
  9.4760820e+03
  9.4824980e+03
  9.4889141e+03
  9.4953311e+03
  9.5017471e+03
  9.5081641e+03
  9.5145811e+03
  9.5209980e+03
  9.5274141e+03
  9.5338301e+03
  9.5402471e+03
  9.5466641e+03
  9.5530801e+03
  9.5594971e+03
  9.5659141e+03
  9.5723301e+03
  9.5787471e+03
  9.5851631e+03
  9.5915801e+03
  9.5979971e+03
  9.6044131e+03
  9.6108301e+03
  9.6172461e+03
  9.6236631e+03
  9.6300801e+03
  9.6364961e+03
  9.6429131e+03
  9.6493301e+03
  9.6557451e+03
  9.6621621e+03
  9.6685791e+03
  9.6749961e+03
  9.6814131e+03
  9.6878291e+03
  9.6942451e+03
  9.7006621e+03
  9.7070781e+03
  9.7134951e+03
  9.7199121e+03
  9.7263291e+03
  9.7327451e+03
  9.7391611e+03
  9.7455781e+03
  9.7519951e+03
  9.7584111e+03
  9.7648281e+03
  9.7712451e+03
  9.7776611e+03
  9.7840781e+03
  9.7904941e+03
  9.7969111e+03
  9.8033281e+03
  9.8097441e+03
  9.8161611e+03
  9.8225771e+03
  9.8289941e+03
  9.8354111e+03
  9.8418271e+03
  9.8482441e+03
  9.8546611e+03
  9.8610771e+03
  9.8674932e+03
  9.8739102e+03
  9.8803271e+03
  9.8867441e+03
  9.8931602e+03
  9.8995771e+03
  9.9059932e+03
  9.9124092e+03
  9.9188262e+03
  9.9252432e+03
  9.9316602e+03
  9.9380771e+03
  9.9444932e+03
  9.9509092e+03
  9.9573262e+03
  9.9637422e+03
  9.9701592e+03
  9.9765762e+03
  9.9829932e+03
  9.9894092e+03
  9.9958252e+03
  1.0002242e+04
  1.0008659e+04
  1.0015075e+04
  1.0021492e+04
  1.0027909e+04
  1.0034325e+04
  1.0040742e+04
  1.0047158e+04
  1.0053575e+04
  1.0059992e+04
  1.0066408e+04
  1.0072825e+04
  1.0079241e+04
  1.0085658e+04
  1.0092075e+04
  1.0098491e+04
  1.0104908e+04
  1.0111325e+04
  1.0117741e+04
  1.0124157e+04
  1.0130574e+04
  1.0136991e+04
  1.0143408e+04
  1.0149824e+04
  1.0156241e+04
  1.0162657e+04
  1.0169073e+04
  1.0175490e+04
  1.0181907e+04
  1.0188324e+04
  1.0194741e+04
  1.0201157e+04
  1.0207573e+04
  1.0213990e+04
  1.0220406e+04
  1.0226823e+04
  1.0233240e+04
  1.0239657e+04
  1.0246073e+04
  1.0252489e+04
  1.0258906e+04
  1.0265323e+04
  1.0271739e+04
  1.0278156e+04
  1.0284573e+04
  1.0290989e+04
  1.0297406e+04
  1.0303822e+04
  1.0310239e+04
  1.0316656e+04
  1.0323072e+04
  1.0329489e+04
  1.0335905e+04
  1.0342322e+04
  1.0348739e+04
  1.0355155e+04
  1.0361572e+04
  1.0367989e+04
  1.0374405e+04
  1.0380821e+04
  1.0387238e+04
  1.0393655e+04
  1.0400072e+04
  1.0406488e+04
  1.0412905e+04
  1.0419321e+04
  1.0425737e+04
  1.0432154e+04
  1.0438571e+04
  1.0444988e+04
  1.0451405e+04
  1.0457820e+04
  1.0464237e+04
  1.0470654e+04
  1.0477070e+04
  1.0483487e+04
  1.0489904e+04
  1.0496320e+04
  1.0502737e+04
  1.0509153e+04
  1.0515570e+04
  1.0521987e+04
  1.0528403e+04
  1.0534820e+04
  1.0541236e+04
  1.0547653e+04
  1.0554070e+04
  1.0560486e+04
  1.0566903e+04
  1.0573320e+04
  1.0579736e+04
  1.0586152e+04
  1.0592569e+04
  1.0598986e+04
  1.0605403e+04
  1.0611819e+04
  1.0618236e+04
  1.0624652e+04
  1.0631068e+04
  1.0637485e+04
  1.0643902e+04
  1.0650319e+04
  1.0656736e+04
  1.0663152e+04
  1.0669568e+04
  1.0675985e+04
  1.0682401e+04
  1.0688818e+04
  1.0695235e+04
  1.0701652e+04
  1.0708068e+04
  1.0714484e+04
  1.0720901e+04
  1.0727318e+04
  1.0733734e+04
  1.0740151e+04
  1.0746568e+04
  1.0752984e+04
  1.0759401e+04
  1.0765817e+04
  1.0772234e+04
  1.0778651e+04
  1.0785067e+04
  1.0791484e+04
  1.0797900e+04
  1.0804317e+04
  1.0810734e+04
  1.0817150e+04
  1.0823567e+04
  1.0829984e+04
  1.0836400e+04
  1.0842816e+04
  1.0849233e+04
  1.0855650e+04
  1.0862067e+04
  1.0868483e+04
  1.0874900e+04
  1.0881316e+04
  1.0887732e+04
  1.0894149e+04
  1.0900566e+04
  1.0906983e+04
  1.0913400e+04
  1.0919816e+04
  1.0926232e+04
  1.0932649e+04
  1.0939065e+04
  1.0945482e+04
  1.0951899e+04
  1.0958316e+04
  1.0964732e+04
  1.0971148e+04
  1.0977565e+04
  1.0983982e+04
  1.0990398e+04
  1.0996815e+04
  1.1003232e+04
  1.1009648e+04
  1.1016065e+04
  1.1022481e+04
  1.1028898e+04
  1.1035315e+04
  1.1041731e+04
  1.1048148e+04
  1.1054564e+04
  1.1060981e+04
  1.1067398e+04
  1.1073814e+04
  1.1080231e+04
  1.1086648e+04
  1.1093064e+04
  1.1099480e+04
  1.1105897e+04
  1.1112314e+04
  1.1118731e+04
  1.1125147e+04
  1.1131564e+04
  1.1137980e+04
  1.1144396e+04
  1.1150813e+04
  1.1157230e+04
  1.1163647e+04
  1.1170064e+04
  1.1176480e+04
  1.1182896e+04
  1.1189313e+04
  1.1195729e+04
  1.1202146e+04
  1.1208563e+04
  1.1214980e+04
  1.1221396e+04
  1.1227812e+04
  1.1234229e+04
  1.1240646e+04
  1.1247062e+04
  1.1253479e+04
  1.1259896e+04
  1.1266312e+04
  1.1272729e+04
  1.1279146e+04
  1.1285562e+04
  1.1291979e+04
  1.1298396e+04
  1.1304812e+04
  1.1311229e+04
  1.1317646e+04
  1.1324062e+04
  1.1330479e+04
  1.1336896e+04
  1.1343312e+04
  1.1349728e+04
  1.1356145e+04
  1.1362562e+04
  1.1368979e+04
  1.1375396e+04
  1.1381812e+04
  1.1388228e+04
  1.1394645e+04
  1.1401061e+04
  1.1407478e+04
  1.1413895e+04
  1.1420312e+04
  1.1426728e+04
  1.1433144e+04
  1.1439561e+04
  1.1445978e+04
  1.1452394e+04
  1.1458811e+04
  1.1465228e+04
  1.1471644e+04
  1.1478061e+04
  1.1484477e+04
  1.1490894e+04
  1.1497311e+04
  1.1503727e+04
  1.1510144e+04
  1.1516560e+04
  1.1522977e+04
  1.1529394e+04
  1.1535810e+04
  1.1542227e+04
  1.1548644e+04
  1.1555060e+04
  1.1561476e+04
  1.1567893e+04
  1.1574310e+04
  1.1580727e+04
  1.1587143e+04
  1.1593560e+04
  1.1599976e+04
  1.1606392e+04
  1.1612809e+04
  1.1619226e+04
  1.1625643e+04
  1.1632060e+04
  1.1638476e+04
  1.1644892e+04
  1.1651309e+04
  1.1657725e+04
  1.1664142e+04
  1.1670559e+04
  1.1676976e+04
  1.1683392e+04
  1.1689808e+04
  1.1696225e+04
  1.1702642e+04
  1.1709058e+04
  1.1715475e+04
  1.1721892e+04
  1.1728308e+04
  1.1734725e+04
  1.1741141e+04
  1.1747558e+04
  1.1753975e+04
  1.1760391e+04
  1.1766808e+04
  1.1773224e+04
  1.1779641e+04
  1.1786058e+04
  1.1792474e+04
  1.1798891e+04
  1.1805308e+04
  1.1811724e+04
  1.1818140e+04
  1.1824557e+04
  1.1830974e+04
  1.1837391e+04
  1.1843807e+04
  1.1850224e+04
  1.1856640e+04
  1.1863056e+04
  1.1869473e+04
  1.1875890e+04
  1.1882307e+04
  1.1888724e+04
  1.1895140e+04
  1.1901556e+04
  1.1907973e+04
  1.1914389e+04
  1.1920806e+04
  1.1927223e+04
  1.1933640e+04
  1.1940056e+04
  1.1946472e+04
  1.1952889e+04
  1.1959306e+04
  1.1965722e+04
  1.1972139e+04
  1.1978556e+04
  1.1984972e+04
  1.1991389e+04
  1.1997805e+04
  1.2004222e+04
  1.2010639e+04
  1.2017055e+04
  1.2023472e+04
  1.2029888e+04
  1.2036305e+04
  1.2042722e+04
  1.2049138e+04
  1.2055555e+04
  1.2061972e+04
  1.2068387e+04
  1.2074804e+04
  1.2081221e+04
  1.2087638e+04
  1.2094055e+04
  1.2100471e+04
  1.2106887e+04
  1.2113304e+04
  1.2119720e+04
  1.2126137e+04
  1.2132554e+04
  1.2138971e+04
  1.2145387e+04
  1.2151803e+04
  1.2158220e+04
  1.2164637e+04
  1.2171053e+04
  1.2177470e+04
  1.2183887e+04
  1.2190303e+04
  1.2196720e+04
  1.2203136e+04
  1.2209553e+04
  1.2215970e+04
  1.2222386e+04
  1.2228803e+04
  1.2235219e+04
  1.2241636e+04
  1.2248053e+04
  1.2254469e+04
  1.2260886e+04
  1.2267303e+04
  1.2273719e+04
  1.2280135e+04
  1.2286552e+04
  1.2292969e+04
  1.2299386e+04
  1.2305802e+04
  1.2312219e+04
  1.2318635e+04
  1.2325051e+04
  1.2331468e+04
  1.2337885e+04
  1.2344302e+04
  1.2350719e+04
  1.2357135e+04
  1.2363551e+04
  1.2369968e+04
  1.2376384e+04
  1.2382801e+04
  1.2389218e+04
  1.2395635e+04
  1.2402051e+04
  1.2408467e+04
  1.2414884e+04
  1.2421301e+04
  1.2427717e+04
  1.2434134e+04
  1.2440551e+04
  1.2446967e+04
  1.2453384e+04
  1.2459800e+04
  1.2466217e+04
  1.2472634e+04
  1.2479050e+04
  1.2485467e+04
  1.2491883e+04
  1.2498300e+04
  1.2504717e+04
  1.2511133e+04
  1.2517550e+04
  1.2523967e+04
  1.2530383e+04
  1.2536799e+04
  1.2543216e+04
  1.2549633e+04
  1.2556050e+04
  1.2562466e+04
  1.2568883e+04
  1.2575299e+04
  1.2581715e+04
  1.2588132e+04
  1.2594549e+04
  1.2600966e+04
  1.2607383e+04
  1.2613799e+04
  1.2620215e+04
  1.2626632e+04
  1.2633048e+04
  1.2639465e+04
  1.2645882e+04
  1.2652299e+04
  1.2658715e+04
  1.2665131e+04
  1.2671548e+04
  1.2677965e+04
  1.2684381e+04
  1.2690798e+04
  1.2697215e+04
  1.2703631e+04
  1.2710048e+04
  1.2716464e+04
  1.2722881e+04
  1.2729298e+04
  1.2735714e+04
  1.2742131e+04
  1.2748547e+04
  1.2754964e+04
  1.2761381e+04
  1.2767797e+04
  1.2774214e+04
  1.2780631e+04
  1.2787047e+04
  1.2793463e+04
  1.2799880e+04
  1.2806297e+04
  1.2812714e+04
  1.2819130e+04
  1.2825547e+04
  1.2831963e+04
  1.2838379e+04
  1.2844796e+04
  1.2851213e+04
  1.2857630e+04
  1.2864047e+04
  1.2870462e+04
  1.2876879e+04
  1.2883296e+04
  1.2889712e+04
  1.2896129e+04
  1.2902546e+04
  1.2908962e+04
  1.2915379e+04
  1.2921795e+04
  1.2928212e+04
  1.2934629e+04
  1.2941045e+04
  1.2947462e+04
  1.2953878e+04
  1.2960295e+04
  1.2966712e+04
  1.2973128e+04
  1.2979545e+04
  1.2985962e+04
  1.2992378e+04
  1.2998794e+04
  1.3005211e+04
  1.3011628e+04
  1.3018045e+04
  1.3024461e+04
  1.3030878e+04
  1.3037294e+04
  1.3043710e+04
  1.3050127e+04
  1.3056544e+04
  1.3062961e+04
  1.3069378e+04
  1.3075794e+04
  1.3082210e+04
  1.3088627e+04
  1.3095043e+04
  1.3101460e+04
  1.3107877e+04
  1.3114294e+04
  1.3120710e+04
  1.3127126e+04
  1.3133543e+04
  1.3139960e+04
  1.3146376e+04
  1.3152793e+04
  1.3159210e+04
  1.3165626e+04
  1.3172043e+04
  1.3178459e+04
  1.3184876e+04
  1.3191293e+04
  1.3197709e+04
  1.3204126e+04
  1.3210542e+04
  1.3216959e+04
  1.3223376e+04
  1.3229792e+04
  1.3236209e+04
  1.3242626e+04
  1.3249042e+04
  1.3255458e+04
  1.3261875e+04
  1.3268292e+04
  1.3274709e+04
  1.3281125e+04
  1.3287542e+04
  1.3293958e+04
  1.3300374e+04
  1.3306791e+04
  1.3313208e+04
  1.3319625e+04
  1.3326042e+04
  1.3332458e+04
  1.3338874e+04
  1.3345291e+04
  1.3351707e+04
  1.3358124e+04
  1.3364541e+04
  1.3370958e+04
  1.3377374e+04
  1.3383790e+04
  1.3390207e+04
  1.3396624e+04
  1.3403040e+04
  1.3409457e+04
  1.3415874e+04
  1.3422290e+04
  1.3428707e+04
  1.3435123e+04
  1.3441540e+04
  1.3447957e+04
  1.3454373e+04
  1.3460790e+04
  1.3467206e+04
  1.3473623e+04
  1.3480040e+04
  1.3486456e+04
  1.3492873e+04
  1.3499290e+04
  1.3505706e+04
  1.3512122e+04
  1.3518539e+04
  1.3524956e+04
  1.3531373e+04
  1.3537789e+04
  1.3544206e+04
  1.3550622e+04
  1.3557038e+04
  1.3563455e+04
  1.3569872e+04
  1.3576289e+04
  1.3582706e+04
  1.3589122e+04
  1.3595538e+04
  1.3601955e+04
  1.3608371e+04
  1.3614788e+04
  1.3621205e+04
  1.3627622e+04
  1.3634038e+04
  1.3640454e+04
  1.3646871e+04
  1.3653288e+04
  1.3659704e+04
  1.3666121e+04
  1.3672538e+04
  1.3678954e+04
  1.3685371e+04
  1.3691787e+04
  1.3698204e+04
  1.3704621e+04
  1.3711037e+04
  1.3717453e+04
  1.3723870e+04
  1.3730287e+04
  1.3736704e+04
  1.3743120e+04
  1.3749537e+04
  1.3755953e+04
  1.3762369e+04
  1.3768786e+04
  1.3775203e+04
  1.3781620e+04
  1.3788037e+04
  1.3794453e+04
  1.3800869e+04
  1.3807286e+04
  1.3813702e+04
  1.3820119e+04
  1.3826536e+04
  1.3832953e+04
  1.3839369e+04
  1.3845785e+04
  1.3852202e+04
  1.3858619e+04
  1.3865035e+04
  1.3871452e+04
  1.3877869e+04
  1.3884285e+04
  1.3890702e+04
  1.3897118e+04
  1.3903535e+04
  1.3909952e+04
  1.3916368e+04
  1.3922785e+04
  1.3929201e+04
  1.3935618e+04
  1.3942035e+04
  1.3948451e+04
  1.3954868e+04
  1.3961285e+04
  1.3967701e+04
  1.3974117e+04
  1.3980534e+04
  1.3986951e+04
  1.3993368e+04
  1.3999784e+04
  1.4006201e+04
  1.4012617e+04
  1.4019033e+04
  1.4025450e+04
  1.4031867e+04
  1.4038284e+04
  1.4044701e+04
  1.4051117e+04
  1.4057533e+04
  1.4063950e+04
  1.4070366e+04
  1.4076783e+04
  1.4083200e+04
  1.4089617e+04
  1.4096033e+04
  1.4102449e+04
  1.4108866e+04
  1.4115283e+04
  1.4121699e+04
  1.4128116e+04
  1.4134533e+04
  1.4140949e+04
  1.4147366e+04
  1.4153782e+04
  1.4160199e+04
  1.4166616e+04
  1.4173032e+04
  1.4179449e+04
  1.4185865e+04
  1.4192282e+04
  1.4198699e+04
  1.4205115e+04
  1.4211532e+04
  1.4217949e+04
  1.4224365e+04
  1.4230781e+04
  1.4237198e+04
  1.4243615e+04
  1.4250032e+04
  1.4256448e+04
  1.4262865e+04
  1.4269281e+04
  1.4275697e+04
  1.4282114e+04
  1.4288531e+04
  1.4294948e+04
  1.4301365e+04
  1.4307781e+04
  1.4314197e+04
  1.4320614e+04
  1.4327030e+04
  1.4333447e+04
  1.4339864e+04
  1.4346281e+04
  1.4352697e+04
  1.4359113e+04
  1.4365530e+04
  1.4371947e+04
  1.4378363e+04
  1.4384780e+04
  1.4391197e+04
  1.4397613e+04
  1.4404030e+04
  1.4410446e+04
  1.4416863e+04
  1.4423280e+04
  1.4429696e+04
  1.4436113e+04
  1.4442529e+04
  1.4448946e+04
  1.4455363e+04
  1.4461779e+04
  1.4468196e+04
  1.4474613e+04
  1.4481028e+04
  1.4487445e+04
  1.4493862e+04
  1.4500279e+04
  1.4506696e+04
  1.4513112e+04
  1.4519528e+04
  1.4525945e+04
  1.4532361e+04
  1.4538778e+04
  1.4545195e+04
  1.4551612e+04
  1.4558028e+04
  1.4564444e+04
  1.4570861e+04
  1.4577278e+04
  1.4583694e+04
  1.4590111e+04
  1.4596528e+04
  1.4602944e+04
  1.4609361e+04
  1.4615777e+04
  1.4622194e+04
  1.4628611e+04
  1.4635027e+04
  1.4641444e+04
  1.4647860e+04
  1.4654277e+04
  1.4660694e+04
  1.4667110e+04
  1.4673526e+04
  1.4679944e+04
  1.4686360e+04
  1.4692777e+04
  1.4699193e+04
  1.4705609e+04
  1.4712027e+04
  1.4718443e+04
  1.4724860e+04
  1.4731276e+04
  1.4737692e+04
  1.4744110e+04
  1.4750526e+04
  1.4756942e+04
  1.4763360e+04
  1.4769776e+04
  1.4776192e+04
  1.4782609e+04
  1.4789025e+04
  1.4795443e+04
  1.4801859e+04
  1.4808275e+04
  1.4814692e+04
  1.4821108e+04
  1.4827526e+04
  1.4833942e+04
  1.4840358e+04
  1.4846776e+04
  1.4853192e+04
  1.4859608e+04
  1.4866025e+04
  1.4872441e+04
  1.4878857e+04
  1.4885275e+04
  1.4891691e+04
  1.4898108e+04
  1.4904524e+04
  1.4910940e+04
  1.4917358e+04
  1.4923774e+04
  1.4930192e+04
  1.4936608e+04
  1.4943024e+04
  1.4949441e+04
  1.4955857e+04
  1.4962273e+04
  1.4968691e+04
  1.4975107e+04
  1.4981523e+04
  1.4987940e+04
  1.4994356e+04
  1.5000774e+04
  1.5007190e+04
  1.5013606e+04
  1.5020024e+04
  1.5026440e+04
  1.5032857e+04
  1.5039273e+04
  1.5045689e+04
  1.5052107e+04
  1.5058523e+04
  1.5064939e+04
  1.5071356e+04
  1.5077772e+04
  1.5084188e+04
  1.5090606e+04
  1.5097022e+04
  1.5103440e+04
  1.5109856e+04
  1.5116272e+04
  1.5122689e+04
  1.5129105e+04
  1.5135523e+04
  1.5141939e+04
  1.5148355e+04
  1.5154772e+04
  1.5161188e+04
  1.5167604e+04
  1.5174022e+04
  1.5180438e+04
  1.5186854e+04
  1.5193272e+04
  1.5199688e+04
  1.5206105e+04
  1.5212521e+04
  1.5218938e+04
  1.5225355e+04
  1.5231771e+04
  1.5238188e+04
  1.5244604e+04
  1.5251021e+04
  1.5257438e+04
  1.5263854e+04
  1.5270271e+04
  1.5276688e+04
  1.5283104e+04
  1.5289520e+04
  1.5295938e+04
  1.5302354e+04
  1.5308771e+04
  1.5315188e+04
  1.5321604e+04
  1.5328021e+04
  1.5334437e+04
  1.5340854e+04
  1.5347271e+04
  1.5353687e+04
  1.5360104e+04
  1.5366520e+04
  1.5372936e+04
  1.5379354e+04
  1.5385770e+04
  1.5392186e+04
  1.5398604e+04
  1.5405020e+04
  1.5411437e+04
  1.5417853e+04
  1.5424269e+04
  1.5430687e+04
  1.5437103e+04
  1.5443520e+04
  1.5449936e+04
  1.5456352e+04
  1.5462770e+04
  1.5469186e+04
  1.5475602e+04
  1.5482020e+04
  1.5488436e+04
  1.5494852e+04
  1.5501269e+04
  1.5507685e+04
  1.5514103e+04
  1.5520519e+04
  1.5526935e+04
  1.5533352e+04
  1.5539768e+04
  1.5546186e+04
  1.5552602e+04
  1.5559018e+04
  1.5565436e+04
  1.5571852e+04
  1.5578268e+04
  1.5584685e+04
  1.5591101e+04
  1.5597517e+04
  1.5603935e+04
  1.5610351e+04
  1.5616768e+04
  1.5623184e+04
  1.5629600e+04
  1.5636018e+04
  1.5642434e+04
  1.5648852e+04
  1.5655268e+04
  1.5661684e+04
  1.5668101e+04
  1.5674517e+04
  1.5680933e+04
  1.5687351e+04
  1.5693767e+04
  1.5700183e+04
  1.5706600e+04
  1.5713016e+04
  1.5719434e+04
  1.5725850e+04
  1.5732266e+04
  1.5738684e+04
  1.5745100e+04
  1.5751517e+04
  1.5757933e+04
  1.5764349e+04
  1.5770767e+04
  1.5777183e+04
  1.5783599e+04
  1.5790016e+04
  1.5796432e+04
  1.5802848e+04
  1.5809266e+04
  1.5815682e+04
  1.5822100e+04
  1.5828516e+04
  1.5834932e+04
  1.5841349e+04
  1.5847765e+04
  1.5854183e+04
  1.5860599e+04
  1.5867015e+04
  1.5873432e+04
  1.5879848e+04
  1.5886264e+04
  1.5892682e+04
  1.5899098e+04
  1.5905514e+04
  1.5911932e+04
  1.5918348e+04
  1.5924765e+04
  1.5931181e+04
  1.5937597e+04
  1.5944015e+04
  1.5950431e+04
  1.5956848e+04
  1.5963264e+04
  1.5969680e+04
  1.5976098e+04
  1.5982514e+04
  1.5988930e+04
  1.5995348e+04
  1.6001764e+04
  1.6008180e+04
  1.6014597e+04
  1.6021013e+04
  1.6027431e+04
  1.6033847e+04
  1.6040263e+04
  1.6046680e+04
  1.6053096e+04
  1.6059514e+04
  1.6065930e+04
  1.6072346e+04
  1.6078764e+04
  1.6085180e+04
  1.6091595e+04
  1.6098013e+04
  1.6104429e+04
  1.6110845e+04
  1.6117263e+04
  1.6123679e+04
  1.6130096e+04
  1.6136512e+04
  1.6142928e+04
  1.6149346e+04
  1.6155762e+04
  1.6162180e+04
  1.6168595e+04
  1.6175011e+04
  1.6181429e+04
  1.6187845e+04
  1.6194261e+04
  1.6200679e+04
  1.6207095e+04
  1.6213511e+04
  1.6219928e+04
  1.6226344e+04
  1.6232762e+04
  1.6239178e+04
  1.6245594e+04
  1.6252011e+04
  1.6258427e+04
  1.6264845e+04
  1.6271261e+04
  1.6277677e+04
  1.6284095e+04
  1.6290511e+04
  1.6296927e+04
  1.6303344e+04
  1.6309760e+04
  1.6316176e+04
  1.6322594e+04
  1.6329010e+04
  1.6335427e+04
  1.6341843e+04
  1.6348259e+04
  1.6354677e+04
  1.6361093e+04
  1.6367511e+04
  1.6373927e+04
  1.6380343e+04
  1.6386760e+04
  1.6393176e+04
  1.6399592e+04
  1.6406010e+04
  1.6412426e+04
  1.6418842e+04
  1.6425258e+04
  1.6431676e+04
  1.6438094e+04
  1.6444508e+04
  1.6450926e+04
  1.6457344e+04
  1.6463758e+04
  1.6470176e+04
  1.6476592e+04
  1.6483008e+04
  1.6489426e+04
  1.6495842e+04
  1.6502258e+04
  1.6508676e+04
  1.6515090e+04
  1.6521508e+04
  1.6527926e+04
  1.6534340e+04
  1.6540758e+04
  1.6547176e+04
  1.6553590e+04
  1.6560008e+04
  1.6566424e+04
  1.6572842e+04
  1.6579258e+04
  1.6585674e+04
  1.6592090e+04
  1.6598508e+04
  1.6604922e+04
  1.6611340e+04
  1.6617758e+04
  1.6624172e+04
  1.6630590e+04
  1.6637008e+04
  1.6643424e+04
  1.6649840e+04
  1.6656256e+04
  1.6662674e+04
  1.6669090e+04
  1.6675508e+04
  1.6681922e+04
  1.6688340e+04
  1.6694758e+04
  1.6701172e+04
  1.6707590e+04
  1.6714008e+04
  1.6720422e+04
  1.6726840e+04
  1.6733256e+04
  1.6739672e+04
  1.6746090e+04
  1.6752506e+04
  1.6758922e+04
  1.6765340e+04
  1.6771754e+04
  1.6778172e+04
  1.6784590e+04
  1.6791004e+04
  1.6797422e+04
  1.6803840e+04
  1.6810254e+04
  1.6816672e+04
  1.6823088e+04
  1.6829504e+04
  1.6835922e+04
  1.6842338e+04
  1.6848754e+04
  1.6855172e+04
  1.6861586e+04
  1.6868004e+04
  1.6874422e+04
  1.6880840e+04
  1.6887254e+04
  1.6893670e+04
  1.6900088e+04
  1.6906504e+04
  1.6912920e+04
  1.6919338e+04
  1.6925754e+04
  1.6932170e+04
  1.6938586e+04
  1.6945004e+04
  1.6951422e+04
  1.6957836e+04
  1.6964254e+04
  1.6970670e+04
  1.6977086e+04
  1.6983504e+04
  1.6989920e+04
  1.6996336e+04
  1.7002754e+04
  1.7009170e+04
  1.7015586e+04
  1.7022004e+04
  1.7028418e+04
  1.7034836e+04
  1.7041254e+04
  1.7047668e+04
  1.7054086e+04
  1.7060502e+04
  1.7066918e+04
  1.7073336e+04
  1.7079752e+04
  1.7086170e+04
  1.7092586e+04
  1.7099002e+04
  1.7105418e+04
  1.7111836e+04
  1.7118250e+04
  1.7124668e+04
  1.7131086e+04
  1.7137500e+04
  1.7143918e+04
  1.7150334e+04
  1.7156752e+04
  1.7163168e+04
  1.7169584e+04
  1.7176002e+04
  1.7182418e+04
  1.7188836e+04
  1.7195250e+04
  1.7201668e+04
  1.7208086e+04
  1.7214500e+04
  1.7220918e+04
  1.7227334e+04
  1.7233750e+04
  1.7240166e+04
  1.7246584e+04
  1.7253000e+04
  1.7259418e+04
  1.7265834e+04
  1.7272250e+04
  1.7278668e+04
  1.7285082e+04
  1.7291500e+04
  1.7297918e+04
  1.7304332e+04
  1.7310750e+04
  1.7317166e+04
  1.7323582e+04
  1.7330000e+04
  1.7336416e+04
  1.7342832e+04
  1.7349250e+04
  1.7355666e+04
  1.7362082e+04
  1.7368500e+04
  1.7374914e+04
  1.7381332e+04
  1.7387750e+04
  1.7394166e+04
  1.7400582e+04
  1.7406998e+04
  1.7413416e+04
  1.7419832e+04
  1.7426248e+04
  1.7432666e+04
  1.7439082e+04
  1.7445498e+04
  1.7451914e+04
  1.7458332e+04
  1.7464750e+04
  1.7471164e+04
  1.7477582e+04
  1.7483998e+04
  1.7490414e+04
  1.7496832e+04
  1.7503248e+04
  1.7509664e+04
  1.7516082e+04
  1.7522498e+04
  1.7528914e+04
  1.7535332e+04
  1.7541746e+04
  1.7548164e+04
  1.7554582e+04
  1.7560996e+04
  1.7567414e+04
  1.7573830e+04
  1.7580246e+04
  1.7586664e+04
  1.7593080e+04
  1.7599498e+04
  1.7605914e+04
  1.7612330e+04
  1.7618746e+04
  1.7625164e+04
  1.7631578e+04
  1.7637996e+04
  1.7644412e+04
  1.7650828e+04
  1.7657246e+04
  1.7663662e+04
  1.7670080e+04
  1.7676496e+04
  1.7682912e+04
  1.7689330e+04
  1.7695746e+04
  1.7702164e+04
  1.7708580e+04
  1.7714996e+04
  1.7721412e+04
  1.7727828e+04
  1.7734244e+04
  1.7740662e+04
  1.7747078e+04
  1.7753494e+04
  1.7759912e+04
  1.7766328e+04
  1.7772746e+04
  1.7779162e+04
  1.7785578e+04
  1.7791996e+04
  1.7798412e+04
  1.7804828e+04
  1.7811244e+04
  1.7817660e+04
  1.7824078e+04
  1.7830494e+04
  1.7836910e+04
  1.7843328e+04
  1.7849744e+04
  1.7856160e+04
  1.7862578e+04
  1.7868994e+04
  1.7875412e+04
  1.7881828e+04
  1.7888244e+04
  1.7894660e+04
  1.7901076e+04
  1.7907494e+04
  1.7913910e+04
  1.7920326e+04
  1.7926744e+04
  1.7933160e+04
  1.7939576e+04
  1.7945994e+04
  1.7952410e+04
  1.7958826e+04
  1.7965244e+04
  1.7971660e+04
  1.7978076e+04
  1.7984492e+04
  1.7990908e+04
  1.7997326e+04
  1.8003742e+04
  1.8010160e+04
  1.8016576e+04
  1.8022992e+04
  1.8029410e+04
  1.8035826e+04
  1.8042242e+04
  1.8048660e+04
  1.8055076e+04
  1.8061490e+04
  1.8067908e+04
  1.8074324e+04
  1.8080742e+04
  1.8087158e+04
  1.8093574e+04
  1.8099992e+04
  1.8106408e+04
  1.8112826e+04
  1.8119242e+04
  1.8125658e+04
  1.8132076e+04
  1.8138490e+04
  1.8144906e+04
  1.8151324e+04
  1.8157740e+04
  1.8164156e+04
  1.8170574e+04
  1.8176990e+04
  1.8183408e+04
  1.8189824e+04
  1.8196240e+04
  1.8202658e+04
  1.8209074e+04
  1.8215490e+04
  1.8221906e+04
  1.8228322e+04
  1.8234740e+04
  1.8241156e+04
  1.8247572e+04
  1.8253990e+04
  1.8260406e+04
  1.8266822e+04
  1.8273240e+04
  1.8279656e+04
  1.8286074e+04
  1.8292490e+04
  1.8298906e+04
  1.8305322e+04
  1.8311738e+04
  1.8318156e+04
  1.8324572e+04
  1.8330988e+04
  1.8337406e+04
  1.8343822e+04
  1.8350238e+04
  1.8356656e+04
  1.8363072e+04
  1.8369488e+04
  1.8375906e+04
  1.8382322e+04
  1.8388738e+04
  1.8395154e+04
  1.8401570e+04
  1.8407988e+04
  1.8414404e+04
  1.8420822e+04
  1.8427238e+04
  1.8433654e+04
  1.8440072e+04
  1.8446488e+04
  1.8452904e+04
  1.8459322e+04
  1.8465738e+04
  1.8472154e+04
  1.8478570e+04
  1.8484986e+04
  1.8491404e+04
  1.8497820e+04
  1.8504236e+04
  1.8510654e+04
  1.8517070e+04
  1.8523488e+04
  1.8529904e+04
  1.8536320e+04
  1.8542738e+04
  1.8549154e+04
  1.8555570e+04
  1.8561986e+04
  1.8568402e+04
  1.8574818e+04
  1.8581236e+04
  1.8587652e+04
  1.8594070e+04
  1.8600486e+04
  1.8606902e+04
  1.8613320e+04
  1.8619736e+04
  1.8626154e+04
  1.8632570e+04
  1.8638986e+04
  1.8645402e+04
  1.8651818e+04
  1.8658234e+04
  1.8664652e+04
  1.8671068e+04
  1.8677484e+04
  1.8683902e+04
  1.8690318e+04
  1.8696736e+04
  1.8703152e+04
  1.8709568e+04
  1.8715986e+04
  1.8722402e+04
  1.8728818e+04
  1.8735234e+04
  1.8741650e+04
  1.8748068e+04
  1.8754484e+04
  1.8760900e+04
  1.8767318e+04
  1.8773734e+04
  1.8780150e+04
  1.8786568e+04
  1.8792984e+04
  1.8799402e+04
  1.8805818e+04
  1.8812234e+04
  1.8818650e+04
  1.8825066e+04
  1.8831484e+04
  1.8837900e+04
  1.8844316e+04
  1.8850734e+04
  1.8857150e+04
  1.8863566e+04
  1.8869984e+04
  1.8876400e+04
  1.8882816e+04
  1.8889234e+04
  1.8895650e+04
  1.8902066e+04
  1.8908482e+04
  1.8914898e+04
  1.8921316e+04
  1.8927732e+04
  1.8934150e+04
  1.8940566e+04
  1.8946982e+04
  1.8953400e+04
  1.8959816e+04
  1.8966232e+04
  1.8972650e+04
  1.8979066e+04
  1.8985482e+04
  1.8991898e+04
  1.8998314e+04
  1.9004732e+04
  1.9011148e+04
  1.9017564e+04
  1.9023982e+04
  1.9030398e+04
  1.9036816e+04
  1.9043232e+04
  1.9049648e+04
  1.9056066e+04
  1.9062482e+04
  1.9068898e+04
  1.9075314e+04
  1.9081730e+04
  1.9088146e+04
  1.9094564e+04
  1.9100980e+04
  1.9107398e+04
  1.9113814e+04
  1.9120230e+04
  1.9126648e+04
  1.9133064e+04
  1.9139482e+04
  1.9145898e+04
  1.9152314e+04
  1.9158730e+04
  1.9165146e+04
  1.9171562e+04
  1.9177980e+04
  1.9184396e+04
  1.9190812e+04
  1.9197230e+04
  1.9203646e+04
  1.9210064e+04
  1.9216480e+04
  1.9222896e+04
  1.9229314e+04
  1.9235730e+04
  1.9242146e+04
  1.9248562e+04
  1.9254979e+04
  1.9261396e+04
  1.9267812e+04
  1.9274229e+04
  1.9280646e+04
  1.9287062e+04
  1.9293479e+04
  1.9299896e+04
  1.9306312e+04
  1.9312730e+04
  1.9319146e+04
  1.9325562e+04
  1.9331979e+04
  1.9338395e+04
  1.9344812e+04
  1.9351229e+04
  1.9357645e+04
  1.9364062e+04
  1.9370479e+04
  1.9376895e+04
  1.9383312e+04
  1.9389729e+04
  1.9396145e+04
  1.9402562e+04
  1.9408979e+04
  1.9415395e+04
  1.9421811e+04
  1.9428227e+04
  1.9434645e+04
  1.9441061e+04
  1.9447479e+04
  1.9453895e+04
  1.9460311e+04
  1.9466729e+04
  1.9473145e+04
  1.9479561e+04
  1.9485979e+04
  1.9492395e+04
  1.9498811e+04
  1.9505227e+04
  1.9511643e+04
  1.9518061e+04
  1.9524477e+04
  1.9530893e+04
  1.9537311e+04
  1.9543727e+04
  1.9550145e+04
  1.9556561e+04
  1.9562977e+04
  1.9569395e+04
  1.9575811e+04
  1.9582227e+04
  1.9588643e+04
  1.9595059e+04
  1.9601475e+04
  1.9607893e+04
  1.9614309e+04
  1.9620727e+04
  1.9627143e+04
  1.9633559e+04
  1.9639977e+04
  1.9646393e+04
  1.9652811e+04
  1.9659227e+04
  1.9665641e+04
  1.9672059e+04
  1.9678475e+04
  1.9684891e+04
  1.9691309e+04
  1.9697725e+04
  1.9704141e+04
  1.9710559e+04
  1.9716975e+04
  1.9723393e+04
  1.9729809e+04
  1.9736225e+04
  1.9742641e+04
  1.9749057e+04
  1.9755475e+04
  1.9761891e+04
  1.9768307e+04
  1.9774725e+04
  1.9781141e+04
  1.9787557e+04
  1.9793975e+04
  1.9800391e+04
  1.9806807e+04
  1.9813225e+04
  1.9819641e+04
  1.9826057e+04
  1.9832473e+04
  1.9838889e+04
  1.9845307e+04
  1.9851723e+04
  1.9858141e+04
  1.9864557e+04
  1.9870973e+04
  1.9877391e+04
  1.9883807e+04
  1.9890223e+04
  1.9896641e+04
  1.9903057e+04
  1.9909473e+04
  1.9915889e+04
  1.9922305e+04
  1.9928723e+04
  1.9935139e+04
  1.9941555e+04
  1.9947973e+04
  1.9954389e+04
  1.9960807e+04
  1.9967223e+04
  1.9973639e+04
  1.9980057e+04
  1.9986473e+04
  1.9992889e+04
  1.9999305e+04
  2.0005721e+04
  2.0012137e+04
  2.0018555e+04
  2.0024971e+04
  2.0031389e+04
  2.0037805e+04
  2.0044221e+04
  2.0050639e+04
  2.0057055e+04
  2.0063473e+04
  2.0069889e+04
  2.0076305e+04
  2.0082721e+04
  2.0089137e+04
  2.0095553e+04
  2.0101971e+04
  2.0108387e+04
  2.0114803e+04
  2.0121221e+04
  2.0127637e+04
  2.0134055e+04
  2.0140471e+04
  2.0146887e+04
  2.0153305e+04
  2.0159721e+04
  2.0166137e+04
  2.0172553e+04
  2.0178969e+04
  2.0185387e+04
  2.0191803e+04
  2.0198219e+04
  2.0204637e+04
  2.0211053e+04
  2.0217469e+04
  2.0223887e+04
  2.0230303e+04
  2.0236721e+04
  2.0243137e+04
  2.0249553e+04
  2.0255969e+04
  2.0262385e+04
  2.0268803e+04
  2.0275219e+04
  2.0281635e+04
  2.0288053e+04
  2.0294469e+04
  2.0300885e+04
  2.0307303e+04
  2.0313719e+04
  2.0320135e+04
  2.0326553e+04
  2.0332969e+04
  2.0339385e+04
  2.0345801e+04
  2.0352217e+04
  2.0358635e+04
  2.0365051e+04
  2.0371469e+04
  2.0377885e+04
  2.0384301e+04
  2.0390719e+04
  2.0397135e+04
  2.0403551e+04
  2.0409969e+04
  2.0416385e+04
  2.0422801e+04
  2.0429217e+04
  2.0435633e+04
  2.0442051e+04
  2.0448467e+04
  2.0454883e+04
  2.0461301e+04
  2.0467717e+04
  2.0474135e+04
  2.0480551e+04
  2.0486967e+04
  2.0493385e+04
  2.0499801e+04
  2.0506217e+04
  2.0512633e+04
  2.0519049e+04
  2.0525465e+04
  2.0531883e+04
  2.0538299e+04
  2.0544717e+04
  2.0551133e+04
  2.0557549e+04
  2.0563967e+04
  2.0570383e+04
  2.0576801e+04
  2.0583217e+04
  2.0589633e+04
  2.0596049e+04
  2.0602465e+04
  2.0608881e+04
  2.0615299e+04
  2.0621715e+04
  2.0628131e+04
  2.0634549e+04
  2.0640965e+04
  2.0647383e+04
  2.0653799e+04
  2.0660215e+04
  2.0666633e+04
  2.0673049e+04
  2.0679465e+04
  2.0685881e+04
  2.0692297e+04
  2.0698715e+04
  2.0705131e+04
  2.0711547e+04
  2.0717965e+04
  2.0724381e+04
  2.0730797e+04
  2.0737215e+04
  2.0743631e+04
  2.0750049e+04
  2.0756465e+04
  2.0762881e+04
  2.0769297e+04
  2.0775713e+04
  2.0782131e+04
  2.0788547e+04
  2.0794963e+04
  2.0801381e+04
  2.0807797e+04
  2.0814213e+04
  2.0820631e+04
  2.0827047e+04
  2.0833463e+04
  2.0839881e+04
  2.0846297e+04
  2.0852713e+04
  2.0859129e+04
  2.0865545e+04
  2.0871963e+04
  2.0878379e+04
  2.0884797e+04
  2.0891213e+04
  2.0897629e+04
  2.0904047e+04
  2.0910463e+04
  2.0916879e+04
  2.0923297e+04
  2.0929713e+04
  2.0936129e+04
  2.0942545e+04
  2.0948961e+04
  2.0955379e+04
  2.0961795e+04
  2.0968211e+04
  2.0974629e+04
  2.0981045e+04
  2.0987463e+04
  2.0993879e+04
  2.1000295e+04
  2.1006713e+04
  2.1013129e+04
  2.1019545e+04
  2.1025961e+04
  2.1032377e+04
  2.1038793e+04
  2.1045211e+04
  2.1051627e+04
  2.1058045e+04
  2.1064461e+04
  2.1070877e+04
  2.1077295e+04
  2.1083711e+04
  2.1090129e+04
  2.1096545e+04
  2.1102961e+04
  2.1109377e+04
  2.1115793e+04
  2.1122209e+04
  2.1128627e+04
  2.1135043e+04
  2.1141459e+04
  2.1147877e+04
  2.1154293e+04
  2.1160711e+04
  2.1167127e+04
  2.1173543e+04
  2.1179961e+04
  2.1186377e+04
  2.1192793e+04
  2.1199209e+04
  2.1205625e+04
  2.1212043e+04
  2.1218459e+04
  2.1224875e+04
  2.1231293e+04
  2.1237709e+04
  2.1244125e+04
  2.1250543e+04
  2.1256959e+04
  2.1263377e+04
  2.1269793e+04
  2.1276207e+04
  2.1282625e+04
  2.1289041e+04
  2.1295459e+04
  2.1301875e+04
  2.1308291e+04
  2.1314709e+04
  2.1321125e+04
  2.1327541e+04
  2.1333959e+04
  2.1340375e+04
  2.1346791e+04
  2.1353207e+04
  2.1359623e+04
  2.1366041e+04
  2.1372457e+04
  2.1378873e+04
  2.1385291e+04
  2.1391707e+04
  2.1398125e+04
  2.1404541e+04
  2.1410957e+04
  2.1417375e+04
  2.1423791e+04
  2.1430207e+04
  2.1436623e+04
  2.1443039e+04
  2.1449455e+04
  2.1455873e+04
  2.1462289e+04
  2.1468707e+04
  2.1475123e+04
  2.1481539e+04
  2.1487957e+04
  2.1494373e+04
  2.1500791e+04
  2.1507207e+04
  2.1513623e+04
  2.1520039e+04
  2.1526455e+04
  2.1532871e+04
  2.1539289e+04
  2.1545705e+04
  2.1552121e+04
  2.1558539e+04
  2.1564955e+04
  2.1571373e+04
  2.1577789e+04
  2.1584205e+04
  2.1590623e+04
  2.1597039e+04
  2.1603455e+04
  2.1609871e+04
  2.1616287e+04
  2.1622705e+04
  2.1629121e+04
  2.1635537e+04
  2.1641955e+04
  2.1648371e+04
  2.1654787e+04
  2.1661205e+04
  2.1667621e+04
  2.1674039e+04
  2.1680455e+04
  2.1686871e+04
  2.1693287e+04
  2.1699703e+04
  2.1706121e+04
  2.1712537e+04
  2.1718953e+04
  2.1725371e+04
  2.1731787e+04
  2.1738203e+04
  2.1744621e+04
  2.1751037e+04
  2.1757453e+04
  2.1763871e+04
  2.1770287e+04
  2.1776703e+04
  2.1783119e+04
  2.1789535e+04
  2.1795953e+04
  2.1802369e+04
  2.1808787e+04
  2.1815203e+04
  2.1821619e+04
  2.1828037e+04
  2.1834453e+04
  2.1840869e+04
  2.1847287e+04
  2.1853703e+04
  2.1860119e+04
  2.1866535e+04
  2.1872951e+04
  2.1879369e+04
  2.1885785e+04
  2.1892201e+04
  2.1898619e+04
  2.1905035e+04
  2.1911453e+04
  2.1917869e+04
  2.1924285e+04
  2.1930703e+04
  2.1937119e+04
  2.1943535e+04
  2.1949951e+04
  2.1956367e+04
  2.1962783e+04
  2.1969201e+04
  2.1975617e+04
  2.1982035e+04
  2.1988451e+04
  2.1994867e+04
  2.2001285e+04
  2.2007701e+04
  2.2014119e+04
  2.2020535e+04
  2.2026951e+04
  2.2033367e+04
  2.2039783e+04
  2.2046199e+04
  2.2052617e+04
  2.2059033e+04
  2.2065449e+04
  2.2071867e+04
  2.2078283e+04
  2.2084701e+04
  2.2091117e+04
  2.2097533e+04
  2.2103951e+04
  2.2110367e+04
  2.2116783e+04
  2.2123199e+04
  2.2129615e+04
  2.2136033e+04
  2.2142449e+04
  2.2148865e+04
  2.2155283e+04
  2.2161699e+04
  2.2168115e+04
  2.2174533e+04
  2.2180949e+04
  2.2187367e+04
  2.2193783e+04
  2.2200199e+04
  2.2206615e+04
  2.2213031e+04
  2.2219449e+04
  2.2225865e+04
  2.2232281e+04
  2.2238699e+04
  2.2245115e+04
  2.2251531e+04
  2.2257949e+04
  2.2264365e+04
  2.2270781e+04
  2.2277199e+04
  2.2283615e+04
  2.2290031e+04
  2.2296447e+04
  2.2302863e+04
  2.2309281e+04
  2.2315697e+04
  2.2322115e+04
  2.2328531e+04
  2.2334947e+04
  2.2341365e+04
  2.2347781e+04
  2.2354197e+04
  2.2360615e+04
  2.2367031e+04
  2.2373447e+04
  2.2379863e+04
  2.2386279e+04
  2.2392697e+04
  2.2399113e+04
  2.2405529e+04
  2.2411947e+04
  2.2418363e+04
  2.2424781e+04
  2.2431197e+04
  2.2437613e+04
  2.2444031e+04
  2.2450447e+04
  2.2456863e+04
  2.2463279e+04
  2.2469695e+04
  2.2476111e+04
  2.2482529e+04
  2.2488945e+04
  2.2495363e+04
  2.2501779e+04
  2.2508195e+04
  2.2514613e+04
  2.2521029e+04
  2.2527447e+04
  2.2533863e+04
  2.2540279e+04
  2.2546695e+04
  2.2553111e+04
  2.2559527e+04
  2.2565945e+04
  2.2572361e+04
  2.2578777e+04
  2.2585195e+04
  2.2591611e+04
  2.2598029e+04
  2.2604445e+04
  2.2610861e+04
  2.2617279e+04
  2.2623695e+04
  2.2630111e+04
  2.2636527e+04
  2.2642943e+04
  2.2649361e+04
  2.2655777e+04
  2.2662193e+04
  2.2668611e+04
  2.2675027e+04
  2.2681443e+04
  2.2687861e+04
  2.2694277e+04
  2.2700695e+04
  2.2707111e+04
  2.2713527e+04
  2.2719943e+04
  2.2726359e+04
  2.2732777e+04
  2.2739193e+04
  2.2745609e+04
  2.2752027e+04
  2.2758443e+04
  2.2764859e+04
  2.2771277e+04
  2.2777693e+04
  2.2784109e+04
  2.2790527e+04
  2.2796943e+04
  2.2803359e+04
  2.2809775e+04
  2.2816191e+04
  2.2822609e+04
  2.2829025e+04
  2.2835443e+04
  2.2841859e+04
  2.2848275e+04
  2.2854693e+04
  2.2861109e+04
  2.2867525e+04
  2.2873943e+04
  2.2880359e+04
  2.2886773e+04
  2.2893191e+04
  2.2899607e+04
  2.2906025e+04
  2.2912441e+04
  2.2918857e+04
  2.2925275e+04
  2.2931691e+04
  2.2938109e+04
  2.2944525e+04
  2.2950941e+04
  2.2957359e+04
  2.2963773e+04
  2.2970189e+04
  2.2976607e+04
  2.2983023e+04
  2.2989439e+04
  2.2995857e+04
  2.3002273e+04
  2.3008691e+04
  2.3015107e+04
  2.3021523e+04
  2.3027941e+04
  2.3034357e+04
  2.3040773e+04
  2.3047189e+04
  2.3053605e+04
  2.3060023e+04
  2.3066439e+04
  2.3072855e+04
  2.3079273e+04
  2.3085689e+04
  2.3092105e+04
  2.3098523e+04
  2.3104939e+04
  2.3111357e+04
  2.3117773e+04
  2.3124189e+04
  2.3130605e+04
  2.3137021e+04
  2.3143439e+04
  2.3149855e+04
  2.3156271e+04
  2.3162689e+04
  2.3169105e+04
  2.3175521e+04
  2.3181939e+04
  2.3188355e+04
  2.3194771e+04
  2.3201189e+04
  2.3207605e+04
  2.3214021e+04
  2.3220438e+04
  2.3226854e+04
  2.3233271e+04
  2.3239688e+04
  2.3246105e+04
  2.3252521e+04
  2.3258938e+04
  2.3265355e+04
  2.3271771e+04
  2.3278188e+04
  2.3284605e+04
  2.3291021e+04
  2.3297438e+04
  2.3303854e+04
  2.3310270e+04
  2.3316688e+04
  2.3323104e+04
  2.3329520e+04
  2.3335938e+04
  2.3342354e+04
  2.3348771e+04
  2.3355188e+04
  2.3361604e+04
  2.3368021e+04
  2.3374438e+04
  2.3380854e+04
  2.3387270e+04
  2.3393686e+04
  2.3400102e+04
  2.3406520e+04
  2.3412936e+04
  2.3419354e+04
  2.3425770e+04
  2.3432186e+04
  2.3438604e+04
  2.3445020e+04
  2.3451438e+04
  2.3457854e+04
  2.3464270e+04
  2.3470686e+04
  2.3477102e+04
  2.3483518e+04
  2.3489936e+04
  2.3496352e+04
  2.3502768e+04
  2.3509186e+04
  2.3515602e+04
  2.3522020e+04
  2.3528436e+04
  2.3534852e+04
  2.3541270e+04
  2.3547686e+04
  2.3554102e+04
  2.3560518e+04
  2.3566934e+04
  2.3573352e+04
  2.3579768e+04
  2.3586184e+04
  2.3592602e+04
  2.3599018e+04
  2.3605434e+04
  2.3611852e+04
  2.3618268e+04
  2.3624686e+04
  2.3631102e+04
  2.3637518e+04
  2.3643934e+04
  2.3650350e+04
  2.3656768e+04
  2.3663184e+04
  2.3669600e+04
  2.3676018e+04
  2.3682434e+04
  2.3688850e+04
  2.3695268e+04
  2.3701684e+04
  2.3708100e+04
  2.3714518e+04
  2.3720934e+04
  2.3727350e+04
  2.3733766e+04
  2.3740182e+04
  2.3746600e+04
  2.3753016e+04
  2.3759434e+04
  2.3765850e+04
  2.3772266e+04
  2.3778684e+04
  2.3785100e+04
  2.3791516e+04
  2.3797934e+04
  2.3804350e+04
  2.3810766e+04
  2.3817182e+04
  2.3823598e+04
  2.3830016e+04
  2.3836432e+04
  2.3842848e+04
  2.3849266e+04
  2.3855682e+04
  2.3862100e+04
  2.3868516e+04
  2.3874932e+04
  2.3881350e+04
  2.3887766e+04
  2.3894182e+04
  2.3900598e+04
  2.3907014e+04
  2.3913430e+04
  2.3919848e+04
  2.3926264e+04
  2.3932682e+04
  2.3939098e+04
  2.3945514e+04
  2.3951932e+04
  2.3958348e+04
  2.3964766e+04
  2.3971182e+04
  2.3977598e+04
  2.3984014e+04
  2.3990430e+04
  2.3996846e+04
  2.4003264e+04
  2.4009680e+04
  2.4016096e+04
  2.4022514e+04
  2.4028930e+04
  2.4035348e+04
  2.4041764e+04
  2.4048180e+04
  2.4054598e+04
  2.4061014e+04
  2.4067430e+04
  2.4073846e+04
  2.4080262e+04
  2.4086680e+04
  2.4093096e+04
  2.4099512e+04
  2.4105930e+04
  2.4112346e+04
  2.4118762e+04
  2.4125180e+04
  2.4131596e+04
  2.4138014e+04
  2.4144430e+04
  2.4150846e+04
  2.4157262e+04
  2.4163678e+04
  2.4170096e+04
  2.4176512e+04
  2.4182928e+04
  2.4189346e+04
  2.4195762e+04
  2.4202178e+04
  2.4208596e+04
  2.4215012e+04
  2.4221428e+04
  2.4227846e+04
  2.4234262e+04
  2.4240678e+04
  2.4247094e+04
  2.4253510e+04
  2.4259928e+04
  2.4266344e+04
  2.4272762e+04
  2.4279178e+04
  2.4285594e+04
  2.4292012e+04
  2.4298428e+04
  2.4304844e+04
  2.4311262e+04
  2.4317678e+04
  2.4324094e+04
  2.4330510e+04
  2.4336926e+04
  2.4343344e+04
  2.4349760e+04
  2.4356176e+04
  2.4362594e+04
  2.4369010e+04
  2.4375428e+04
  2.4381844e+04
  2.4388260e+04
  2.4394678e+04
  2.4401094e+04
  2.4407510e+04
  2.4413926e+04
  2.4420342e+04
  2.4426758e+04
  2.4433176e+04
  2.4439592e+04
  2.4446010e+04
  2.4452426e+04
  2.4458842e+04
  2.4465260e+04
  2.4471676e+04
  2.4478094e+04
  2.4484510e+04
  2.4490924e+04
  2.4497342e+04
  2.4503758e+04
  2.4510174e+04
  2.4516592e+04
  2.4523008e+04
  2.4529424e+04
  2.4535842e+04
  2.4542258e+04
  2.4548676e+04
  2.4555092e+04
  2.4561508e+04
  2.4567924e+04
  2.4574340e+04
  2.4580758e+04
  2.4587174e+04
  2.4593590e+04
  2.4600008e+04
  2.4606424e+04
  2.4612840e+04
  2.4619258e+04
  2.4625674e+04
  2.4632090e+04
  2.4638508e+04
  2.4644924e+04
  2.4651340e+04
  2.4657756e+04
  2.4664172e+04
  2.4670590e+04
  2.4677006e+04
  2.4683424e+04
  2.4689840e+04
  2.4696256e+04
  2.4702674e+04
  2.4709090e+04
  2.4715506e+04
  2.4721924e+04
  2.4728340e+04
  2.4734756e+04
  2.4741172e+04
  2.4747588e+04
  2.4754006e+04
  2.4760422e+04
  2.4766838e+04
  2.4773256e+04
  2.4779672e+04
  2.4786090e+04
  2.4792506e+04
  2.4798922e+04
  2.4805340e+04
  2.4811756e+04
  2.4818172e+04
  2.4824588e+04
  2.4831004e+04
  2.4837420e+04
  2.4843838e+04
  2.4850254e+04
  2.4856672e+04
  2.4863088e+04
  2.4869504e+04
  2.4875922e+04
  2.4882338e+04
  2.4888756e+04
  2.4895172e+04
  2.4901588e+04
  2.4908004e+04
  2.4914420e+04
  2.4920836e+04
  2.4927254e+04
  2.4933670e+04
  2.4940086e+04
  2.4946504e+04
  2.4952920e+04
  2.4959338e+04
  2.4965754e+04
  2.4972170e+04
  2.4978588e+04
  2.4985004e+04
  2.4991420e+04
  2.4997836e+04
  2.5004252e+04
  2.5010670e+04
  2.5017086e+04
  2.5023502e+04
  2.5029920e+04
  2.5036336e+04
  2.5042752e+04
  2.5049170e+04
  2.5055586e+04
  2.5062004e+04
  2.5068420e+04
  2.5074836e+04
  2.5081252e+04
  2.5087668e+04
  2.5094086e+04
  2.5100502e+04
  2.5106918e+04
  2.5113336e+04
  2.5119752e+04
  2.5126168e+04
  2.5132586e+04
  2.5139002e+04
  2.5145418e+04
  2.5151836e+04
  2.5158252e+04
  2.5164668e+04
  2.5171084e+04
  2.5177500e+04
  2.5183918e+04
  2.5190334e+04
  2.5196752e+04
  2.5203168e+04
  2.5209584e+04
  2.5216002e+04
  2.5222418e+04
  2.5228834e+04
  2.5235252e+04
  2.5241668e+04
  2.5248084e+04
  2.5254500e+04
  2.5260916e+04
  2.5267334e+04
  2.5273750e+04
  2.5280166e+04
  2.5286584e+04
  2.5293000e+04
  2.5299418e+04
  2.5305834e+04
  2.5312250e+04
  2.5318668e+04
  2.5325084e+04
  2.5331500e+04
  2.5337916e+04
  2.5344332e+04
  2.5350748e+04
  2.5357166e+04
  2.5363582e+04
  2.5370000e+04
  2.5376416e+04
  2.5382832e+04
  2.5389250e+04
  2.5395666e+04
  2.5402084e+04
  2.5408500e+04
  2.5414916e+04
  2.5421332e+04
  2.5427748e+04
  2.5434164e+04
  2.5440582e+04
  2.5446998e+04
  2.5453414e+04
  2.5459832e+04
  2.5466248e+04
  2.5472666e+04
  2.5479082e+04
  2.5485498e+04
  2.5491916e+04
  2.5498332e+04
  2.5504748e+04
  2.5511164e+04
  2.5517580e+04
  2.5523998e+04
  2.5530414e+04
  2.5536830e+04
  2.5543248e+04
  2.5549664e+04
  2.5556080e+04
  2.5562498e+04
  2.5568914e+04
  2.5575332e+04
  2.5581748e+04
  2.5588164e+04
  2.5594580e+04
  2.5600996e+04
  2.5607414e+04
  2.5613830e+04
  2.5620246e+04
  2.5626664e+04
  2.5633080e+04
  2.5639496e+04
  2.5645914e+04
  2.5652330e+04
  2.5658746e+04
  2.5665164e+04
  2.5671580e+04
  2.5677996e+04
  2.5684412e+04
  2.5690828e+04
  2.5697246e+04
  2.5703662e+04
  2.5710080e+04
  2.5716496e+04
  2.5722912e+04
  2.5729330e+04
  2.5735746e+04
  2.5742162e+04
  2.5748580e+04
  2.5754996e+04
  2.5761412e+04
  2.5767828e+04
  2.5774244e+04
  2.5780662e+04
  2.5787078e+04
  2.5793494e+04
  2.5799912e+04
  2.5806328e+04
  2.5812746e+04
  2.5819162e+04
  2.5825578e+04
  2.5831996e+04
  2.5838412e+04
  2.5844828e+04
  2.5851244e+04
  2.5857660e+04
  2.5864076e+04
  2.5870494e+04
  2.5876910e+04
  2.5883328e+04
  2.5889744e+04
  2.5896160e+04
  2.5902578e+04
  2.5908994e+04
  2.5915412e+04
  2.5921828e+04
  2.5928244e+04
  2.5934660e+04
  2.5941076e+04
  2.5947492e+04
  2.5953910e+04
  2.5960326e+04
  2.5966742e+04
  2.5973160e+04
  2.5979576e+04
  2.5985994e+04
  2.5992410e+04
  2.5998826e+04
  2.6005244e+04
  2.6011660e+04
  2.6018076e+04
  2.6024492e+04
  2.6030908e+04
  2.6037326e+04
  2.6043742e+04
  2.6050158e+04
  2.6056576e+04
  2.6062992e+04
  2.6069408e+04
  2.6075826e+04
  2.6082242e+04
  2.6088660e+04
  2.6095076e+04
  2.6101490e+04
  2.6107908e+04
  2.6114324e+04
  2.6120742e+04
  2.6127158e+04
  2.6133574e+04
  2.6139992e+04
  2.6146408e+04
  2.6152824e+04
  2.6159242e+04
  2.6165658e+04
  2.6172074e+04
  2.6178490e+04
  2.6184906e+04
  2.6191324e+04
  2.6197740e+04
  2.6204156e+04
  2.6210574e+04
  2.6216990e+04
  2.6223408e+04
  2.6229824e+04
  2.6236240e+04
  2.6242658e+04
  2.6249074e+04
  2.6255490e+04
  2.6261906e+04
  2.6268322e+04
  2.6274738e+04
  2.6281156e+04
  2.6287572e+04
  2.6293990e+04
  2.6300406e+04
  2.6306822e+04
  2.6313240e+04
  2.6319656e+04
  2.6326074e+04
  2.6332490e+04
  2.6338906e+04
  2.6345322e+04
  2.6351738e+04
  2.6358154e+04
  2.6364572e+04
  2.6370988e+04
  2.6377404e+04
  2.6383822e+04
  2.6390238e+04
  2.6396656e+04
  2.6403072e+04
  2.6409488e+04
  2.6415906e+04
  2.6422322e+04
  2.6428738e+04
  2.6435154e+04
  2.6441570e+04
  2.6447988e+04
  2.6454404e+04
  2.6460820e+04
  2.6467238e+04
  2.6473654e+04
  2.6480070e+04
  2.6486488e+04
  2.6492904e+04
  2.6499322e+04
  2.6505738e+04
  2.6512154e+04
  2.6518570e+04
  2.6524986e+04
  2.6531404e+04
  2.6537820e+04
  2.6544236e+04
  2.6550654e+04
  2.6557070e+04
  2.6563486e+04
  2.6569904e+04
  2.6576320e+04
  2.6582736e+04
  2.6589154e+04
  2.6595570e+04
  2.6601986e+04
  2.6608402e+04
  2.6614818e+04
  2.6621236e+04
  2.6627652e+04
  2.6634070e+04
  2.6640486e+04
  2.6646902e+04
  2.6653320e+04
  2.6659736e+04
  2.6666152e+04
  2.6672570e+04
  2.6678986e+04
  2.6685402e+04
  2.6691818e+04
  2.6698234e+04
  2.6704652e+04
  2.6711068e+04
  2.6717484e+04
  2.6723902e+04
  2.6730318e+04
  2.6736736e+04
  2.6743152e+04
  2.6749568e+04
  2.6755986e+04
  2.6762402e+04
  2.6768818e+04
  2.6775234e+04
  2.6781650e+04
  2.6788066e+04
  2.6794484e+04
  2.6800900e+04
  2.6807318e+04
  2.6813734e+04
  2.6820150e+04
  2.6826568e+04
  2.6832984e+04
  2.6839402e+04
  2.6845818e+04
  2.6852234e+04
  2.6858650e+04
  2.6865066e+04
  2.6871482e+04
  2.6877900e+04
  2.6884316e+04
  2.6890732e+04
  2.6897150e+04
  2.6903566e+04
  2.6909984e+04
  2.6916400e+04
  2.6922816e+04
  2.6929234e+04
  2.6935650e+04
  2.6942066e+04
  2.6948482e+04
  2.6954898e+04
  2.6961316e+04
  2.6967732e+04
  2.6974148e+04
  2.6980566e+04
  2.6986982e+04
  2.6993398e+04
  2.6999816e+04
  2.7006232e+04
  2.7012650e+04
  2.7019066e+04
  2.7025482e+04
  2.7031898e+04
  2.7038314e+04
  2.7044732e+04
  2.7051148e+04
  2.7057564e+04
  2.7063982e+04
  2.7070398e+04
  2.7076814e+04
  2.7083232e+04
  2.7089648e+04
  2.7096064e+04
  2.7102482e+04
  2.7108898e+04
  2.7115314e+04
  2.7121730e+04
  2.7128146e+04
  2.7134564e+04
  2.7140980e+04
  2.7147398e+04
  2.7153814e+04
  2.7160230e+04
  2.7166648e+04
  2.7173064e+04
  2.7179480e+04
  2.7185898e+04
  2.7192314e+04
  2.7198730e+04
  2.7205146e+04
  2.7211562e+04
  2.7217980e+04
  2.7224396e+04
  2.7230812e+04
  2.7237230e+04
  2.7243646e+04
  2.7250064e+04
  2.7256480e+04
  2.7262896e+04
  2.7269314e+04
  2.7275730e+04
  2.7282146e+04
  2.7288562e+04
  2.7294979e+04
  2.7301395e+04
  2.7307812e+04
  2.7314229e+04
  2.7320646e+04
  2.7327062e+04
  2.7333479e+04
  2.7339896e+04
  2.7346312e+04
  2.7352730e+04
  2.7359146e+04
  2.7365562e+04
  2.7371979e+04
  2.7378395e+04
  2.7384811e+04
  2.7391229e+04
  2.7397645e+04
  2.7404061e+04
  2.7410479e+04
  2.7416895e+04
  2.7423312e+04
  2.7429729e+04
  2.7436145e+04
  2.7442562e+04
  2.7448979e+04
  2.7455395e+04
  2.7461811e+04
  2.7468227e+04
  2.7474645e+04
  2.7481061e+04
  2.7487477e+04
  2.7493895e+04
  2.7500311e+04
  2.7506727e+04
  2.7513145e+04
  2.7519561e+04
  2.7525979e+04
  2.7532395e+04
  2.7538811e+04
  2.7545227e+04
  2.7551643e+04
  2.7558061e+04
  2.7564477e+04
  2.7570893e+04
  2.7577311e+04
  2.7583727e+04
  2.7590143e+04
  2.7596561e+04
  2.7602977e+04
  2.7609393e+04
  2.7615811e+04
  2.7622227e+04
  2.7628643e+04
  2.7635059e+04
  2.7641475e+04
  2.7647893e+04
  2.7654309e+04
  2.7660727e+04
  2.7667143e+04
  2.7673559e+04
  2.7679977e+04
  2.7686393e+04
  2.7692809e+04
  2.7699227e+04
  2.7705641e+04
  2.7712057e+04
  2.7718475e+04
  2.7724891e+04
  2.7731309e+04
  2.7737725e+04
  2.7744141e+04
  2.7750559e+04
  2.7756975e+04
  2.7763393e+04
  2.7769809e+04
  2.7776225e+04
  2.7782641e+04
  2.7789057e+04
  2.7795473e+04
  2.7801891e+04
  2.7808307e+04
  2.7814723e+04
  2.7821141e+04
  2.7827557e+04
  2.7833975e+04
  2.7840391e+04
  2.7846807e+04
  2.7853225e+04
  2.7859641e+04
  2.7866057e+04
  2.7872473e+04
  2.7878889e+04
  2.7885307e+04
  2.7891723e+04
  2.7898139e+04
  2.7904557e+04
  2.7910973e+04
  2.7917389e+04
  2.7923807e+04
  2.7930223e+04
  2.7936641e+04
  2.7943057e+04
  2.7949473e+04
  2.7955889e+04
  2.7962305e+04
  2.7968723e+04
  2.7975139e+04
  2.7981555e+04
  2.7987973e+04
  2.7994389e+04
  2.8000805e+04
  2.8007223e+04
  2.8013639e+04
  2.8020055e+04
  2.8026473e+04
  2.8032889e+04
  2.8039305e+04
  2.8045721e+04
  2.8052137e+04
  2.8058555e+04
  2.8064971e+04
  2.8071389e+04
  2.8077805e+04
  2.8084221e+04
  2.8090639e+04
  2.8097053e+04
  2.8103473e+04
  2.8109889e+04
  2.8116305e+04
  2.8122721e+04
  2.8129137e+04
  2.8135555e+04
  2.8141971e+04
  2.8148387e+04
  2.8154803e+04
  2.8161219e+04
  2.8167639e+04
  2.8174055e+04
  2.8180471e+04
  2.8186887e+04
  2.8193303e+04
  2.8199721e+04
  2.8206137e+04
  2.8212553e+04
  2.8218969e+04
  2.8225385e+04
  2.8231801e+04
  2.8238221e+04
  2.8244637e+04
  2.8251053e+04
  2.8257469e+04
  2.8263885e+04
  2.8270305e+04
  2.8276721e+04
  2.8283137e+04
  2.8289553e+04
  2.8295969e+04
  2.8302385e+04
  2.8308803e+04
  2.8315219e+04
  2.8321635e+04
  2.8328051e+04
  2.8334467e+04
  2.8340887e+04
  2.8347303e+04
  2.8353719e+04
  2.8360135e+04
  2.8366551e+04
  2.8372969e+04
  2.8379385e+04
  2.8385801e+04
  2.8392217e+04
  2.8398633e+04
  2.8405053e+04
  2.8411469e+04
  2.8417885e+04
  2.8424301e+04
  2.8430717e+04
  2.8437133e+04
  2.8443553e+04
  2.8449969e+04
  2.8456385e+04
  2.8462801e+04
  2.8469217e+04
  2.8475635e+04
  2.8482051e+04
  2.8488467e+04
  2.8494883e+04
  2.8501299e+04
  2.8507715e+04
  2.8514135e+04
  2.8520551e+04
  2.8526967e+04
  2.8533383e+04
  2.8539799e+04
  2.8546217e+04
  2.8552633e+04
  2.8559049e+04
  2.8565465e+04
  2.8571881e+04
  2.8578301e+04
  2.8584717e+04
  2.8591133e+04
  2.8597549e+04
  2.8603965e+04
  2.8610385e+04
  2.8616801e+04
  2.8623217e+04
  2.8629633e+04
  2.8636049e+04
  2.8642465e+04
  2.8648883e+04
  2.8655299e+04
  2.8661715e+04
  2.8668131e+04
  2.8674547e+04
  2.8680967e+04
  2.8687383e+04
  2.8693799e+04
  2.8700215e+04
  2.8706631e+04
  2.8713047e+04
  2.8719465e+04
  2.8725881e+04
  2.8732297e+04
  2.8738713e+04
  2.8745129e+04
  2.8751549e+04
  2.8757965e+04
  2.8764381e+04
  2.8770797e+04
  2.8777213e+04
  2.8783633e+04
  2.8790049e+04
  2.8796465e+04
  2.8802881e+04
  2.8809297e+04
  2.8815715e+04
  2.8822131e+04
  2.8828547e+04
  2.8834963e+04
  2.8841379e+04
  2.8847795e+04
  2.8854215e+04
  2.8860631e+04
  2.8867047e+04
  2.8873463e+04
  2.8879879e+04
  2.8886297e+04
  2.8892713e+04
  2.8899129e+04
  2.8905545e+04
  2.8911961e+04
  2.8918377e+04
  2.8924797e+04
  2.8931213e+04
  2.8937629e+04
  2.8944045e+04
  2.8950461e+04
  2.8956881e+04
  2.8963297e+04
  2.8969713e+04
  2.8976129e+04
  2.8982545e+04
  2.8988963e+04
  2.8995379e+04
  2.9001795e+04
  2.9008211e+04
  2.9014627e+04
  2.9021047e+04
  2.9027463e+04
  2.9033879e+04
  2.9040295e+04
  2.9046711e+04
  2.9053127e+04
  2.9059545e+04
  2.9065961e+04
  2.9072377e+04
  2.9078793e+04
  2.9085209e+04
  2.9091629e+04
  2.9098045e+04
  2.9104461e+04
  2.9110877e+04
  2.9117293e+04
  2.9123709e+04
  2.9130129e+04
  2.9136545e+04
  2.9142961e+04
  2.9149377e+04
  2.9155793e+04
  2.9162211e+04
  2.9168627e+04
  2.9175043e+04
  2.9181459e+04
  2.9187875e+04
  2.9194295e+04
  2.9200711e+04
  2.9207127e+04
  2.9213543e+04
  2.9219959e+04
  2.9226377e+04
  2.9232793e+04
  2.9239209e+04
  2.9245625e+04
  2.9252041e+04
  2.9258457e+04
  2.9264877e+04
  2.9271293e+04
  2.9277709e+04
  2.9284125e+04
  2.9290541e+04
  2.9296961e+04
  2.9303377e+04
  2.9309793e+04
  2.9316207e+04
  2.9322623e+04
  2.9329039e+04
  2.9335459e+04
  2.9341875e+04
  2.9348291e+04
  2.9354707e+04
  2.9361123e+04
  2.9367543e+04
  2.9373959e+04
  2.9380375e+04
  2.9386791e+04
  2.9393207e+04
  2.9399625e+04
  2.9406041e+04
  2.9412457e+04
  2.9418873e+04
  2.9425289e+04
  2.9431709e+04
  2.9438125e+04
  2.9444541e+04
  2.9450957e+04
  2.9457373e+04
  2.9463789e+04
  2.9470207e+04
  2.9476623e+04
  2.9483039e+04
  2.9489455e+04
  2.9495871e+04
  2.9502291e+04
  2.9508707e+04
  2.9515123e+04
  2.9521539e+04
  2.9527955e+04
  2.9534371e+04
  2.9540791e+04
  2.9547207e+04
  2.9553623e+04
  2.9560039e+04
  2.9566455e+04
  2.9572873e+04
  2.9579289e+04
  2.9585705e+04
  2.9592121e+04
  2.9598537e+04
  2.9604957e+04
  2.9611373e+04
  2.9617789e+04
  2.9624205e+04
  2.9630621e+04
  2.9637039e+04
  2.9643455e+04
  2.9649871e+04
  2.9656287e+04
  2.9662703e+04
  2.9669119e+04
  2.9675539e+04
  2.9681955e+04
  2.9688371e+04
  2.9694787e+04
  2.9701203e+04
  2.9707623e+04
  2.9714039e+04
  2.9720455e+04
  2.9726871e+04
  2.9733287e+04
  2.9739703e+04
  2.9746121e+04
  2.9752537e+04
  2.9758953e+04
  2.9765369e+04
  2.9771785e+04
  2.9778205e+04
  2.9784621e+04
  2.9791037e+04
  2.9797453e+04
  2.9803869e+04
  2.9810287e+04
  2.9816703e+04
  2.9823119e+04
  2.9829535e+04
  2.9835951e+04
  2.9842371e+04
  2.9848787e+04
  2.9855203e+04
  2.9861619e+04
  2.9868035e+04
  2.9874451e+04
  2.9880871e+04
  2.9887287e+04
  2.9893703e+04
  2.9900119e+04
  2.9906535e+04
  2.9912953e+04
  2.9919369e+04
  2.9925785e+04
  2.9932201e+04
  2.9938617e+04
  2.9945033e+04
  2.9951453e+04
  2.9957869e+04
  2.9964285e+04
  2.9970701e+04
  2.9977117e+04
  2.9983535e+04
  2.9989951e+04
  2.9996367e+04
  3.0002783e+04
  3.0009199e+04
  3.0015619e+04
  3.0022035e+04
  3.0028451e+04
  3.0034867e+04
  3.0041283e+04
  3.0047703e+04
  3.0054119e+04
  3.0060535e+04
  3.0066951e+04
  3.0073367e+04
  3.0079783e+04
  3.0086201e+04
  3.0092617e+04
  3.0099033e+04
  3.0105449e+04
  3.0111865e+04
  3.0118285e+04
  3.0124701e+04
  3.0131117e+04
  3.0137533e+04
  3.0143949e+04
  3.0150365e+04
  3.0156783e+04
  3.0163199e+04
  3.0169615e+04
  3.0176031e+04
  3.0182447e+04
  3.0188867e+04
  3.0195283e+04
  3.0201699e+04
  3.0208115e+04
  3.0214531e+04
  3.0220951e+04
  3.0227367e+04
  3.0233783e+04
  3.0240199e+04
  3.0246615e+04
  3.0253033e+04
  3.0259449e+04
  3.0265865e+04
  3.0272281e+04
  3.0278697e+04
  3.0285113e+04
  3.0291533e+04
  3.0297949e+04
  3.0304365e+04
  3.0310781e+04
  3.0317197e+04
  3.0323615e+04
  3.0330031e+04
  3.0336447e+04
  3.0342863e+04
  3.0349279e+04
  3.0355695e+04
  3.0362115e+04
  3.0368531e+04
  3.0374947e+04
  3.0381363e+04
  3.0387779e+04
  3.0394199e+04
  3.0400615e+04
  3.0407031e+04
  3.0413447e+04
  3.0419863e+04
  3.0426281e+04
  3.0432697e+04
  3.0439113e+04
  3.0445529e+04
  3.0451945e+04
  3.0458365e+04
  3.0464781e+04
  3.0471197e+04
  3.0477613e+04
  3.0484029e+04
  3.0490445e+04
  3.0496863e+04
  3.0503279e+04
  3.0509695e+04
  3.0516111e+04
  3.0522527e+04
  3.0528947e+04
  3.0535363e+04
  3.0541779e+04
  3.0548195e+04
  3.0554611e+04
  3.0561027e+04
  3.0567447e+04
  3.0573863e+04
  3.0580279e+04
  3.0586695e+04
  3.0593111e+04
  3.0599529e+04
  3.0605945e+04
  3.0612361e+04
  3.0618777e+04
  3.0625193e+04
  3.0631613e+04
  3.0638029e+04
  3.0644445e+04
  3.0650861e+04
  3.0657277e+04
  3.0663695e+04
  3.0670111e+04
  3.0676527e+04
  3.0682943e+04
  3.0689359e+04
  3.0695775e+04
  3.0702195e+04
  3.0708611e+04
  3.0715027e+04
  3.0721443e+04
  3.0727859e+04
  3.0734279e+04
  3.0740695e+04
  3.0747111e+04
  3.0753527e+04
  3.0759943e+04
  3.0766359e+04
  3.0772777e+04
  3.0779193e+04
  3.0785609e+04
  3.0792025e+04
  3.0798441e+04
  3.0804861e+04
  3.0811277e+04
  3.0817693e+04
  3.0824109e+04
  3.0830525e+04
  3.0836943e+04
  3.0843359e+04
  3.0849775e+04
  3.0856191e+04
  3.0862607e+04
  3.0869027e+04
  3.0875443e+04
  3.0881859e+04
  3.0888275e+04
  3.0894691e+04
  3.0901107e+04
  3.0907527e+04
  3.0913943e+04
  3.0920359e+04
  3.0926773e+04
  3.0933189e+04
  3.0939609e+04
  3.0946025e+04
  3.0952441e+04
  3.0958857e+04
  3.0965273e+04
  3.0971689e+04
  3.0978109e+04
  3.0984525e+04
  3.0990941e+04
  3.0997357e+04
  3.1003773e+04
  3.1010191e+04
  3.1016607e+04
  3.1023023e+04
  3.1029439e+04
  3.1035855e+04
  3.1042275e+04
  3.1048691e+04
  3.1055107e+04
  3.1061523e+04
  3.1067939e+04
  3.1074359e+04
  3.1080773e+04
  3.1087189e+04
  3.1093605e+04
  3.1100021e+04
  3.1106438e+04
  3.1112857e+04
  3.1119273e+04
  3.1125689e+04
  3.1132105e+04
  3.1138521e+04
  3.1144941e+04
  3.1151357e+04
  3.1157773e+04
  3.1164189e+04
  3.1170605e+04
  3.1177021e+04
  3.1183439e+04
  3.1189855e+04
  3.1196271e+04
  3.1202688e+04
  3.1209104e+04
  3.1215523e+04
  3.1221939e+04
  3.1228355e+04
  3.1234771e+04
  3.1241188e+04
  3.1247605e+04
  3.1254021e+04
  3.1260438e+04
  3.1266854e+04
  3.1273270e+04
  3.1279689e+04
  3.1286105e+04
  3.1292521e+04
  3.1298938e+04
  3.1305354e+04
  3.1311770e+04
  3.1318189e+04
  3.1324605e+04
  3.1331021e+04
  3.1337438e+04
  3.1343854e+04
  3.1350271e+04
  3.1356688e+04
  3.1363104e+04
  3.1369520e+04
  3.1375936e+04
  3.1382352e+04
  3.1388771e+04
  3.1395188e+04
  3.1401604e+04
  3.1408020e+04
  3.1414436e+04
  3.1420854e+04
  3.1427270e+04
  3.1433686e+04
  3.1440102e+04
  3.1446518e+04
  3.1452938e+04
  3.1459354e+04
  3.1465770e+04
  3.1472186e+04
  3.1478602e+04
  3.1485021e+04
  3.1491438e+04
  3.1497854e+04
  3.1504270e+04
  3.1510686e+04
  3.1517102e+04
  3.1523520e+04
  3.1529936e+04
  3.1536352e+04
  3.1542768e+04
  3.1549184e+04
  3.1555604e+04
  3.1562020e+04
  3.1568436e+04
  3.1574852e+04
  3.1581268e+04
  3.1587684e+04
  3.1594102e+04
  3.1600518e+04
  3.1606934e+04
  3.1613350e+04
  3.1619766e+04
  3.1626186e+04
  3.1632602e+04
  3.1639018e+04
  3.1645434e+04
  3.1651850e+04
  3.1658270e+04
  3.1664686e+04
  3.1671102e+04
  3.1677518e+04
  3.1683934e+04
  3.1690352e+04
  3.1696768e+04
  3.1703184e+04
  3.1709600e+04
  3.1716016e+04
  3.1722432e+04
  3.1728852e+04
  3.1735268e+04
  3.1741684e+04
  3.1748100e+04
  3.1754516e+04
  3.1760934e+04
  3.1767350e+04
  3.1773766e+04
  3.1780182e+04
  3.1786598e+04
  3.1793014e+04
  3.1799434e+04
  3.1805850e+04
  3.1812266e+04
  3.1818682e+04
  3.1825098e+04
  3.1831518e+04
  3.1837934e+04
  3.1844350e+04
  3.1850766e+04
  3.1857182e+04
  3.1863600e+04
  3.1870016e+04
  3.1876432e+04
  3.1882848e+04
  3.1889264e+04
  3.1895684e+04
  3.1902100e+04
  3.1908516e+04
  3.1914932e+04
  3.1921348e+04
  3.1927764e+04
  3.1934182e+04
  3.1940598e+04
  3.1947014e+04
  3.1953430e+04
  3.1959846e+04
  3.1966266e+04
  3.1972682e+04
  3.1979098e+04
  3.1985514e+04
  3.1991930e+04
  3.1998346e+04
  3.2004766e+04
  3.2011182e+04
  3.2017598e+04
  3.2024014e+04
  3.2030430e+04
  3.2036848e+04
  3.2043264e+04
  3.2049680e+04
  3.2056096e+04
  3.2062512e+04
  3.2068932e+04
  3.2075348e+04
  3.2081764e+04
  3.2088180e+04
  3.2094596e+04
  3.2101014e+04
  3.2107430e+04
  3.2113846e+04
  3.2120262e+04
  3.2126678e+04
  3.2133094e+04
  3.2139514e+04
  3.2145930e+04
  3.2152346e+04
  3.2158762e+04
  3.2165178e+04
  3.2171598e+04
  3.2178014e+04
  3.2184430e+04
  3.2190846e+04
  3.2197262e+04
  3.2203678e+04
  3.2210096e+04
  3.2216512e+04
  3.2222928e+04
  3.2229344e+04
  3.2235760e+04
  3.2242180e+04
  3.2248596e+04
  3.2255012e+04
  3.2261428e+04
  3.2267844e+04
  3.2274262e+04
  3.2280678e+04
  3.2287094e+04
  3.2293510e+04
  3.2299926e+04
  3.2306346e+04
  3.2312762e+04
  3.2319178e+04
  3.2325594e+04
  3.2332010e+04
  3.2338426e+04
  3.2344846e+04
  3.2351262e+04
  3.2357678e+04
  3.2364094e+04
  3.2370510e+04
  3.2376928e+04
  3.2383344e+04
  3.2389760e+04
  3.2396176e+04
  3.2402592e+04
  3.2409008e+04
  3.2415428e+04
  3.2421844e+04
  3.2428260e+04
  3.2434676e+04
  3.2441092e+04
  3.2447510e+04
  3.2453926e+04
  3.2460342e+04
  3.2466758e+04
  3.2473174e+04
  3.2479594e+04
  3.2486010e+04
  3.2492426e+04
  3.2498842e+04
  3.2505258e+04
  3.2511678e+04
  3.2518094e+04
  3.2524510e+04
  3.2530924e+04
  3.2537340e+04
  3.2543756e+04
  3.2550176e+04
  3.2556592e+04
  3.2563008e+04
  3.2569424e+04
  3.2575840e+04
  3.2582260e+04
  3.2588676e+04
  3.2595092e+04
  3.2601508e+04
  3.2607924e+04
  3.2614340e+04
  3.2620758e+04
  3.2627174e+04
  3.2633590e+04
  3.2640006e+04
  3.2646422e+04
  3.2652842e+04
  3.2659258e+04
  3.2665674e+04
  3.2672090e+04
  3.2678506e+04
  3.2684924e+04
  3.2691340e+04
  3.2697756e+04
  3.2704172e+04
  3.2710588e+04
  3.2717008e+04
  3.2723424e+04
  3.2729840e+04
  3.2736256e+04
  3.2742672e+04
  3.2749088e+04
  3.2755508e+04
  3.2761924e+04
  3.2768340e+04
  3.2774758e+04
  3.2781172e+04
  3.2787590e+04
  3.2794008e+04
  3.2800422e+04
  3.2806836e+04
  3.2813254e+04
  3.2819672e+04
  3.2826090e+04
  3.2832508e+04
  3.2838922e+04
  3.2845336e+04
  3.2851754e+04
  3.2858172e+04
  3.2864586e+04
  3.2871004e+04
  3.2877422e+04
  3.2883836e+04
  3.2890258e+04
  3.2896672e+04
  3.2903086e+04
  3.2909504e+04
  3.2915922e+04
  3.2922340e+04
  3.2928758e+04
  3.2935172e+04
  3.2941586e+04
  3.2948004e+04
  3.2954422e+04
  3.2960836e+04
  3.2967254e+04
  3.2973672e+04
  3.2980086e+04
  3.2986500e+04
  3.2992922e+04
  3.2999336e+04
  3.3005754e+04
  3.3012172e+04
  3.3018586e+04
  3.3025000e+04
  3.3031422e+04
  3.3037836e+04
  3.3044250e+04
  3.3050668e+04
  3.3057086e+04
  3.3063504e+04
  3.3069922e+04
  3.3076336e+04
  3.3082750e+04
  3.3089168e+04
  3.3095586e+04
  3.3102004e+04
  3.3108422e+04
  3.3114836e+04
  3.3121250e+04
  3.3127672e+04
  3.3134086e+04
  3.3140500e+04
  3.3146918e+04
  3.3153336e+04
  3.3159750e+04
  3.3166172e+04
  3.3172586e+04
  3.3179000e+04
  3.3185418e+04
  3.3191836e+04
  3.3198250e+04
  3.3204668e+04
  3.3211086e+04
  3.3217500e+04
  3.3223914e+04
  3.3230332e+04
  3.3236750e+04
  3.3243168e+04
  3.3249586e+04
  3.3256000e+04
  3.3262414e+04
  3.3268836e+04
  3.3275250e+04
  3.3281668e+04
  3.3288086e+04
  3.3294500e+04
  3.3300918e+04
  3.3307336e+04
  3.3313750e+04
  3.3320164e+04
  3.3326582e+04
  3.3333000e+04
