           2           4          10
   1.5034746967167556e-02
   4.7337402700373329e-03
  -9.0749890338326432e-04
  -4.4344745822896809e-04
  -3.5502451737217484e-04
   6.9526497431660029e-04
   3.9037473696005648e-04
   2.1843004062043752e-05
   2.3793061504644102e-04
  -1.7730068865642244e-04
  -4.6782539472992489e-03
   1.4841226806496501e-02
   1.5854894217936426e-03
  -1.6787352995491966e-03
  -1.3711757657174993e-03
   1.3805950665364268e-04
   3.9407529159948441e-05
  -7.0715944665936993e-04
   5.9923033677534467e-04
  -2.8735901671137198e-04
  -1.1486225336652268e-03
   1.0954139729180385e-04
  -1.0166546825484946e-02
  -8.2606725157021565e-03
   8.8833185606069945e-04
   3.5715188918204834e-03
   2.8204573936339277e-03
   7.3053658776191686e-03
   1.5461106742345903e-03
  -3.6750218063606727e-04
  -9.7791833291524153e-04
   1.3107401362746395e-03
  -1.0080959719865584e-02
   9.1032198756627741e-03
  -2.5001524467673838e-03
   1.7472391764121683e-03
   4.0817465129804279e-03
  -5.7427516205849150e-03
  -1.6659354326065312e-03
  -1.1978904340284949e-03
