           1         501
   1.0000000000000000e+03
   1.0220000000000000e+03
   1.0440000000000000e+03
   1.0660000000000000e+03
   1.0880000000000000e+03
   1.1100000000000000e+03
   1.1320000000000000e+03
   1.1540000000000000e+03
   1.1760000000000000e+03
   1.1980000000000000e+03
   1.2200000000000000e+03
   1.2420000000000000e+03
   1.2640000000000000e+03
   1.2860000000000000e+03
   1.3080000000000000e+03
   1.3300000000000000e+03
   1.3520000000000000e+03
   1.3740000000000000e+03
   1.3960000000000000e+03
   1.4180000000000000e+03
   1.4400000000000000e+03
   1.4620000000000000e+03
   1.4840000000000000e+03
   1.5060000000000000e+03
   1.5280000000000000e+03
   1.5500000000000000e+03
   1.5720000000000000e+03
   1.5940000000000000e+03
   1.6160000000000000e+03
   1.6380000000000000e+03
   1.6600000000000000e+03
   1.6820000000000000e+03
   1.7040000000000000e+03
   1.7260000000000000e+03
   1.7480000000000000e+03
   1.7700000000000000e+03
   1.7920000000000000e+03
   1.8140000000000000e+03
   1.8360000000000000e+03
   1.8580000000000000e+03
   1.8800000000000000e+03
   1.9020000000000000e+03
   1.9240000000000000e+03
   1.9460000000000000e+03
   1.9680000000000000e+03
   1.9900000000000000e+03
   2.0120000000000000e+03
   2.0340000000000000e+03
   2.0560000000000000e+03
   2.0780000000000000e+03
   2.1000000000000000e+03
   2.1220000000000000e+03
   2.1440000000000000e+03
   2.1660000000000000e+03
   2.1880000000000000e+03
   2.2100000000000000e+03
   2.2320000000000000e+03
   2.2540000000000000e+03
   2.2760000000000000e+03
   2.2980000000000000e+03
   2.3200000000000000e+03
   2.3420000000000000e+03
   2.3640000000000000e+03
   2.3860000000000000e+03
   2.4080000000000000e+03
   2.4300000000000000e+03
   2.4520000000000000e+03
   2.4740000000000000e+03
   2.4960000000000000e+03
   2.5180000000000000e+03
   2.5400000000000000e+03
   2.5620000000000000e+03
   2.5840000000000000e+03
   2.6060000000000000e+03
   2.6280000000000000e+03
   2.6500000000000000e+03
   2.6720000000000000e+03
   2.6940000000000000e+03
   2.7160000000000000e+03
   2.7380000000000000e+03
   2.7600000000000000e+03
   2.7820000000000000e+03
   2.8040000000000000e+03
   2.8260000000000000e+03
   2.8480000000000000e+03
   2.8700000000000000e+03
   2.8920000000000000e+03
   2.9140000000000000e+03
   2.9360000000000000e+03
   2.9580000000000000e+03
   2.9800000000000000e+03
   3.0020000000000000e+03
   3.0240000000000000e+03
   3.0460000000000000e+03
   3.0680000000000000e+03
   3.0900000000000000e+03
   3.1120000000000000e+03
   3.1340000000000000e+03
   3.1560000000000000e+03
   3.1780000000000000e+03
   3.2000000000000000e+03
   3.2220000000000000e+03
   3.2440000000000000e+03
   3.2660000000000000e+03
   3.2880000000000000e+03
   3.3100000000000000e+03
   3.3320000000000000e+03
   3.3540000000000000e+03
   3.3760000000000000e+03
   3.3980000000000000e+03
   3.4200000000000000e+03
   3.4420000000000000e+03
   3.4640000000000000e+03
   3.4860000000000000e+03
   3.5080000000000000e+03
   3.5300000000000000e+03
   3.5520000000000000e+03
   3.5740000000000000e+03
   3.5960000000000000e+03
   3.6180000000000000e+03
   3.6400000000000000e+03
   3.6620000000000000e+03
   3.6840000000000000e+03
   3.7060000000000000e+03
   3.7280000000000000e+03
   3.7500000000000000e+03
   3.7720000000000000e+03
   3.7940000000000000e+03
   3.8160000000000000e+03
   3.8380000000000000e+03
   3.8600000000000000e+03
   3.8820000000000000e+03
   3.9040000000000000e+03
   3.9260000000000000e+03
   3.9480000000000000e+03
   3.9700000000000000e+03
   3.9920000000000000e+03
   4.0140000000000000e+03
   4.0360000000000000e+03
   4.0580000000000000e+03
   4.0800000000000000e+03
   4.1020000000000000e+03
   4.1240000000000000e+03
   4.1460000000000000e+03
   4.1680000000000000e+03
   4.1900000000000000e+03
   4.2120000000000000e+03
   4.2340000000000000e+03
   4.2560000000000000e+03
   4.2780000000000000e+03
   4.3000000000000000e+03
   4.3220000000000000e+03
   4.3440000000000000e+03
   4.3660000000000000e+03
   4.3880000000000000e+03
   4.4100000000000000e+03
   4.4320000000000000e+03
   4.4540000000000000e+03
   4.4760000000000000e+03
   4.4980000000000000e+03
   4.5200000000000000e+03
   4.5420000000000000e+03
   4.5640000000000000e+03
   4.5860000000000000e+03
   4.6080000000000000e+03
   4.6300000000000000e+03
   4.6520000000000000e+03
   4.6740000000000000e+03
   4.6960000000000000e+03
   4.7180000000000000e+03
   4.7400000000000000e+03
   4.7620000000000000e+03
   4.7840000000000000e+03
   4.8060000000000000e+03
   4.8280000000000000e+03
   4.8500000000000000e+03
   4.8720000000000000e+03
   4.8940000000000000e+03
   4.9160000000000000e+03
   4.9380000000000000e+03
   4.9600000000000000e+03
   4.9820000000000000e+03
   5.0040000000000000e+03
   5.0260000000000000e+03
   5.0480000000000000e+03
   5.0700000000000000e+03
   5.0920000000000000e+03
   5.1140000000000000e+03
   5.1360000000000000e+03
   5.1580000000000000e+03
   5.1800000000000000e+03
   5.2020000000000000e+03
   5.2240000000000000e+03
   5.2460000000000000e+03
   5.2680000000000000e+03
   5.2900000000000000e+03
   5.3120000000000000e+03
   5.3340000000000000e+03
   5.3560000000000000e+03
   5.3780000000000000e+03
   5.4000000000000000e+03
   5.4220000000000000e+03
   5.4440000000000000e+03
   5.4660000000000000e+03
   5.4880000000000000e+03
   5.5100000000000000e+03
   5.5320000000000000e+03
   5.5540000000000000e+03
   5.5760000000000000e+03
   5.5980000000000000e+03
   5.6200000000000000e+03
   5.6420000000000000e+03
   5.6640000000000000e+03
   5.6860000000000000e+03
   5.7080000000000000e+03
   5.7300000000000000e+03
   5.7520000000000000e+03
   5.7740000000000000e+03
   5.7960000000000000e+03
   5.8180000000000000e+03
   5.8400000000000000e+03
   5.8620000000000000e+03
   5.8840000000000000e+03
   5.9060000000000000e+03
   5.9280000000000000e+03
   5.9500000000000000e+03
   5.9720000000000000e+03
   5.9940000000000000e+03
   6.0160000000000000e+03
   6.0380000000000000e+03
   6.0600000000000000e+03
   6.0820000000000000e+03
   6.1040000000000000e+03
   6.1260000000000000e+03
   6.1480000000000000e+03
   6.1700000000000000e+03
   6.1920000000000000e+03
   6.2140000000000000e+03
   6.2360000000000000e+03
   6.2580000000000000e+03
   6.2800000000000000e+03
   6.3020000000000000e+03
   6.3240000000000000e+03
   6.3460000000000000e+03
   6.3680000000000000e+03
   6.3900000000000000e+03
   6.4120000000000000e+03
   6.4340000000000000e+03
   6.4560000000000000e+03
   6.4780000000000000e+03
   6.5000000000000000e+03
   6.5220000000000000e+03
   6.5440000000000000e+03
   6.5660000000000000e+03
   6.5880000000000000e+03
   6.6100000000000000e+03
   6.6320000000000000e+03
   6.6540000000000000e+03
   6.6760000000000000e+03
   6.6980000000000000e+03
   6.7200000000000000e+03
   6.7420000000000000e+03
   6.7640000000000000e+03
   6.7860000000000000e+03
   6.8080000000000000e+03
   6.8300000000000000e+03
   6.8520000000000000e+03
   6.8740000000000000e+03
   6.8960000000000000e+03
   6.9180000000000000e+03
   6.9400000000000000e+03
   6.9620000000000000e+03
   6.9840000000000000e+03
   7.0060000000000000e+03
   7.0280000000000000e+03
   7.0500000000000000e+03
   7.0720000000000000e+03
   7.0940000000000000e+03
   7.1160000000000000e+03
   7.1380000000000000e+03
   7.1600000000000000e+03
   7.1820000000000000e+03
   7.2040000000000000e+03
   7.2260000000000000e+03
   7.2480000000000000e+03
   7.2700000000000000e+03
   7.2920000000000000e+03
   7.3140000000000000e+03
   7.3360000000000000e+03
   7.3580000000000000e+03
   7.3800000000000000e+03
   7.4020000000000000e+03
   7.4240000000000000e+03
   7.4460000000000000e+03
   7.4680000000000000e+03
   7.4900000000000000e+03
   7.5120000000000000e+03
   7.5340000000000000e+03
   7.5560000000000000e+03
   7.5780000000000000e+03
   7.6000000000000000e+03
   7.6220000000000000e+03
   7.6440000000000000e+03
   7.6660000000000000e+03
   7.6880000000000000e+03
   7.7100000000000000e+03
   7.7320000000000000e+03
   7.7540000000000000e+03
   7.7760000000000000e+03
   7.7980000000000000e+03
   7.8200000000000000e+03
   7.8420000000000000e+03
   7.8640000000000000e+03
   7.8860000000000000e+03
   7.9080000000000000e+03
   7.9300000000000000e+03
   7.9520000000000000e+03
   7.9740000000000000e+03
   7.9960000000000000e+03
   8.0180000000000000e+03
   8.0400000000000000e+03
   8.0620000000000000e+03
   8.0840000000000000e+03
   8.1060000000000000e+03
   8.1280000000000000e+03
   8.1500000000000000e+03
   8.1720000000000000e+03
   8.1940000000000000e+03
   8.2160000000000000e+03
   8.2380000000000000e+03
   8.2600000000000000e+03
   8.2820000000000000e+03
   8.3040000000000000e+03
   8.3260000000000000e+03
   8.3480000000000000e+03
   8.3700000000000000e+03
   8.3920000000000000e+03
   8.4140000000000000e+03
   8.4360000000000000e+03
   8.4580000000000000e+03
   8.4800000000000000e+03
   8.5020000000000000e+03
   8.5240000000000000e+03
   8.5460000000000000e+03
   8.5680000000000000e+03
   8.5900000000000000e+03
   8.6120000000000000e+03
   8.6340000000000000e+03
   8.6560000000000000e+03
   8.6780000000000000e+03
   8.7000000000000000e+03
   8.7220000000000000e+03
   8.7440000000000000e+03
   8.7660000000000000e+03
   8.7880000000000000e+03
   8.8100000000000000e+03
   8.8320000000000000e+03
   8.8540000000000000e+03
   8.8760000000000000e+03
   8.8980000000000000e+03
   8.9200000000000000e+03
   8.9420000000000000e+03
   8.9640000000000000e+03
   8.9860000000000000e+03
   9.0080000000000000e+03
   9.0300000000000000e+03
   9.0520000000000000e+03
   9.0740000000000000e+03
   9.0960000000000000e+03
   9.1180000000000000e+03
   9.1400000000000000e+03
   9.1620000000000000e+03
   9.1840000000000000e+03
   9.2060000000000000e+03
   9.2280000000000000e+03
   9.2500000000000000e+03
   9.2720000000000000e+03
   9.2940000000000000e+03
   9.3160000000000000e+03
   9.3380000000000000e+03
   9.3600000000000000e+03
   9.3820000000000000e+03
   9.4040000000000000e+03
   9.4260000000000000e+03
   9.4480000000000000e+03
   9.4700000000000000e+03
   9.4920000000000000e+03
   9.5140000000000000e+03
   9.5360000000000000e+03
   9.5580000000000000e+03
   9.5800000000000000e+03
   9.6020000000000000e+03
   9.6240000000000000e+03
   9.6460000000000000e+03
   9.6680000000000000e+03
   9.6900000000000000e+03
   9.7120000000000000e+03
   9.7340000000000000e+03
   9.7560000000000000e+03
   9.7780000000000000e+03
   9.8000000000000000e+03
   9.8220000000000000e+03
   9.8440000000000000e+03
   9.8660000000000000e+03
   9.8880000000000000e+03
   9.9100000000000000e+03
   9.9320000000000000e+03
   9.9540000000000000e+03
   9.9760000000000000e+03
   9.9980000000000000e+03
   1.0020000000000000e+04
   1.0042000000000000e+04
   1.0064000000000000e+04
   1.0086000000000000e+04
   1.0108000000000000e+04
   1.0130000000000000e+04
   1.0152000000000000e+04
   1.0174000000000000e+04
   1.0196000000000000e+04
   1.0218000000000000e+04
   1.0240000000000000e+04
   1.0262000000000000e+04
   1.0284000000000000e+04
   1.0306000000000000e+04
   1.0328000000000000e+04
   1.0350000000000000e+04
   1.0372000000000000e+04
   1.0394000000000000e+04
   1.0416000000000000e+04
   1.0438000000000000e+04
   1.0460000000000000e+04
   1.0482000000000000e+04
   1.0504000000000000e+04
   1.0526000000000000e+04
   1.0548000000000000e+04
   1.0570000000000000e+04
   1.0592000000000000e+04
   1.0614000000000000e+04
   1.0636000000000000e+04
   1.0658000000000000e+04
   1.0680000000000000e+04
   1.0702000000000000e+04
   1.0724000000000000e+04
   1.0746000000000000e+04
   1.0768000000000000e+04
   1.0790000000000000e+04
   1.0812000000000000e+04
   1.0834000000000000e+04
   1.0856000000000000e+04
   1.0878000000000000e+04
   1.0900000000000000e+04
   1.0922000000000000e+04
   1.0944000000000000e+04
   1.0966000000000000e+04
   1.0988000000000000e+04
   1.1010000000000000e+04
   1.1032000000000000e+04
   1.1054000000000000e+04
   1.1076000000000000e+04
   1.1098000000000000e+04
   1.1120000000000000e+04
   1.1142000000000000e+04
   1.1164000000000000e+04
   1.1186000000000000e+04
   1.1208000000000000e+04
   1.1230000000000000e+04
   1.1252000000000000e+04
   1.1274000000000000e+04
   1.1296000000000000e+04
   1.1318000000000000e+04
   1.1340000000000000e+04
   1.1362000000000000e+04
   1.1384000000000000e+04
   1.1406000000000000e+04
   1.1428000000000000e+04
   1.1450000000000000e+04
   1.1472000000000000e+04
   1.1494000000000000e+04
   1.1516000000000000e+04
   1.1538000000000000e+04
   1.1560000000000000e+04
   1.1582000000000000e+04
   1.1604000000000000e+04
   1.1626000000000000e+04
   1.1648000000000000e+04
   1.1670000000000000e+04
   1.1692000000000000e+04
   1.1714000000000000e+04
   1.1736000000000000e+04
   1.1758000000000000e+04
   1.1780000000000000e+04
   1.1802000000000000e+04
   1.1824000000000000e+04
   1.1846000000000000e+04
   1.1868000000000000e+04
   1.1890000000000000e+04
   1.1912000000000000e+04
   1.1934000000000000e+04
   1.1956000000000000e+04
   1.1978000000000000e+04
   1.2000000000000000e+04
