           1        3001
   1.2500000000000000e+03
   1.2606943333333334e+03
   1.2713886666666667e+03
   1.2820830000000001e+03
   1.2927773333333334e+03
   1.3034716666666666e+03
   1.3141659999999999e+03
   1.3248603333333333e+03
   1.3355546666666667e+03
   1.3462490000000000e+03
   1.3569433333333334e+03
   1.3676376666666667e+03
   1.3783319999999999e+03
   1.3890263333333332e+03
   1.3997206666666666e+03
   1.4104150000000000e+03
   1.4211093333333333e+03
   1.4318036666666667e+03
   1.4424980000000000e+03
   1.4531923333333334e+03
   1.4638866666666668e+03
   1.4745809999999999e+03
   1.4852753333333333e+03
   1.4959696666666666e+03
   1.5066640000000000e+03
   1.5173583333333333e+03
   1.5280526666666667e+03
   1.5387470000000001e+03
   1.5494413333333332e+03
   1.5601356666666666e+03
   1.5708299999999999e+03
   1.5815243333333333e+03
   1.5922186666666666e+03
   1.6029130000000000e+03
   1.6136073333333334e+03
   1.6243016666666667e+03
   1.6349960000000001e+03
   1.6456903333333335e+03
   1.6563846666666666e+03
   1.6670790000000000e+03
   1.6777733333333333e+03
   1.6884676666666667e+03
   1.6991620000000000e+03
   1.7098563333333334e+03
   1.7205506666666665e+03
   1.7312449999999999e+03
   1.7419393333333333e+03
   1.7526336666666666e+03
   1.7633280000000000e+03
   1.7740223333333333e+03
   1.7847166666666667e+03
   1.7954110000000001e+03
   1.8061053333333334e+03
   1.8167996666666668e+03
   1.8274940000000001e+03
   1.8381883333333335e+03
   1.8488826666666666e+03
   1.8595770000000000e+03
   1.8702713333333334e+03
   1.8809656666666667e+03
   1.8916599999999999e+03
   1.9023543333333332e+03
   1.9130486666666666e+03
   1.9237429999999999e+03
   1.9344373333333333e+03
   1.9451316666666667e+03
   1.9558260000000000e+03
   1.9665203333333334e+03
   1.9772146666666667e+03
   1.9879090000000001e+03
   1.9986033333333335e+03
   2.0092976666666668e+03
   2.0199920000000000e+03
   2.0306863333333333e+03
   2.0413806666666667e+03
   2.0520749999999998e+03
   2.0627693333333332e+03
   2.0734636666666665e+03
   2.0841579999999999e+03
   2.0948523333333333e+03
   2.1055466666666666e+03
   2.1162410000000000e+03
   2.1269353333333333e+03
   2.1376296666666667e+03
   2.1483240000000001e+03
   2.1590183333333334e+03
   2.1697126666666668e+03
   2.1804070000000002e+03
   2.1911013333333331e+03
   2.2017956666666669e+03
   2.2124899999999998e+03
   2.2231843333333336e+03
   2.2338786666666665e+03
   2.2445729999999999e+03
   2.2552673333333332e+03
   2.2659616666666666e+03
   2.2766559999999999e+03
   2.2873503333333333e+03
   2.2980446666666667e+03
   2.3087390000000000e+03
   2.3194333333333334e+03
   2.3301276666666668e+03
   2.3408220000000001e+03
   2.3515163333333330e+03
   2.3622106666666668e+03
   2.3729049999999997e+03
   2.3835993333333336e+03
   2.3942936666666665e+03
   2.4049880000000003e+03
   2.4156823333333332e+03
   2.4263766666666670e+03
   2.4370709999999999e+03
   2.4477653333333333e+03
   2.4584596666666666e+03
   2.4691540000000000e+03
   2.4798483333333334e+03
   2.4905426666666667e+03
   2.5012370000000001e+03
   2.5119313333333334e+03
   2.5226256666666668e+03
   2.5333199999999997e+03
   2.5440143333333335e+03
   2.5547086666666664e+03
   2.5654030000000002e+03
   2.5760973333333332e+03
   2.5867916666666670e+03
   2.5974859999999999e+03
   2.6081803333333332e+03
   2.6188746666666666e+03
   2.6295690000000000e+03
   2.6402633333333333e+03
   2.6509576666666667e+03
   2.6616520000000000e+03
   2.6723463333333334e+03
   2.6830406666666668e+03
   2.6937349999999997e+03
   2.7044293333333335e+03
   2.7151236666666664e+03
   2.7258180000000002e+03
   2.7365123333333331e+03
   2.7472066666666669e+03
   2.7579009999999998e+03
   2.7685953333333337e+03
   2.7792896666666666e+03
   2.7899839999999999e+03
   2.8006783333333333e+03
   2.8113726666666666e+03
   2.8220670000000000e+03
   2.8327613333333334e+03
   2.8434556666666667e+03
   2.8541500000000001e+03
   2.8648443333333335e+03
   2.8755386666666664e+03
   2.8862330000000002e+03
   2.8969273333333331e+03
   2.9076216666666669e+03
   2.9183159999999998e+03
   2.9290103333333336e+03
   2.9397046666666665e+03
   2.9503989999999999e+03
   2.9610933333333332e+03
   2.9717876666666666e+03
   2.9824820000000000e+03
   2.9931763333333333e+03
   3.0038706666666667e+03
   3.0145650000000001e+03
   3.0252593333333334e+03
   3.0359536666666668e+03
   3.0466480000000001e+03
   3.0573423333333330e+03
   3.0680366666666669e+03
   3.0787309999999998e+03
   3.0894253333333336e+03
   3.1001196666666665e+03
   3.1108140000000003e+03
   3.1215083333333332e+03
   3.1322026666666666e+03
   3.1428969999999999e+03
   3.1535913333333333e+03
   3.1642856666666667e+03
   3.1749800000000000e+03
   3.1856743333333334e+03
   3.1963686666666667e+03
   3.2070630000000001e+03
   3.2177573333333330e+03
   3.2284516666666668e+03
   3.2391459999999997e+03
   3.2498403333333335e+03
   3.2605346666666665e+03
   3.2712290000000003e+03
   3.2819233333333332e+03
   3.2926176666666670e+03
   3.3033119999999999e+03
   3.3140063333333333e+03
   3.3247006666666666e+03
   3.3353950000000000e+03
   3.3460893333333333e+03
   3.3567836666666667e+03
   3.3674780000000001e+03
   3.3781723333333334e+03
   3.3888666666666668e+03
   3.3995610000000001e+03
   3.4102553333333335e+03
   3.4209496666666669e+03
   3.4316439999999998e+03
   3.4423383333333331e+03
   3.4530326666666665e+03
   3.4637269999999999e+03
   3.4744213333333332e+03
   3.4851156666666666e+03
   3.4958099999999999e+03
   3.5065043333333333e+03
   3.5171986666666667e+03
   3.5278930000000000e+03
   3.5385873333333334e+03
   3.5492816666666668e+03
   3.5599760000000001e+03
   3.5706703333333335e+03
   3.5813646666666668e+03
   3.5920590000000002e+03
   3.6027533333333336e+03
   3.6134476666666665e+03
   3.6241419999999998e+03
   3.6348363333333332e+03
   3.6455306666666665e+03
   3.6562249999999999e+03
   3.6669193333333333e+03
   3.6776136666666666e+03
   3.6883080000000000e+03
   3.6990023333333334e+03
   3.7096966666666667e+03
   3.7203910000000001e+03
   3.7310853333333334e+03
   3.7417796666666668e+03
   3.7524740000000002e+03
   3.7631683333333335e+03
   3.7738626666666669e+03
   3.7845569999999998e+03
   3.7952513333333332e+03
   3.8059456666666665e+03
   3.8166399999999999e+03
   3.8273343333333332e+03
   3.8380286666666666e+03
   3.8487230000000000e+03
   3.8594173333333333e+03
   3.8701116666666667e+03
   3.8808060000000000e+03
   3.8915003333333334e+03
   3.9021946666666668e+03
   3.9128890000000001e+03
   3.9235833333333335e+03
   3.9342776666666668e+03
   3.9449720000000002e+03
   3.9556663333333331e+03
   3.9663606666666665e+03
   3.9770549999999998e+03
   3.9877493333333332e+03
   3.9984436666666666e+03
   4.0091379999999999e+03
   4.0198323333333333e+03
   4.0305266666666666e+03
   4.0412210000000000e+03
   4.0519153333333334e+03
   4.0626096666666667e+03
   4.0733040000000001e+03
   4.0839983333333334e+03
   4.0946926666666668e+03
   4.1053870000000006e+03
   4.1160813333333335e+03
   4.1267756666666664e+03
   4.1374699999999993e+03
   4.1481643333333332e+03
   4.1588586666666670e+03
   4.1695529999999999e+03
   4.1802473333333328e+03
   4.1909416666666666e+03
   4.2016360000000004e+03
   4.2123303333333333e+03
   4.2230246666666662e+03
   4.2337190000000001e+03
   4.2444133333333339e+03
   4.2551076666666668e+03
   4.2658019999999997e+03
   4.2764963333333335e+03
   4.2871906666666673e+03
   4.2978850000000002e+03
   4.3085793333333331e+03
   4.3192736666666660e+03
   4.3299679999999998e+03
   4.3406623333333337e+03
   4.3513566666666666e+03
   4.3620509999999995e+03
   4.3727453333333333e+03
   4.3834396666666671e+03
   4.3941340000000000e+03
   4.4048283333333329e+03
   4.4155226666666667e+03
   4.4262170000000006e+03
   4.4369113333333335e+03
   4.4476056666666664e+03
   4.4583000000000002e+03
   4.4689943333333340e+03
   4.4796886666666669e+03
   4.4903829999999998e+03
   4.5010773333333327e+03
   4.5117716666666665e+03
   4.5224660000000003e+03
   4.5331603333333333e+03
   4.5438546666666662e+03
   4.5545490000000000e+03
   4.5652433333333338e+03
   4.5759376666666667e+03
   4.5866319999999996e+03
   4.5973263333333334e+03
   4.6080206666666672e+03
   4.6187150000000001e+03
   4.6294093333333331e+03
   4.6401036666666669e+03
   4.6507979999999998e+03
   4.6614923333333336e+03
   4.6721866666666665e+03
   4.6828809999999994e+03
   4.6935753333333332e+03
   4.7042696666666670e+03
   4.7149639999999999e+03
   4.7256583333333328e+03
   4.7363526666666667e+03
   4.7470470000000005e+03
   4.7577413333333334e+03
   4.7684356666666663e+03
   4.7791300000000001e+03
   4.7898243333333339e+03
   4.8005186666666668e+03
   4.8112129999999997e+03
   4.8219073333333336e+03
   4.8326016666666665e+03
   4.8432960000000003e+03
   4.8539903333333332e+03
   4.8646846666666661e+03
   4.8753789999999999e+03
   4.8860733333333337e+03
   4.8967676666666666e+03
   4.9074619999999995e+03
   4.9181563333333334e+03
   4.9288506666666672e+03
   4.9395450000000001e+03
   4.9502393333333330e+03
   4.9609336666666668e+03
   4.9716280000000006e+03
   4.9823223333333335e+03
   4.9930166666666664e+03
   5.0037109999999993e+03
   5.0144053333333331e+03
   5.0250996666666670e+03
   5.0357939999999999e+03
   5.0464883333333328e+03
   5.0571826666666666e+03
   5.0678770000000004e+03
   5.0785713333333333e+03
   5.0892656666666662e+03
   5.0999600000000000e+03
   5.1106543333333339e+03
   5.1213486666666668e+03
   5.1320429999999997e+03
   5.1427373333333335e+03
   5.1534316666666673e+03
   5.1641260000000002e+03
   5.1748203333333331e+03
   5.1855146666666660e+03
   5.1962089999999998e+03
   5.2069033333333336e+03
   5.2175976666666666e+03
   5.2282919999999995e+03
   5.2389863333333333e+03
   5.2496806666666671e+03
   5.2603750000000000e+03
   5.2710693333333329e+03
   5.2817636666666667e+03
   5.2924580000000005e+03
   5.3031523333333334e+03
   5.3138466666666664e+03
   5.3245410000000002e+03
   5.3352353333333340e+03
   5.3459296666666669e+03
   5.3566239999999998e+03
   5.3673183333333336e+03
   5.3780126666666665e+03
   5.3887070000000003e+03
   5.3994013333333332e+03
   5.4100956666666671e+03
   5.4207900000000000e+03
   5.4314843333333338e+03
   5.4421786666666667e+03
   5.4528729999999996e+03
   5.4635673333333334e+03
   5.4742616666666663e+03
   5.4849560000000001e+03
   5.4956503333333330e+03
   5.5063446666666669e+03
   5.5170389999999998e+03
   5.5277333333333336e+03
   5.5384276666666665e+03
   5.5491220000000003e+03
   5.5598163333333332e+03
   5.5705106666666670e+03
   5.5812049999999999e+03
   5.5918993333333337e+03
   5.6025936666666666e+03
   5.6132879999999996e+03
   5.6239823333333334e+03
   5.6346766666666663e+03
   5.6453710000000001e+03
   5.6560653333333330e+03
   5.6667596666666668e+03
   5.6774539999999997e+03
   5.6881483333333335e+03
   5.6988426666666664e+03
   5.7095370000000003e+03
   5.7202313333333332e+03
   5.7309256666666670e+03
   5.7416199999999999e+03
   5.7523143333333337e+03
   5.7630086666666666e+03
   5.7737030000000004e+03
   5.7843973333333333e+03
   5.7950916666666662e+03
   5.8057860000000001e+03
   5.8164803333333330e+03
   5.8271746666666668e+03
   5.8378689999999997e+03
   5.8485633333333335e+03
   5.8592576666666664e+03
   5.8699520000000002e+03
   5.8806463333333331e+03
   5.8913406666666669e+03
   5.9020349999999999e+03
   5.9127293333333337e+03
   5.9234236666666666e+03
   5.9341180000000004e+03
   5.9448123333333333e+03
   5.9555066666666671e+03
   5.9662010000000000e+03
   5.9768953333333329e+03
   5.9875896666666667e+03
   5.9982839999999997e+03
   6.0089783333333335e+03
   6.0196726666666664e+03
   6.0303670000000002e+03
   6.0410613333333331e+03
   6.0517556666666669e+03
   6.0624499999999998e+03
   6.0731443333333336e+03
   6.0838386666666665e+03
   6.0945330000000004e+03
   6.1052273333333333e+03
   6.1159216666666671e+03
   6.1266160000000000e+03
   6.1373103333333329e+03
   6.1480046666666667e+03
   6.1586989999999996e+03
   6.1693933333333334e+03
   6.1800876666666663e+03
   6.1907820000000002e+03
   6.2014763333333331e+03
   6.2121706666666669e+03
   6.2228649999999998e+03
   6.2335593333333336e+03
   6.2442536666666665e+03
   6.2549480000000003e+03
   6.2656423333333332e+03
   6.2763366666666670e+03
   6.2870309999999999e+03
   6.2977253333333338e+03
   6.3084196666666667e+03
   6.3191139999999996e+03
   6.3298083333333334e+03
   6.3405026666666663e+03
   6.3511970000000001e+03
   6.3618913333333330e+03
   6.3725856666666668e+03
   6.3832799999999997e+03
   6.3939743333333336e+03
   6.4046686666666665e+03
   6.4153630000000003e+03
   6.4260573333333332e+03
   6.4367516666666670e+03
   6.4474459999999999e+03
   6.4581403333333337e+03
   6.4688346666666666e+03
   6.4795290000000005e+03
   6.4902233333333334e+03
   6.5009176666666663e+03
   6.5116120000000001e+03
   6.5223063333333330e+03
   6.5330006666666668e+03
   6.5436949999999997e+03
   6.5543893333333335e+03
   6.5650836666666664e+03
   6.5757780000000002e+03
   6.5864723333333332e+03
   6.5971666666666670e+03
   6.6078609999999999e+03
   6.6185553333333337e+03
   6.6292496666666666e+03
   6.6399440000000004e+03
   6.6506383333333333e+03
   6.6613326666666662e+03
   6.6720270000000000e+03
   6.6827213333333330e+03
   6.6934156666666668e+03
   6.7041099999999997e+03
   6.7148043333333335e+03
   6.7254986666666664e+03
   6.7361930000000002e+03
   6.7468873333333331e+03
   6.7575816666666669e+03
   6.7682759999999998e+03
   6.7789703333333337e+03
   6.7896646666666666e+03
   6.8003590000000004e+03
   6.8110533333333333e+03
   6.8217476666666671e+03
   6.8324420000000000e+03
   6.8431363333333329e+03
   6.8538306666666667e+03
   6.8645249999999996e+03
   6.8752193333333335e+03
   6.8859136666666664e+03
   6.8966080000000002e+03
   6.9073023333333331e+03
   6.9179966666666669e+03
   6.9286909999999998e+03
   6.9393853333333336e+03
   6.9500796666666665e+03
   6.9607740000000003e+03
   6.9714683333333332e+03
   6.9821626666666671e+03
   6.9928570000000000e+03
   7.0035513333333338e+03
   7.0142456666666667e+03
   7.0249399999999996e+03
   7.0356343333333334e+03
   7.0463286666666663e+03
   7.0570230000000001e+03
   7.0677173333333330e+03
   7.0784116666666669e+03
   7.0891059999999998e+03
   7.0998003333333336e+03
   7.1104946666666665e+03
   7.1211890000000003e+03
   7.1318833333333332e+03
   7.1425776666666670e+03
   7.1532719999999999e+03
   7.1639663333333338e+03
   7.1746606666666667e+03
   7.1853549999999996e+03
   7.1960493333333334e+03
   7.2067436666666663e+03
   7.2174380000000001e+03
   7.2281323333333330e+03
   7.2388266666666668e+03
   7.2495209999999997e+03
   7.2602153333333335e+03
   7.2709096666666665e+03
   7.2816040000000003e+03
   7.2922983333333332e+03
   7.3029926666666670e+03
   7.3136869999999999e+03
   7.3243813333333337e+03
   7.3350756666666666e+03
   7.3457700000000004e+03
   7.3564643333333333e+03
   7.3671586666666662e+03
   7.3778530000000001e+03
   7.3885473333333330e+03
   7.3992416666666668e+03
   7.4099359999999997e+03
   7.4206303333333335e+03
   7.4313246666666664e+03
   7.4420190000000002e+03
   7.4527133333333331e+03
   7.4634076666666670e+03
   7.4741019999999999e+03
   7.4847963333333337e+03
   7.4954906666666666e+03
   7.5061850000000004e+03
   7.5168793333333333e+03
   7.5275736666666662e+03
   7.5382680000000000e+03
   7.5489623333333329e+03
   7.5596566666666668e+03
   7.5703509999999997e+03
   7.5810453333333335e+03
   7.5917396666666664e+03
   7.6024340000000002e+03
   7.6131283333333331e+03
   7.6238226666666669e+03
   7.6345169999999998e+03
   7.6452113333333336e+03
   7.6559056666666665e+03
   7.6666000000000004e+03
   7.6772943333333333e+03
   7.6879886666666671e+03
   7.6986830000000000e+03
   7.7093773333333329e+03
   7.7200716666666667e+03
   7.7307659999999996e+03
   7.7414603333333334e+03
   7.7521546666666663e+03
   7.7628490000000002e+03
   7.7735433333333331e+03
   7.7842376666666669e+03
   7.7949319999999998e+03
   7.8056263333333336e+03
   7.8163206666666665e+03
   7.8270150000000003e+03
   7.8377093333333332e+03
   7.8484036666666670e+03
   7.8590980000000000e+03
   7.8697923333333338e+03
   7.8804866666666667e+03
   7.8911809999999996e+03
   7.9018753333333334e+03
   7.9125696666666663e+03
   7.9232640000000001e+03
   7.9339583333333330e+03
   7.9446526666666668e+03
   7.9553469999999998e+03
   7.9660413333333336e+03
   7.9767356666666665e+03
   7.9874300000000003e+03
   7.9981243333333332e+03
   8.0088186666666670e+03
   8.0195129999999999e+03
   8.0302073333333337e+03
   8.0409016666666666e+03
   8.0515959999999995e+03
   8.0622903333333334e+03
   8.0729846666666663e+03
   8.0836790000000001e+03
   8.0943733333333330e+03
   8.1050676666666668e+03
   8.1157619999999997e+03
   8.1264563333333335e+03
   8.1371506666666664e+03
   8.1478450000000003e+03
   8.1585393333333332e+03
   8.1692336666666670e+03
   8.1799279999999999e+03
   8.1906223333333337e+03
   8.2013166666666657e+03
   8.2120110000000004e+03
   8.2227053333333333e+03
   8.2333996666666662e+03
   8.2440940000000010e+03
   8.2547883333333339e+03
   8.2654826666666668e+03
   8.2761769999999997e+03
   8.2868713333333326e+03
   8.2975656666666655e+03
   8.3082600000000002e+03
   8.3189543333333331e+03
   8.3296486666666679e+03
   8.3403430000000008e+03
   8.3510373333333337e+03
   8.3617316666666666e+03
   8.3724259999999995e+03
   8.3831203333333324e+03
   8.3938146666666671e+03
   8.4045090000000000e+03
   8.4152033333333329e+03
   8.4258976666666676e+03
   8.4365920000000006e+03
   8.4472863333333335e+03
   8.4579806666666664e+03
   8.4686749999999993e+03
   8.4793693333333322e+03
   8.4900636666666669e+03
   8.5007579999999998e+03
   8.5114523333333345e+03
   8.5221466666666674e+03
   8.5328410000000003e+03
   8.5435353333333333e+03
   8.5542296666666662e+03
   8.5649239999999991e+03
   8.5756183333333320e+03
   8.5863126666666667e+03
   8.5970069999999996e+03
   8.6077013333333343e+03
   8.6183956666666672e+03
   8.6290900000000001e+03
   8.6397843333333331e+03
   8.6504786666666660e+03
   8.6611729999999989e+03
   8.6718673333333336e+03
   8.6825616666666665e+03
   8.6932560000000012e+03
   8.7039503333333341e+03
   8.7146446666666670e+03
   8.7253389999999999e+03
   8.7360333333333328e+03
   8.7467276666666658e+03
   8.7574219999999987e+03
   8.7681163333333334e+03
   8.7788106666666663e+03
   8.7895050000000010e+03
   8.8001993333333339e+03
   8.8108936666666668e+03
   8.8215879999999997e+03
   8.8322823333333326e+03
   8.8429766666666656e+03
   8.8536710000000003e+03
   8.8643653333333332e+03
   8.8750596666666679e+03
   8.8857540000000008e+03
   8.8964483333333337e+03
   8.9071426666666666e+03
   8.9178369999999995e+03
   8.9285313333333324e+03
   8.9392256666666653e+03
   8.9499200000000001e+03
   8.9606143333333330e+03
   8.9713086666666677e+03
   8.9820030000000006e+03
   8.9926973333333335e+03
   9.0033916666666664e+03
   9.0140859999999993e+03
   9.0247803333333322e+03
   9.0354746666666670e+03
   9.0461689999999999e+03
   9.0568633333333346e+03
   9.0675576666666675e+03
   9.0782520000000004e+03
   9.0889463333333333e+03
   9.0996406666666662e+03
   9.1103349999999991e+03
   9.1210293333333320e+03
   9.1317236666666668e+03
   9.1424179999999997e+03
   9.1531123333333344e+03
   9.1638066666666673e+03
   9.1745010000000002e+03
   9.1851953333333331e+03
   9.1958896666666660e+03
   9.2065839999999989e+03
   9.2172783333333336e+03
   9.2279726666666666e+03
   9.2386670000000013e+03
   9.2493613333333342e+03
   9.2600556666666671e+03
   9.2707500000000000e+03
   9.2814443333333329e+03
   9.2921386666666658e+03
   9.3028329999999987e+03
   9.3135273333333334e+03
   9.3242216666666664e+03
   9.3349160000000011e+03
   9.3456103333333340e+03
   9.3563046666666669e+03
   9.3669989999999998e+03
   9.3776933333333327e+03
   9.3883876666666656e+03
   9.3990820000000003e+03
   9.4097763333333332e+03
   9.4204706666666680e+03
   9.4311650000000009e+03
   9.4418593333333338e+03
   9.4525536666666667e+03
   9.4632479999999996e+03
   9.4739423333333325e+03
   9.4846366666666672e+03
   9.4953310000000001e+03
   9.5060253333333330e+03
   9.5167196666666659e+03
   9.5274140000000007e+03
   9.5381083333333336e+03
   9.5488026666666665e+03
   9.5594969999999994e+03
   9.5701913333333341e+03
   9.5808856666666670e+03
   9.5915799999999999e+03
   9.6022743333333328e+03
   9.6129686666666676e+03
   9.6236630000000005e+03
   9.6343573333333334e+03
   9.6450516666666663e+03
   9.6557459999999992e+03
   9.6664403333333339e+03
   9.6771346666666668e+03
   9.6878289999999997e+03
   9.6985233333333326e+03
   9.7092176666666674e+03
   9.7199120000000003e+03
   9.7306063333333332e+03
   9.7413006666666661e+03
   9.7519950000000008e+03
   9.7626893333333337e+03
   9.7733836666666666e+03
   9.7840779999999995e+03
   9.7947723333333324e+03
   9.8054666666666672e+03
   9.8161610000000001e+03
   9.8268553333333330e+03
   9.8375496666666659e+03
   9.8482440000000006e+03
   9.8589383333333335e+03
   9.8696326666666664e+03
   9.8803269999999993e+03
   9.8910213333333340e+03
   9.9017156666666669e+03
   9.9124099999999999e+03
   9.9231043333333328e+03
   9.9337986666666675e+03
   9.9444930000000004e+03
   9.9551873333333333e+03
   9.9658816666666662e+03
   9.9765759999999991e+03
   9.9872703333333338e+03
   9.9979646666666667e+03
   1.0008659000000000e+04
   1.0019353333333333e+04
   1.0030047666666667e+04
   1.0040742000000000e+04
   1.0051436333333333e+04
   1.0062130666666666e+04
   1.0072825000000001e+04
   1.0083519333333334e+04
   1.0094213666666667e+04
   1.0104907999999999e+04
   1.0115602333333334e+04
   1.0126296666666667e+04
   1.0136991000000000e+04
   1.0147685333333333e+04
   1.0158379666666666e+04
   1.0169074000000001e+04
   1.0179768333333333e+04
   1.0190462666666666e+04
   1.0201156999999999e+04
   1.0211851333333334e+04
   1.0222545666666667e+04
   1.0233240000000000e+04
   1.0243934333333333e+04
   1.0254628666666667e+04
   1.0265323000000000e+04
   1.0276017333333333e+04
   1.0286711666666666e+04
   1.0297406000000001e+04
   1.0308100333333334e+04
   1.0318794666666667e+04
   1.0329489000000000e+04
   1.0340183333333332e+04
   1.0350877666666667e+04
   1.0361572000000000e+04
   1.0372266333333333e+04
   1.0382960666666666e+04
   1.0393655000000001e+04
   1.0404349333333334e+04
   1.0415043666666666e+04
   1.0425737999999999e+04
   1.0436432333333334e+04
   1.0447126666666667e+04
   1.0457821000000000e+04
   1.0468515333333333e+04
   1.0479209666666668e+04
   1.0489904000000000e+04
   1.0500598333333333e+04
   1.0511292666666666e+04
   1.0521986999999999e+04
   1.0532681333333334e+04
   1.0543375666666667e+04
   1.0554070000000000e+04
   1.0564764333333333e+04
   1.0575458666666667e+04
   1.0586153000000000e+04
   1.0596847333333333e+04
   1.0607541666666666e+04
   1.0618236000000001e+04
   1.0628930333333334e+04
   1.0639624666666667e+04
   1.0650319000000000e+04
   1.0661013333333334e+04
   1.0671707666666667e+04
   1.0682402000000000e+04
   1.0693096333333333e+04
   1.0703790666666666e+04
   1.0714485000000001e+04
   1.0725179333333333e+04
   1.0735873666666666e+04
   1.0746567999999999e+04
   1.0757262333333334e+04
   1.0767956666666667e+04
   1.0778651000000000e+04
   1.0789345333333333e+04
   1.0800039666666667e+04
   1.0810734000000000e+04
   1.0821428333333333e+04
   1.0832122666666666e+04
   1.0842816999999999e+04
   1.0853511333333334e+04
   1.0864205666666667e+04
   1.0874900000000000e+04
   1.0885594333333333e+04
   1.0896288666666667e+04
   1.0906983000000000e+04
   1.0917677333333333e+04
   1.0928371666666666e+04
   1.0939066000000001e+04
   1.0949760333333334e+04
   1.0960454666666667e+04
   1.0971148999999999e+04
   1.0981843333333334e+04
   1.0992537666666667e+04
   1.1003232000000000e+04
   1.1013926333333333e+04
   1.1024620666666666e+04
   1.1035315000000001e+04
   1.1046009333333333e+04
   1.1056703666666666e+04
   1.1067397999999999e+04
   1.1078092333333334e+04
   1.1088786666666667e+04
   1.1099481000000000e+04
   1.1110175333333333e+04
   1.1120869666666667e+04
   1.1131564000000000e+04
   1.1142258333333333e+04
   1.1152952666666666e+04
   1.1163647000000001e+04
   1.1174341333333334e+04
   1.1185035666666667e+04
   1.1195730000000000e+04
   1.1206424333333332e+04
   1.1217118666666667e+04
   1.1227813000000000e+04
   1.1238507333333333e+04
   1.1249201666666666e+04
   1.1259896000000001e+04
   1.1270590333333334e+04
   1.1281284666666666e+04
   1.1291978999999999e+04
   1.1302673333333334e+04
   1.1313367666666667e+04
   1.1324062000000000e+04
   1.1334756333333333e+04
   1.1345450666666668e+04
   1.1356145000000000e+04
   1.1366839333333333e+04
   1.1377533666666666e+04
   1.1388227999999999e+04
   1.1398922333333334e+04
   1.1409616666666667e+04
   1.1420311000000000e+04
   1.1431005333333333e+04
   1.1441699666666667e+04
   1.1452394000000000e+04
   1.1463088333333333e+04
   1.1473782666666666e+04
   1.1484477000000001e+04
   1.1495171333333334e+04
   1.1505865666666667e+04
   1.1516559999999999e+04
   1.1527254333333334e+04
   1.1537948666666667e+04
   1.1548643000000000e+04
   1.1559337333333333e+04
   1.1570031666666666e+04
   1.1580726000000001e+04
   1.1591420333333333e+04
   1.1602114666666666e+04
   1.1612808999999999e+04
   1.1623503333333334e+04
   1.1634197666666667e+04
   1.1644892000000000e+04
   1.1655586333333333e+04
   1.1666280666666667e+04
   1.1676975000000000e+04
   1.1687669333333333e+04
   1.1698363666666666e+04
   1.1709058000000001e+04
   1.1719752333333334e+04
   1.1730446666666667e+04
   1.1741141000000000e+04
   1.1751835333333333e+04
   1.1762529666666667e+04
   1.1773224000000000e+04
   1.1783918333333333e+04
   1.1794612666666666e+04
   1.1805307000000001e+04
   1.1816001333333334e+04
   1.1826695666666667e+04
   1.1837389999999999e+04
   1.1848084333333334e+04
   1.1858778666666667e+04
   1.1869473000000000e+04
   1.1880167333333333e+04
   1.1890861666666666e+04
   1.1901556000000000e+04
   1.1912250333333333e+04
   1.1922944666666666e+04
   1.1933638999999999e+04
   1.1944333333333334e+04
   1.1955027666666667e+04
   1.1965722000000000e+04
   1.1976416333333333e+04
   1.1987110666666667e+04
   1.1997805000000000e+04
   1.2008499333333333e+04
   1.2019193666666666e+04
   1.2029888000000001e+04
   1.2040582333333334e+04
   1.2051276666666667e+04
   1.2061971000000000e+04
   1.2072665333333332e+04
   1.2083359666666667e+04
   1.2094054000000000e+04
   1.2104748333333333e+04
   1.2115442666666666e+04
   1.2126137000000001e+04
   1.2136831333333334e+04
   1.2147525666666666e+04
   1.2158219999999999e+04
   1.2168914333333334e+04
   1.2179608666666667e+04
   1.2190303000000000e+04
   1.2200997333333333e+04
   1.2211691666666668e+04
   1.2222386000000000e+04
   1.2233080333333333e+04
   1.2243774666666666e+04
   1.2254468999999999e+04
   1.2265163333333334e+04
   1.2275857666666667e+04
   1.2286552000000000e+04
   1.2297246333333333e+04
   1.2307940666666667e+04
   1.2318635000000000e+04
   1.2329329333333333e+04
   1.2340023666666666e+04
   1.2350718000000001e+04
   1.2361412333333334e+04
   1.2372106666666667e+04
   1.2382800999999999e+04
   1.2393495333333334e+04
   1.2404189666666667e+04
   1.2414884000000000e+04
   1.2425578333333333e+04
   1.2436272666666666e+04
   1.2446967000000001e+04
   1.2457661333333333e+04
   1.2468355666666666e+04
   1.2479049999999999e+04
   1.2489744333333334e+04
   1.2500438666666667e+04
   1.2511133000000000e+04
   1.2521827333333333e+04
   1.2532521666666667e+04
   1.2543216000000000e+04
   1.2553910333333333e+04
   1.2564604666666666e+04
   1.2575299000000001e+04
   1.2585993333333334e+04
   1.2596687666666667e+04
   1.2607382000000000e+04
   1.2618076333333333e+04
   1.2628770666666667e+04
   1.2639465000000000e+04
   1.2650159333333333e+04
   1.2660853666666666e+04
   1.2671548000000001e+04
   1.2682242333333334e+04
   1.2692936666666666e+04
   1.2703630999999999e+04
   1.2714325333333334e+04
   1.2725019666666667e+04
   1.2735714000000000e+04
   1.2746408333333333e+04
   1.2757102666666668e+04
   1.2767797000000000e+04
   1.2778491333333333e+04
   1.2789185666666666e+04
   1.2799879999999999e+04
   1.2810574333333334e+04
   1.2821268666666667e+04
   1.2831963000000000e+04
   1.2842657333333333e+04
   1.2853351666666667e+04
   1.2864046000000000e+04
   1.2874740333333333e+04
   1.2885434666666666e+04
   1.2896129000000001e+04
   1.2906823333333334e+04
   1.2917517666666667e+04
   1.2928212000000000e+04
   1.2938906333333332e+04
   1.2949600666666667e+04
   1.2960295000000000e+04
   1.2970989333333333e+04
   1.2981683666666666e+04
   1.2992378000000001e+04
   1.3003072333333334e+04
   1.3013766666666666e+04
   1.3024460999999999e+04
   1.3035155333333334e+04
   1.3045849666666667e+04
   1.3056544000000000e+04
   1.3067238333333333e+04
   1.3077932666666668e+04
   1.3088627000000000e+04
   1.3099321333333333e+04
   1.3110015666666666e+04
   1.3120709999999999e+04
   1.3131404333333334e+04
   1.3142098666666667e+04
   1.3152793000000000e+04
   1.3163487333333333e+04
   1.3174181666666667e+04
   1.3184876000000000e+04
   1.3195570333333333e+04
   1.3206264666666666e+04
   1.3216959000000001e+04
   1.3227653333333334e+04
   1.3238347666666667e+04
   1.3249041999999999e+04
   1.3259736333333334e+04
   1.3270430666666667e+04
   1.3281125000000000e+04
   1.3291819333333333e+04
   1.3302513666666666e+04
   1.3313208000000001e+04
   1.3323902333333333e+04
   1.3334596666666666e+04
   1.3345290999999999e+04
   1.3355985333333334e+04
   1.3366679666666667e+04
   1.3377374000000000e+04
   1.3388068333333333e+04
   1.3398762666666667e+04
   1.3409457000000000e+04
   1.3420151333333333e+04
   1.3430845666666666e+04
   1.3441540000000001e+04
   1.3452234333333334e+04
   1.3462928666666667e+04
   1.3473623000000000e+04
   1.3484317333333332e+04
   1.3495011666666667e+04
   1.3505706000000000e+04
   1.3516400333333333e+04
   1.3527094666666666e+04
   1.3537789000000001e+04
   1.3548483333333334e+04
   1.3559177666666666e+04
   1.3569871999999999e+04
   1.3580566333333334e+04
   1.3591260666666667e+04
   1.3601955000000000e+04
   1.3612649333333333e+04
   1.3623343666666668e+04
   1.3634038000000000e+04
   1.3644732333333333e+04
   1.3655426666666666e+04
   1.3666120999999999e+04
   1.3676815333333334e+04
   1.3687509666666667e+04
   1.3698204000000000e+04
   1.3708898333333333e+04
   1.3719592666666667e+04
   1.3730287000000000e+04
   1.3740981333333333e+04
   1.3751675666666666e+04
   1.3762370000000001e+04
   1.3773064333333334e+04
   1.3783758666666667e+04
   1.3794453000000000e+04
   1.3805147333333332e+04
   1.3815841666666667e+04
   1.3826536000000000e+04
   1.3837230333333333e+04
   1.3847924666666666e+04
   1.3858619000000001e+04
   1.3869313333333334e+04
   1.3880007666666666e+04
   1.3890701999999999e+04
   1.3901396333333334e+04
   1.3912090666666667e+04
   1.3922785000000000e+04
   1.3933479333333333e+04
   1.3944173666666667e+04
   1.3954868000000000e+04
   1.3965562333333333e+04
   1.3976256666666666e+04
   1.3986950999999999e+04
   1.3997645333333334e+04
   1.4008339666666667e+04
   1.4019034000000000e+04
   1.4029728333333333e+04
   1.4040422666666667e+04
   1.4051117000000000e+04
   1.4061811333333333e+04
   1.4072505666666666e+04
   1.4083200000000001e+04
   1.4093894333333334e+04
   1.4104588666666667e+04
   1.4115282999999999e+04
   1.4125977333333334e+04
   1.4136671666666667e+04
   1.4147366000000000e+04
   1.4158060333333333e+04
   1.4168754666666666e+04
   1.4179449000000001e+04
   1.4190143333333333e+04
   1.4200837666666666e+04
   1.4211531999999999e+04
   1.4222226333333334e+04
   1.4232920666666667e+04
   1.4243615000000000e+04
   1.4254309333333333e+04
   1.4265003666666667e+04
   1.4275698000000000e+04
   1.4286392333333333e+04
   1.4297086666666666e+04
   1.4307781000000001e+04
   1.4318475333333334e+04
   1.4329169666666667e+04
   1.4339864000000000e+04
   1.4350558333333332e+04
   1.4361252666666667e+04
   1.4371947000000000e+04
   1.4382641333333333e+04
   1.4393335666666666e+04
   1.4404030000000001e+04
   1.4414724333333334e+04
   1.4425418666666666e+04
   1.4436112999999999e+04
   1.4446807333333334e+04
   1.4457501666666667e+04
   1.4468196000000000e+04
   1.4478890333333333e+04
   1.4489584666666668e+04
   1.4500279000000000e+04
   1.4510973333333333e+04
   1.4521667666666666e+04
   1.4532361999999999e+04
   1.4543056333333334e+04
   1.4553750666666667e+04
   1.4564445000000000e+04
   1.4575139333333333e+04
   1.4585833666666667e+04
   1.4596528000000000e+04
   1.4607222333333333e+04
   1.4617916666666666e+04
   1.4628611000000001e+04
   1.4639305333333334e+04
   1.4649999666666667e+04
   1.4660694000000000e+04
   1.4671388333333334e+04
   1.4682082666666667e+04
   1.4692777000000000e+04
   1.4703471333333333e+04
   1.4714165666666666e+04
   1.4724860000000001e+04
   1.4735554333333333e+04
   1.4746248666666666e+04
   1.4756942999999999e+04
   1.4767637333333334e+04
   1.4778331666666667e+04
   1.4789026000000000e+04
   1.4799720333333333e+04
   1.4810414666666667e+04
   1.4821109000000000e+04
   1.4831803333333333e+04
   1.4842497666666666e+04
   1.4853191999999999e+04
   1.4863886333333334e+04
   1.4874580666666667e+04
   1.4885275000000000e+04
   1.4895969333333333e+04
   1.4906663666666667e+04
   1.4917358000000000e+04
   1.4928052333333333e+04
   1.4938746666666666e+04
   1.4949441000000001e+04
   1.4960135333333334e+04
   1.4970829666666667e+04
   1.4981523999999999e+04
   1.4992218333333334e+04
   1.5002912666666667e+04
   1.5013607000000000e+04
   1.5024301333333333e+04
   1.5034995666666666e+04
   1.5045690000000001e+04
   1.5056384333333333e+04
   1.5067078666666666e+04
   1.5077772999999999e+04
   1.5088467333333334e+04
   1.5099161666666667e+04
   1.5109856000000000e+04
   1.5120550333333333e+04
   1.5131244666666667e+04
   1.5141939000000000e+04
   1.5152633333333333e+04
   1.5163327666666666e+04
   1.5174022000000001e+04
   1.5184716333333334e+04
   1.5195410666666667e+04
   1.5206105000000000e+04
   1.5216799333333332e+04
   1.5227493666666667e+04
   1.5238188000000000e+04
   1.5248882333333333e+04
   1.5259576666666666e+04
   1.5270271000000001e+04
   1.5280965333333334e+04
   1.5291659666666666e+04
   1.5302353999999999e+04
   1.5313048333333334e+04
   1.5323742666666667e+04
   1.5334437000000000e+04
   1.5345131333333333e+04
   1.5355825666666668e+04
   1.5366520000000000e+04
   1.5377214333333333e+04
   1.5387908666666666e+04
   1.5398602999999999e+04
   1.5409297333333334e+04
   1.5419991666666667e+04
   1.5430686000000000e+04
   1.5441380333333333e+04
   1.5452074666666667e+04
   1.5462769000000000e+04
   1.5473463333333333e+04
   1.5484157666666666e+04
   1.5494852000000001e+04
   1.5505546333333334e+04
   1.5516240666666667e+04
   1.5526934999999999e+04
   1.5537629333333334e+04
   1.5548323666666667e+04
   1.5559018000000000e+04
   1.5569712333333333e+04
   1.5580406666666666e+04
   1.5591101000000001e+04
   1.5601795333333333e+04
   1.5612489666666666e+04
   1.5623183999999999e+04
   1.5633878333333334e+04
   1.5644572666666667e+04
   1.5655267000000000e+04
   1.5665961333333333e+04
   1.5676655666666667e+04
   1.5687350000000000e+04
   1.5698044333333333e+04
   1.5708738666666666e+04
   1.5719433000000001e+04
   1.5730127333333334e+04
   1.5740821666666667e+04
   1.5751516000000000e+04
   1.5762210333333333e+04
   1.5772904666666667e+04
   1.5783599000000000e+04
   1.5794293333333333e+04
   1.5804987666666666e+04
   1.5815682000000001e+04
   1.5826376333333334e+04
   1.5837070666666667e+04
   1.5847764999999999e+04
   1.5858459333333334e+04
   1.5869153666666667e+04
   1.5879848000000000e+04
   1.5890542333333333e+04
   1.5901236666666666e+04
   1.5911931000000000e+04
   1.5922625333333333e+04
   1.5933319666666666e+04
   1.5944013999999999e+04
   1.5954708333333334e+04
   1.5965402666666667e+04
   1.5976097000000000e+04
   1.5986791333333333e+04
   1.5997485666666667e+04
   1.6008180000000000e+04
   1.6018874333333333e+04
   1.6029568666666666e+04
   1.6040263000000001e+04
   1.6050957333333334e+04
   1.6061651666666667e+04
   1.6072346000000000e+04
   1.6083040333333332e+04
   1.6093734666666667e+04
   1.6104429000000000e+04
   1.6115123333333333e+04
   1.6125817666666666e+04
   1.6136512000000001e+04
   1.6147206333333334e+04
   1.6157900666666666e+04
   1.6168594999999999e+04
   1.6179289333333334e+04
   1.6189983666666667e+04
   1.6200678000000000e+04
   1.6211372333333333e+04
   1.6222066666666668e+04
   1.6232761000000000e+04
   1.6243455333333333e+04
   1.6254149666666666e+04
   1.6264843999999999e+04
   1.6275538333333334e+04
   1.6286232666666667e+04
   1.6296927000000000e+04
   1.6307621333333333e+04
   1.6318315666666667e+04
   1.6329010000000000e+04
   1.6339704333333333e+04
   1.6350398666666666e+04
   1.6361093000000001e+04
   1.6371787333333334e+04
   1.6382481666666667e+04
   1.6393175999999999e+04
   1.6403870333333332e+04
   1.6414564666666665e+04
   1.6425258999999998e+04
   1.6435953333333331e+04
   1.6446647666666664e+04
   1.6457342000000001e+04
   1.6468036333333333e+04
   1.6478730666666666e+04
   1.6489424999999999e+04
   1.6500119333333336e+04
   1.6510813666666669e+04
   1.6521508000000002e+04
   1.6532202333333335e+04
   1.6542896666666667e+04
   1.6553591000000000e+04
   1.6564285333333333e+04
   1.6574979666666666e+04
   1.6585673999999999e+04
   1.6596368333333332e+04
   1.6607062666666665e+04
   1.6617756999999998e+04
   1.6628451333333331e+04
   1.6639145666666667e+04
   1.6649840000000000e+04
   1.6660534333333333e+04
   1.6671228666666666e+04
   1.6681923000000003e+04
   1.6692617333333335e+04
   1.6703311666666668e+04
   1.6714006000000001e+04
   1.6724700333333334e+04
   1.6735394666666667e+04
   1.6746089000000000e+04
   1.6756783333333333e+04
   1.6767477666666666e+04
   1.6778171999999999e+04
   1.6788866333333332e+04
   1.6799560666666664e+04
   1.6810254999999997e+04
   1.6820949333333334e+04
   1.6831643666666667e+04
   1.6842338000000000e+04
   1.6853032333333333e+04
   1.6863726666666669e+04
   1.6874421000000002e+04
   1.6885115333333335e+04
   1.6895809666666668e+04
   1.6906504000000001e+04
   1.6917198333333334e+04
   1.6927892666666667e+04
   1.6938587000000000e+04
   1.6949281333333332e+04
   1.6959975666666665e+04
   1.6970669999999998e+04
   1.6981364333333331e+04
   1.6992058666666664e+04
   1.7002753000000001e+04
   1.7013447333333334e+04
   1.7024141666666666e+04
   1.7034835999999999e+04
   1.7045530333333336e+04
   1.7056224666666669e+04
   1.7066919000000002e+04
   1.7077613333333335e+04
   1.7088307666666668e+04
   1.7099002000000000e+04
   1.7109696333333333e+04
   1.7120390666666666e+04
   1.7131084999999999e+04
   1.7141779333333332e+04
   1.7152473666666665e+04
   1.7163167999999998e+04
   1.7173862333333331e+04
   1.7184556666666667e+04
   1.7195251000000000e+04
   1.7205945333333333e+04
   1.7216639666666666e+04
   1.7227334000000003e+04
   1.7238028333333335e+04
   1.7248722666666668e+04
   1.7259417000000001e+04
   1.7270111333333334e+04
   1.7280805666666667e+04
   1.7291500000000000e+04
   1.7302194333333333e+04
   1.7312888666666666e+04
   1.7323582999999999e+04
   1.7334277333333332e+04
   1.7344971666666665e+04
   1.7355665999999997e+04
   1.7366360333333334e+04
   1.7377054666666667e+04
   1.7387749000000000e+04
   1.7398443333333333e+04
   1.7409137666666669e+04
   1.7419832000000002e+04
   1.7430526333333335e+04
   1.7441220666666668e+04
   1.7451915000000001e+04
   1.7462609333333334e+04
   1.7473303666666667e+04
   1.7483998000000000e+04
   1.7494692333333332e+04
   1.7505386666666665e+04
   1.7516080999999998e+04
   1.7526775333333331e+04
   1.7537469666666664e+04
   1.7548164000000001e+04
   1.7558858333333334e+04
   1.7569552666666666e+04
   1.7580246999999999e+04
   1.7590941333333336e+04
   1.7601635666666669e+04
   1.7612330000000002e+04
   1.7623024333333335e+04
   1.7633718666666668e+04
   1.7644413000000000e+04
   1.7655107333333333e+04
   1.7665801666666666e+04
   1.7676495999999999e+04
   1.7687190333333332e+04
   1.7697884666666665e+04
   1.7708579000000002e+04
   1.7719273333333334e+04
   1.7729967666666667e+04
   1.7740662000000000e+04
   1.7751356333333333e+04
   1.7762050666666666e+04
   1.7772744999999999e+04
   1.7783439333333332e+04
   1.7794133666666668e+04
   1.7804828000000001e+04
   1.7815522333333334e+04
   1.7826216666666667e+04
   1.7836911000000000e+04
   1.7847605333333333e+04
   1.7858299666666666e+04
   1.7868993999999999e+04
   1.7879688333333332e+04
   1.7890382666666668e+04
   1.7901077000000001e+04
   1.7911771333333334e+04
   1.7922465666666667e+04
   1.7933160000000000e+04
   1.7943854333333333e+04
   1.7954548666666666e+04
   1.7965242999999999e+04
   1.7975937333333335e+04
   1.7986631666666668e+04
   1.7997326000000001e+04
   1.8008020333333334e+04
   1.8018714666666667e+04
   1.8029409000000000e+04
   1.8040103333333333e+04
   1.8050797666666665e+04
   1.8061491999999998e+04
   1.8072186333333335e+04
   1.8082880666666668e+04
   1.8093575000000001e+04
   1.8104269333333334e+04
   1.8114963666666667e+04
   1.8125657999999999e+04
   1.8136352333333332e+04
   1.8147046666666665e+04
   1.8157741000000002e+04
   1.8168435333333335e+04
   1.8179129666666668e+04
   1.8189824000000001e+04
   1.8200518333333333e+04
   1.8211212666666666e+04
   1.8221906999999999e+04
   1.8232601333333332e+04
   1.8243295666666665e+04
   1.8253990000000002e+04
   1.8264684333333335e+04
   1.8275378666666667e+04
   1.8286073000000000e+04
   1.8296767333333333e+04
   1.8307461666666666e+04
   1.8318155999999999e+04
   1.8328850333333332e+04
   1.8339544666666665e+04
   1.8350239000000001e+04
   1.8360933333333334e+04
   1.8371627666666667e+04
   1.8382322000000000e+04
   1.8393016333333333e+04
   1.8403710666666666e+04
   1.8414404999999999e+04
   1.8425099333333332e+04
   1.8435793666666668e+04
   1.8446488000000001e+04
   1.8457182333333334e+04
   1.8467876666666667e+04
   1.8478571000000000e+04
   1.8489265333333333e+04
   1.8499959666666666e+04
   1.8510653999999999e+04
   1.8521348333333332e+04
   1.8532042666666668e+04
   1.8542737000000001e+04
   1.8553431333333334e+04
   1.8564125666666667e+04
   1.8574820000000000e+04
   1.8585514333333333e+04
   1.8596208666666666e+04
   1.8606902999999998e+04
   1.8617597333333335e+04
   1.8628291666666668e+04
   1.8638986000000001e+04
   1.8649680333333334e+04
   1.8660374666666667e+04
   1.8671069000000000e+04
   1.8681763333333332e+04
   1.8692457666666665e+04
   1.8703151999999998e+04
   1.8713846333333335e+04
   1.8724540666666668e+04
   1.8735235000000001e+04
   1.8745929333333333e+04
   1.8756623666666666e+04
   1.8767317999999999e+04
   1.8778012333333332e+04
   1.8788706666666665e+04
   1.8799401000000002e+04
   1.8810095333333335e+04
   1.8820789666666667e+04
   1.8831484000000000e+04
   1.8842178333333333e+04
   1.8852872666666666e+04
   1.8863566999999999e+04
   1.8874261333333332e+04
   1.8884955666666665e+04
   1.8895650000000001e+04
   1.8906344333333334e+04
   1.8917038666666667e+04
   1.8927733000000000e+04
   1.8938427333333333e+04
   1.8949121666666666e+04
   1.8959815999999999e+04
   1.8970510333333332e+04
   1.8981204666666668e+04
   1.8991899000000001e+04
   1.9002593333333334e+04
   1.9013287666666667e+04
   1.9023982000000000e+04
   1.9034676333333333e+04
   1.9045370666666666e+04
   1.9056064999999999e+04
   1.9066759333333332e+04
   1.9077453666666668e+04
   1.9088148000000001e+04
   1.9098842333333334e+04
   1.9109536666666667e+04
   1.9120231000000000e+04
   1.9130925333333333e+04
   1.9141619666666666e+04
   1.9152313999999998e+04
   1.9163008333333335e+04
   1.9173702666666668e+04
   1.9184397000000001e+04
   1.9195091333333334e+04
   1.9205785666666667e+04
   1.9216480000000000e+04
   1.9227174333333332e+04
   1.9237868666666665e+04
   1.9248562999999998e+04
   1.9259257333333335e+04
   1.9269951666666668e+04
   1.9280646000000001e+04
   1.9291340333333334e+04
   1.9302034666666666e+04
   1.9312728999999999e+04
   1.9323423333333332e+04
   1.9334117666666665e+04
   1.9344812000000002e+04
   1.9355506333333335e+04
   1.9366200666666668e+04
   1.9376895000000000e+04
   1.9387589333333333e+04
   1.9398283666666666e+04
   1.9408977999999999e+04
   1.9419672333333332e+04
   1.9430366666666665e+04
   1.9441061000000002e+04
   1.9451755333333334e+04
   1.9462449666666667e+04
   1.9473144000000000e+04
   1.9483838333333333e+04
   1.9494532666666666e+04
   1.9505226999999999e+04
   1.9515921333333332e+04
   1.9526615666666668e+04
   1.9537310000000001e+04
   1.9548004333333334e+04
   1.9558698666666667e+04
   1.9569393000000000e+04
   1.9580087333333333e+04
   1.9590781666666666e+04
   1.9601475999999999e+04
   1.9612170333333332e+04
   1.9622864666666668e+04
   1.9633559000000001e+04
   1.9644253333333334e+04
   1.9654947666666667e+04
   1.9665642000000000e+04
   1.9676336333333333e+04
   1.9687030666666666e+04
   1.9697724999999999e+04
   1.9708419333333335e+04
   1.9719113666666668e+04
   1.9729808000000001e+04
   1.9740502333333334e+04
   1.9751196666666667e+04
   1.9761891000000000e+04
   1.9772585333333333e+04
   1.9783279666666665e+04
   1.9793973999999998e+04
   1.9804668333333335e+04
   1.9815362666666668e+04
   1.9826057000000001e+04
   1.9836751333333334e+04
   1.9847445666666667e+04
   1.9858139999999999e+04
   1.9868834333333332e+04
   1.9879528666666665e+04
   1.9890223000000002e+04
   1.9900917333333335e+04
   1.9911611666666668e+04
   1.9922306000000000e+04
   1.9933000333333333e+04
   1.9943694666666666e+04
   1.9954388999999999e+04
   1.9965083333333332e+04
   1.9975777666666665e+04
   1.9986472000000002e+04
   1.9997166333333334e+04
   2.0007860666666667e+04
   2.0018555000000000e+04
   2.0029249333333333e+04
   2.0039943666666666e+04
   2.0050637999999999e+04
   2.0061332333333332e+04
   2.0072026666666668e+04
   2.0082721000000001e+04
   2.0093415333333334e+04
   2.0104109666666667e+04
   2.0114804000000000e+04
   2.0125498333333333e+04
   2.0136192666666666e+04
   2.0146886999999999e+04
   2.0157581333333332e+04
   2.0168275666666668e+04
   2.0178970000000001e+04
   2.0189664333333334e+04
   2.0200358666666667e+04
   2.0211053000000000e+04
   2.0221747333333333e+04
   2.0232441666666666e+04
   2.0243135999999999e+04
   2.0253830333333335e+04
   2.0264524666666668e+04
   2.0275219000000001e+04
   2.0285913333333334e+04
   2.0296607666666667e+04
   2.0307302000000000e+04
   2.0317996333333333e+04
   2.0328690666666665e+04
   2.0339384999999998e+04
   2.0350079333333335e+04
   2.0360773666666668e+04
   2.0371468000000001e+04
   2.0382162333333334e+04
   2.0392856666666667e+04
   2.0403550999999999e+04
   2.0414245333333332e+04
   2.0424939666666665e+04
   2.0435633999999998e+04
   2.0446328333333335e+04
   2.0457022666666668e+04
   2.0467717000000001e+04
   2.0478411333333333e+04
   2.0489105666666666e+04
   2.0499799999999999e+04
   2.0510494333333332e+04
   2.0521188666666665e+04
   2.0531883000000002e+04
   2.0542577333333335e+04
   2.0553271666666667e+04
   2.0563966000000000e+04
   2.0574660333333333e+04
   2.0585354666666666e+04
   2.0596048999999999e+04
   2.0606743333333332e+04
   2.0617437666666665e+04
   2.0628132000000001e+04
   2.0638826333333334e+04
   2.0649520666666667e+04
   2.0660215000000000e+04
   2.0670909333333333e+04
   2.0681603666666666e+04
   2.0692297999999999e+04
   2.0702992333333332e+04
   2.0713686666666668e+04
   2.0724381000000001e+04
   2.0735075333333334e+04
   2.0745769666666667e+04
   2.0756464000000000e+04
   2.0767158333333333e+04
   2.0777852666666666e+04
   2.0788546999999999e+04
   2.0799241333333332e+04
   2.0809935666666668e+04
   2.0820630000000001e+04
   2.0831324333333334e+04
   2.0842018666666667e+04
   2.0852713000000000e+04
   2.0863407333333333e+04
   2.0874101666666666e+04
   2.0884795999999998e+04
   2.0895490333333335e+04
   2.0906184666666668e+04
   2.0916879000000001e+04
   2.0927573333333334e+04
   2.0938267666666667e+04
   2.0948962000000000e+04
   2.0959656333333332e+04
   2.0970350666666665e+04
   2.0981044999999998e+04
   2.0991739333333335e+04
   2.1002433666666668e+04
   2.1013128000000001e+04
   2.1023822333333334e+04
   2.1034516666666666e+04
   2.1045210999999999e+04
   2.1055905333333332e+04
   2.1066599666666665e+04
   2.1077294000000002e+04
   2.1087988333333335e+04
   2.1098682666666668e+04
   2.1109377000000000e+04
   2.1120071333333333e+04
   2.1130765666666666e+04
   2.1141459999999999e+04
   2.1152154333333332e+04
   2.1162848666666665e+04
   2.1173543000000001e+04
   2.1184237333333334e+04
   2.1194931666666667e+04
   2.1205626000000000e+04
   2.1216320333333333e+04
   2.1227014666666666e+04
   2.1237708999999999e+04
   2.1248403333333332e+04
   2.1259097666666668e+04
   2.1269792000000001e+04
   2.1280486333333334e+04
   2.1291180666666667e+04
   2.1301875000000000e+04
   2.1312569333333333e+04
   2.1323263666666666e+04
   2.1333957999999999e+04
   2.1344652333333332e+04
   2.1355346666666668e+04
   2.1366041000000001e+04
   2.1376735333333334e+04
   2.1387429666666667e+04
   2.1398124000000000e+04
   2.1408818333333333e+04
   2.1419512666666666e+04
   2.1430206999999999e+04
   2.1440901333333335e+04
   2.1451595666666668e+04
   2.1462290000000001e+04
   2.1472984333333334e+04
   2.1483678666666667e+04
   2.1494373000000000e+04
   2.1505067333333332e+04
   2.1515761666666665e+04
   2.1526455999999998e+04
   2.1537150333333335e+04
   2.1547844666666668e+04
   2.1558539000000001e+04
   2.1569233333333334e+04
   2.1579927666666666e+04
   2.1590621999999999e+04
   2.1601316333333332e+04
   2.1612010666666665e+04
   2.1622705000000002e+04
   2.1633399333333335e+04
   2.1644093666666668e+04
   2.1654788000000000e+04
   2.1665482333333333e+04
   2.1676176666666666e+04
   2.1686870999999999e+04
   2.1697565333333332e+04
   2.1708259666666665e+04
   2.1718954000000002e+04
   2.1729648333333334e+04
   2.1740342666666667e+04
   2.1751037000000000e+04
   2.1761731333333333e+04
   2.1772425666666666e+04
   2.1783119999999999e+04
   2.1793814333333332e+04
   2.1804508666666668e+04
   2.1815203000000001e+04
   2.1825897333333334e+04
   2.1836591666666667e+04
   2.1847286000000000e+04
   2.1857980333333333e+04
   2.1868674666666666e+04
   2.1879368999999999e+04
   2.1890063333333332e+04
   2.1900757666666668e+04
   2.1911452000000001e+04
   2.1922146333333334e+04
   2.1932840666666667e+04
   2.1943535000000000e+04
   2.1954229333333333e+04
   2.1964923666666666e+04
   2.1975617999999999e+04
   2.1986312333333335e+04
   2.1997006666666668e+04
   2.2007701000000001e+04
   2.2018395333333334e+04
   2.2029089666666667e+04
   2.2039784000000000e+04
   2.2050478333333333e+04
   2.2061172666666665e+04
   2.2071866999999998e+04
   2.2082561333333335e+04
   2.2093255666666668e+04
   2.2103950000000001e+04
   2.2114644333333334e+04
   2.2125338666666667e+04
   2.2136032999999999e+04
   2.2146727333333332e+04
   2.2157421666666665e+04
   2.2168116000000002e+04
   2.2178810333333335e+04
   2.2189504666666668e+04
   2.2200199000000001e+04
   2.2210893333333333e+04
   2.2221587666666666e+04
   2.2232281999999999e+04
   2.2242976333333332e+04
   2.2253670666666665e+04
   2.2264365000000002e+04
   2.2275059333333335e+04
   2.2285753666666667e+04
   2.2296448000000000e+04
   2.2307142333333333e+04
   2.2317836666666666e+04
   2.2328530999999999e+04
   2.2339225333333332e+04
   2.2349919666666665e+04
   2.2360614000000001e+04
   2.2371308333333334e+04
   2.2382002666666667e+04
   2.2392697000000000e+04
   2.2403391333333333e+04
   2.2414085666666666e+04
   2.2424779999999999e+04
   2.2435474333333332e+04
   2.2446168666666668e+04
   2.2456863000000001e+04
   2.2467557333333334e+04
   2.2478251666666667e+04
   2.2488946000000000e+04
   2.2499640333333333e+04
   2.2510334666666666e+04
   2.2521028999999999e+04
   2.2531723333333332e+04
   2.2542417666666668e+04
   2.2553112000000001e+04
   2.2563806333333334e+04
   2.2574500666666667e+04
   2.2585195000000000e+04
   2.2595889333333333e+04
   2.2606583666666666e+04
   2.2617277999999998e+04
   2.2627972333333335e+04
   2.2638666666666668e+04
   2.2649361000000001e+04
   2.2660055333333334e+04
   2.2670749666666667e+04
   2.2681444000000000e+04
   2.2692138333333332e+04
   2.2702832666666665e+04
   2.2713526999999998e+04
   2.2724221333333335e+04
   2.2734915666666668e+04
   2.2745610000000001e+04
   2.2756304333333333e+04
   2.2766998666666666e+04
   2.2777692999999999e+04
   2.2788387333333332e+04
   2.2799081666666665e+04
   2.2809776000000002e+04
   2.2820470333333335e+04
   2.2831164666666667e+04
   2.2841859000000000e+04
   2.2852553333333333e+04
   2.2863247666666666e+04
   2.2873941999999999e+04
   2.2884636333333332e+04
   2.2895330666666665e+04
   2.2906025000000001e+04
   2.2916719333333334e+04
   2.2927413666666667e+04
   2.2938108000000000e+04
   2.2948802333333333e+04
   2.2959496666666666e+04
   2.2970190999999999e+04
   2.2980885333333332e+04
   2.2991579666666668e+04
   2.3002274000000001e+04
   2.3012968333333334e+04
   2.3023662666666667e+04
   2.3034357000000000e+04
   2.3045051333333333e+04
   2.3055745666666666e+04
   2.3066439999999999e+04
   2.3077134333333332e+04
   2.3087828666666668e+04
   2.3098523000000001e+04
   2.3109217333333334e+04
   2.3119911666666667e+04
   2.3130606000000000e+04
   2.3141300333333333e+04
   2.3151994666666666e+04
   2.3162688999999998e+04
   2.3173383333333335e+04
   2.3184077666666668e+04
   2.3194772000000001e+04
   2.3205466333333334e+04
   2.3216160666666667e+04
   2.3226855000000000e+04
   2.3237549333333332e+04
   2.3248243666666665e+04
   2.3258937999999998e+04
   2.3269632333333335e+04
   2.3280326666666668e+04
   2.3291021000000001e+04
   2.3301715333333334e+04
   2.3312409666666666e+04
   2.3323103999999999e+04
   2.3333798333333332e+04
   2.3344492666666665e+04
   2.3355187000000002e+04
   2.3365881333333335e+04
   2.3376575666666668e+04
   2.3387270000000000e+04
   2.3397964333333333e+04
   2.3408658666666666e+04
   2.3419352999999999e+04
   2.3430047333333332e+04
   2.3440741666666665e+04
   2.3451436000000002e+04
   2.3462130333333334e+04
   2.3472824666666667e+04
   2.3483519000000000e+04
   2.3494213333333333e+04
   2.3504907666666666e+04
   2.3515601999999999e+04
   2.3526296333333332e+04
   2.3536990666666668e+04
   2.3547685000000001e+04
   2.3558379333333334e+04
   2.3569073666666667e+04
   2.3579768000000000e+04
   2.3590462333333333e+04
   2.3601156666666666e+04
   2.3611850999999999e+04
   2.3622545333333332e+04
   2.3633239666666668e+04
   2.3643934000000001e+04
   2.3654628333333334e+04
   2.3665322666666667e+04
   2.3676017000000000e+04
   2.3686711333333333e+04
   2.3697405666666666e+04
   2.3708099999999999e+04
   2.3718794333333335e+04
   2.3729488666666668e+04
   2.3740183000000001e+04
   2.3750877333333334e+04
   2.3761571666666667e+04
   2.3772266000000000e+04
   2.3782960333333333e+04
   2.3793654666666665e+04
   2.3804348999999998e+04
   2.3815043333333335e+04
   2.3825737666666668e+04
   2.3836432000000001e+04
   2.3847126333333334e+04
   2.3857820666666667e+04
   2.3868514999999999e+04
   2.3879209333333332e+04
   2.3889903666666665e+04
   2.3900598000000002e+04
   2.3911292333333335e+04
   2.3921986666666668e+04
   2.3932681000000000e+04
   2.3943375333333333e+04
   2.3954069666666666e+04
   2.3964763999999999e+04
   2.3975458333333332e+04
   2.3986152666666665e+04
   2.3996847000000002e+04
   2.4007541333333334e+04
   2.4018235666666667e+04
   2.4028930000000000e+04
   2.4039624333333333e+04
   2.4050318666666666e+04
   2.4061012999999999e+04
   2.4071707333333332e+04
   2.4082401666666668e+04
   2.4093096000000001e+04
   2.4103790333333334e+04
   2.4114484666666667e+04
   2.4125179000000000e+04
   2.4135873333333333e+04
   2.4146567666666666e+04
   2.4157261999999999e+04
   2.4167956333333332e+04
   2.4178650666666668e+04
   2.4189345000000001e+04
   2.4200039333333334e+04
   2.4210733666666667e+04
   2.4221428000000000e+04
   2.4232122333333333e+04
   2.4242816666666666e+04
   2.4253510999999999e+04
   2.4264205333333335e+04
   2.4274899666666668e+04
   2.4285594000000001e+04
   2.4296288333333334e+04
   2.4306982666666667e+04
   2.4317677000000000e+04
   2.4328371333333333e+04
   2.4339065666666665e+04
   2.4349759999999998e+04
   2.4360454333333335e+04
   2.4371148666666668e+04
   2.4381843000000001e+04
   2.4392537333333334e+04
   2.4403231666666667e+04
   2.4413925999999999e+04
   2.4424620333333332e+04
   2.4435314666666665e+04
   2.4446008999999998e+04
   2.4456703333333335e+04
   2.4467397666666668e+04
   2.4478092000000001e+04
   2.4488786333333333e+04
   2.4499480666666666e+04
   2.4510174999999999e+04
   2.4520869333333332e+04
   2.4531563666666665e+04
   2.4542258000000002e+04
   2.4552952333333335e+04
   2.4563646666666667e+04
   2.4574341000000000e+04
   2.4585035333333333e+04
   2.4595729666666666e+04
   2.4606423999999999e+04
   2.4617118333333332e+04
   2.4627812666666665e+04
   2.4638507000000001e+04
   2.4649201333333334e+04
   2.4659895666666667e+04
   2.4670590000000000e+04
   2.4681284333333333e+04
   2.4691978666666666e+04
   2.4702672999999999e+04
   2.4713367333333332e+04
   2.4724061666666668e+04
   2.4734756000000001e+04
   2.4745450333333334e+04
   2.4756144666666667e+04
   2.4766839000000000e+04
   2.4777533333333333e+04
   2.4788227666666666e+04
   2.4798921999999999e+04
   2.4809616333333332e+04
   2.4820310666666668e+04
   2.4831005000000001e+04
   2.4841699333333334e+04
   2.4852393666666667e+04
   2.4863088000000000e+04
   2.4873782333333333e+04
   2.4884476666666666e+04
   2.4895170999999998e+04
   2.4905865333333335e+04
   2.4916559666666668e+04
   2.4927254000000001e+04
   2.4937948333333334e+04
   2.4948642666666667e+04
   2.4959337000000000e+04
   2.4970031333333332e+04
   2.4980725666666665e+04
   2.4991419999999998e+04
   2.5002114333333335e+04
   2.5012808666666668e+04
   2.5023503000000001e+04
   2.5034197333333334e+04
   2.5044891666666666e+04
   2.5055585999999999e+04
   2.5066280333333332e+04
   2.5076974666666665e+04
   2.5087669000000002e+04
   2.5098363333333335e+04
   2.5109057666666668e+04
   2.5119752000000000e+04
   2.5130446333333333e+04
   2.5141140666666666e+04
   2.5151834999999999e+04
   2.5162529333333332e+04
   2.5173223666666665e+04
   2.5183918000000001e+04
   2.5194612333333334e+04
   2.5205306666666667e+04
   2.5216001000000000e+04
   2.5226695333333333e+04
   2.5237389666666666e+04
   2.5248083999999999e+04
   2.5258778333333332e+04
   2.5269472666666668e+04
   2.5280167000000001e+04
   2.5290861333333334e+04
   2.5301555666666667e+04
   2.5312250000000000e+04
   2.5322944333333333e+04
   2.5333638666666666e+04
   2.5344332999999999e+04
   2.5355027333333332e+04
   2.5365721666666668e+04
   2.5376416000000001e+04
   2.5387110333333334e+04
   2.5397804666666667e+04
   2.5408499000000000e+04
   2.5419193333333333e+04
   2.5429887666666666e+04
   2.5440581999999999e+04
   2.5451276333333335e+04
   2.5461970666666668e+04
   2.5472665000000001e+04
   2.5483359333333334e+04
   2.5494053666666667e+04
   2.5504748000000000e+04
   2.5515442333333332e+04
   2.5526136666666665e+04
   2.5536830999999998e+04
   2.5547525333333335e+04
   2.5558219666666668e+04
   2.5568914000000001e+04
   2.5579608333333334e+04
   2.5590302666666666e+04
   2.5600996999999999e+04
   2.5611691333333332e+04
   2.5622385666666665e+04
   2.5633080000000002e+04
   2.5643774333333335e+04
   2.5654468666666668e+04
   2.5665163000000000e+04
   2.5675857333333333e+04
   2.5686551666666666e+04
   2.5697245999999999e+04
   2.5707940333333332e+04
   2.5718634666666665e+04
   2.5729329000000002e+04
   2.5740023333333334e+04
   2.5750717666666667e+04
   2.5761412000000000e+04
   2.5772106333333333e+04
   2.5782800666666666e+04
   2.5793494999999999e+04
   2.5804189333333332e+04
   2.5814883666666668e+04
   2.5825578000000001e+04
   2.5836272333333334e+04
   2.5846966666666667e+04
   2.5857661000000000e+04
   2.5868355333333333e+04
   2.5879049666666666e+04
   2.5889743999999999e+04
   2.5900438333333332e+04
   2.5911132666666668e+04
   2.5921827000000001e+04
   2.5932521333333334e+04
   2.5943215666666667e+04
   2.5953910000000000e+04
   2.5964604333333333e+04
   2.5975298666666666e+04
   2.5985992999999999e+04
   2.5996687333333335e+04
   2.6007381666666668e+04
   2.6018076000000001e+04
   2.6028770333333334e+04
   2.6039464666666667e+04
   2.6050159000000000e+04
   2.6060853333333333e+04
   2.6071547666666665e+04
   2.6082241999999998e+04
   2.6092936333333335e+04
   2.6103630666666668e+04
   2.6114325000000001e+04
   2.6125019333333334e+04
   2.6135713666666667e+04
   2.6146407999999999e+04
   2.6157102333333332e+04
   2.6167796666666665e+04
   2.6178491000000002e+04
   2.6189185333333335e+04
   2.6199879666666668e+04
   2.6210574000000001e+04
   2.6221268333333333e+04
   2.6231962666666666e+04
   2.6242656999999999e+04
   2.6253351333333332e+04
   2.6264045666666665e+04
   2.6274740000000002e+04
   2.6285434333333335e+04
   2.6296128666666667e+04
   2.6306823000000000e+04
   2.6317517333333333e+04
   2.6328211666666666e+04
   2.6338905999999999e+04
   2.6349600333333332e+04
   2.6360294666666665e+04
   2.6370989000000001e+04
   2.6381683333333334e+04
   2.6392377666666667e+04
   2.6403072000000000e+04
   2.6413766333333333e+04
   2.6424460666666666e+04
   2.6435154999999999e+04
   2.6445849333333332e+04
   2.6456543666666668e+04
   2.6467238000000001e+04
   2.6477932333333334e+04
   2.6488626666666667e+04
   2.6499321000000000e+04
   2.6510015333333333e+04
   2.6520709666666666e+04
   2.6531403999999999e+04
   2.6542098333333332e+04
   2.6552792666666668e+04
   2.6563487000000001e+04
   2.6574181333333334e+04
   2.6584875666666667e+04
   2.6595570000000000e+04
   2.6606264333333333e+04
   2.6616958666666666e+04
   2.6627652999999998e+04
   2.6638347333333335e+04
   2.6649041666666668e+04
   2.6659736000000001e+04
   2.6670430333333334e+04
   2.6681124666666667e+04
   2.6691819000000000e+04
   2.6702513333333332e+04
   2.6713207666666665e+04
   2.6723901999999998e+04
   2.6734596333333335e+04
   2.6745290666666668e+04
   2.6755985000000001e+04
   2.6766679333333333e+04
   2.6777373666666666e+04
   2.6788067999999999e+04
   2.6798762333333332e+04
   2.6809456666666665e+04
   2.6820151000000002e+04
   2.6830845333333335e+04
   2.6841539666666667e+04
   2.6852234000000000e+04
   2.6862928333333333e+04
   2.6873622666666666e+04
   2.6884316999999999e+04
   2.6895011333333332e+04
   2.6905705666666665e+04
   2.6916400000000001e+04
   2.6927094333333334e+04
   2.6937788666666667e+04
   2.6948483000000000e+04
   2.6959177333333333e+04
   2.6969871666666666e+04
   2.6980565999999999e+04
   2.6991260333333332e+04
   2.7001954666666668e+04
   2.7012649000000001e+04
   2.7023343333333334e+04
   2.7034037666666667e+04
   2.7044732000000000e+04
   2.7055426333333333e+04
   2.7066120666666666e+04
   2.7076814999999999e+04
   2.7087509333333332e+04
   2.7098203666666668e+04
   2.7108898000000001e+04
   2.7119592333333334e+04
   2.7130286666666667e+04
   2.7140981000000000e+04
   2.7151675333333333e+04
   2.7162369666666666e+04
   2.7173063999999998e+04
   2.7183758333333335e+04
   2.7194452666666668e+04
   2.7205147000000001e+04
   2.7215841333333334e+04
   2.7226535666666667e+04
   2.7237230000000000e+04
   2.7247924333333332e+04
   2.7258618666666665e+04
   2.7269312999999998e+04
   2.7280007333333335e+04
   2.7290701666666668e+04
   2.7301396000000001e+04
   2.7312090333333334e+04
   2.7322784666666666e+04
   2.7333478999999999e+04
   2.7344173333333332e+04
   2.7354867666666665e+04
   2.7365562000000002e+04
   2.7376256333333335e+04
   2.7386950666666668e+04
   2.7397645000000000e+04
   2.7408339333333333e+04
   2.7419033666666666e+04
   2.7429727999999999e+04
   2.7440422333333332e+04
   2.7451116666666665e+04
   2.7461811000000002e+04
   2.7472505333333334e+04
   2.7483199666666667e+04
   2.7493894000000000e+04
   2.7504588333333333e+04
   2.7515282666666666e+04
   2.7525976999999999e+04
   2.7536671333333332e+04
   2.7547365666666668e+04
   2.7558060000000001e+04
   2.7568754333333334e+04
   2.7579448666666667e+04
   2.7590143000000000e+04
   2.7600837333333333e+04
   2.7611531666666666e+04
   2.7622225999999999e+04
   2.7632920333333332e+04
   2.7643614666666668e+04
   2.7654309000000001e+04
   2.7665003333333334e+04
   2.7675697666666667e+04
   2.7686392000000000e+04
   2.7697086333333333e+04
   2.7707780666666666e+04
   2.7718474999999999e+04
   2.7729169333333335e+04
   2.7739863666666668e+04
   2.7750558000000001e+04
   2.7761252333333334e+04
   2.7771946666666667e+04
   2.7782641000000000e+04
   2.7793335333333333e+04
   2.7804029666666665e+04
   2.7814723999999998e+04
   2.7825418333333335e+04
   2.7836112666666668e+04
   2.7846807000000001e+04
   2.7857501333333334e+04
   2.7868195666666667e+04
   2.7878889999999999e+04
   2.7889584333333332e+04
   2.7900278666666665e+04
   2.7910973000000002e+04
   2.7921667333333335e+04
   2.7932361666666668e+04
   2.7943056000000000e+04
   2.7953750333333333e+04
   2.7964444666666666e+04
   2.7975138999999999e+04
   2.7985833333333332e+04
   2.7996527666666665e+04
   2.8007222000000002e+04
   2.8017916333333334e+04
   2.8028610666666667e+04
   2.8039305000000000e+04
   2.8049999333333333e+04
   2.8060693666666666e+04
   2.8071387999999999e+04
   2.8082082333333332e+04
   2.8092776666666668e+04
   2.8103471000000001e+04
   2.8114165333333334e+04
   2.8124859666666667e+04
   2.8135554000000000e+04
   2.8146248333333333e+04
   2.8156942666666666e+04
   2.8167636999999999e+04
   2.8178331333333332e+04
   2.8189025666666668e+04
   2.8199720000000001e+04
   2.8210414333333334e+04
   2.8221108666666667e+04
   2.8231803000000000e+04
   2.8242497333333333e+04
   2.8253191666666666e+04
   2.8263885999999999e+04
   2.8274580333333335e+04
   2.8285274666666668e+04
   2.8295969000000001e+04
   2.8306663333333334e+04
   2.8317357666666667e+04
   2.8328052000000000e+04
   2.8338746333333333e+04
   2.8349440666666665e+04
   2.8360134999999998e+04
   2.8370829333333335e+04
   2.8381523666666668e+04
   2.8392218000000001e+04
   2.8402912333333334e+04
   2.8413606666666667e+04
   2.8424300999999999e+04
   2.8434995333333332e+04
   2.8445689666666665e+04
   2.8456383999999998e+04
   2.8467078333333335e+04
   2.8477772666666668e+04
   2.8488467000000001e+04
   2.8499161333333333e+04
   2.8509855666666666e+04
   2.8520549999999999e+04
   2.8531244333333332e+04
   2.8541938666666665e+04
   2.8552633000000002e+04
   2.8563327333333335e+04
   2.8574021666666667e+04
   2.8584716000000000e+04
   2.8595410333333333e+04
   2.8606104666666666e+04
   2.8616798999999999e+04
   2.8627493333333332e+04
   2.8638187666666665e+04
   2.8648882000000001e+04
   2.8659576333333334e+04
   2.8670270666666667e+04
   2.8680965000000000e+04
   2.8691659333333333e+04
   2.8702353666666666e+04
   2.8713047999999999e+04
   2.8723742333333332e+04
   2.8734436666666668e+04
   2.8745131000000001e+04
   2.8755825333333334e+04
   2.8766519666666667e+04
   2.8777214000000000e+04
   2.8787908333333333e+04
   2.8798602666666666e+04
   2.8809296999999999e+04
   2.8819991333333332e+04
   2.8830685666666668e+04
   2.8841380000000001e+04
   2.8852074333333334e+04
   2.8862768666666667e+04
   2.8873463000000000e+04
   2.8884157333333333e+04
   2.8894851666666666e+04
   2.8905545999999998e+04
   2.8916240333333335e+04
   2.8926934666666668e+04
   2.8937629000000001e+04
   2.8948323333333334e+04
   2.8959017666666667e+04
   2.8969712000000000e+04
   2.8980406333333332e+04
   2.8991100666666665e+04
   2.9001794999999998e+04
   2.9012489333333335e+04
   2.9023183666666668e+04
   2.9033878000000001e+04
   2.9044572333333334e+04
   2.9055266666666666e+04
   2.9065960999999999e+04
   2.9076655333333332e+04
   2.9087349666666665e+04
   2.9098044000000002e+04
   2.9108738333333335e+04
   2.9119432666666668e+04
   2.9130127000000000e+04
   2.9140821333333333e+04
   2.9151515666666666e+04
   2.9162209999999999e+04
   2.9172904333333332e+04
   2.9183598666666665e+04
   2.9194293000000001e+04
   2.9204987333333334e+04
   2.9215681666666667e+04
   2.9226376000000000e+04
   2.9237070333333333e+04
   2.9247764666666666e+04
   2.9258458999999999e+04
   2.9269153333333332e+04
   2.9279847666666668e+04
   2.9290542000000001e+04
   2.9301236333333334e+04
   2.9311930666666667e+04
   2.9322625000000000e+04
   2.9333319333333333e+04
   2.9344013666666666e+04
   2.9354707999999999e+04
   2.9365402333333332e+04
   2.9376096666666668e+04
   2.9386791000000001e+04
   2.9397485333333334e+04
   2.9408179666666667e+04
   2.9418874000000000e+04
   2.9429568333333333e+04
   2.9440262666666666e+04
   2.9450956999999999e+04
   2.9461651333333335e+04
   2.9472345666666668e+04
   2.9483040000000001e+04
   2.9493734333333334e+04
   2.9504428666666667e+04
   2.9515123000000000e+04
   2.9525817333333332e+04
   2.9536511666666665e+04
   2.9547205999999998e+04
   2.9557900333333335e+04
   2.9568594666666668e+04
   2.9579289000000001e+04
   2.9589983333333334e+04
   2.9600677666666666e+04
   2.9611371999999999e+04
   2.9622066333333332e+04
   2.9632760666666665e+04
   2.9643455000000002e+04
   2.9654149333333335e+04
   2.9664843666666668e+04
   2.9675538000000000e+04
   2.9686232333333333e+04
   2.9696926666666666e+04
   2.9707620999999999e+04
   2.9718315333333332e+04
   2.9729009666666665e+04
   2.9739704000000002e+04
   2.9750398333333334e+04
   2.9761092666666667e+04
   2.9771787000000000e+04
   2.9782481333333333e+04
   2.9793175666666666e+04
   2.9803869999999999e+04
   2.9814564333333332e+04
   2.9825258666666668e+04
   2.9835953000000001e+04
   2.9846647333333334e+04
   2.9857341666666667e+04
   2.9868036000000000e+04
   2.9878730333333333e+04
   2.9889424666666666e+04
   2.9900118999999999e+04
   2.9910813333333332e+04
   2.9921507666666668e+04
   2.9932202000000001e+04
   2.9942896333333334e+04
   2.9953590666666667e+04
   2.9964285000000000e+04
   2.9974979333333333e+04
   2.9985673666666666e+04
   2.9996367999999999e+04
   3.0007062333333335e+04
   3.0017756666666668e+04
   3.0028451000000001e+04
   3.0039145333333334e+04
   3.0049839666666667e+04
   3.0060534000000000e+04
   3.0071228333333333e+04
   3.0081922666666665e+04
   3.0092616999999998e+04
   3.0103311333333335e+04
   3.0114005666666668e+04
   3.0124700000000001e+04
   3.0135394333333334e+04
   3.0146088666666667e+04
   3.0156782999999999e+04
   3.0167477333333332e+04
   3.0178171666666665e+04
   3.0188866000000002e+04
   3.0199560333333335e+04
   3.0210254666666668e+04
   3.0220949000000001e+04
   3.0231643333333333e+04
   3.0242337666666666e+04
   3.0253031999999999e+04
   3.0263726333333332e+04
   3.0274420666666665e+04
   3.0285115000000002e+04
   3.0295809333333335e+04
   3.0306503666666667e+04
   3.0317198000000000e+04
   3.0327892333333333e+04
   3.0338586666666666e+04
   3.0349280999999999e+04
   3.0359975333333332e+04
   3.0370669666666665e+04
   3.0381364000000001e+04
   3.0392058333333334e+04
   3.0402752666666667e+04
   3.0413447000000000e+04
   3.0424141333333333e+04
   3.0434835666666666e+04
   3.0445529999999999e+04
   3.0456224333333332e+04
   3.0466918666666668e+04
   3.0477613000000001e+04
   3.0488307333333334e+04
   3.0499001666666667e+04
   3.0509696000000000e+04
   3.0520390333333333e+04
   3.0531084666666666e+04
   3.0541778999999999e+04
   3.0552473333333332e+04
   3.0563167666666668e+04
   3.0573862000000001e+04
   3.0584556333333334e+04
   3.0595250666666667e+04
   3.0605945000000000e+04
   3.0616639333333333e+04
   3.0627333666666666e+04
   3.0638027999999998e+04
   3.0648722333333335e+04
   3.0659416666666668e+04
   3.0670111000000001e+04
   3.0680805333333334e+04
   3.0691499666666667e+04
   3.0702194000000000e+04
   3.0712888333333332e+04
   3.0723582666666665e+04
   3.0734276999999998e+04
   3.0744971333333335e+04
   3.0755665666666668e+04
   3.0766360000000001e+04
   3.0777054333333333e+04
   3.0787748666666666e+04
   3.0798442999999999e+04
   3.0809137333333332e+04
   3.0819831666666665e+04
   3.0830526000000002e+04
   3.0841220333333335e+04
   3.0851914666666667e+04
   3.0862609000000000e+04
   3.0873303333333333e+04
   3.0883997666666666e+04
   3.0894691999999999e+04
   3.0905386333333332e+04
   3.0916080666666665e+04
   3.0926775000000001e+04
   3.0937469333333334e+04
   3.0948163666666667e+04
   3.0958858000000000e+04
   3.0969552333333333e+04
   3.0980246666666666e+04
   3.0990940999999999e+04
   3.1001635333333332e+04
   3.1012329666666668e+04
   3.1023024000000001e+04
   3.1033718333333334e+04
   3.1044412666666667e+04
   3.1055107000000000e+04
   3.1065801333333333e+04
   3.1076495666666666e+04
   3.1087189999999999e+04
   3.1097884333333332e+04
   3.1108578666666668e+04
   3.1119273000000001e+04
   3.1129967333333334e+04
   3.1140661666666667e+04
   3.1151356000000000e+04
   3.1162050333333333e+04
   3.1172744666666666e+04
   3.1183438999999998e+04
   3.1194133333333335e+04
   3.1204827666666668e+04
   3.1215522000000001e+04
   3.1226216333333334e+04
   3.1236910666666667e+04
   3.1247605000000000e+04
   3.1258299333333332e+04
   3.1268993666666665e+04
   3.1279687999999998e+04
   3.1290382333333335e+04
   3.1301076666666668e+04
   3.1311771000000001e+04
   3.1322465333333334e+04
   3.1333159666666666e+04
   3.1343853999999999e+04
   3.1354548333333332e+04
   3.1365242666666665e+04
   3.1375937000000002e+04
   3.1386631333333335e+04
   3.1397325666666668e+04
   3.1408020000000000e+04
   3.1418714333333333e+04
   3.1429408666666666e+04
   3.1440102999999999e+04
   3.1450797333333332e+04
   3.1461491666666665e+04
   3.1472186000000002e+04
   3.1482880333333334e+04
   3.1493574666666667e+04
   3.1504269000000000e+04
   3.1514963333333333e+04
   3.1525657666666666e+04
   3.1536351999999999e+04
   3.1547046333333332e+04
   3.1557740666666668e+04
   3.1568435000000001e+04
   3.1579129333333334e+04
   3.1589823666666667e+04
   3.1600518000000000e+04
   3.1611212333333333e+04
   3.1621906666666666e+04
   3.1632600999999999e+04
   3.1643295333333332e+04
   3.1653989666666668e+04
   3.1664684000000001e+04
   3.1675378333333334e+04
   3.1686072666666667e+04
   3.1696767000000000e+04
   3.1707461333333333e+04
   3.1718155666666666e+04
   3.1728849999999999e+04
   3.1739544333333335e+04
   3.1750238666666668e+04
   3.1760933000000001e+04
   3.1771627333333334e+04
   3.1782321666666667e+04
   3.1793016000000000e+04
   3.1803710333333333e+04
   3.1814404666666665e+04
   3.1825098999999998e+04
   3.1835793333333335e+04
   3.1846487666666668e+04
   3.1857182000000001e+04
   3.1867876333333334e+04
   3.1878570666666667e+04
   3.1889264999999999e+04
   3.1899959333333332e+04
   3.1910653666666665e+04
   3.1921348000000002e+04
   3.1932042333333335e+04
   3.1942736666666668e+04
   3.1953431000000000e+04
   3.1964125333333333e+04
   3.1974819666666666e+04
   3.1985513999999999e+04
   3.1996208333333332e+04
   3.2006902666666665e+04
   3.2017597000000002e+04
   3.2028291333333334e+04
   3.2038985666666667e+04
   3.2049680000000000e+04
   3.2060374333333333e+04
   3.2071068666666666e+04
   3.2081762999999999e+04
   3.2092457333333332e+04
   3.2103151666666668e+04
   3.2113846000000001e+04
   3.2124540333333334e+04
   3.2135234666666667e+04
   3.2145929000000000e+04
   3.2156623333333333e+04
   3.2167317666666666e+04
   3.2178011999999999e+04
   3.2188706333333332e+04
   3.2199400666666668e+04
   3.2210095000000001e+04
   3.2220789333333334e+04
   3.2231483666666667e+04
   3.2242178000000000e+04
   3.2252872333333333e+04
   3.2263566666666666e+04
   3.2274260999999999e+04
   3.2284955333333335e+04
   3.2295649666666668e+04
   3.2306344000000001e+04
   3.2317038333333334e+04
   3.2327732666666667e+04
   3.2338427000000000e+04
   3.2349121333333333e+04
   3.2359815666666665e+04
   3.2370509999999998e+04
   3.2381204333333335e+04
   3.2391898666666668e+04
   3.2402593000000001e+04
   3.2413287333333334e+04
   3.2423981666666667e+04
   3.2434675999999999e+04
   3.2445370333333332e+04
   3.2456064666666665e+04
   3.2466758999999998e+04
   3.2477453333333335e+04
   3.2488147666666668e+04
   3.2498842000000001e+04
   3.2509536333333333e+04
   3.2520230666666666e+04
   3.2530924999999999e+04
   3.2541619333333332e+04
   3.2552313666666665e+04
   3.2563008000000002e+04
   3.2573702333333335e+04
   3.2584396666666667e+04
   3.2595091000000000e+04
   3.2605785333333333e+04
   3.2616479666666666e+04
   3.2627173999999999e+04
   3.2637868333333332e+04
   3.2648562666666665e+04
   3.2659257000000001e+04
   3.2669951333333334e+04
   3.2680645666666667e+04
   3.2691340000000000e+04
   3.2702034333333333e+04
   3.2712728666666666e+04
   3.2723422999999999e+04
   3.2734117333333332e+04
   3.2744811666666668e+04
   3.2755506000000001e+04
   3.2766200333333334e+04
   3.2776894666666667e+04
   3.2787589000000000e+04
   3.2798283333333333e+04
   3.2808977666666666e+04
   3.2819671999999999e+04
   3.2830366333333332e+04
   3.2841060666666672e+04
   3.2851755000000005e+04
   3.2862449333333338e+04
   3.2873143666666670e+04
   3.2883838000000003e+04
   3.2894532333333336e+04
   3.2905226666666669e+04
   3.2915921000000002e+04
   3.2926615333333335e+04
   3.2937309666666668e+04
   3.2948004000000001e+04
   3.2958698333333334e+04
   3.2969392666666667e+04
   3.2980087000000000e+04
   3.2990781333333332e+04
   3.3001475666666665e+04
   3.3012169999999998e+04
   3.3022864333333331e+04
   3.3033558666666664e+04
   3.3044252999999997e+04
   3.3054947333333330e+04
   3.3065641666666663e+04
   3.3076335999999996e+04
   3.3087030333333329e+04
   3.3097724666666662e+04
   3.3108419000000002e+04
   3.3119113333333335e+04
   3.3129807666666668e+04
   3.3140502000000000e+04
   3.3151196333333333e+04
   3.3161890666666666e+04
   3.3172584999999999e+04
   3.3183279333333332e+04
   3.3193973666666665e+04
   3.3204668000000005e+04
   3.3215362333333338e+04
   3.3226056666666671e+04
   3.3236751000000004e+04
   3.3247445333333337e+04
   3.3258139666666670e+04
   3.3268834000000003e+04
   3.3279528333333335e+04
   3.3290222666666668e+04
   3.3300917000000001e+04
   3.3311611333333334e+04
   3.3322305666666667e+04
   3.3333000000000000e+04
