         7 = grain model
 3.000E-08 3.000E-01 4.500E-05 = a_01 (cm) , sigma_1 , b_C1
 3.000E-07 3.000E-01 1.500E-05 = a_02 (cm) , sigma_2 , b_C2
 5.000E-01 1.000E+05 2.500E+00 = Umin , Umax, beta (dN/dU propto U^{-beta})
 1.497E+00 = <U> 
     mmp83 = radfield

 band   nu*P_nu(band) j_nu(band)
 (um)   (erg s-1 H-1)(Jy sr-1 H-1)
1.270E+00  3.069E-26  1.034E-18 COBE-DIRBE
2.220E+00  7.116E-26  4.191E-18 COBE-DIRBE
3.530E+00  2.479E-25  2.321E-17 COBE-DIRBE
4.880E+00  1.138E-25  1.473E-17 COBE-DIRBE
1.229E+01  6.339E-25  2.067E-16 COBE-DIRBE
2.079E+01  5.020E-25  2.768E-16 COBE-DIRBE
5.599E+01  1.596E-24  2.371E-15 COBE-DIRBE
9.770E+01  3.375E-24  8.746E-15 COBE-DIRBE
1.479E+02  3.333E-24  1.308E-14 COBE-DIRBE
2.479E+02  1.396E-24  9.176E-15 COBE-DIRBE
1.200E+01  8.143E-25  2.592E-16 IRAS
2.500E+01  5.316E-25  3.525E-16 IRAS
6.000E+01  1.777E-24  2.829E-15 IRAS
1.000E+02  3.436E-24  9.114E-15 IRAS
3.548E+00  2.828E-25  2.662E-17 SST-IRAC
4.492E+00  9.701E-26  1.156E-17 SST-IRAC
5.661E+00  8.869E-25  1.332E-16 SST-IRAC
7.870E+00  1.827E-24  3.815E-16 SST-IRAC
2.400E+01  5.908E-25  3.761E-16 SST-MIPS
7.000E+01  2.325E-24  4.317E-15 SST-MIPS
1.600E+02  2.845E-24  1.208E-14 SST-MIPS

lambda     nu*dP/dnu      j_nu
  (um)   (erg s-1 H-1)  (Jy sr-1)
 1.000E+04  5.232E-31  1.388E-42
 9.908E+03  5.424E-31  1.425E-42
 9.817E+03  5.622E-31  1.464E-42
 9.727E+03  5.828E-31  1.504E-42
 9.638E+03  6.042E-31  1.545E-42
 9.550E+03  6.264E-31  1.587E-42
 9.462E+03  6.494E-31  1.630E-42
 9.376E+03  6.733E-31  1.675E-42
 9.290E+03  6.981E-31  1.720E-42
 9.204E+03  7.238E-31  1.767E-42
 9.120E+03  7.505E-31  1.816E-42
 9.036E+03  7.781E-31  1.865E-42
 8.954E+03  8.069E-31  1.916E-42
 8.872E+03  8.367E-31  1.969E-42
 8.790E+03  8.676E-31  2.023E-42
 8.710E+03  8.996E-31  2.078E-42
 8.630E+03  9.329E-31  2.136E-42
 8.551E+03  9.675E-31  2.194E-42
 8.472E+03  1.003E-30  2.255E-42
 8.395E+03  1.041E-30  2.317E-42
 8.318E+03  1.079E-30  2.381E-42
 8.241E+03  1.119E-30  2.447E-42
 8.166E+03  1.161E-30  2.514E-42
 8.091E+03  1.204E-30  2.584E-42
 8.017E+03  1.249E-30  2.656E-42
 7.943E+03  1.295E-30  2.729E-42
 7.870E+03  1.344E-30  2.805E-42
 7.798E+03  1.394E-30  2.883E-42
 7.727E+03  1.446E-30  2.963E-42
 7.656E+03  1.500E-30  3.045E-42
 7.586E+03  1.556E-30  3.130E-42
 7.516E+03  1.614E-30  3.217E-42
 7.447E+03  1.674E-30  3.307E-42
 7.379E+03  1.737E-30  3.400E-42
 7.311E+03  1.802E-30  3.495E-42
 7.244E+03  1.869E-30  3.592E-42
 7.178E+03  1.940E-30  3.693E-42
 7.112E+03  2.012E-30  3.796E-42
 7.047E+03  2.088E-30  3.903E-42
 6.982E+03  2.166E-30  4.012E-42
 6.918E+03  2.248E-30  4.125E-42
 6.855E+03  2.332E-30  4.241E-42
 6.792E+03  2.420E-30  4.361E-42
 6.730E+03  2.512E-30  4.483E-42
 6.668E+03  2.606E-30  4.610E-42
 6.607E+03  2.705E-30  4.740E-42
 6.546E+03  2.807E-30  4.874E-42
 6.486E+03  2.913E-30  5.012E-42
 6.427E+03  3.023E-30  5.153E-42
 6.368E+03  3.137E-30  5.299E-42
 6.310E+03  3.256E-30  5.449E-42
 6.252E+03  3.379E-30  5.604E-42
 6.194E+03  3.507E-30  5.763E-42
 6.138E+03  3.640E-30  5.927E-42
 6.081E+03  3.779E-30  6.095E-42
 6.026E+03  3.922E-30  6.269E-42
 5.970E+03  4.071E-30  6.447E-42
 5.916E+03  4.226E-30  6.631E-42
 5.861E+03  4.387E-30  6.820E-42
 5.808E+03  4.554E-30  7.015E-42
 5.754E+03  4.727E-30  7.215E-42
 5.702E+03  4.907E-30  7.422E-42
 5.649E+03  5.094E-30  7.634E-42
 5.598E+03  5.289E-30  7.853E-42
 5.546E+03  5.491E-30  8.078E-42
 5.495E+03  5.701E-30  8.310E-42
 5.445E+03  5.918E-30  8.548E-42
 5.395E+03  6.145E-30  8.794E-42
 5.346E+03  6.380E-30  9.047E-42
 5.297E+03  6.624E-30  9.307E-42
 5.248E+03  6.878E-30  9.575E-42
 5.200E+03  7.142E-30  9.851E-42
 5.152E+03  7.416E-30  1.014E-41
 5.105E+03  7.701E-30  1.043E-41
 5.058E+03  7.997E-30  1.073E-41
 5.012E+03  8.304E-30  1.104E-41
 4.966E+03  8.623E-30  1.136E-41
 4.920E+03  8.955E-30  1.169E-41
 4.875E+03  9.300E-30  1.203E-41
 4.831E+03  9.658E-30  1.238E-41
 4.786E+03  1.003E-29  1.273E-41
 4.742E+03  1.042E-29  1.310E-41
 4.699E+03  1.082E-29  1.348E-41
 4.656E+03  1.124E-29  1.388E-41
 4.613E+03  1.167E-29  1.428E-41
 4.571E+03  1.212E-29  1.470E-41
 4.529E+03  1.259E-29  1.513E-41
 4.487E+03  1.308E-29  1.557E-41
 4.446E+03  1.358E-29  1.602E-41
 4.406E+03  1.411E-29  1.649E-41
 4.365E+03  1.466E-29  1.697E-41
 4.325E+03  1.522E-29  1.747E-41
 4.285E+03  1.582E-29  1.798E-41
 4.246E+03  1.643E-29  1.850E-41
 4.207E+03  1.707E-29  1.905E-41
 4.169E+03  1.773E-29  1.961E-41
 4.130E+03  1.842E-29  2.018E-41
 4.093E+03  1.913E-29  2.077E-41
 4.055E+03  1.988E-29  2.138E-41
 4.018E+03  2.065E-29  2.201E-41
 3.981E+03  2.146E-29  2.266E-41
 3.945E+03  2.229E-29  2.333E-41
 3.908E+03  2.316E-29  2.401E-41
 3.873E+03  2.407E-29  2.472E-41
 3.837E+03  2.500E-29  2.545E-41
 3.802E+03  2.598E-29  2.620E-41
 3.767E+03  2.699E-29  2.697E-41
 3.733E+03  2.805E-29  2.777E-41
 3.698E+03  2.915E-29  2.859E-41
 3.664E+03  3.028E-29  2.944E-41
 3.631E+03  3.147E-29  3.031E-41
 3.597E+03  3.270E-29  3.120E-41
 3.565E+03  3.398E-29  3.213E-41
 3.532E+03  3.531E-29  3.308E-41
 3.499E+03  3.669E-29  3.406E-41
 3.467E+03  3.813E-29  3.507E-41
 3.436E+03  3.963E-29  3.611E-41
 3.404E+03  4.118E-29  3.719E-41
 3.373E+03  4.280E-29  3.829E-41
 3.342E+03  4.448E-29  3.943E-41
 3.311E+03  4.622E-29  4.060E-41
 3.281E+03  4.804E-29  4.181E-41
 3.251E+03  4.993E-29  4.305E-41
 3.221E+03  5.189E-29  4.433E-41
 3.192E+03  5.393E-29  4.565E-41
 3.162E+03  5.605E-29  4.701E-41
 3.133E+03  5.825E-29  4.842E-41
 3.105E+03  6.054E-29  4.986E-41
 3.076E+03  6.293E-29  5.135E-41
 3.048E+03  6.541E-29  5.288E-41
 3.020E+03  6.798E-29  5.446E-41
 2.992E+03  7.066E-29  5.608E-41
 2.965E+03  7.343E-29  5.775E-41
 2.938E+03  7.632E-29  5.947E-41
 2.911E+03  7.932E-29  6.125E-41
 2.884E+03  8.244E-29  6.307E-41
 2.858E+03  8.569E-29  6.495E-41
 2.831E+03  8.906E-29  6.689E-41
 2.805E+03  9.257E-29  6.889E-41
 2.780E+03  9.622E-29  7.094E-41
 2.754E+03  1.000E-28  7.306E-41
 2.729E+03  1.039E-28  7.525E-41
 2.704E+03  1.080E-28  7.750E-41
 2.679E+03  1.123E-28  7.981E-41
 2.655E+03  1.167E-28  8.220E-41
 2.630E+03  1.213E-28  8.466E-41
 2.606E+03  1.261E-28  8.719E-41
 2.582E+03  1.311E-28  8.980E-41
 2.559E+03  1.363E-28  9.249E-41
 2.535E+03  1.417E-28  9.526E-41
 2.512E+03  1.473E-28  9.812E-41
 2.489E+03  1.531E-28  1.011E-40
 2.466E+03  1.591E-28  1.041E-40
 2.443E+03  1.654E-28  1.072E-40
 2.421E+03  1.719E-28  1.104E-40
 2.399E+03  1.787E-28  1.137E-40
 2.377E+03  1.858E-28  1.171E-40
 2.355E+03  1.931E-28  1.206E-40
 2.333E+03  2.008E-28  1.243E-40
 2.312E+03  2.087E-28  1.280E-40
 2.291E+03  2.169E-28  1.318E-40
 2.270E+03  2.255E-28  1.358E-40
 2.249E+03  2.344E-28  1.399E-40
 2.228E+03  2.437E-28  1.440E-40
 2.208E+03  2.533E-28  1.484E-40
 2.188E+03  2.633E-28  1.528E-40
 2.168E+03  2.737E-28  1.574E-40
 2.148E+03  2.845E-28  1.621E-40
 2.128E+03  2.958E-28  1.670E-40
 2.109E+03  3.075E-28  1.720E-40
 2.089E+03  3.196E-28  1.771E-40
 2.070E+03  3.322E-28  1.824E-40
 2.051E+03  3.453E-28  1.879E-40
 2.032E+03  3.590E-28  1.935E-40
 2.014E+03  3.731E-28  1.993E-40
 1.995E+03  3.879E-28  2.053E-40
 1.977E+03  4.033E-28  2.115E-40
 1.959E+03  4.194E-28  2.179E-40
 1.941E+03  4.361E-28  2.245E-40
 1.923E+03  4.535E-28  2.313E-40
 1.905E+03  4.715E-28  2.383E-40
 1.888E+03  4.903E-28  2.456E-40
 1.871E+03  5.099E-28  2.530E-40
 1.854E+03  5.302E-28  2.607E-40
 1.837E+03  5.514E-28  2.686E-40
 1.820E+03  5.734E-28  2.768E-40
 1.803E+03  5.962E-28  2.852E-40
 1.786E+03  6.200E-28  2.938E-40
 1.770E+03  6.448E-28  3.027E-40
 1.754E+03  6.705E-28  3.119E-40
 1.738E+03  6.973E-28  3.214E-40
 1.722E+03  7.251E-28  3.312E-40
 1.706E+03  7.541E-28  3.413E-40
 1.690E+03  7.842E-28  3.516E-40
 1.675E+03  8.155E-28  3.623E-40
 1.660E+03  8.481E-28  3.734E-40
 1.644E+03  8.820E-28  3.847E-40
 1.629E+03  9.172E-28  3.964E-40
 1.614E+03  9.538E-28  4.085E-40
 1.600E+03  9.919E-28  4.209E-40
 1.585E+03  1.032E-27  4.337E-40
 1.570E+03  1.073E-27  4.469E-40
 1.556E+03  1.116E-27  4.604E-40
 1.542E+03  1.160E-27  4.744E-40
 1.528E+03  1.206E-27  4.889E-40
 1.514E+03  1.255E-27  5.037E-40
 1.500E+03  1.305E-27  5.190E-40
 1.486E+03  1.357E-27  5.348E-40
 1.472E+03  1.411E-27  5.511E-40
 1.459E+03  1.467E-27  5.678E-40
 1.445E+03  1.526E-27  5.851E-40
 1.432E+03  1.587E-27  6.028E-40
 1.419E+03  1.650E-27  6.212E-40
 1.406E+03  1.716E-27  6.400E-40
 1.393E+03  1.785E-27  6.595E-40
 1.380E+03  1.856E-27  6.795E-40
 1.368E+03  1.930E-27  7.001E-40
 1.355E+03  2.007E-27  7.214E-40
 1.343E+03  2.087E-27  7.432E-40
 1.330E+03  2.170E-27  7.658E-40
 1.318E+03  2.256E-27  7.890E-40
 1.306E+03  2.346E-27  8.129E-40
 1.294E+03  2.440E-27  8.375E-40
 1.282E+03  2.537E-27  8.629E-40
 1.271E+03  2.638E-27  8.890E-40
 1.259E+03  2.743E-27  9.159E-40
 1.247E+03  2.852E-27  9.435E-40
 1.236E+03  2.965E-27  9.720E-40
 1.225E+03  3.083E-27  1.001E-39
 1.213E+03  3.205E-27  1.032E-39
 1.202E+03  3.332E-27  1.063E-39
 1.191E+03  3.465E-27  1.095E-39
 1.180E+03  3.602E-27  1.128E-39
 1.169E+03  3.745E-27  1.162E-39
 1.159E+03  3.893E-27  1.197E-39
 1.148E+03  4.047E-27  1.233E-39
 1.138E+03  4.207E-27  1.270E-39
 1.127E+03  4.374E-27  1.308E-39
 1.117E+03  4.547E-27  1.347E-39
 1.107E+03  4.726E-27  1.387E-39
 1.096E+03  4.913E-27  1.429E-39
 1.086E+03  5.107E-27  1.472E-39
 1.076E+03  5.308E-27  1.516E-39
 1.067E+03  5.517E-27  1.561E-39
 1.057E+03  5.734E-27  1.607E-39
 1.047E+03  5.960E-27  1.655E-39
 1.038E+03  6.194E-27  1.705E-39
 1.028E+03  6.437E-27  1.755E-39
 1.019E+03  6.690E-27  1.808E-39
 1.009E+03  6.952E-27  1.861E-39
 1.000E+03  7.224E-27  1.916E-39
 9.908E+02  7.507E-27  1.973E-39
 9.817E+02  7.801E-27  2.031E-39
 9.727E+02  8.106E-27  2.092E-39
 9.638E+02  8.422E-27  2.153E-39
 9.550E+02  8.751E-27  2.217E-39
 9.462E+02  9.092E-27  2.282E-39
 9.376E+02  9.446E-27  2.349E-39
 9.290E+02  9.814E-27  2.418E-39
 9.204E+02  1.020E-26  2.489E-39
 9.120E+02  1.059E-26  2.562E-39
 9.036E+02  1.100E-26  2.637E-39
 8.954E+02  1.143E-26  2.714E-39
 8.872E+02  1.187E-26  2.793E-39
 8.790E+02  1.233E-26  2.874E-39
 8.710E+02  1.280E-26  2.958E-39
 8.630E+02  1.330E-26  3.044E-39
 8.551E+02  1.381E-26  3.132E-39
 8.472E+02  1.434E-26  3.223E-39
 8.395E+02  1.489E-26  3.316E-39
 8.318E+02  1.547E-26  3.412E-39
 8.241E+02  1.606E-26  3.511E-39
 8.166E+02  1.668E-26  3.612E-39
 8.091E+02  1.732E-26  3.717E-39
 8.017E+02  1.798E-26  3.824E-39
 7.943E+02  1.867E-26  3.934E-39
 7.870E+02  1.938E-26  4.047E-39
 7.798E+02  2.013E-26  4.163E-39
 7.727E+02  2.090E-26  4.283E-39
 7.656E+02  2.169E-26  4.406E-39
 7.586E+02  2.252E-26  4.532E-39
 7.516E+02  2.338E-26  4.661E-39
 7.447E+02  2.427E-26  4.795E-39
 7.379E+02  2.519E-26  4.932E-39
 7.311E+02  2.615E-26  5.072E-39
 7.244E+02  2.715E-26  5.217E-39
 7.178E+02  2.818E-26  5.365E-39
 7.112E+02  2.924E-26  5.517E-39
 7.047E+02  3.035E-26  5.674E-39
 6.982E+02  3.150E-26  5.834E-39
 6.918E+02  3.269E-26  6.000E-39
 6.855E+02  3.393E-26  6.169E-39
 6.792E+02  3.521E-26  6.344E-39
 6.730E+02  3.654E-26  6.522E-39
 6.668E+02  3.791E-26  6.706E-39
 6.607E+02  3.934E-26  6.894E-39
 6.546E+02  4.081E-26  7.087E-39
 6.486E+02  4.235E-26  7.286E-39
 6.427E+02  4.394E-26  7.490E-39
 6.368E+02  4.559E-26  7.700E-39
 6.310E+02  4.729E-26  7.915E-39
 6.252E+02  4.906E-26  8.136E-39
 6.194E+02  5.090E-26  8.363E-39
 6.138E+02  5.280E-26  8.595E-39
 6.081E+02  5.476E-26  8.834E-39
 6.026E+02  5.680E-26  9.079E-39
 5.970E+02  5.891E-26  9.330E-39
 5.916E+02  6.110E-26  9.588E-39
 5.861E+02  6.337E-26  9.852E-39
 5.808E+02  6.572E-26  1.012E-38
 5.754E+02  6.815E-26  1.040E-38
 5.702E+02  7.066E-26  1.069E-38
 5.649E+02  7.327E-26  1.098E-38
 5.598E+02  7.596E-26  1.128E-38
 5.546E+02  7.875E-26  1.159E-38
 5.495E+02  8.164E-26  1.190E-38
 5.445E+02  8.463E-26  1.222E-38
 5.395E+02  8.772E-26  1.255E-38
 5.346E+02  9.092E-26  1.289E-38
 5.297E+02  9.424E-26  1.324E-38
 5.248E+02  9.766E-26  1.360E-38
 5.200E+02  1.012E-25  1.396E-38
 5.152E+02  1.049E-25  1.433E-38
 5.105E+02  1.087E-25  1.472E-38
 5.058E+02  1.126E-25  1.511E-38
 5.012E+02  1.167E-25  1.551E-38
 4.966E+02  1.208E-25  1.592E-38
 4.920E+02  1.252E-25  1.634E-38
 4.875E+02  1.297E-25  1.677E-38
 4.831E+02  1.343E-25  1.721E-38
 4.786E+02  1.391E-25  1.766E-38
 4.742E+02  1.441E-25  1.812E-38
 4.699E+02  1.492E-25  1.860E-38
 4.656E+02  1.545E-25  1.908E-38
 4.613E+02  1.600E-25  1.957E-38
 4.571E+02  1.656E-25  2.008E-38
 4.529E+02  1.714E-25  2.060E-38
 4.487E+02  1.775E-25  2.112E-38
 4.446E+02  1.837E-25  2.166E-38
 4.406E+02  1.901E-25  2.222E-38
 4.365E+02  1.967E-25  2.278E-38
 4.325E+02  2.036E-25  2.336E-38
 4.285E+02  2.106E-25  2.395E-38
 4.246E+02  2.179E-25  2.455E-38
 4.207E+02  2.255E-25  2.516E-38
 4.169E+02  2.332E-25  2.579E-38
 4.130E+02  2.412E-25  2.643E-38
 4.093E+02  2.495E-25  2.708E-38
 4.055E+02  2.580E-25  2.775E-38
 4.018E+02  2.668E-25  2.843E-38
 3.981E+02  2.758E-25  2.913E-38
 3.945E+02  2.852E-25  2.984E-38
 3.908E+02  2.948E-25  3.056E-38
 3.873E+02  3.047E-25  3.130E-38
 3.837E+02  3.149E-25  3.205E-38
 3.802E+02  3.255E-25  3.282E-38
 3.767E+02  3.363E-25  3.360E-38
 3.733E+02  3.474E-25  3.440E-38
 3.698E+02  3.589E-25  3.521E-38
 3.664E+02  3.708E-25  3.604E-38
 3.631E+02  3.829E-25  3.688E-38
 3.597E+02  3.955E-25  3.774E-38
 3.565E+02  4.084E-25  3.861E-38
 3.532E+02  4.216E-25  3.950E-38
 3.499E+02  4.353E-25  4.040E-38
 3.467E+02  4.493E-25  4.132E-38
 3.436E+02  4.637E-25  4.226E-38
 3.404E+02  4.785E-25  4.321E-38
 3.373E+02  4.937E-25  4.417E-38
 3.342E+02  5.094E-25  4.515E-38
 3.311E+02  5.254E-25  4.615E-38
 3.281E+02  5.419E-25  4.716E-38
 3.251E+02  5.589E-25  4.819E-38
 3.221E+02  5.763E-25  4.924E-38
 3.192E+02  5.941E-25  5.030E-38
 3.162E+02  6.125E-25  5.137E-38
 3.133E+02  6.312E-25  5.246E-38
 3.105E+02  6.505E-25  5.357E-38
 3.076E+02  6.703E-25  5.469E-38
 3.048E+02  6.906E-25  5.583E-38
 3.020E+02  7.114E-25  5.699E-38
 2.992E+02  7.327E-25  5.815E-38
 2.965E+02  7.545E-25  5.934E-38
 2.938E+02  7.769E-25  6.054E-38
 2.911E+02  7.998E-25  6.175E-38
 2.884E+02  8.233E-25  6.298E-38
 2.858E+02  8.473E-25  6.423E-38
 2.831E+02  8.719E-25  6.548E-38
 2.805E+02  8.970E-25  6.675E-38
 2.780E+02  9.227E-25  6.804E-38
 2.754E+02  9.490E-25  6.933E-38
 2.729E+02  9.764E-25  7.068E-38
 2.704E+02  1.004E-24  7.203E-38
 2.679E+02  1.033E-24  7.339E-38
 2.655E+02  1.062E-24  7.475E-38
 2.630E+02  1.091E-24  7.611E-38
 2.606E+02  1.121E-24  7.748E-38
 2.582E+02  1.151E-24  7.884E-38
 2.559E+02  1.182E-24  8.020E-38
 2.535E+02  1.213E-24  8.156E-38
 2.512E+02  1.245E-24  8.292E-38
 2.489E+02  1.276E-24  8.425E-38
 2.466E+02  1.308E-24  8.554E-38
 2.443E+02  1.340E-24  8.684E-38
 2.421E+02  1.372E-24  8.813E-38
 2.399E+02  1.405E-24  8.941E-38
 2.377E+02  1.438E-24  9.069E-38
 2.355E+02  1.472E-24  9.196E-38
 2.333E+02  1.506E-24  9.323E-38
 2.312E+02  1.541E-24  9.448E-38
 2.291E+02  1.575E-24  9.573E-38
 2.270E+02  1.611E-24  9.697E-38
 2.249E+02  1.646E-24  9.820E-38
 2.228E+02  1.682E-24  9.942E-38
 2.208E+02  1.718E-24  1.006E-37
 2.188E+02  1.755E-24  1.018E-37
 2.168E+02  1.792E-24  1.030E-37
 2.148E+02  1.829E-24  1.042E-37
 2.128E+02  1.867E-24  1.054E-37
 2.109E+02  1.905E-24  1.065E-37
 2.089E+02  1.943E-24  1.077E-37
 2.070E+02  1.981E-24  1.088E-37
 2.051E+02  2.020E-24  1.099E-37
 2.032E+02  2.059E-24  1.110E-37
 2.014E+02  2.098E-24  1.121E-37
 1.995E+02  2.137E-24  1.131E-37
 1.977E+02  2.177E-24  1.142E-37
 1.959E+02  2.217E-24  1.152E-37
 1.941E+02  2.257E-24  1.162E-37
 1.923E+02  2.297E-24  1.171E-37
 1.905E+02  2.337E-24  1.181E-37
 1.888E+02  2.377E-24  1.190E-37
 1.871E+02  2.417E-24  1.200E-37
 1.854E+02  2.458E-24  1.208E-37
 1.837E+02  2.498E-24  1.217E-37
 1.820E+02  2.539E-24  1.225E-37
 1.803E+02  2.579E-24  1.234E-37
 1.786E+02  2.620E-24  1.241E-37
 1.770E+02  2.660E-24  1.249E-37
 1.754E+02  2.701E-24  1.257E-37
 1.738E+02  2.741E-24  1.264E-37
 1.722E+02  2.782E-24  1.271E-37
 1.706E+02  2.822E-24  1.277E-37
 1.690E+02  2.863E-24  1.284E-37
 1.675E+02  2.903E-24  1.290E-37
 1.660E+02  2.943E-24  1.296E-37
 1.644E+02  2.984E-24  1.301E-37
 1.629E+02  3.024E-24  1.307E-37
 1.614E+02  3.064E-24  1.312E-37
 1.600E+02  3.104E-24  1.317E-37
 1.585E+02  3.144E-24  1.322E-37
 1.570E+02  3.184E-24  1.326E-37
 1.556E+02  3.224E-24  1.331E-37
 1.542E+02  3.264E-24  1.335E-37
 1.528E+02  3.304E-24  1.339E-37
 1.514E+02  3.344E-24  1.342E-37
 1.500E+02  3.383E-24  1.346E-37
 1.486E+02  3.422E-24  1.349E-37
 1.472E+02  3.461E-24  1.352E-37
 1.459E+02  3.498E-24  1.354E-37
 1.445E+02  3.535E-24  1.355E-37
 1.432E+02  3.569E-24  1.356E-37
 1.419E+02  3.599E-24  1.355E-37
 1.406E+02  3.627E-24  1.353E-37
 1.393E+02  3.650E-24  1.349E-37
 1.380E+02  3.669E-24  1.343E-37
 1.368E+02  3.683E-24  1.336E-37
 1.355E+02  3.693E-24  1.328E-37
 1.343E+02  3.701E-24  1.318E-37
 1.330E+02  3.706E-24  1.308E-37
 1.318E+02  3.710E-24  1.297E-37
 1.306E+02  3.714E-24  1.287E-37
 1.294E+02  3.716E-24  1.276E-37
 1.282E+02  3.718E-24  1.265E-37
 1.271E+02  3.719E-24  1.254E-37
 1.259E+02  3.721E-24  1.243E-37
 1.247E+02  3.722E-24  1.231E-37
 1.236E+02  3.722E-24  1.220E-37
 1.225E+02  3.722E-24  1.209E-37
 1.213E+02  3.721E-24  1.198E-37
 1.202E+02  3.720E-24  1.186E-37
 1.191E+02  3.719E-24  1.175E-37
 1.180E+02  3.716E-24  1.163E-37
 1.169E+02  3.713E-24  1.152E-37
 1.159E+02  3.709E-24  1.140E-37
 1.148E+02  3.704E-24  1.128E-37
 1.138E+02  3.698E-24  1.116E-37
 1.127E+02  3.692E-24  1.104E-37
 1.117E+02  3.685E-24  1.092E-37
 1.107E+02  3.677E-24  1.079E-37
 1.096E+02  3.668E-24  1.067E-37
 1.086E+02  3.659E-24  1.054E-37
 1.076E+02  3.648E-24  1.042E-37
 1.067E+02  3.636E-24  1.029E-37
 1.057E+02  3.624E-24  1.016E-37
 1.047E+02  3.610E-24  1.003E-37
 1.038E+02  3.596E-24  9.896E-38
 1.028E+02  3.579E-24  9.760E-38
 1.019E+02  3.563E-24  9.626E-38
 1.009E+02  3.545E-24  9.491E-38
 1.000E+02  3.527E-24  9.355E-38
 9.908E+01  3.507E-24  9.218E-38
 9.817E+01  3.487E-24  9.080E-38
 9.727E+01  3.466E-24  8.942E-38
 9.638E+01  3.443E-24  8.804E-38
 9.550E+01  3.420E-24  8.665E-38
 9.462E+01  3.397E-24  8.525E-38
 9.376E+01  3.372E-24  8.386E-38
 9.290E+01  3.346E-24  8.246E-38
 9.204E+01  3.320E-24  8.106E-38
 9.120E+01  3.293E-24  7.966E-38
 9.036E+01  3.265E-24  7.826E-38
 8.954E+01  3.237E-24  7.687E-38
 8.872E+01  3.208E-24  7.548E-38
 8.790E+01  3.178E-24  7.410E-38
 8.710E+01  3.147E-24  7.269E-38
 8.630E+01  3.116E-24  7.132E-38
 8.551E+01  3.085E-24  6.996E-38
 8.472E+01  3.052E-24  6.859E-38
 8.395E+01  3.020E-24  6.725E-38
 8.318E+01  2.987E-24  6.591E-38
 8.241E+01  2.954E-24  6.458E-38
 8.166E+01  2.921E-24  6.327E-38
 8.091E+01  2.887E-24  6.197E-38
 8.017E+01  2.854E-24  6.068E-38
 7.943E+01  2.819E-24  5.940E-38
 7.870E+01  2.785E-24  5.814E-38
 7.798E+01  2.750E-24  5.689E-38
 7.727E+01  2.715E-24  5.565E-38
 7.656E+01  2.680E-24  5.443E-38
 7.586E+01  2.645E-24  5.323E-38
 7.516E+01  2.610E-24  5.204E-38
 7.447E+01  2.574E-24  5.086E-38
 7.379E+01  2.538E-24  4.968E-38
 7.311E+01  2.503E-24  4.854E-38
 7.244E+01  2.465E-24  4.738E-38
 7.178E+01  2.430E-24  4.626E-38
 7.112E+01  2.395E-24  4.517E-38
 7.047E+01  2.359E-24  4.410E-38
 6.982E+01  2.325E-24  4.306E-38
 6.918E+01  2.290E-24  4.202E-38
 6.855E+01  2.255E-24  4.101E-38
 6.792E+01  2.221E-24  4.001E-38
 6.730E+01  2.186E-24  3.903E-38
 6.668E+01  2.152E-24  3.807E-38
 6.607E+01  2.119E-24  3.713E-38
 6.546E+01  2.085E-24  3.620E-38
 6.486E+01  2.052E-24  3.530E-38
 6.427E+01  2.019E-24  3.442E-38
 6.368E+01  1.986E-24  3.355E-38
 6.310E+01  1.953E-24  3.269E-38
 6.252E+01  1.921E-24  3.186E-38
 6.194E+01  1.890E-24  3.105E-38
 6.138E+01  1.859E-24  3.026E-38
 6.081E+01  1.828E-24  2.948E-38
 6.026E+01  1.797E-24  2.873E-38
 5.970E+01  1.767E-24  2.799E-38
 5.916E+01  1.738E-24  2.727E-38
 5.861E+01  1.708E-24  2.656E-38
 5.808E+01  1.679E-24  2.587E-38
 5.754E+01  1.651E-24  2.520E-38
 5.702E+01  1.623E-24  2.455E-38
 5.649E+01  1.596E-24  2.391E-38
 5.598E+01  1.569E-24  2.329E-38
 5.546E+01  1.542E-24  2.269E-38
 5.495E+01  1.516E-24  2.210E-38
 5.445E+01  1.491E-24  2.153E-38
 5.395E+01  1.466E-24  2.097E-38
 5.346E+01  1.441E-24  2.043E-38
 5.297E+01  1.415E-24  1.989E-38
 5.248E+01  1.391E-24  1.937E-38
 5.200E+01  1.368E-24  1.887E-38
 5.152E+01  1.345E-24  1.838E-38
 5.105E+01  1.322E-24  1.790E-38
 5.058E+01  1.300E-24  1.744E-38
 5.012E+01  1.278E-24  1.698E-38
 4.966E+01  1.256E-24  1.655E-38
 4.920E+01  1.235E-24  1.612E-38
 4.875E+01  1.215E-24  1.571E-38
 4.831E+01  1.195E-24  1.531E-38
 4.786E+01  1.175E-24  1.492E-38
 4.742E+01  1.156E-24  1.454E-38
 4.699E+01  1.137E-24  1.418E-38
 4.656E+01  1.119E-24  1.382E-38
 4.613E+01  1.101E-24  1.347E-38
 4.571E+01  1.083E-24  1.313E-38
 4.529E+01  1.066E-24  1.281E-38
 4.487E+01  1.049E-24  1.248E-38
 4.446E+01  1.032E-24  1.217E-38
 4.406E+01  1.016E-24  1.187E-38
 4.365E+01  1.000E-24  1.158E-38
 4.325E+01  9.846E-25  1.130E-38
 4.285E+01  9.688E-25  1.101E-38
 4.246E+01  9.541E-25  1.075E-38
 4.207E+01  9.386E-25  1.048E-38
 4.169E+01  9.244E-25  1.022E-38
 4.130E+01  9.104E-25  9.975E-39
 4.093E+01  8.969E-25  9.736E-39
 4.055E+01  8.836E-25  9.505E-39
 4.018E+01  8.706E-25  9.279E-39
 3.981E+01  8.580E-25  9.060E-39
 3.945E+01  8.456E-25  8.848E-39
 3.908E+01  8.335E-25  8.641E-39
 3.873E+01  8.217E-25  8.440E-39
 3.837E+01  8.099E-25  8.243E-39
 3.802E+01  7.982E-25  8.050E-39
 3.767E+01  7.871E-25  7.865E-39
 3.733E+01  7.755E-25  7.678E-39
 3.698E+01  7.647E-25  7.502E-39
 3.664E+01  7.542E-25  7.331E-39
 3.631E+01  7.439E-25  7.164E-39
 3.597E+01  7.327E-25  6.992E-39
 3.565E+01  7.224E-25  6.830E-39
 3.532E+01  7.127E-25  6.677E-39
 3.499E+01  7.026E-25  6.522E-39
 3.467E+01  6.931E-25  6.375E-39
 3.436E+01  6.839E-25  6.232E-39
 3.404E+01  6.747E-25  6.092E-39
 3.373E+01  6.658E-25  5.957E-39
 3.342E+01  6.572E-25  5.826E-39
 3.311E+01  6.486E-25  5.697E-39
 3.281E+01  6.400E-25  5.570E-39
 3.251E+01  6.316E-25  5.446E-39
 3.221E+01  6.234E-25  5.326E-39
 3.192E+01  6.151E-25  5.207E-39
 3.162E+01  6.065E-25  5.087E-39
 3.133E+01  5.985E-25  4.974E-39
 3.105E+01  5.895E-25  4.855E-39
 3.076E+01  5.813E-25  4.743E-39
 3.048E+01  5.734E-25  4.636E-39
 3.020E+01  5.650E-25  4.526E-39
 2.992E+01  5.570E-25  4.421E-39
 2.965E+01  5.489E-25  4.317E-39
 2.938E+01  5.405E-25  4.212E-39
 2.911E+01  5.319E-25  4.107E-39
 2.884E+01  5.238E-25  4.007E-39
 2.858E+01  5.158E-25  3.910E-39
 2.831E+01  5.078E-25  3.814E-39
 2.805E+01  4.998E-25  3.720E-39
 2.780E+01  4.919E-25  3.627E-39
 2.754E+01  4.836E-25  3.533E-39
 2.729E+01  4.756E-25  3.443E-39
 2.704E+01  4.680E-25  3.357E-39
 2.679E+01  4.606E-25  3.273E-39
 2.655E+01  4.528E-25  3.188E-39
 2.630E+01  4.456E-25  3.109E-39
 2.606E+01  4.386E-25  3.032E-39
 2.582E+01  4.328E-25  2.965E-39
 2.559E+01  4.277E-25  2.903E-39
 2.535E+01  4.237E-25  2.850E-39
 2.512E+01  4.213E-25  2.807E-39
 2.489E+01  4.206E-25  2.777E-39
 2.466E+01  4.228E-25  2.766E-39
 2.443E+01  4.292E-25  2.782E-39
 2.421E+01  4.430E-25  2.845E-39
 2.399E+01  4.677E-25  2.976E-39
 2.377E+01  5.103E-25  3.217E-39
 2.355E+01  5.785E-25  3.614E-39
 2.333E+01  6.678E-25  4.134E-39
 2.312E+01  7.224E-25  4.430E-39
 2.291E+01  6.802E-25  4.134E-39
 2.270E+01  5.991E-25  3.607E-39
 2.249E+01  5.464E-25  3.259E-39
 2.228E+01  5.354E-25  3.165E-39
 2.208E+01  5.693E-25  3.334E-39
 2.188E+01  6.610E-25  3.836E-39
 2.168E+01  8.432E-25  4.849E-39
 2.148E+01  1.159E-24  6.602E-39
 2.128E+01  1.491E-24  8.417E-39
 2.109E+01  1.413E-24  7.906E-39
 2.089E+01  1.015E-24  5.624E-39
 2.070E+01  6.996E-25  3.841E-39
 2.051E+01  5.158E-25  2.806E-39
 2.032E+01  4.109E-25  2.215E-39
 2.014E+01  3.481E-25  1.859E-39
 1.995E+01  3.089E-25  1.635E-39
 1.977E+01  2.840E-25  1.489E-39
 1.959E+01  2.684E-25  1.395E-39
 1.941E+01  2.612E-25  1.345E-39
 1.923E+01  2.619E-25  1.336E-39
 1.905E+01  2.730E-25  1.380E-39
 1.888E+01  3.002E-25  1.503E-39
 1.871E+01  3.561E-25  1.767E-39
 1.854E+01  4.616E-25  2.270E-39
 1.837E+01  6.074E-25  2.959E-39
 1.820E+01  6.365E-25  3.072E-39
 1.803E+01  4.893E-25  2.340E-39
 1.786E+01  3.506E-25  1.662E-39
 1.770E+01  2.691E-25  1.264E-39
 1.754E+01  2.231E-25  1.038E-39
 1.738E+01  1.962E-25  9.046E-40
 1.722E+01  1.808E-25  8.260E-40
 1.706E+01  1.740E-25  7.875E-40
 1.690E+01  1.777E-25  7.968E-40
 1.675E+01  2.044E-25  9.083E-40
 1.660E+01  3.251E-25  1.431E-39
 1.644E+01  1.167E-24  5.089E-39
 1.629E+01  5.981E-25  2.585E-39
 1.614E+01  2.308E-25  9.882E-40
 1.600E+01  1.593E-25  6.759E-40
 1.585E+01  1.337E-25  5.622E-40
 1.570E+01  1.212E-25  5.051E-40
 1.556E+01  1.139E-25  4.700E-40
 1.542E+01  1.090E-25  4.458E-40
 1.528E+01  1.056E-25  4.278E-40
 1.514E+01  1.031E-25  4.140E-40
 1.500E+01  1.015E-25  4.037E-40
 1.486E+01  1.004E-25  3.958E-40
 1.472E+01  9.992E-26  3.902E-40
 1.459E+01  9.995E-26  3.868E-40
 1.445E+01  1.006E-25  3.859E-40
 1.432E+01  1.020E-25  3.875E-40
 1.419E+01  1.042E-25  3.923E-40
 1.406E+01  1.075E-25  4.009E-40
 1.393E+01  1.120E-25  4.140E-40
 1.380E+01  1.184E-25  4.334E-40
 1.368E+01  1.271E-25  4.610E-40
 1.355E+01  1.394E-25  5.012E-40
 1.343E+01  1.576E-25  5.613E-40
 1.330E+01  1.857E-25  6.554E-40
 1.318E+01  2.331E-25  8.150E-40
 1.306E+01  3.225E-25  1.117E-39
 1.294E+01  5.170E-25  1.775E-39
 1.282E+01  9.825E-25  3.342E-39
 1.271E+01  1.574E-24  5.304E-39
 1.259E+01  1.081E-24  3.610E-39
 1.247E+01  6.024E-25  1.993E-39
 1.236E+01  4.228E-25  1.386E-39
 1.225E+01  3.779E-25  1.227E-39
 1.213E+01  4.230E-25  1.361E-39
 1.202E+01  5.936E-25  1.893E-39
 1.191E+01  8.369E-25  2.645E-39
 1.180E+01  7.247E-25  2.269E-39
 1.169E+01  6.220E-25  1.930E-39
 1.159E+01  7.529E-25  2.314E-39
 1.148E+01  1.304E-24  3.971E-39
 1.138E+01  3.165E-24  9.550E-39
 1.127E+01  4.563E-24  1.364E-38
 1.117E+01  1.897E-24  5.621E-39
 1.107E+01  8.866E-25  2.603E-39
 1.096E+01  5.412E-25  1.574E-39
 1.086E+01  3.933E-25  1.133E-39
 1.076E+01  3.195E-25  9.124E-40
 1.067E+01  2.796E-25  7.910E-40
 1.057E+01  2.572E-25  7.211E-40
 1.047E+01  2.451E-25  6.807E-40
 1.038E+01  2.394E-25  6.587E-40
 1.028E+01  2.381E-25  6.491E-40
 1.019E+01  2.400E-25  6.484E-40
 1.009E+01  2.449E-25  6.555E-40
 1.000E+01  2.524E-25  6.694E-40
 9.908E+00  2.626E-25  6.901E-40
 9.817E+00  2.756E-25  7.178E-40
 9.727E+00  2.917E-25  7.527E-40
 9.638E+00  3.113E-25  7.959E-40
 9.550E+00  3.349E-25  8.483E-40
 9.462E+00  3.634E-25  9.121E-40
 9.376E+00  3.982E-25  9.904E-40
 9.290E+00  4.418E-25  1.089E-39
 9.204E+00  4.977E-25  1.215E-39
 9.120E+00  5.717E-25  1.383E-39
 9.036E+00  6.734E-25  1.614E-39
 8.954E+00  8.197E-25  1.947E-39
 8.872E+00  1.038E-24  2.442E-39
 8.790E+00  1.367E-24  3.188E-39
 8.710E+00  1.821E-24  4.207E-39
 8.630E+00  2.235E-24  5.117E-39
 8.551E+00  2.270E-24  5.150E-39
 8.472E+00  1.999E-24  4.492E-39
 8.395E+00  1.766E-24  3.932E-39
 8.318E+00  1.686E-24  3.720E-39
 8.241E+00  1.745E-24  3.815E-39
 8.166E+00  1.921E-24  4.161E-39
 8.091E+00  2.205E-24  4.733E-39
 8.017E+00  2.596E-24  5.520E-39
 7.943E+00  3.081E-24  6.492E-39
 7.870E+00  3.615E-24  7.548E-39
 7.798E+00  4.096E-24  8.472E-39
 7.727E+00  4.370E-24  8.956E-39
 7.656E+00  4.322E-24  8.778E-39
 7.586E+00  3.970E-24  7.989E-39
 7.516E+00  3.445E-24  6.868E-39
 7.447E+00  2.890E-24  5.708E-39
 7.379E+00  2.389E-24  4.676E-39
 7.311E+00  1.973E-24  3.827E-39
 7.244E+00  1.641E-24  3.154E-39
 7.178E+00  1.381E-24  2.629E-39
 7.112E+00  1.178E-24  2.222E-39
 7.047E+00  1.019E-24  1.906E-39
 6.982E+00  8.969E-25  1.661E-39
 6.918E+00  8.028E-25  1.473E-39
 6.855E+00  7.324E-25  1.332E-39
 6.792E+00  6.828E-25  1.230E-39
 6.730E+00  6.531E-25  1.166E-39
 6.668E+00  6.446E-25  1.140E-39
 6.607E+00  6.619E-25  1.160E-39
 6.546E+00  7.151E-25  1.242E-39
 6.486E+00  8.252E-25  1.420E-39
 6.427E+00  1.037E-24  1.767E-39
 6.368E+00  1.448E-24  2.446E-39
 6.310E+00  2.266E-24  3.793E-39
 6.252E+00  3.699E-24  6.134E-39
 6.194E+00  4.586E-24  7.535E-39
 6.138E+00  3.350E-24  5.455E-39
 6.081E+00  1.994E-24  3.217E-39
 6.026E+00  1.246E-24  1.992E-39
 5.970E+00  8.525E-25  1.350E-39
 5.916E+00  6.299E-25  9.884E-40
 5.861E+00  4.935E-25  7.674E-40
 5.808E+00  4.041E-25  6.225E-40
 5.754E+00  3.420E-25  5.220E-40
 5.702E+00  2.969E-25  4.490E-40
 5.649E+00  2.629E-25  3.940E-40
 5.598E+00  2.366E-25  3.513E-40
 5.546E+00  2.156E-25  3.172E-40
 5.495E+00  1.986E-25  2.894E-40
 5.445E+00  1.845E-25  2.664E-40
 5.395E+00  1.726E-25  2.471E-40
 5.346E+00  1.626E-25  2.305E-40
 5.297E+00  1.539E-25  2.163E-40
 5.248E+00  1.464E-25  2.039E-40
 5.200E+00  1.399E-25  1.930E-40
 5.152E+00  1.341E-25  1.833E-40
 5.105E+00  1.290E-25  1.747E-40
 5.058E+00  1.245E-25  1.670E-40
 5.012E+00  1.204E-25  1.601E-40
 4.966E+00  1.168E-25  1.538E-40
 4.920E+00  1.135E-25  1.481E-40
 4.875E+00  1.105E-25  1.429E-40
 4.831E+00  1.078E-25  1.382E-40
 4.786E+00  1.054E-25  1.338E-40
 4.742E+00  1.032E-25  1.298E-40
 4.699E+00  1.012E-25  1.261E-40
 4.656E+00  9.936E-26  1.227E-40
 4.613E+00  9.770E-26  1.196E-40
 4.571E+00  9.619E-26  1.166E-40
 4.529E+00  9.481E-26  1.139E-40
 4.487E+00  9.356E-26  1.114E-40
 4.446E+00  9.243E-26  1.090E-40
 4.406E+00  9.140E-26  1.068E-40
 4.365E+00  9.047E-26  1.048E-40
 4.325E+00  8.964E-26  1.028E-40
 4.285E+00  8.889E-26  1.010E-40
 4.246E+00  8.822E-26  9.936E-41
 4.207E+00  8.763E-26  9.780E-41
 4.169E+00  8.712E-26  9.633E-41
 4.130E+00  8.668E-26  9.497E-41
 4.093E+00  8.631E-26  9.370E-41
 4.055E+00  8.601E-26  9.252E-41
 4.018E+00  8.579E-26  9.144E-41
 3.981E+00  8.565E-26  9.044E-41
 3.945E+00  8.558E-26  8.954E-41
 3.908E+00  8.560E-26  8.874E-41
 3.873E+00  8.572E-26  8.805E-41
 3.837E+00  8.595E-26  8.748E-41
 3.802E+00  8.631E-26  8.704E-41
 3.767E+00  8.683E-26  8.677E-41
 3.733E+00  8.755E-26  8.669E-41
 3.698E+00  8.853E-26  8.685E-41
 3.664E+00  8.984E-26  8.732E-41
 3.631E+00  9.161E-26  8.823E-41
 3.597E+00  9.405E-26  8.974E-41
 3.565E+00  9.745E-26  9.214E-41
 3.532E+00  1.024E-25  9.591E-41
 3.499E+00  1.098E-25  1.019E-40
 3.467E+00  1.217E-25  1.119E-40
 3.436E+00  1.424E-25  1.298E-40
 3.404E+00  1.832E-25  1.654E-40
 3.373E+00  2.805E-25  2.510E-40
 3.342E+00  6.025E-25  5.341E-40
 3.311E+00  2.184E-24  1.918E-39
 3.281E+00  1.518E-24  1.321E-39
 3.251E+00  4.617E-25  3.981E-40
 3.221E+00  2.381E-25  2.034E-40
 3.192E+00  1.638E-25  1.387E-40
 3.162E+00  1.309E-25  1.098E-40
 3.133E+00  1.138E-25  9.461E-41
 3.105E+00  1.037E-25  8.541E-41
 3.076E+00  9.728E-26  7.938E-41
 3.048E+00  9.294E-26  7.514E-41
 3.020E+00  8.985E-26  7.197E-41
 2.992E+00  8.760E-26  6.953E-41
 2.965E+00  8.587E-26  6.753E-41
 2.938E+00  8.452E-26  6.586E-41
 2.911E+00  8.345E-26  6.443E-41
 2.884E+00  8.256E-26  6.316E-41
 2.858E+00  8.183E-26  6.203E-41
 2.831E+00  8.120E-26  6.098E-41
 2.805E+00  8.066E-26  6.003E-41
 2.780E+00  8.018E-26  5.912E-41
 2.754E+00  7.973E-26  5.825E-41
 2.729E+00  7.935E-26  5.744E-41
 2.704E+00  7.897E-26  5.664E-41
 2.679E+00  7.862E-26  5.587E-41
 2.655E+00  7.828E-26  5.512E-41
 2.630E+00  7.796E-26  5.439E-41
 2.606E+00  7.763E-26  5.367E-41
 2.582E+00  7.730E-26  5.295E-41
 2.559E+00  7.697E-26  5.224E-41
 2.535E+00  7.664E-26  5.154E-41
 2.512E+00  7.632E-26  5.085E-41
 2.489E+00  7.599E-26  5.017E-41
 2.466E+00  7.565E-26  4.949E-41
 2.443E+00  7.532E-26  4.882E-41
 2.421E+00  7.497E-26  4.815E-41
 2.399E+00  7.463E-26  4.749E-41
 2.377E+00  7.427E-26  4.683E-41
 2.355E+00  7.391E-26  4.617E-41
 2.333E+00  7.354E-26  4.552E-41
 2.312E+00  7.316E-26  4.487E-41
 2.291E+00  7.277E-26  4.422E-41
 2.270E+00  7.238E-26  4.358E-41
 2.249E+00  7.197E-26  4.294E-41
 2.228E+00  7.156E-26  4.230E-41
 2.208E+00  7.113E-26  4.166E-41
 2.188E+00  7.070E-26  4.103E-41
 2.168E+00  7.025E-26  4.040E-41
 2.148E+00  6.980E-26  3.977E-41
 2.128E+00  6.933E-26  3.914E-41
 2.109E+00  6.884E-26  3.851E-41
 2.089E+00  6.834E-26  3.787E-41
 2.070E+00  6.783E-26  3.725E-41
 2.051E+00  6.730E-26  3.662E-41
 2.032E+00  6.677E-26  3.600E-41
 2.014E+00  6.622E-26  3.537E-41
 1.995E+00  6.567E-26  3.476E-41
 1.977E+00  6.511E-26  3.414E-41
 1.959E+00  6.453E-26  3.353E-41
 1.941E+00  6.395E-26  3.292E-41
 1.923E+00  6.336E-26  3.232E-41
 1.905E+00  6.276E-26  3.172E-41
 1.888E+00  6.215E-26  3.112E-41
 1.871E+00  6.153E-26  3.053E-41
 1.854E+00  6.090E-26  2.994E-41
 1.837E+00  6.027E-26  2.936E-41
 1.820E+00  5.962E-26  2.878E-41
 1.803E+00  5.897E-26  2.820E-41
 1.786E+00  5.831E-26  2.763E-41
 1.770E+00  5.764E-26  2.707E-41
 1.754E+00  5.697E-26  2.650E-41
 1.738E+00  5.629E-26  2.595E-41
 1.722E+00  5.560E-26  2.539E-41
 1.706E+00  5.490E-26  2.484E-41
 1.690E+00  5.419E-26  2.430E-41
 1.675E+00  5.348E-26  2.376E-41
 1.660E+00  5.276E-26  2.322E-41
 1.644E+00  5.203E-26  2.269E-41
 1.629E+00  5.128E-26  2.216E-41
 1.614E+00  5.053E-26  2.164E-41
 1.600E+00  4.978E-26  2.112E-41
 1.585E+00  4.902E-26  2.061E-41
 1.570E+00  4.826E-26  2.010E-41
 1.556E+00  4.749E-26  1.960E-41
 1.542E+00  4.673E-26  1.911E-41
 1.528E+00  4.596E-26  1.862E-41
 1.514E+00  4.519E-26  1.815E-41
 1.500E+00  4.443E-26  1.767E-41
 1.486E+00  4.366E-26  1.721E-41
 1.472E+00  4.290E-26  1.675E-41
 1.459E+00  4.213E-26  1.630E-41
 1.445E+00  4.138E-26  1.586E-41
 1.432E+00  4.062E-26  1.543E-41
 1.419E+00  3.987E-26  1.501E-41
 1.406E+00  3.912E-26  1.459E-41
 1.393E+00  3.837E-26  1.418E-41
 1.380E+00  3.762E-26  1.377E-41
 1.368E+00  3.687E-26  1.338E-41
 1.355E+00  3.613E-26  1.299E-41
 1.343E+00  3.539E-26  1.260E-41
 1.330E+00  3.465E-26  1.223E-41
 1.318E+00  3.391E-26  1.186E-41
 1.306E+00  3.317E-26  1.149E-41
 1.294E+00  3.244E-26  1.114E-41
 1.282E+00  3.172E-26  1.079E-41
 1.271E+00  3.099E-26  1.045E-41
 1.259E+00  3.028E-26  1.011E-41
 1.247E+00  2.956E-26  9.782E-42
 1.236E+00  2.885E-26  9.459E-42
 1.225E+00  2.815E-26  9.143E-42
 1.213E+00  2.745E-26  8.835E-42
 1.202E+00  2.676E-26  8.534E-42
 1.191E+00  2.608E-26  8.240E-42
 1.180E+00  2.540E-26  7.954E-42
 1.169E+00  2.474E-26  7.675E-42
 1.159E+00  2.408E-26  7.402E-42
 1.148E+00  2.344E-26  7.137E-42
 1.138E+00  2.280E-26  6.879E-42
 1.127E+00  2.217E-26  6.628E-42
 1.117E+00  2.155E-26  6.385E-42
 1.107E+00  2.094E-26  6.148E-42
 1.096E+00  2.034E-26  5.917E-42
 1.086E+00  1.976E-26  5.693E-42
 1.076E+00  1.918E-26  5.476E-42
 1.067E+00  1.861E-26  5.264E-42
 1.057E+00  1.805E-26  5.059E-42
 1.047E+00  1.750E-26  4.859E-42
 1.038E+00  1.695E-26  4.666E-42
 1.028E+00  1.642E-26  4.479E-42
 1.019E+00  1.590E-26  4.297E-42
 1.009E+00  1.540E-26  4.121E-42
 1.000E+00  1.490E-26  3.951E-42
